878713
611479
-915336
957121
-348858
984410
993150
691381
-792787
164310
402238
15037
982651
504201
485626
882841
980210
-898827
544733
-26600
484960
74035
999984
-601985
316315
797906
300617
579781
426663
-531105
-432702
305375
-919627
-348038
262496
-268484
-363628
255646
-577104
-156415
-580045
825134
858623
-597394
329335
344248
-714554
309544
445421
830179
-717056
-69619
-95786
-717073
328396
-779472
-919168
-370987
800309
507496
97909
-632393
-187130
178282
19570
-924634
909799
655942
331012
-667305
-500474
750967
-842172
-641852
-846427
487164
702396
-560980
-203292
147817
-730801
79652
-921802
173413
362579
406595
393941
443412
-964392
194250
-49092
133517
561858
763779
-688201
-418573
839145
-778402
-762632
170156
-445707
-263105
-78877
-287878
95044
74696
-800715
-202560
513716
-4007
945258
782916
-924356
-976545
-43672
438224
430050
-649731
-118364
465659
544520
832544
-400825
106377
596322
-89025
687804
435466
132573
925173
-394379
686866
-337933
526745
-601013
757111
-398560
-401728
-445449
-884844
594266
-500192
898073
669910
-476737
-145600
108134
953314
204670
989770
418972
-250811
822314
-981853
855566
418635
-70878
543369
-145899
-938306
468542
459723
748560
-869392
-13533
-852453
887720
587908
-254181
-557730
703064
-659915
-57921
601136
-990006
465342
-544464
118129
418656
660206
107899
-162372
-590606
-69788
-144225
-735040
-651154
784897
808329
202948
846592
276871
-337330
595151
407479
649137
742699
295199
237044
-511482
737470
-59892
-171397
-320452
-458756
-161402
-855110
-3219
956727
563547
-343014
64625
-598826
66381
994837
256949
331341
-656317
41846
139670
546632
-111563
-583460
-790699
-516413
824020
858439
-773714
119219
95482
-285196
-143312
-964410
543407
536237
-423165
-617996
681128
573616
-661269
244674
-769398
403357
645848
296983
398194
-97203
-371676
741878
944643
767994
288509
-166921
-815466
497810
316667
-991446
356249
542953
127773
-548269
-742244
984462
-512679
801164
520698
64156
-816832
201825
-362228
-478101
-553501
-131626
925256
-907653
-834644
323450
-4856
-206319
65327
-60214
-438325
-646165
772866
-253791
851646
89532
-245236
207894
-367515
882537
659626
-109758
866998
-853054
-308595
387695
211103
-125427
-410480
848875
396473
36019
-282751
321729
128366
-117394
-354822
-876490
676287
710505
63296
-762039
-935660
-163838
-15829
915987
925695
738935
123881
-441821
621472
-216494
448421
488469
-69548
-860175
-123836
-858445
14399
465685
990431
-589128
-498297
-292321
732601
630070
590285
-622222
753580
266572
-911717
-183124
504533
-847376
653038
-511296
-931390
578732
-772362
192491
-863089
849111
975997
585332
337579
-93551
725158
-786257
48005
-260443
679428
38435
150429
-818870
746115
-116970
811201
336399
260809
564781
-397029
349092
-618344
-892497
501717
-965306
-403792
570327
613427
-176153
-237182
750339
-327043
-261185
335670
-989465
645264
60828
-775722
-306731
800386
903706
731704
-49186
-915164
477819
833845
896037
-185782
94653
460818
417189
-556256
842474
524692
945461
877169
-879100
515788
490596
-55253
-721395
240934
617704
17420
-423396
628240
-337316
637433
852518
355953
437818
756224
87657
-611368
841061
-434525
-777524
737098
379693
317129
197915
-203118
760874
40388
-678427
706335
-82443
-557526
222122
-591848
387221
500728
649087
4924
-481853
-774310
-366837
180832
863123
-514319
-463215
300940
-758095
624443
689573
-917035
-810083
912049
820063
569611
229177
17977
-633508
-9950
-941635
-311934
-303616
-24078
130540
918507
384075
-482239
419234
33162
522685
937382
258852
-844152
118213
121975
-358471
654999
-577085
-116565
279441
-887513
-33600
469358
-975465
-213538
38969
253713
804439
405462
-756238
862805
-906472
-59853
-161273
224068
-141346
-777198
741829
-722113
255964
264514
-784732
-485185
420363
333482
636791
-938109
-11520
-940295
-54674
-732080
-827808
911727
737279
-803273
-301812
-223752
450440
-497373
-818291
694203
-634568
-724763
-365650
204159
499306
493004
426961
241135
770892
-317076
-494351
986160
197740
926012
319642
-165470
987904
-691879
-105764
-66770
-423958
66428
-155044
-686680
263156
543145
89568
-286404
-954229
271278
-592202
-588797
546515
42149
615363
45821
-464847
42323
-713044
-693956
725248
-207395
-707796
-77012
-281384
611846
757519
-293480
919968
-348246
639750
-503991
718182
-515295
-190670
-18662
-972151
898899
694934
-926379
170176
-897268
-515175
-283309
144881
-899813
762512
680034
142511
-950532
986079
-132241
-157927
-721718
790747
560690
890129
548266
-732791
810096
-799981
906959
-693895
918202
-608336
115435
-100460
-580486
14333
-405527
-506864
-815491
-302795
-22038
-98800
842086
78150
-336288
522120
-779340
-286820
508198
88420
555254
786481
-120833
115944
676609
-572568
383153
486704
-372548
290112
792810
-454346
681777
-91756
445194
-898710
922578
-960334
-405573
-892913
-263129
572389
8287
-421043
-349462
672000
-898923
-128801
-614820
609276
959619
940434
395756
-161214
56377
72365
266218
-560470
-440931
893670
729642
-648122
-560676
411419
260123
884518
512710
182701
924184
-892864
289788
-338945
679526
-701925
240013
-669937
970075
341091
201263
-644746
-49634
160882
-704312
-653878
999668
352065
418488
265885
791596
977557
159555
521238
-670565
598879
-67344
589558
483397
-554635
-227742
407581
-447498
-937954
-931365
-767973
-639879
308649
-437909
-669805
-350260
763354
-314550
600106
-75765
-18862
946229
-76098
-666797
364716
-810213
-875202
342273
349343
646037
671708
-51778
-421308
261266
-568382
24057
-966477
839199
576559
-904430
907835
808587
-544309
216484
-629323
-214113
866224
-865970
471337
466330
58266
-547525
412558
982169
-214322
-222726
-828044
-89523
-880453
521299
-443487
791255
-530480
135206
52520
-98861
-840738
86044
-259662
735822
181614
-351828
544408
637306
864657
915086
-576808
730880
-950885
894530
197209
107382
-652996
-390233
89550
132683
387042
261506
-956840
506589
-217195
-400326
297844
252326
734880
-649636
-846536
894142
436409
-106197
629964
-381977
541975
174372
-744672
406632
89457
-321479
137511
138573
-426949
-665280
-754046
-79945
-55512
335505
-947262
-668470
-402990
-904101
838120
379815
-304427
135964
-367860
-569548
486328
-214395
-675406
-77264
679408
954558
540759
221383
128930
796088
-371986
-781613
-525392
765526
356961
47659
-899754
602916
967715
44735
-61580
-979547
376265
535430
-883648
214385
-84755
-188075
-649652
547386
242377
836676
-667010
566971
-240588
-987602
521529
-699829
233781
-349541
-903742
861796
-131153
-429133
627322
-774193
618527
727569
828723
586242
-227697
-232858
606696
-851433
-697428
723048
362953
217817
-465027
713301
-234797
777351
549976
98193
344322
-690612
110592
-134149
-390441
-655627
516310
-294182
-793832
-614843
276685
833491
-389036
-104788
561059
-560313
-518547
-666639
206829
-911852
-518071
509401
811197
844882
-272782
-653830
558182
492421
-876480
108158
-409386
467842
417547
701206
-666307
-972895
-954422
850003
-267076
-748253
-764841
-990392
-914763
-153876
-95179
646297
285811
386274
979658
-507360
474423
-538413
-997959
285620
-693532
-270741
631790
864651
-778320
755310
-27191
-187706
223152
-609645
-486500
556845
-582539
-440921
406848
150385
-189173
642008
159994
-103936
-511868
-935186
-457640
773943
451089
-477982
-733418
-74488
-16395
-731377
-788869
290074
-2117
842921
154725
219563
598231
-872467
-968143
-178617
-482112
-454642
-621772
-64651
104437
785077
-914266
915264
427084
245728
-188672
915216
310543
353689
689159
-238369
875708
955742
687143
-140687
-775636
898275
-850614
222248
741196
304111
-558189
339427
431645
-526332
-839191
949533
19027
-460963
-115118
-876536
-675887
-29384
-961272
751198
-783656
-149944
666414
526887
-796255
355572
-711482
-920548
311314
975662
-61235
535678
873936
88152
-242074
615132
-607737
199737
-45442
823908
673405
115367
773441
-307568
654405
-341678
-184104
978519
628939
-145376
729716
845283
704681
396130
372169
908426
-248298
660688
987879
-936985
636349
-73356
598694
510285
-985204
-643381
125416
-592941
556356
-920027
-769033
229761
195340
-995593
922193
-150255
-337271
-261911
-171737
-708332
592713
-442021
-863050
297394
954109
509120
205819
-294189
169807
193698
-231174
-193845
-879658
-632481
-683560
-864862
-275861
441856
-457802
-719506
521829
-226835
510255
-282831
-222427
432448
566914
440302
-829464
-604823
731971
763249
-46843
868921
60642
-92734
378041
-733539
613077
-452153
460160
-618097
354003
580502
-250578
670443
715641
473562
112298
-742161
754056
-365873
31004
264311
351296
808577
-303242
-81790
248879
-132706
313387
-19151
-369457
-733456
-150230
691186
173810
-772190
957647
-213114
-224342
417807
168789
-870339
-1691
918212
800105
-286051
391773
-87597
-28212
145829
546530
-997208
-589861
-102174
811370
106897
816036
60249
974191
129423
-958902
-395266
395967
-109132
-704081
-430224
118679
-746434
356663
894337
671373
-474548
-976002
-330319
-556336
824103
383631
835437
-263495
-644582
-18735
-716966
-641789
391405
180860
-830420
-501699
-3104
229829
-527508
-873682
270928
77226
522286
-838205
373145
-907939
280475
626712
448725
174812
298084
974177
198810
967765
-582160
22912
351396
-746723
759418
706814
234543
-957549
-934976
-374053
223312
-765395
124249
-779793
464435
596741
-653474
-264638
-326033
868812
-102842
-952888
960874
-822368
673824
409598
352444
-28092
383775
-448746
-60327
801616
574166
-708932
-945108
333584
997882
289436
376035
-937094
915384
-400653
-702489
39632
-180446
761946
-363627
166080
-502692
310340
34891
394466
357453
-4235
572098
31276
-594638
-75458
-996816
789138
475796
-57143
590753
49962
233925
645646
-616455
231806
-64918
759581
294713
-149535
-641073
592225
890098
178482
354170
-473530
-655439
851479
836811
379453
245944
194263
-624783
-181959
-774461
-219420
742584
-771277
-430282
218380
171580
-839529
-731659
-594495
806117
-348113
637312
-258801
-588533
-67976
591664
-229605
-475752
481761
948877
878419
-991769
-706562
729897
845042
672892
-24160
39305
-951891
793882
264845
-171310
536466
493569
398408
-245155
-334851
558879
23186
70654
364996
675074
-292035
-893806
-913459
639989
697859
-143064
-835763
179619
-194187
-957345
187851
99251
772553
32893
-227858
-251607
-927803
-179748
-457726
337043
648942
-921260
-169389
47349
-166415
495761
-393772
856772
-433586
971224
531845
274380
-922583
618386
-85631
775277
-524678
78606
-45105
281135
121262
-857254
-619614
-106185
175639
152529
642208
247837
972781
-815518
-415121
621722
-736778
415491
-330929
96807
-88748
275299
-46422
477666
246522
-514577
-247954
323940
-896192
666415
99216
-420869
-254979
-945889
860266
866284
-803142
-759349
-239902
372497
393180
-597695
-379667
365960
-413213
205213
-12318
-149991
-379296
656753
946817
531956
-67949
-99605
9622
-821427
385818
761668
502514
489627
428083
-398270
-931243
-826896
-344158
929024
-960613
-147300
-830326
-200515
-774804
562855
201791
-154470
-71185
788578
-949257
916497
-361413
-328552
573249
-414596
-796597
-494700
485799
213026
-316126
-128383
-25306
-813612
-638756
-597223
-211882
-569999
-424119
443960
-640976
-384732
-703340
-471301
414754
-478143
-908447
-383456
367387
20368
-594878
418131
-63135
43710
-910422
-489886
629114
-707018
15414
114913
506009
699289
986531
-519298
885677
-652226
-116521
-326205
-222224
459360
-882245
136801
-925372
-585585
665501
489382
-63728
757054
-894074
-696341
-222578
-488951
721791
714287
554759
811370
-775600
183873
-895649
239815
-701214
610361
-60896
-714683
-908938
-175219
-366909
-25458
498576
410868
-566098
616331
-452332
-491470
-969254
-786832
997913
-32982
970223
-896162
270678
-252355
-385112
-7532
-538069
-830354
-196163
-313668
353520
-91811
926148
652306
-481451
-134748
937623
-390389
690033
-429286
584153
188609
981582
-981946
-195060
-470750
-473415
-164314
-257581
-475503
802705
-287359
-371664
73382
460286
243224
-934151
922218
412871
-130313
-391450
-233609
777876
-465303
-581304
-703576
399950
-643681
-93964
89982
-72966
-509811
-721410
-91384
-491756
83530
437866
34829
919217
-819716
559327
721921
-107075
-812337
-204698
-646789
430888
-138848
-724571
-156241
730839
-116021
610150
508714
418677
-971154
805139
-181374
-614835
-288826
908608
312200
201363
-812802
-779185
709607
270729
658681
-255564
189945
838966
-696238
-88135
-268109
-508574
707168
85102
922314
-431681
360531
-233928
-700842
-755491
-623779
807873
663187
-594933
613011
-518188
-209767
-675816
-609580
-897568
525547
-422381
-676752
235154
848348
981929
979590
38293
820894
-716648
950159
-447216
-225222
657326
637887
-302908
-774355
-1582
463164
-475196
242927
839386
-667324
-93886
-755547
945687
387926
34687
-730130
778347
137120
795418
-644035
460368
30572
-795687
442296
10162
242606
263190
293514
192764
815975
-931708
-149910
453861
-234616
75736
-547722
-771452
600540
695206
-932067
933216
-398681
-687613
878902
989246
347074
-851228
767592
-515807
944191
-876443
944561
-25238
-672130
386857
984924
570477
-349954
278437
-236759
-533979
346729
613331
919882
-887887
-310933
-627840
-659339
-710394
-932634
-591405
-777179
-331315
-279018
-898277
-342069
-931945
-749505
-574477
-447751
-805315
-450920
-503191
169448
-123050
883667
154371
-552573
-466288
-567192
210668
-267
779538
-176001
-80385
891651
513066
291776
-767689
802672
359142
-359093
-974507
-972173
361889
-872784
-314242
429945
-622288
111282
982194
-427602
660362
-520997
741846
-462688
-637331
-103783
-15261
-103619
329025
-804594
896115
108563
19406
-184270
213
-467529
-892495
232525
-664858
466648
873432
-639364
494475
235321
-512148
-819767
-334735
-134435
291515
-352542
437964
-48123
126461
179809
489189
489131
-923974
-526072
-614489
405052
-330665
-718374
-486386
688741
97357
513828
-778789
204863
-253647
-443646
-328490
-380215
-83010
-834015
855106
404843
-653781
-479629
-729592
637735
167829
708372
-410389
-705710
-111819
-921200
783421
-35793
-447272
-831068
-630742
222064
-549441
-117128
-89196
547917
-603300
132016
-247221
143053
688371
424290
762838
-394640
590276
617944
-989797
936495
-861686
-719388
574230
306144
988984
-836160
600435
-122836
-757359
383855
841372
-204630
552788
-789371
-982567
-996653
93502
-71762
551264
490203
-939746
-695958
-366745
748625
728333
-603907
-646015
318608
-985963
-635812
255102
-847649
-355200
-170669
458496
-366216
-6828
58930
510949
235813
-557215
352320
-968817
995574
562950
-951384
998921
-343549
-23146
550184
-853347
37108
854227
-220091
-214267
582559
176003
139718
-98834
190040
503907
-843732
342392
-851293
-14400
-199113
-217509
978773
859818
-706561
214585
-697397
645759
245768
-701824
208708
294385
-702903
865160
-728761
847282
-988187
308348
701508
-208277
-905920
284067
967726
233799
-814767
157766
-262295
-658498
-499843
-113588
327102
301045
668903
305874
160863
962343
-479541
463466
608102
766228
761643
-183190
60613
-941261
-318031
331852
906021
-306217
-359800
607529
485506
-265720
-108405
453231
968079
76829
-389004
-294216
418331
111154
592196
-254568
-587801
261099
-948694
573062
223442
-428235
36527
-168457
-662007
-201831
648353
398606
-143091
-669678
-269542
-237071
24105
370658
-629542
-490389
-895062
262054
962843
-926983
-661118
-426161
-221199
757213
684993
-629003
-497356
-902809
632097
-446049
670253
-144462
125717
-293220
687081
463710
504950
335434
-137684
-638141
665757
592774
124788
-310138
-36568
495247
199473
68371
-242700
162315
141388
96182
736155
920190
-146606
421147
-708813
356039
518339
923284
909990
188592
-221179
35706
895373
-534098
-500584
400322
801336
361733
762182
467092
-45494
-113030
-843047
917939
-617784
356427
-13691
139516
-481258
-872303
-764302
-745104
-952113
89092
676044
-660926
-554869
194382
-737643
-644879
-617026
41178
390827
-721654
507080
890244
678669
308416
251976
440850
-224492
-793518
-672181
-67538
-875579
-289965
-711112
110730
849552
-192369
238428
-914751
62527
286315
174342
-261430
625389
619473
932953
887747
974594
-684074
-71076
365421
-405727
-563996
255665
-727058
744421
-492360
713792
-480072
-285877
-958389
452390
-161456
-248353
741279
949274
-398801
-451091
187702
-313552
611437
-525984
860791
-649993
-900595
480263
-717041
987152
454857
-401114
-83924
-179723
193160
352081
-924059
466102
96501
-416418
179894
616430
297705
221506
68819
-863752
973153
-189902
-914478
-425649
359007
273225
260800
-29557
747242
121590
320450
846647
-398147
603410
833799
-943291
-797704
-250125
-123013
395456
-898045
-47071
-138442
198457
536512
-958549
-185114
-165784
262958
883706
-29535
236110
-306197
55988
810462
-947191
-670788
71262
23253
-923547
-807148
-656297
923101
-205295
947114
756900
-148585
-850591
-493226
728402
544866
-391270
-318669
-593576
807187
-782158
-552124
-377928
52058
710834
-494223
-977477
-53056
199580
78512
-242595
252390
407724
828668
-724357
484178
-978481
-380653
407279
-183775
-433539
164178
667640
-284129
670952
396042
-739264
-720319
-922628
-332840
-913133
-704786
115037
-291060
347273
-174130
214718
369797
772814
-585702
-551692
-469781
666688
856033
-641114
942332
340211
-619594
-438321
-252511
196632
128140
911667
-135728
844011
582619
-739687
-895253
862301
-662314
-228092
949169
-367099
886945
-341892
980175
-287186
872826
349972
-514372
-712876
798281
15847
953813
654313
374734
896144
-5476
755141
-542177
742014
-48228
585963
653681
816044
429974
236299
-923643
534721
98599
-585956
-693371
47767
46946
-806427
705876
27120
-93612
578702
-622908
392016
865826
-824628
-592138
819638
829686
782596
715782
-175791
537737
-826396
-433778
-510492
759567
-780097
-694448
189541
456202
-618090
-275739
-445199
-204046
30891
602569
842901
224464
308444
-129979
-869148
-112854
247113
522868
-247029
422485
930731
-427391
252171
713327
-711610
-923621
251063
-538006
-357398
740572
-778439
-137495
-953877
411102
-681293
-571967
-864637
-126492
223988
166255
-523923
66888
-609281
784521
936909
-478429
-328334
184022
-955561
424638
-393494
975171
997247
858677
688498
-714364
935057
-60440
-252369
-422341
-319868
-30807
440165
-273745
-619705
758872
154289
-484341
-367620
-621723
681914
108457
445166
-927368
-107022
382074
-405797
564645
-433904
-361357
-10717
172602
-386187
-13471
31279
-697690
272166
-33664
241871
-980204
543995
922003
-11010
-15841
-351742
369285
-256969
802547
884944
375411
-819176
566857
-516132
625990
639489
376846
8064
-766308
-58509
574160
-127665
930774
-253238
486148
-82698
778041
788458
-810532
-255623
30329
-790735
-711629
-47669
198255
272531
600589
-432461
-984439
403136
-547517
390973
583960
-980661
874841
209950
658829
251687
-781987
892521
-806822
792174
-235145
-876049
-461065
-748997
41254
-683024
-960540
230722
61353
69789
439987
349725
-977880
-361758
-377745
622710
205782
-362183
25845
658265
-971211
-390195
677605
903631
819755
336433
155318
-962232
228953
348496
829942
993809
472447
-631124
-755189
-486300
-314147
-715728
744423
747206
354062
184410
96931
376182
822653
719186
-1109
28434
-642997
-975264
-313302
-614208
-365459
-635698
-710577
-545704
700736
444741
-507936
-70311
-206764
-677994
-76503
-734318
-309117
168308
-220617
376736
452581
-476194
123942
-193358
708217
-779128
-817176
530869
940058
181715
-440698
-702940
206452
246001
-317147
840994
610304
-27723
-704711
311039
-582983
-212646
-759273
210254
109360
164225
475937
800243
-667467
-744681
176979
785114
-220874
-699080
-408244
-512658
-478208
-225420
-981790
-538150
956296
-422487
-241089
162747
823514
441765
3740
433817
-585959
299030
-255144
-168942
-913617
-14416
-958689
195744
-850192
517248
-4013
-517659
772568
-827035
-732545
-448306
-526114
-140789
39036
-4322
633792
57247
457528
590088
634760
-783562
-247166
458274
658203
756575
-107909
-927756
55605
636947
-96698
141988
-377469
-55386
-662268
-227661
-538138
333719
254681
-765570
506685
522137
-213875
980571
-618653
825162
-23752
-984861
-117592
-566224
605227
-482832
-349785
-641939
975442
-691582
-885365
-132467
-619338
170241
-495521
283965
-687772
127010
-771421
-350039
899350
-309558
983680
154031
-75128
490365
-323833
710997
470935
57515
536159
-552817
72654
-581434
-119040
-322120
-64265
531175
35942
-88824
839593
150578
778710
-779745
-679182
-716811
504220
-366953
410199
732799
283008
309549
-576759
266688
-536421
348113
-242948
139746
59110
-772013
-802739
-404732
-324830
269915
13835
556131
947796
949570
87305
-16263
-139254
-73102
-865685
-360545
147153
-544867
-77356
-348627
88180
-667157
-615828
-628813
642393
-192587
637875
-894029
-844474
-605074
245718
214637
-377086
442979
809906
298084
-287106
-176260
-145786
-339310
-226690
941520
644428
634056
-131582
778743
-726489
-984430
-766125
196156
-333056
322055
528999
51117
693242
171391
858530
331117
277363
-985945
726044
-476919
228693
-651043
966061
38598
647042
-321045
862338
-498744
339645
-364352
-557225
-15928
-730297
311193
-237186
-456785
326764
-3311
739371
993709
-681256
268370
44825
-988014
-560239
-96646
343103
717124
-82590
69146
-759795
-853897
418104
-793735
184701
65145
-114780
47039
566401
-775135
682687
-990824
208937
952391
320369
971752
-504395
-352867
-31559
-765024
-359159
287185
503346
685667
299172
943107
-410979
-357726
660231
506432
711421
900437
652535
129524
-893298
-162765
-805331
-8077
884274
761070
216788
566961
770246
-574275
519351
90615
-602524
-985044
737749
365917
-750068
-621410
-346898
753279
-935744
952274
696386
-346723
-405452
356617
-840292
-694031
257053
812243
435494
363756
-350522
630163
-644322
-466248
391233
572467
-899288
161479
998192
620063
-747907
-604333
635020
989843
761585
884952
-631568
-585313
638231
-567312
-633040
334616
85966
-38491
-308767
245675
267478
948287
57918
-297028
312042
707396
-666866
667720
-758853
724368
240186
-658141
-114154
238378
961923
137940
634045
596942
127782
395630
481894
496214
810317
120125
928903
-822723
-545259
14868
138786
145974
-739457
-593736
94260
318461
109236
-593698
25856
442371
-925978
267004
166738
314208
608864
-947416
-447414
570787
190524
-813370
167729
-681694
582261
-350378
814520
392577
769748
743423
569854
-775512
-241709
-291361
370463
18834
114904
-535278
-662706
-775861
-128976
363151
666511
-54954
-369845
-166751
-740746
-760982
-114167
-188160
809805
-923643
-1529
-22467
-605337
-419269
627156
-790817
973309
396904
952606
543162
621392
-289104
-748199
-8146
729731
366705
456577
-932975
590845
-672399
430177
257355
272648
-939669
-909397
531903
-700650
-23563
-656257
-890845
52795
342215
86689
447458
922946
-286156
656641
896255
-889252
609247
439416
732140
-679857
691217
-276006
-950126
57922
-819429
-883101
-351234
-491828
547076
906122
780821
607408
996726
312723
906759
-26837
656466
-984087
-974043
-1319
102602
473415
-78373
816447
130056
-182119
927195
-260697
-742704
659335
59447
948514
-616672
109321
6435
-436101
226220
655202
72072
-226704
561324
-147108
-619296
558049
-834385
-712538
-468789
822082
-696625
-442831
-179238
405977
-969417
742389
222424
160640
-439731
149618
899943
-182435
-191048
-40611
-233921
192281
-931290
772514
756181
294930
427716
-171748
-931774
-10961
681145
-551070
-452912
846760
-263608
78300
668841
39768
635469
-510398
-554255
666053
-768010
668169
-173308
-207741
-182213
-273365
609825
626740
686025
-624097
-180979
754735
-851583
-424799
49665
576134
403454
117892
-434828
84598
566822
112261
-68643
-696786
-809440
-399802
342983
826029
89800
788728
492081
321791
456897
-681227
-885950
-725317
45408
723875
901424
-268567
-900222
-279556
-513832
-751804
295645
535833
824330
-300901
-346276
-610499
783697
-779454
501762
-284946
-476239
692323
315252
866744
518351
-594949
655471
10432
726842
112367
329205
840893
387051
-625387
564767
288474
106046
664546
-991082
592214
912742
304563
128047
737071
-996339
781771
-873428
787359
-997683
628335
-497588
-473922
320657
817664
-607179
-160993
-777285
-951708
849439
949558
160660
178644
790450
-452290
553257
355217
836185
-340697
19762
845103
-748484
-67497
149666
379563
-330427
153328
161334
-203855
-59314
163652
-575521
443099
689730
745137
260762
-917449
-415857
483478
-869157
-566418
433035
291503
612227
223485
839214
165483
-421299
675398
824786
598463
520501
-923698
-469034
-329834
455866
200540
823494
-382800
996685
-235820
780852
-578836
-792722
470582
-833700
468041
553133
-249556
-48482
683976
184027
-615447
-24521
-203747
608039
-185307
961737
-813261
-509909
786523
785203
-989409
862826
-683832
-319243
318691
516708
-495749
935892
513393
268431
716743
934558
475709
187324
-899142
-56250
-259543
-148697
895268
-575567
-964671
-720179
399913
-168417
887860
-785395
-206681
-925401
-295304
-420158
859802
-284713
-557333
-824030
396045
761358
692678
900296
697250
206071
168727
413992
