-294479
579179
811652
-912226
908530
-503458
735964
677417
844182
306800
100135
-461736
364027
-232897
803509
286604
832700
154026
-988077
502537
69034
773616
141580
831791
-437979
-454292
229258
995479
-666345
869408
698552
39177
448587
510204
126952
357117
-993255
-137084
34533
850928
-830285
-865333
-610809
533742
-98229
-807300
-179654
-265529
346726
-167730
-762993
-584240
-394115
378587
-752449
167907
924296
476809
163386
-742049
346216
-138062
297129
-205198
-627859
-575920
-848082
-621113
286997
186452
-770186
456713
321120
-380994
-9546
-777110
-188293
810801
-42639
-841568
-356930
194369
-425807
248956
-427044
-178256
-583137
-502748
-701448
580249
-244797
644769
-557814
-947668
-560429
-185672
-523587
-408510
193215
763410
777942
423030
220122
99061
-957964
-789424
321951
-146257
-978624
-720688
12176
-335553
473682
586370
913404
-953363
-591887
-669734
-456111
-293334
910515
299093
-648566
-647299
351425
-208995
167029
827838
382495
-639756
591248
160436
783274
-188630
-740504
825311
21946
581448
-320946
43323
860761
691231
707771
334442
277600
621174
381079
685713
951441
924969
-607622
861955
224061
-256188
-785344
-424514
534818
381685
-596676
-82688
741930
994572
-922252
525203
-194058
-662756
350514
827888
918693
-970433
-128789
779454
720798
-421019
113895
-1602
-799845
-505026
-315890
-848405
-580057
76489
-986450
644004
820302
-771794
-780510
355119
609892
-377186
-727569
351821
-382614
-649821
-122976
423329
-312576
-772463
251217
-393883
-742895
-877573
-614430
977904
-298591
499466
-23699
-98436
994440
660412
53159
-585618
-263100
66710
-941614
-442798
294916
-722123
912322
-95192
-99309
-815248
-743372
518078
-465068
133652
-58594
222356
361190
-807378
828473
618296
-684950
-785957
596199
16459
713509
-427501
918024
707948
-767089
-28817
-877670
-30188
-962108
-819283
527014
332809
-541406
439336
-762384
359286
624088
-505756
-122636
-840981
627897
818770
381376
-10913
-988608
209849
-392618
-673557
423892
-796419
342903
137400
-223920
260926
-154652
8991
-767891
-32321
978804
-729999
148396
505817
602811
606991
-54848
840427
-33724
-430760
-665329
843640
-271740
962569
662410
-890364
-48344
673803
319485
559038
-999755
-256623
762619
343148
880777
-461301
-395926
-273875
547691
-163817
693804
526494
106185
-157800
32311
-291005
-550810
977464
-450578
415467
-453296
-115906
259106
274964
-153338
-78484
384601
798318
-404682
-295915
357356
-404437
447462
119975
938712
328239
658675
-457215
-945636
206366
378969
748169
-267141
-514847
-409631
765171
194149
39559
742635
743571
-544974
-710662
-372335
714133
564303
474327
-364352
-51097
272645
230966
652988
-369999
826530
100450
749977
765242
-571311
408651
-691973
-516946
-384984
686996
-768778
347876
-827851
-178409
113047
366298
861151
-144319
109869
-683824
145019
737534
-969692
-290679
211861
-334043
658224
-515494
896924
311212
114508
723453
-588338
-135516
488695
-159649
-726865
796722
323405
-111848
483717
554628
-763972
655866
-623782
349075
22164
-762631
-795245
-867968
-446454
349775
869567
-416145
-940905
81428
249812
717320
565934
146735
28531
-319558
-129812
440194
544926
-641118
-719456
818062
-844397
603950
-293786
639321
158578
-57758
295186
534797
-708684
-682650
772166
-503928
-550618
-674288
845848
-681051
-90433
904944
400377
-840621
622263
-33690
306114
-349206
646752
-823698
-909013
191678
-464815
-628468
9740
-309212
975482
715954
-669892
134060
-341805
625295
-331144
-50488
942645
-558979
445585
-607973
-233267
291432
-289024
676301
196375
-888648
835680
-181362
77663
141794
469432
-275585
318096
560420
916094
853281
931952
-74167
-455931
907434
-358214
-125822
41493
299982
-500527
710349
-750506
-557882
-848630
695079
-165855
-81896
-13489
545122
-405596
-817114
656474
-569917
1525
-265863
571877
-529044
458552
-110027
-968624
374646
-256746
963328
-699522
287324
870761
-57735
-838498
-87746
-757754
-339025
-377397
-508259
103093
-226027
-813181
937239
692077
173331
482360
-713520
356218
138834
-283436
-642258
872972
-711559
-171301
331523
178414
-139925
-293831
921669
-176598
6647
208992
-305837
948912
370494
606418
-808842
-968531
-770980
-317101
134563
2993
-130281
71801
-304930
-956950
-445840
-18450
399268
692995
698114
757010
565966
986556
-414292
-102511
164970
445783
603658
86638
-730815
-389696
-704370
-36651
-440784
666125
-430234
-249625
697594
-201214
433275
-167844
801780
-697006
903958
-503151
-653956
-541882
478400
745313
-848888
176514
502323
717078
163069
-911970
-385433
-671962
533814
-781776
414676
803000
-171471
710307
-233652
387746
376431
336115
-861880
74025
-865100
571396
906182
936681
874390
810139
-566471
-779566
-731743
911929
965747
-580631
88442
468069
-863553
-748490
556100
-248986
-420452
89914
-30761
994225
-107087
797768
704531
659262
185513
80962
-4624
323634
-845013
130277
-104970
-938831
66958
-230581
871309
500487
-10146
-860435
412416
-44400
-441066
-499143
-576331
-304618
-247632
979769
446396
331917
69683
-584366
326142
962597
-786598
30672
621858
398916
-888366
-382766
-277450
-733379
747512
617580
-672210
-185531
-613001
-800902
-685044
376853
-661336
727372
-667548
-102402
-771771
-243878
592980
-19403
-264109
39376
-687486
805574
455011
638656
768170
668413
-330672
390028
67329
-219038
-992739
789879
47584
754774
407458
375375
-430757
794457
574474
-115801
171310
913138
-388429
503762
-189264
-160200
-740116
-596284
820398
-4225
443092
-867089
-198652
-101897
771567
-430482
-433484
-559106
959546
633845
221857
966808
423724
-730559
721581
-168819
644816
-709177
-374362
219289
175023
796948
132427
786594
300710
943163
-373606
560594
-653122
-553209
-443631
789971
-420298
357718
-311926
-648731
927236
254590
-207836
886781
-111565
-985980
853588
-687842
-716539
575169
143340
928278
865993
768979
147567
41015
565926
-720007
-172391
-133364
-776845
454003
-572770
-429966
900795
-16401
-639996
-519503
-658684
48078
-168234
-731448
-697332
623931
-844668
191103
637952
-991080
503262
921414
584089
-353399
849691
450082
-584421
-2743
-508903
981506
277250
318706
-151858
500406
-227291
275372
-929561
-326497
-741029
-569556
154000
-399712
478522
985767
-131160
781191
609697
24173
-27707
247648
33093
-524446
169061
-382818
122156
18751
-932737
537736
-983992
-441639
519241
293259
877067
-632617
-206336
-350224
642755
-135897
323280
901727
294547
-522720
-497986
-226931
-536954
370855
-445741
-927258
-604973
526553
320391
428121
-997893
-510549
-954697
124264
508203
-887433
-338001
524212
-329072
-818760
-182530
-452005
-451377
611134
197771
-808623
-524763
-478950
-906896
769785
-1670
-404882
-457146
461377
965974
97113
534120
-639000
-376334
-145490
789122
-374227
343962
834425
750037
-147835
946992
-587964
-623624
-382081
-406724
193847
165914
141899
-195019
-636315
333277
280219
-115264
426382
50003
883067
-978501
592857
344443
987473
-310030
-121438
-651527
313637
733073
-862405
939410
77034
972021
689447
929200
919012
-898517
-694424
-463069
-305241
499423
702846
836659
-695597
-933470
169936
584622
-48733
-403683
-365375
-165667
-382183
-772518
-821224
-394710
-82547
57339
-46236
-768911
-209589
91359
-829501
867446
63379
859947
796645
-17609
961430
-897780
519322
-343812
601644
222168
-507153
906047
288699
662783
490669
-760035
-740900
-874706
74299
-123083
-647224
253075
482208
270230
-689587
-564029
501319
100824
527330
671819
-31730
-409291
531765
-235085
573100
493194
-132865
92422
-850618
-531221
-685410
-357770
-625174
603289
-694987
865495
843254
-435887
990790
-82447
441031
-656435
-829373
-76762
613796
-518960
359209
115114
581865
-113461
-213068
-449866
477249
-681303
315049
50349
811892
-817816
-857230
961274
-349036
-542639
-396496
25790
-939351
-91483
-108715
903904
