591092
-569380
-314757
-407678
-489124
420161
709430
271590
-189162
327007
409597
-670334
777564
-405809
457440
-206879
327617
-384420
-79311
-721279
-387782
-329853
384348
118745
760816
-268059
-306246
953142
-416644
-935687
777989
-825553
-505066
-536769
-233230
5810
883392
-523800
-722600
-305770
803208
686998
23896
580771
-718811
-518664
-626108
608806
96916
294581
887527
709135
964729
271875
-172120
725545
-996184
521634
678686
-412828
585948
456674
-238380
-919119
919905
528390
86692
803297
-995410
364092
-502474
807798
51090
521423
388568
332279
-997241
762460
-58916
99675
57041
-171389
-191190
21769
-899514
636690
-252686
-895697
158324
-574001
-308525
-255729
882674
453096
-174847
802578
-18515
911845
605875
-13925
275937
-896599
-206127
-672974
624824
-817560
659306
627584
944900
-399610
-272742
1941
429002
536069
-976291
529488
172759
-228977
633791
-668918
197023
-674734
75354
79696
778362
900507
-117726
-240153
812352
-511851
745923
88289
-408450
-460205
415316
-783626
-277765
74621
843958
-332865
675011
-428784
669076
104012
-892716
692786
-366500
280043
-536191
-732709
611126
660833
-407443
-313521
-259472
-629081
-413014
622803
130767
-600662
-889049
-123311
487627
-297498
416485
-97058
-81124
-861280
977563
-237167
-194145
652574
334049
-525069
-243415
441334
-832284
390086
-278624
-368474
657377
-667499
-707642
-750066
18981
32887
-379147
605967
-344311
751621
-994695
-233359
-371691
492932
469143
-955207
-604127
-611982
-816487
-626564
150852
-10631
-973991
-515099
464300
-217405
926235
632017
-827319
-352389
-736457
830058
-19887
-444099
-920008
999094
588788
-299155
605061
-755523
-547534
610366
11119
80775
103298
-519739
125569
499171
-131720
309083
872608
-980868
-701549
898618
-495967
762752
-318788
-569732
394769
-146106
77879
658312
-316049
-942009
-785787
-236057
-942915
803002
464789
662147
-952521
917255
272513
58598
-1970
-624190
538860
-876402
874982
-592861
432682
747589
-573728
731134
646206
-69695
493885
-672582
360574
-111346
181312
-561548
-453034
865264
-503556
-238821
-370793
-446470
-435819
-906004
-784324
-388340
-988749
488190
670258
9281
864000
209117
132880
738981
616257
-434439
486570
-957472
-703306
132776
-27166
790580
460195
-666593
-320767
-358493
-228141
226200
-493229
268304
987380
135978
821834
-448440
229974
-962490
163220
241225
525700
-166523
-749494
389700
-957406
383386
128681
658851
948948
-384750
701379
-754359
748026
-325788
-963779
208221
7619
-284545
849728
779479
941655
-643502
47783
929034
492477
-130384
-519407
-277550
-92873
643814
963676
-567173
-522709
-785818
822527
-480115
597568
-48793
-821264
546516
566458
880115
792158
314484
-445673
828379
-477296
561947
-456167
-627568
341426
-514512
-271070
-610792
-585478
-778594
258825
-104884
-56143
-834049
-461071
-92467
-401221
16220
121715
-578695
536106
-280717
372513
714842
-734202
-61030
594957
-942045
-746547
-850716
886335
-223842
711232
-569832
148590
52657
-84344
877520
441865
330179
-901074
-299310
-774706
42784
-133359
-235776
950317
465420
780445
72032
886726
316550
791315
259238
31392
-942887
-801792
-373652
-884932
-548339
-224367
-998597
227819
-513136
-568429
-623592
539521
347228
-746072
-18614
-322594
-647145
682077
-97299
395640
-451282
666925
345956
-985862
447369
-582012
900864
-236081
-790697
160102
795311
-733584
358310
-578341
-618515
809972
197292
-617112
37791
684156
-185540
414199
223677
-838313
668128
-794937
-160906
-979017
887140
741795
416623
-564143
408719
-237421
-550004
-143912
180567
-649141
620007
389870
510962
415317
656287
-130729
836976
-962229
-320758
34268
-579340
717033
-281576
235120
131232
942101
396808
-200640
-852836
-764099
-179657
-965696
977696
-763034
-529838
386415
-455
-79842
-757498
-819889
271018
862509
569982
-218021
277826
226269
651250
114802
264041
-669508
-850931
684701
-952475
-132507
-80179
178758
-190406
-683372
978119
-43241
-447470
-201539
-8937
-469775
35427
461226
916641
-965028
-618617
-840858
-784916
652401
-978350
785067
-565620
299477
11335
-914371
-585722
-724625
-583878
-436652
960077
-536352
430842
-120103
642406
-759565
196526
620525
197195
749056
-581015
-811742
-720719
454413
649484
-804079
489386
-969133
-644936
704470
683269
-623285
489536
-882352
676192
-499130
-796722
-909530
-223754
-380599
-346182
-263678
83049
-915341
616220
-274545
-674905
-187255
-654021
522290
-438199
-235035
710548
-158917
-780622
360032
37005
708764
390899
392069
413233
74168
768785
-97232
191817
444976
403639
395095
535446
-820116
-985504
-810737
-83793
97546
-726077
-467574
823001
-400982
345172
-831020
-878693
906973
-66054
831856
-251944
153325
191887
785062
-137912
-417214
177131
-724679
656955
-54085
178090
-151229
-609110
-418271
-756134
926337
-238387
-741638
-884400
677820
355908
-610477
-789755
178909
-11459
555418
347890
109849
462390
-718165
-58296
-789554
435161
-866409
995508
-702752
-283623
172638
-427430
-626668
-881447
750660
222103
-490556
-667611
465969
-564220
94002
724332
-448619
-228178
80239
-59095
-17932
-740852
929446
-462515
607038
39295
999876
888874
980999
-789679
324034
-885410
-794171
621283
-169032
378468
-806148
204300
497021
944513
-573598
-993536
-723099
892372
-557755
370904
616703
-6374
-857275
-303059
934531
124793
-43910
863977
662279
-436873
-96729
662154
-547999
-115730
872476
776035
-1140
-921695
397317
829828
456773
591170
34127
-46206
535682
460530
-39742
812584
352901
402503
183487
-30396
-603871
326213
666546
-669341
-548994
-377365
-805364
-886716
185763
97908
775439
637764
982178
647914
413798
-18962
726219
-188885
-189134
182992
-597715
844993
-863215
937968
305523
97043
750551
-341576
-500454
-65962
628028
-104324
-739750
294573
226336
-288743
917209
420972
-175459
102971
-481121
-400020
-259266
-498943
-752106
-845468
482095
974113
-34352
-707040
157105
367933
-862047
293890
305900
443477
-609067
56451
-898100
-109520
990489
729929
786156
-749261
24501
12491
-38003
-58291
-566537
786539
-955320
-47658
-613482
-214586
453399
-365588
-60054
-64506
-391475
905595
228454
765630
273527
366408
59520
-420574
-190116
450454
635878
-88216
-659067
626367
-358288
-872912
877106
666214
139580
-160898
-392077
573043
-374360
-347397
-474615
12159
438018
978785
646571
-622036
-85722
-744904
-716442
-857268
-979275
557085
509140
80246
-863489
-680976
-469301
772389
230809
-128368
398755
872521
-1279
275861
538735
-861700
-885037
-853342
711344
-259396
-200739
-763272
752763
-762721
-784487
399334
-384757
129792
654430
-101199
272524
675155
-544115
-218336
-244600
-407603
100688
286100
-635214
-668504
-842269
763541
-795983
156453
39402
742753
294753
154365
889411
6097
894969
-311328
242826
647732
-74049
458339
47065
541194
-411870
-298506
-560005
860654
-623351
-104119
-357682
132050
488278
743007
-581851
853064
-925497
-424120
616605
-721479
732333
-343994
-978727
27086
810372
910685
-966818
705341
-400643
276009
353072
525309
-265653
-599863
66503
322477
101631
506498
183131
478281
-597622
825450
-389670
890657
568456
28479
743720
642960
604360
360325
921481
336693
-983670
942755
-636222
826703
853440
-603039
532043
-547204
672970
-114885
978106
-592683
285253
44608
729794
-613116
-448894
-87075
865165
-46516
-261626
-524506
-155860
-693170
503973
-412140
949790
108332
948185
871271
-554976
964516
814026
-191197
791218
667465
205765
323261
-879739
-121265
-791624
-901634
286052
493630
142975
15846
880514
694081
928771
745678
-352435
-332855
-778829
491706
-26024
725144
-920435
-76234
-166524
-972250
-204964
278501
992267
-390939
-912697
783484
-723474
293069
106745
-603212
-828197
315122
-504845
457855
-191249
638130
-526300
-310736
332211
-597529
-565059
979776
69616
-343887
471481
-956408
-618743
551047
-32642
214733
578797
762394
-506766
571063
-628545
-419463
354547
-352018
873607
-538708
44770
-954591
776415
539926
503264
-414834
178056
976965
274431
-489734
-620565
709373
-509959
449052
-634515
961523
492644
-253258
512569
-539999
961476
91366
-777605
-545291
-337571
-406149
35247
-983024
241834
-91147
-521731
-713397
-45738
-745316
826530
-542474
-160150
4585
-565510
-885720
514851
-186074
823653
-995108
-737022
-810863
966415
755622
-64120
478984
-784377
-102645
-429650
-561982
352064
232780
31870
-612690
249757
-726297
296164
728026
-439693
-749574
982710
-613164
-292048
-177440
391421
142443
-63160
-93729
956370
-239507
-88836
-780653
-50369
-122422
974969
885511
-643438
-809409
-217135
-73087
-371390
-865071
-840308
660480
-477760
409449
934183
818405
137475
-505511
-931170
120185
-118675
-223218
942745
-727254
919226
-120415
179018
875595
640078
-909819
-905059
-410292
-32240
-930091
-524782
324322
-739499
258084
-748765
-110888
393014
-589073
-450409
915255
820377
-516227
733659
-42149
-21737
802489
-921965
859589
-420730
-979220
-867666
-501504
-99635
311352
-625910
-459558
401533
-530969
130151
-630708
-461059
605369
693615
-200557
-136547
944850
688555
-743533
-644223
-761855
-828279
-823847
-278081
905380
134005
700183
707868
212041
559771
-712862
232822
692105
-214366
-866814
3457
159725
-326371
-595011
628756
803780
-225718
-832303
409149
-532103
-32859
-727399
-587253
-344305
-470932
-231476
-106159
-299210
-55322
615761
-393831
-921317
315943
-685963
290725
-124287
-398825
-476454
-432182
386810
-343268
571276
-453466
330362
976266
-824710
134141
-249453
-657013
-456711
218445
310128
-184109
631193
965824
344960
-600283
-140336
-954251
344395
-524576
-348082
423079
791368
-34045
-286196
-332919
567131
237350
234900
-46060
894083
-193825
500475
224444
-217560
675765
-641416
532988
-981248
-98126
-248568
328881
717765
-617376
294704
62724
-217659
-845632
108473
-873264
-370207
760392
549816
-578840
-273653
-736381
88242
-706523
500970
-676859
247418
395052
129316
-252108
-380505
911756
-576343
-21920
444744
-557591
879954
-803825
771290
597719
-421200
65994
-339558
361142
220362
768915
487879
850156
529307
37695
-728685
-744347
301314
359557
-450870
-197717
682699
796549
-802665
-187986
-455560
-183169
-276230
-31903
794911
-831487
410507
674865
-635311
181796
272583
-56510
-752210
933026
-695368
468152
701940
792511
318307
231247
-169795
589623
486900
-868481
-50820
-963970
-66197
-368122
832579
131138
443893
-622981
947970
-832337
345117
742881
-663824
-244377
417745
-299134
937420
-309672
644356
-814791
-376647
948988
653362
-674707
741499
-28331
556540
-428296
-438708
43440
-296777
510472
79470
637027
-857650
-87951
-231835
586244
289069
-283866
753907
-365815
-540985
-909917
389809
876760
-209051
327228
-432912
-564696
512438
190441
-615708
165800
515735
-874210
-862532
72275
-302505
-301240
-884286
400719
-790768
195184
37745
-648418
-892767
805911
937827
396302
-477955
691733
-969513
-18940
781816
420296
-142180
-427236
-252476
424908
8069
-740038
-384651
392362
425762
-868917
518153
563230
203358
-784353
-738010
319072
616366
-528778
-485744
-345889
-177195
-378510
-539978
-239369
-982208
-17933
-547637
-951721
963127
-765821
468575
-179054
-193056
-783901
-754146
815013
-523939
-138797
207375
901823
-7713
-274473
465053
-804355
-58826
727043
514718
-442460
-801735
-971026
211652
21070
-349536
671674
781702
-331744
-346260
-765935
-283465
-383133
-531756
-814890
437813
275188
-598790
683668
90201
-122729
-455130
-702425
-220906
537158
23103
-755854
732803
964278
971190
247520
-478183
-830546
276494
733470
190525
926959
405143
-27773
-404785
-941117
206292
311751
-324250
674537
496862
-886437
-50276
898072
797231
-960075
-224658
-657899
-662499
554437
879259
360604
798584
612062
324881
769773
-140418
846699
939228
-863924
580168
129753
-936966
-14689
-898021
-341751
44194
308271
970001
719944
-17193
466862
833508
932532
364933
630738
972458
-859725
972840
-690042
694712
852099
670562
493295
464160
-4557
263068
-676259
-157859
202295
-540183
-577691
-667953
-477148
407620
-565973
181102
-548187
742298
151102
-828243
-274895
-382037
-994735
-342363
982897
636004
-369905
-876829
608843
-59947
817884
460941
-389385
311178
-74899
606058
-425754
248843
-551801
776541
708661
-129492
-891412
-768488
-721872
-457385
412615
-270058
-715087
-436283
-98301
10019
181680
-93035
667657
164577
-457032
-702249
287749
-848190
237804
105632
612752
848420
-583190
-462148
454477
-8944
786695
902677
-232403
495355
-226816
-123815
726868
51312
418801
139482
781254
703715
703199
-317047
-286267
-115121
589918
-618611
-950544
-867114
-320860
337205
-715304
916945
-557164
897448
765364
-140354
-564700
219841
850703
-778005
122518
-381701
717350
895703
494485
444218
-52985
-86714
-416301
-271731
-383000
-713102
411222
330734
171778
1140
712124
221234
134027
-608737
-441561
418723
-691792
1275
316171
-926428
860922
751472
293414
711624
973467
-584069
-670077
690817
-688367
824409
135034
258648
-262305
718734
986918
354695
-994368
398140
-314571
177410
-600721
-602448
-601356
533307
-211184
-42917
-47971
97024
958359
-731800
170597
819280
-980329
-535990
530904
993139
-120058
860828
683955
191576
685237
-181012
-549776
-577069
-462279
-562859
777626
-456647
835281
-536946
720764
-765440
-139394
-880592
767867
649422
76491
-280104
-253554
34850
-11904
917043
-145871
7768
-618947
-614967
907
260996
-754139
-315139
-547428
931098
503849
-97204
-645972
-958430
339938
-868346
-415076
175218
-405292
-694313
409779
455315
-574905
177645
104737
501587
897542
851184
-463564
-114362
768227
390566
893407
-850721
775600
-105687
410276
-978540
579174
862848
952558
83023
-234356
-693414
124593
-894419
-561760
709517
280800
32949
-984796
-309422
-511737
-559701
868224
593001
941887
765765
444184
-521678
-348597
212410
868889
-455191
361690
644488
439122
-228034
665948
18295
-365187
618506
-898683
400457
925092
225911
506039
-636669
-64572
-213162
396280
-49368
477417
884544
390932
345641
477544
332818
111405
-78272
811141
762808
-865863
680029
-692383
495828
324516
746739
-732207
-9536
-234967
-97394
-391031
-133649
-696937
-465940
-907738
809103
-102609
27690
-404059
-706329
978323
-926643
-821786
369254
418998
655758
-297928
-469597
-422515
-486788
-706789
-288377
-806759
-399172
-792550
517757
-652434
-524757
-491780
112600
377850
117190
978952
680914
651250
-928787
490017
-451359
98904
-914043
-157688
77226
-840686
20526
-553520
578313
-323716
148552
-891284
253770
661765
-598073
965393
855006
2756
-827157
372763
350323
-351914
880984
-537078
-974064
-1827
-558126
706851
-350578
-486912
196867
198063
611993
282824
-959625
-310782
442139
60901
135698
20451
737186
-715750
129167
-9045
946015
531095
-43653
801020
-466150
129190
173783
884173
777277
54766
-652905
803214
-947061
-211030
510064
-297638
302059
-293069
900425
-85949
989755
940801
603269
431893
1701
-261033
-547656
-261114
23217
581512
729842
-30769
112607
-313812
-229749
646457
815379
944035
530630
592656
-1199
877726
395869
51740
-333305
-94067
754102
968754
612864
654527
-117196
602619
595327
-513927
34512
-402972
225040
486856
335915
-751743
68368
65756
217489
-819026
751945
987741
827432
567323
931775
358061
159979
-69425
235786
-444153
982316
902482
461781
736417
871236
74645
390944
-245960
-322737
-13730
240113
711775
583299
-534847
198631
-80787
-286589
-733001
984969
930900
-552026
736913
918640
-724595
304236
850415
633467
-535786
-219010
-130747
20062
-236695
-228266
-518158
-500278
-357031
556488
890666
397010
-766250
-123064
-362878
945526
-539766
102276
144157
379447
815687
411157
364416
746587
859131
101329
665227
-865465
-594436
515641
768002
-130222
-703369
-362746
889840
59937
408989
-628318
559660
-948042
928170
450325
448968
-838080
-672739
-913910
-892555
-212505
188366
251603
-833058
4053
-337241
531359
-249361
-478110
-367313
-584135
-343575
38251
931507
-575573
908030
-771863
61682
797869
288074
-529329
-830449
-152266
-477371
-902280
-701941
971598
-740360
-374680
-942313
-632914
412816
246054
618689
579759
-749894
-718552
111117
745
-196662
743804
416610
459764
-217945
348116
884192
-309916
576254
-54127
-512047
-135672
416545
-342496
712062
939175
-244775
-989880
910772
14865
-364560
968460
381952
-951744
214513
640
628015
464619
282089
-260869
-534636
-914574
-517065
881975
545191
264991
230091
429382
955076
-193655
-624745
-556972
670673
791800
100533
382734
730974
855758
392855
641746
-129377
-971705
610205
-747426
-923449
-175283
253215
704567
-710664
-464697
-556303
-245299
-379270
-73367
-363324
-834079
-808376
866767
595303
-853301
-326889
970558
-410272
-656216
762358
690262
726519
493332
546019
119373
135077
-583358
147669
-254719
-330783
224220
569999
922432
-71214
859336
-542265
372484
-385963
78466
-700883
250713
244387
-509259
117480
-160310
-362559
790591
-189752
227169
-865625
-427395
-82570
860894
-934064
-536551
-19734
201014
-119908
-872065
946296
549309
352155
516294
471741
-719059
375630
929477
653426
989667
7943
952544
240380
-747671
-556716
-642141
92019
80726
-851550
902267
-692106
-717175
-525128
225325
-856282
-459191
688775
123985
741823
-431134
251920
688118
-881825
-395925
204412
589917
-114984
-419959
519393
-461558
-430292
-472665
-509015
810088
-220335
-65730
-832054
871685
-985005
-683604
773951
-677110
-400779
-751177
548216
-257060
-210368
236990
866925
-468546
805857
118845
-780428
924033
722920
423984
513949
-392064
-995975
33341
146378
-426267
560677
637364
-616180
-659659
-428367
-448233
-787975
-413371
-131836
985977
-90480
467386
-765201
-542265
-789675
24432
694726
-922750
555887
500583
196095
775459
424615
-80985
199443
-61437
526951
203468
971905
-326671
777202
532582
-689308
-838978
872923
-117674
-287211
-915052
468956
580954
-929075
-621525
48339
-694275
-163789
258665
330157
-469064
335915
-113956
-968481
-467990
-338498
456134
451025
860946
-605303
-22024
64413
-633398
651306
-158386
899184
961999
2636
772107
-155676
715426
857055
-686720
296379
927981
-308245
-655282
-766295
527966
603383
563862
-941098
-60702
-550095
-909578
471308
111408
546557
-77667
-27647
941254
900310
-963234
-692144
551615
-121619
-792960
513614
881017
979147
-642063
596443
836202
-328782
-107179
764182
362973
237539
997887
-109061
-159078
561749
-50158
780220
-988346
40264
251528
123063
-413180
-826140
-904585
-471926
-925830
-867818
-164069
625786
10563
42971
139399
-108420
22117
497337
-511978
-141681
-831446
380844
-377500
531527
-381617
-379613
-577534
459305
-817864
372308
239524
-806209
-587428
-508949
316854
-607
-335088
412270
527468
-260917
544452
-636602
-635132
-444986
406369
504267
446595
-571514
1603
934617
286805
170157
315460
909306
-298316
933843
-470307
124150
393148
-288171
-503543
-367329
-94380
-90970
123723
-777527
908423
788636
634744
435890
-472282
179195
799288
-107414
734210
205657
-603147
180804
634143
398456
115421
-79052
-431388
-569120
-169746
270297
-635277
359947
-605554
757871
-928224
-109096
-609458
-22604
799934
514266
199870
708356
302901
-165386
144246
830620
-986192
-56467
-276794
748019
-850810
120059
-71177
783334
-481486
-955757
-295719
87127
-524876
534535
-642576
-160153
-105518
-248130
-402282
-33742
642774
-11740
943655
442708
-497475
143524
151064
805427
978138
-704691
636046
991947
238843
-640749
739966
388033
479310
-331212
171366
997825
-286969
875648
84952
188156
410183
442376
-971998
-695336
-805754
-374280
270922
837020
613981
214576
279728
-883495
-641900
-569209
921932
-663762
-273900
557978
-671815
964943
917229
-931850
352976
396539
-263062
-475659
394364
449970
-600011
-520684
-361874
810172
921693
-333872
-885164
-884062
291849
385759
952959
-94171
-399665
232686
22335
-41565
663477
-55733
294674
-610423
-497756
622859
-645480
-580527
691010
707496
816013
-572052
-768163
210377
877919
-368174
689693
-483956
-558002
611386
182172
-443166
727324
-525979
942593
680282
379851
-457073
-87032
-597814
501363
-423555
346453
-203963
-33978
848698
-581105
320542
-731829
-890096
28038
-915816
-462147
259875
294561
-584229
891701
-15746
-68185
-666302
-404361
-886013
-109467
-677037
-411992
-166875
-996755
967860
376053
-83787
-629955
-122584
492658
716499
673453
-541320
565196
-907652
779223
833368
-797747
-192740
917552
-259894
-932866
212113
155877
958836
-803634
-912309
-707466
-207994
-798321
183067
114969
-210312
-983808
118214
-242453
392246
-965573
127593
-730339
527086
-155909
943114
985766
-590713
-964538
764989
-757346
-762285
-427752
-839794
-22178
-360618
372319
-866302
-401782
568686
-778610
-109248
-639308
-576931
-926181
475662
212757
-909989
-406124
970305
482257
-371697
97897
751919
-844611
941988
695033
-858845
-648726
730495
906144
-406071
968211
-521609
-245865
-53968
117774
-873546
79730
715993
695141
301121
-393256
-944168
724191
-319437
531494
-63052
-229426
-874630
-92748
-747169
-246327
-994852
-995251
-90938
947137
699782
50218
-701589
430277
-43639
-107659
398487
434753
646477
-655482
-447474
772931
424249
-731482
468072
-274631
-124737
523904
-550441
555826
55398
386507
-673600
180768
-706241
-420768
934442
-701092
-416018
-156496
-753956
-716236
893722
-455544
714041
-149918
436797
112527
-715166
83273
457046
-162639
-143796
-118706
105880
-675725
606664
981144
848180
-943777
536969
-96423
442731
863370
-915655
736490
-557398
-981214
-964603
26584
-137709
-718558
310348
-243988
-174101
24389
606095
-737304
-863084
890930
345969
593962
-271710
-797827
-524744
834171
-473552
-918080
815314
-625373
-861857
352283
278205
580874
215653
362550
317364
658255
381337
352762
-315161
-756373
634205
995187
-361
-539897
19576
-394266
-277201
156492
-503337
-931232
-249547
224954
-729059
225710
59124
-202610
307630
-125562
172017
445773
-773279
-549779
26647
442374
812772
-655990
100629
194108
696772
785468
437736
330976
780655
-562625
791080
-199770
43109
-486122
956722
539772
-417353
-292825
-235275
-146412
932885
823850
650978
240515
-301712
-177005
-313712
-74991
273217
712935
-632617
85988
-943055
468012
-719904
753718
253480
717832
84694
34134
-844794
-124227
834364
198315
389652
791086
-261913
972300
-501739
502813
-174113
-568855
326663
-523135
671661
-975050
299861
-642052
-50040
-426923
-929117
317343
659066
-872171
-214645
939162
881547
-961165
656993
-33760
72969
812200
842014
-92667
10515
231666
-301581
748602
203965
196680
251415
-970148
627825
-421923
-493282
299486
-396972
806579
657435
552988
-620345
728318
-129669
-961279
856147
655687
977883
737694
694522
634876
-296067
-232510
447075
-454053
674824
-542410
777614
-626758
-793808
-18422
569922
457607
11431
197747
-964317
518149
-502768
-361289
324728
-845334
-808301
704384
882985
62030
743105
739132
-282283
720987
476825
-587762
355862
-819242
179728
-197063
-273295
-145448
260528
-495681
227794
466720
485897
-202285
-75674
-502672
995463
-39990
-984524
-507306
598722
340204
-352639
790421
44588
-469654
-147549
-212308
-730523
570168
-491322
746303
982406
864541
927061
162134
-332522
-346234
-983315
928006
158085
244480
394725
-356018
-957805
-680949
141310
-962343
279061
156787
-469648
-122218
-503009
177714
-331798
541579
708060
520654
-670730
977538
90821
-162051
723840
73226
-297511
650901
-764640
369968
-695334
-747954
297973
462752
496526
-307302
-893267
538721
11749
248044
576379
-709190
-595170
-893270
168592
-98179
284444
836795
-556601
-7496
357448
-227330
-29958
-551731
610619
-306119
521495
-686892
-655219
756856
683076
-350552
-991099
-18951
-887801
505427
673747
-781067
44148
-314504
466977
-379474
-23694
871807
-272743
-855102
-226373
-988299
981693
217027
4206
339141
989697
974248
787410
600316
-331871
308905
913424
12911
65760
596499
662359
74662
-422453
774559
-419911
-748706
993492
624237
-63210
460468
-755237
913097
332274
-27979
-942006
-894099
-16277
-960313
322929
987929
378828
312626
962177
166237
-87059
-369695
-524859
-173635
643216
540902
-577137
305575
-384437
411
80133
195652
251705
73625
-180111
-811505
-465908
64653
-898408
866367
-963327
-840414
972269
20396
-800727
295197
8324
578102
-392177
-29500
-255662
520764
600806
219480
-652872
244022
-239618
-230008
-450404
375945
770403
629730
-428403
22108
-296646
391486
210604
237447
-543862
312196
103813
-507189
471783
76081
513208
671057
-628722
-478469
249158
-20899
492032
993497
-500135
92838
212977
-153006
-663141
973359
616986
-113545
349303
387389
-483815
920900
-590504
219540
312386
620100
-543013
768524
-67704
560800
-738665
-595922
-363119
774543
-924866
8160
-703927
324292
987262
788106
317789
-512874
-119057
-469235
334120
217802
-495877
-48894
-895743
853427
-661506
-379557
774327
-252009
839984
86712
-631909
-703030
-144765
300387
857771
116570
704466
-505348
-108888
779600
502812
187186
103892
490073
-24708
-578320
977199
856236
-47555
311319
74037
456569
-737576
178295
309995
-399081
798739
84321
348910
638722
-828967
717002
935692
26268
17389
793463
-857162
-278146
-711886
33951
-498547
790926
-778863
605345
280999
196429
-972975
258198
52664
-20530
-430484
-873299
-563962
-168059
304997
746034
432861
103735
-169645
-218229
-257543
1388
-501228
-321851
-972344
516161
-528389
-829506
-761985
-240275
204445
-260532
-449349
425583
-655187
831650
-377989
-628162
89847
674676
351309
659364
801377
787347
-508695
106374
533381
924166
-789891
-636265
-294064
-47434
365123
204709
630715
392780
-279131
-897675
563274
-41116
-137949
-232281
698353
412702
-806699
-956835
244351
-184687
-584996
-665802
-510012
766313
993562
-708635
553660
-515134
397739
87040
-590968
607848
450776
114968
-439586
-184101
-680324
-808872
-791322
40546
-706546
771952
999431
155506
-460329
697784
-431793
-267027
740950
812559
548286
-844047
-853243
-961726
922267
-859681
-670361
475926
-374814
727379
-437035
34218
335227
-986260
-850814
895641
-170361
-531137
-913231
38318
509409
-619776
-189731
508840
535730
349941
206624
-896063
