858146
825992
847726
-528026
571545
893036
934844
-443093
-69578
-25515
-735602
-251619
359482
772639
602745
-557311
-570809
-599477
833471
-303065
470269
807777
147334
-800326
-905777
-928536
-640158
834487
-888116
-930774
-65658
970030
895219
-217933
-557996
466763
-324897
-623152
-976331
605526
351333
-711932
-646094
-289185
-939293
956652
153505
-510102
-642826
-13025
186834
827443
-205249
-665833
-972883
-111026
-594369
-613041
-276539
-482485
-543815
657803
-512455
-648597
-560130
-70450
818167
114973
306398
841837
-279502
-342269
-870096
74405
368546
-809389
31056
-477950
-319490
388231
509026
867344
215673
-696224
-798490
242791
192751
-392858
629750
916212
124658
-914065
574015
612204
-562662
-986116
-458247
-744495
128857
848152
-902659
849355
-494118
-772754
-76240
874429
-582142
954816
-603521
98368
343046
905505
-34288
-441281
-790719
167223
801511
402033
774366
431260
318245
-100977
517196
-107740
-488774
954535
-93856
52980
-789961
-964999
-98869
-692620
884357
407014
-465374
-191884
281442
-47516
-237069
677922
-949148
-894023
583427
16565
-335303
792709
-816212
-533792
194742
958154
897468
-487014
-142824
414664
405247
368403
369198
-688610
-578618
579237
-653609
322514
886618
-769253
-270473
-578756
38864
-989032
373729
801795
688891
424581
907773
272317
-558854
-427530
65026
-375066
38678
-740233
-416912
-63854
-227246
440265
-649191
-822000
-191333
720007
-510610
230050
299244
-164218
-447437
185861
66530
282090
607105
-894607
293059
-19167
907189
-18051
-594586
814962
-745734
-153439
-612568
319292
471495
426111
579059
-945417
-637744
-648187
494848
-286934
-470187
-696486
-566927
19204
533565
732317
854987
-913873
-81822
-78484
368218
-474717
26910
-338723
506116
-65902
643226
911531
-250940
897493
-241909
136492
216785
-770414
-437398
-204156
-715830
-75141
147657
779018
637926
677470
-917468
-929002
-303326
616097
803316
-448340
702225
-278507
473176
70442
246776
-499915
731719
-247108
434184
374945
-335577
-816756
272438
422515
319736
-510778
652102
882339
285066
936272
-192803
-567278
715289
-554877
-889808
797821
-483879
-193134
413917
-680564
358526
116141
40930
-168298
-813417
-712295
331788
918302
40598
-234028
293247
705021
-50784
-434316
127535
-731048
54907
-220364
-848710
-660028
-284093
-41512
-227305
-568805
403611
-117112
-770984
919733
689754
642933
-760832
48280
-240926
280099
879982
-54343
567805
211770
-136041
-391598
977742
-842794
-686578
-73043
-277109
440958
195909
777798
-779407
347200
-882230
-63499
-694313
-109535
367697
709299
773353
596713
629031
463107
239646
868200
-488613
998720
148298
-608631
-55623
-283898
603139
808337
324504
580880
965543
637927
-492163
-311567
78884
703747
-533770
299478
50946
-415999
-764021
356633
474466
603676
65931
247819
200389
-305038
-289074
-559966
-436839
222313
-561246
711460
613682
383131
-572439
216820
191467
752066
-202300
157010
389993
305537
845444
-531123
9284
-688326
768356
-939771
-104325
-995666
416862
-629860
608011
-517207
617960
-191601
177756
-671115
248433
740917
551199
687187
452376
164881
70318
879938
-618300
-738215
632003
179401
418795
21996
-515062
264238
490873
494222
575912
259228
554451
-528413
263562
-28687
-158273
-128427
454107
-540313
679972
-368138
-211427
-71595
-627221
-660229
-384408
825155
504652
685910
705092
886353
947695
337095
65754
366490
-640910
550692
-369273
849963
44914
-793361
109191
-400635
-321774
-627247
570679
519954
244326
24785
979642
-75702
656648
-231786
852703
-970574
107986
-531706
854582
-387362
-845797
559673
-501009
-898102
-103232
564745
468388
255858
115437
-900885
105821
-839649
-694245
-784989
-240284
-16018
-412236
-669606
-496064
832091
355180
-516423
-243612
11827
251792
-390910
41253
-640223
77385
-104166
-27584
231589
-544493
471407
333487
352275
36151
-198125
-391867
-848412
-99010
713955
-688061
206745
928966
71655
-809273
-483270
402050
-305337
-651179
-242771
178240
105209
769056
-569969
714300
-189691
-210191
-208316
706144
762225
-976728
-838349
233632
356760
513926
-730218
-841366
-877941
-578629
59625
836014
-266690
-733630
764980
804966
-542903
-718290
207015
151760
-369469
964244
-670000
735741
733300
-239968
450040
-456392
549842
-758276
-750248
312067
-735003
-588597
-454302
621757
925330
-184520
780392
-952612
236852
-159983
883403
970162
106387
648382
775127
563485
930092
-17859
-284755
-439377
-53615
45246
-703637
-320316
805278
746403
223292
355120
988128
473044
-332814
-746876
884447
212884
874882
809777
-971636
655274
857165
265216
-504710
740567
235377
601678
388949
10504
165163
319041
992646
880408
879664
-60970
-74346
-823974
618714
-269068
922430
-157994
-913949
910557
-684950
-246763
-836319
-800503
966122
-961438
-990727
994487
693837
866438
259702
-810874
607005
-504921
790805
-4047
505584
-44033
-685006
498229
-163625
-805343
-562742
762030
-629316
-944029
-507039
-706886
-102022
-420988
-796329
213028
332250
-632648
412525
298372
-594085
421798
292858
-900249
288236
-447440
-711122
-104759
47639
-920317
891195
-446778
35651
-793812
-948549
872027
-599154
-511291
634056
-228470
-455319
-872984
64645
442659
-293971
268316
-344314
-961722
635669
-931789
336651
-958416
490010
-370492
-858665
-221755
182068
-569786
673486
-770293
-490103
564681
-217070
545548
770869
-165619
417574
-828286
323090
51629
-56755
867772
178646
-992111
310430
884675
276206
966117
922954
-88126
-965673
259604
-46542
524337
889113
94794
-697418
71181
525008
976069
300888
-965095
540749
-916183
580454
311617
-81801
-1973
483332
-758712
-950344
-573423
-890941
228303
-565534
419490
112977
710672
385606
35931
-377454
419933
-704465
576005
-55730
-815353
-329202
246852
255828
-804194
222920
-443284
-769289
-236331
-359466
811165
-924714
558733
-190808
558618
800022
-141151
985195
909082
-912849
-580339
328571
200129
-869667
-285823
-763941
-247121
-865891
-468406
-671117
78380
-283758
-318
-674769
972071
195488
548152
-471214
426200
-688180
169320
237365
-612894
-271947
-953443
945725
-471926
-94594
930920
-562845
-7443
-649420
765727
-807314
-519086
-520097
-571255
233793
-385987
-39660
562677
692393
676582
-437641
-982377
648653
757847
565776
-822562
184047
877596
346759
-578589
-735298
-925189
-532032
-789574
-397115
373375
-858655
40041
-634068
-508074
-194233
-441382
-27160
285671
-12637
-793367
899684
947704
769311
592076
624286
-668331
609700
272938
-910484
175475
450376
273564
53070
-202866
694976
317772
-128054
-837057
528199
474831
536319
669545
-485128
902251
-838529
320640
-539132
134312
-393690
448232
340946
-494007
395935
110256
-901931
20220
441926
707769
-706843
531443
-116757
743534
-194994
936314
-459332
-500018
254086
412614
-337075
-217716
-112555
-800756
-548171
402317
-898506
-386700
-277044
-437637
747613
329267
-989406
88558
835260
406530
-801186
933329
-573251
640740
641097
-280093
172183
-475660
-536560
977190
-539347
4109
-522829
714739
-583278
140097
-502977
304167
339341
-51148
-293516
440836
562153
429441
-996802
309765
-241293
-986208
-601677
-406034
420322
-402863
-472705
847072
-762123
-831608
-433021
410060
-307268
30420
387250
153386
-965472
864421
-131876
-548750
4518
365147
755418
-656142
-686001
-538099
784694
876152
891342
787892
185917
-349951
801685
584240
244016
222007
-818624
771311
69079
-580747
939704
636058
829314
-367564
-333522
216563
785822
-298993
80984
-346054
152258
-914499
-980908
-92325
-570641
-666908
369577
-785947
-790756
260919
-998055
395162
910968
803630
-20599
154983
25637
160778
-73706
-905285
580032
-134003
730774
409346
498433
-602749
-374092
284255
98258
706892
938201
-749485
792394
957294
158191
-778248
-709614
-472233
-564194
-500370
788687
-562249
894792
699654
-758619
-125807
-145363
267018
-965030
780931
361733
615003
-353072
92506
24348
-854639
489758
650257
429616
-411984
357149
367817
-161468
149542
325110
996723
371295
615496
-475510
807101
-884874
-686824
-755148
-990083
-987170
-513767
-115889
-132533
753251
-80918
-351602
114984
-465916
295326
-792511
558433
440687
697248
208690
-129698
-714737
-434162
-761882
123796
715381
563229
120518
86675
178725
645009
-106224
293852
958186
138628
303770
971016
624862
-812120
-161517
378113
106962
486881
-506904
641047
-217794
-299414
199480
-777107
-602167
-591831
93195
-316903
-25993
331314
806893
-310613
-105457
-72589
776063
-926732
-427581
-330162
367120
-469396
808467
-329111
-498380
433329
-141231
340103
-188559
965732
-173016
304537
606778
609191
-994878
-193743
832084
-597044
214427
-74721
86054
-811567
-743408
-107054
-122179
151136
820358
-346117
224404
-607224
323722
-408477
-76619
132188
262412
425002
-434484
-878819
-234895
376957
-913088
592089
-318506
693691
201280
-313383
-500052
33363
89573
714375
958642
-824374
902809
-784766
68573
-219371
366370
-111070
434512
-409227
281707
-241767
182297
-794912
890422
-555291
630090
-544062
-434110
-604806
832895
-347197
987284
-485611
-653507
188563
201006
-153558
-778074
-709422
-439184
-819433
-533795
-536376
-604198
534778
244254
762172
-576292
-321234
-647055
705416
436999
535243
910504
327421
979952
540593
783359
-454159
935788
616254
198644
923071
-869358
545138
111634
331648
-608421
333560
622227
-47605
514128
-911569
416020
909930
623210
-339727
672102
-953082
339039
-974953
752334
-223962
560290
662837
-896541
540241
203430
886818
-913918
139218
503071
284726
62289
633714
-170137
-826078
-34639
221442
507483
-412412
-826163
21610
-323980
589858
-68461
-700771
-749869
-396359
-653852
589170
-371312
-901519
-634792
-811023
761319
-531333
729219
-35251
-644515
815301
-896034
858557
100026
166256
492270
929890
340179
-542369
151332
-152339
45219
325169
869271
721240
-84973
-199190
-979532
165158
404451
-633383
-245672
-966861
-534902
119536
-777884
-773583
588204
951335
191167
943689
766636
295134
802246
-133339
-538611
294515
-203449
801568
752146
947883
-350772
-202635
273052
-481501
-481396
-811922
319310
-460927
353236
-276240
-94310
-892436
-243100
370789
227100
-20984
597207
-184696
-69649
-211627
-241007
-303014
-916494
-438762
563648
-455105
855754
-639802
-653537
607900
-691919
-4308
-594736
581133
514191
-76131
769212
-166500
462943
122448
557261
-631367
230012
-685840
739423
-542888
293177
336629
272417
-776473
-874998
-968591
-79486
-791491
-407352
-515839
-246595
-551599
-155640
99868
-943700
152442
-904441
-538435
-266426
609750
385434
-497214
-556750
-151623
625235
-999489
217010
-144754
-685329
-43568
312359
607849
-706939
-415225
831377
-581937
-383815
-248110
-373427
208833
236052
379978
657234
-919588
-520155
713535
232854
-424596
-824901
966429
-814846
560534
-530786
-371595
-591090
-905551
-371084
625921
-50305
-56412
-417647
-737946
-448564
-124586
-153170
-617188
293478
463015
134703
920051
-328152
-629245
300028
-670918
-548833
779874
-957384
684021
-644722
-782285
650450
-459568
778249
-880336
168838
-812841
-785887
797754
813080
163808
-258658
-604567
425863
292778
270847
-727308
675591
-435675
735708
-189706
-515624
-592445
181049
784405
-263363
632216
564278
-220746
316237
919556
-3031
-33313
-540012
-224782
86351
628826
-37622
300464
426580
-224542
-535728
-832079
170891
890135
460700
-558262
-837174
136291
6063
898534
946585
490440
-693911
127634
274844
42727
-240150
-160878
821981
-923913
-241322
-181050
42774
218667
594168
-870876
-152507
-443454
429588
-725928
332004
893860
-558006
-497106
783994
902695
-55367
946821
38985
950696
845355
-14430
441136
-848557
-886797
-284020
194170
-126947
555103
16150
-50860
-686220
835100
991914
532447
429268
-878963
-620061
985815
550626
-345988
317818
444485
96007
820713
228479
-1299
-234655
175299
-962314
-283959
20653
23256
-842823
172097
136459
-126843
-633733
-990488
-571741
382417
-41347
-257960
217517
-49433
-725513
-353215
71605
-345574
-367401
-377770
308439
950418
-933286
-595555
771131
295193
403147
-463524
-529508
440833
252518
491146
-535912
409695
-336758
600548
-717149
29509
610061
-288889
-588074
-431287
453151
629444
519280
727638
-723772
-409115
-617936
-91172
213115
690504
-140754
279830
-905051
-369623
-424977
498096
166853
45515
-61072
-580630
-463340
403016
829065
199903
3563
-888084
-770589
-386376
-176973
-358662
182337
-723822
-729219
-298383
-996184
-452990
292502
-614119
455838
-494384
-923616
-684916
785447
-828667
-54539
-639531
669429
-887687
405984
-391644
-468316
942645
-988628
-639251
142547
14935
-527335
371959
628559
295693
-986704
-189104
571872
-715923
512513
575688
-168913
-194985
961569
-713075
310632
-962047
-397991
96078
-790714
547471
456547
878716
659785
-137469
-512929
-808532
-194824
-501557
-447782
947723
513379
24883
319682
141938
-679424
332978
952835
892448
617056
465348
468136
-551857
-729638
429705
-264932
580994
467658
337078
-322929
676945
-115451
-866382
555660
-455667
-3851
-957269
-264198
801325
-458825
288020
749048
-945446
-687097
68730
196493
-366520
-598292
149327
-474072
-981237
-385326
994064
-533093
-114963
423769
201975
-533969
-108574
-460947
143103
-431629
423602
276721
-875970
967936
-727130
-833238
-296263
-925805
-292063
991758
823244
-237508
-695340
-108027
958985
-61860
293681
108312
464068
312445
722987
458132
779352
-391977
-118099
-18673
74054
773327
520381
-782843
-658302
-56018
493878
-534271
-88082
766748
-367509
615655
840943
340429
607412
664186
-897080
912073
-443841
-938095
-149788
849841
170217
-685720
162285
-106797
772413
-58363
501227
-345687
922965
-424719
-572360
443345
-207562
-230661
-612673
-713685
235068
299245
-946937
867560
-85101
894007
207988
-477689
558193
310909
-565617
-885649
372815
284596
964193
-456969
598877
126477
436235
371290
-931886
-62539
-974397
991079
512742
-546756
434424
-694821
222583
821751
-408505
-542350
120995
-355442
-674790
-964106
-461436
533199
-441794
-903243
-155893
-7410
-788891
-783078
-722815
-824699
-240047
876063
301779
-803813
247352
369893
133648
272956
360972
-353610
726200
-204605
-48431
-51217
-382855
543064
406433
738141
-812378
731644
774036
-273813
264842
-667758
-177056
-891051
324832
34053
-674129
602017
209354
85824
478080
-488867
282012
-274568
881026
-584340
998388
241997
62050
724588
-962608
-986382
-326630
-345462
556683
-920197
-607321
744305
811447
-833286
-529509
76288
-501043
293435
185237
823789
-672512
511108
425806
536843
-403068
-96115
-952025
878945
629318
929002
-705396
627705
170998
356655
352293
208391
370274
-974338
862929
-73044
-894534
-744393
-328740
916913
-577678
141752
-6800
-78721
-564813
-821563
-254932
-237325
689546
-829127
-700483
-713522
74759
-652507
-834578
-295924
-723506
-539973
-668219
447493
816682
684074
-344117
186956
709737
-481188
-886089
815203
-225580
-214828
732116
196743
926925
-274685
-881979
-637889
-96247
-136910
124787
-406701
33963
424305
-120223
-891278
771798
45199
-187202
-951709
505227
144580
495785
321909
-171346
-848332
-491136
-461610
-329520
-377224
-646407
444900
407949
-914292
-358358
334873
-188976
-240336
696984
714778
622754
-178230
-691924
-343283
-753926
187853
-234561
-982128
-766948
578238
-933836
738279
-277183
561949
60188
551472
713617
569052
-910138
-615903
-808173
-556545
828997
599777
-470836
-529361
-65351
340188
230304
-368367
54965
-146943
453403
363041
509775
699478
-449107
-724786
717351
-216054
853452
783515
-477776
-423731
345463
582412
-872259
59080
151464
-782397
443177
343292
-338942
272174
-56932
190222
742813
877717
-469590
-26884
-490651
585375
826174
962753
-51584
335949
662231
499310
611163
379581
-716745
464615
163095
-194521
-959117
-491442
-612109
-831375
567638
539356
-613772
10815
-117353
47286
-717012
825715
-762492
-974199
703432
-232082
-1082
-787219
-646707
-174909
-824466
301709
-838960
837766
-198982
772203
217346
84274
236817
-619559
889754
277701
-111000
-722356
446326
-543362
817000
832554
467453
-300353
-120160
750442
-474638
117349
776243
-771206
885267
-224839
-558425
-761440
600253
-382890
540269
761293
-545125
-658713
533495
672222
425561
-229689
-947337
315314
-951988
-58337
592959
494338
398301
409959
326892
-134246
-890395
-793268
-383805
-365032
324081
-607562
-136238
209347
167599
305338
447908
-232149
922448
-11824
-470857
-622677
329464
-937363
-950455
-244976
-167051
-897792
-929662
-119038
43871
663297
-624700
-557829
73255
702192
307925
182861
908925
924121
817829
233005
-683442
-318409
-557648
484157
986929
890260
-747992
909377
-121564
-218849
-713301
-792101
-156211
-663756
-37077
676739
-561547
33261
-442300
482324
-303442
-67000
924496
769814
-364808
232421
-47326
-455884
156541
-229497
777121
473100
452094
-780527
-42743
439023
-890268
209265
348399
-11832
990416
635099
196067
-165795
971344
-841010
-489057
-590204
192252
68644
892121
888811
-998357
816616
658624
-363164
49036
-388703
180952
-794423
381801
-41927
678677
-166105
177547
-364067
-727083
287279
845199
621316
-724553
835615
256414
471515
-330181
227757
630505
180763
637554
-177243
-750594
529674
-288433
-748950
346290
-629810
-112113
-604675
-18512
-931162
-399097
-636711
26912
-720420
197184
-795542
-84486
470101
491738
-239288
91416
767186
-403674
-652170
238700
266146
575588
-130795
-553092
213141
691962
-303685
-257185
-596471
-52635
-910896
-226280
835252
-515570
755209
904091
85334
-881503
-68997
364914
315681
135462
-719573
-214218
-372800
41140
877199
-605615
637466
-774972
633085
-96389
800617
-497711
350519
13758
-805749
-953166
756573
-402220
-5800
845678
371501
-170548
-669893
126709
-266457
415441
245207
664546
-219646
-439113
-199992
60782
346670
427209
-898079
223868
821594
739388
448897
454679
-357002
249514
956969
993518
-736729
-848781
-959649
-980156
-251000
34551
865522
-879499
864004
-804371
247210
-402454
611070
-507584
-737908
-608576
53304
62100
452207
-600026
-510692
554129
623842
-689098
293516
72739
