-340925
563780
633977
516831
-182600
-212919
924768
793803
919731
66645
940607
398069
248894
-505553
990384
530872
498938
418653
741626
343819
-330329
710142
744787
907886
-376376
576623
-551769
-91284
768834
-351965
-715322
-572091
-788185
918655
944740
29215
-294264
869508
-176983
-374534
-63847
-236376
-976466
-814954
258071
-986083
715919
-242991
432571
457544
-899173
-897759
167686
845615
-989873
791311
422237
-541642
-299974
191071
106394
-15296
618980
318209
-96641
563720
-652577
609095
433227
170441
-765439
-630620
934065
-741904
-445573
192136
-727986
-729655
949145
704585
727890
-950028
806827
-104425
895587
816954
-313115
317823
-724688
386911
-491106
381706
-628385
-872127
-300086
274975
691593
47337
-115930
124820
-782223
118631
494200
-848158
376728
-951374
343978
648742
-681028
293123
353326
-953139
343095
160153
-57563
238682
-22893
629322
-443495
252419
16233
65399
-365875
387849
193272
334039
-337177
-115135
-618624
546893
-990315
-400846
-334476
503886
-249003
-957749
552512
-905025
690993
871485
388098
44319
918347
-268807
-795528
-139217
969876
181579
-509896
-473620
-566002
506338
591779
68123
-105814
-214949
-597838
557009
669916
-216461
103902
679602
382693
769426
183487
-866310
811677
-264001
-771335
502670
-392517
616764
-453011
-474171
-652043
-248539
386612
-682168
933041
876717
-155788
-632962
383054
-564009
435162
-722760
221042
837324
834249
-109042
-379138
-61849
-429441
-996445
-292424
754046
-862754
-480747
-509955
-634089
-978077
97528
982676
-431088
623358
-669368
320374
9969
-351536
253415
-113314
492676
620453
-730261
928667
55615
-453020
149709
-107062
-618772
-959333
513801
319379
-388773
517357
-973045
-634727
654603
-453792
-144682
-979486
-431869
952846
-996811
137044
576204
-666179
-542582
-413827
-17715
710833
472859
-525039
331286
742599
-596372
-613100
-710422
553338
279839
-329193
594005
-206361
990187
-794768
-689004
-982859
-429495
965600
-436650
425824
986114
131482
378670
989304
-731475
-45127
-676876
-274056
541046
305410
-563224
13904
780372
768062
-243498
-816001
-845038
46081
737338
434801
716888
331343
-771560
707074
536575
-460564
724216
-892920
-494964
-712435
532904
-508851
419047
-88427
-519547
687573
866447
-196422
-586484
407492
-891013
-149708
-578604
889360
-381646
177899
-926641
-226684
-776021
810697
-791883
940867
142039
-563443
647941
-321386
-24006
372156
-214305
481030
659721
-681402
972180
78768
230172
-547368
-233660
96618
256210
179856
-495890
365198
-969852
-74494
254557
-351498
-896596
327916
421819
-672617
138612
629936
-731750
-719349
-933507
916192
-40734
42487
288347
744961
-476484
-51932
-936441
-504305
-973165
293732
-51673
-206824
-609651
-795463
973032
-105540
569735
-996821
819966
-175709
-348318
923371
-847794
-926500
-749246
290819
703437
-480996
571471
769930
-564804
-469263
-187583
723544
-724303
335934
-328389
-660743
831629
-301553
632989
-220044
491623
-976662
-15507
464655
-82202
-445772
467834
-262236
378519
-880484
-338866
530726
-806984
-88112
-178455
896454
430893
-606985
666384
866089
-76247
-521200
589632
199451
814734
-738757
538708
646363
-40310
171696
-573681
-548687
195035
410813
915969
-887168
965041
383802
-149404
343560
503319
511730
-125715
696336
-576382
695830
592789
854511
-911155
259172
720599
12598
737973
310230
-787952
552707
571474
750757
199069
-468837
-77547
625389
-17523
-882513
36201
-101555
-769680
1242
-717753
80917
-655199
785566
-407353
219087
481901
16265
-85083
74690
-129225
3763
-666138
-408627
-983640
-928166
901604
-771591
624541
473077
979167
-176390
-995760
-98381
-551002
-13282
19107
485200
885163
249427
-513558
-832590
-669657
-168756
952977
-77010
-949670
434877
939255
-34753
-490433
-189970
969011
-156571
401404
985371
-84737
303007
-786220
-460196
-223916
-807053
363414
-219675
94566
812413
767043
-886328
297613
652206
363100
784055
819617
693443
-384701
772593
-383567
-334371
207470
-444312
630877
717037
365718
599887
-439535
-232879
585258
475728
-929872
799039
-984468
-153787
991986
378946
626538
86552
191359
393581
200225
-511028
45787
-436676
-726974
-134597
-743233
-111674
-362005
-126799
553955
845465
428889
184832
562501
-205393
-215281
-877034
561729
-630023
598694
631858
-830985
614226
-521930
-838999
-6828
-895392
247554
-815469
498190
-552222
-326497
-456024
11103
-53470
409379
267871
834856
-952626
-858929
388811
892840
569961
-426358
455341
-635433
358362
578307
926296
728339
177001
558154
897355
-208773
-963777
-941644
784400
-859169
305910
968931
639022
753689
-357567
-817003
-235209
588963
592377
-967339
423818
639751
-826267
-187371
532590
743694
386271
-12070
-891739
-255367
-433763
-965443
-527029
743238
592711
-629674
-465536
628934
-571318
-681137
769766
734592
-712206
408787
488280
-69773
591784
-746929
-480810
184161
-714267
943009
-176089
-540534
-244363
-643499
-796840
-858092
344432
-688579
-113459
910669
-654022
359513
653907
938689
729839
-811629
567623
-841480
-492766
337388
893113
-204972
-253825
381393
725256
-662041
634465
-755555
522120
920198
-812546
-653969
-620336
-56909
-297468
-417176
84999
-953036
-105755
971541
957634
240224
331053
611540
178912
60891
799912
-253466
219412
-692855
-916078
112524
102174
-169903
-506083
-172570
168056
-871619
71876
-309824
-951422
259330
36207
-571757
-797580
738740
11067
287420
785705
905313
258960
743338
145536
-409988
354878
-675552
650904
154789
70982
-129685
461935
154905
982840
-435891
985003
-523243
391539
153059
-394862
-536586
843235
-346283
722744
-120558
81960
925165
-381819
-906973
212584
-596115
998340
-528457
-852777
143876
61556
502101
468324
-287541
-343110
-460694
582775
-881176
694211
565615
-317066
679213
-957629
-925528
-167728
-352490
-462113
-324494
301228
-739370
554948
-616812
-814206
-826871
-523785
398379
-422985
-525445
869922
-275762
618431
-68523
-773662
86754
643937
-116771
626060
226712
2053
320271
-207674
684987
-517
-165302
759460
831756
482208
-702654
-492739
-216565
-442023
-937791
166624
-256228
-764661
642839
-857850
-187646
-882607
-987929
536592
735825
-56451
762931
-177422
-412514
-353841
-551363
814198
648213
768908
-393476
333200
-231609
441222
92659
-399854
-76571
390006
107408
706865
947983
169618
-126512
-308245
404957
-483673
-166095
-782689
-366279
-154023
753903
-630455
789527
516833
192123
-622988
-837008
640761
-808790
811205
409669
-202266
144405
-821941
-761045
-762937
-221794
162385
627070
885615
-130750
575053
55233
742739
-733193
-539810
-740935
100713
-322499
-107213
946690
-568597
262332
736217
948237
-545546
-886771
-888771
-904785
-695561
922434
504884
102173
66838
682944
341129
303902
-538850
-496486
-69028
-653236
372764
-493976
401997
115502
-227169
862187
374568
873545
-460312
-732646
820235
-28909
529687
556451
-80672
984141
669680
30557
-920644
974119
-47009
584240
76292
-980171
267183
-582579
323731
728333
-79065
-745297
-924903
-706302
-239273
477095
409201
533559
339282
-216231
407103
878970
51124
227337
-149940
-419190
-216212
769389
-435049
-546533
-200055
-355693
-572414
752937
-771454
503879
772766
495730
921300
96497
224063
-157765
351200
299160
135933
-888074
-223745
-454866
645486
-884464
328904
52589
994506
-619973
-720075
-155434
-39163
63714
-386046
525788
517181
413900
-829905
944768
166836
-601359
448647
-60398
894372
369946
-963902
118434
-787820
387299
-582406
348114
499226
193849
893249
144711
309385
222152
-802701
303891
602180
-522775
-851544
-436983
540939
-237589
-911196
58120
-823689
-741100
2888
343147
-342459
-548466
-717251
-448087
821481
-681153
670347
-966339
706146
-912059
381775
205371
281790
275024
-649918
-408825
-502824
-452618
895066
-900645
24607
-956478
-337628
-434454
-194067
-248823
623667
-17756
10077
-373445
-674609
667619
78089
-391860
-780469
-100431
-73012
889879
-66769
-366867
977820
-684994
838505
259609
590030
-811413
850785
-912795
-264031
745850
-813439
760577
789373
-151067
-673878
-404695
600110
949790
577550
-389813
-423656
902942
-722195
654433
-488919
-502664
-445998
438069
-612785
487233
-928798
-634966
802239
909708
624644
392269
-901706
475428
479475
-165737
221278
666036
-405160
10650
-485032
-79037
605955
-884922
-129248
183505
-274734
447096
86446
3071
101529
597528
500408
655532
35596
887623
142765
106799
-747343
-54996
16507
877301
-662727
114801
352728
816748
949065
-425995
482783
-456096
584655
997752
464867
190610
-887170
-664381
-625885
-161904
782716
460561
841168
-115755
58088
341575
-460224
-906316
229198
682542
200484
481855
-372454
-783010
359156
-35181
331792
-288117
-218434
280857
285889
-735652
824761
-129457
-737901
289628
-938847
-625071
625248
-564732
213026
407963
895830
54193
-707793
-46082
-604232
-168016
47603
624966
-485475
-751914
106821
142071
-534923
-534024
-893111
796869
177860
-111544
77725
-536252
152804
-97514
334292
414904
-807886
395445
789834
817362
830714
2859
225324
726543
-942948
517532
-319540
-547180
-650485
728064
-922214
-135959
976151
184607
-993889
-558773
650584
-886999
-761904
-171556
1457
315821
292192
-845739
-781693
-373517
569166
-589578
-978072
358999
-772217
852642
-638142
453108
579185
-581090
-29361
-740355
-128269
320154
987709
-50483
-815806
963859
-865876
-809694
-594915
784709
-696692
-356818
-386848
304766
959004
905345
459028
-822690
-468172
28193
-412268
-446244
-612808
-184484
-593602
-250949
-731377
985584
167961
239263
-754772
-960308
-440583
-767064
-10791
-256389
-803205
123333
-66082
-398119
-91959
237226
245063
521194
-458008
204066
426538
-998981
381377
958366
29212
969110
-487878
416404
-215375
-81479
-834546
53249
-95896
333416
-707489
149332
373108
-148072
382269
-637683
595540
579065
485650
-470542
-819055
-606309
766685
426009
914886
-691324
-369925
341423
-690304
-988549
299789
338908
980562
811912
-244688
-234814
-269568
-79233
818436
634537
-745817
-889053
-216132
627292
-37124
-833863
989609
-441584
745202
475259
87874
926148
868951
-145441
352157
783836
163235
982232
125259
472931
993683
-574952
-188161
974244
-763041
567152
-260570
-32608
-512082
-442134
-398072
-257898
-331187
385797
-630607
631689
551934
-640998
-809896
297136
834262
277979
223284
703212
-867463
-424560
487048
295773
-442329
-387693
-231296
-448646
37356
580543
-474402
274315
147695
265029
-758293
635614
822895
-156365
-622285
-508293
-770568
-252891
-876604
781367
106112
-686499
78502
-59627
591481
-698214
-356415
724018
-122774
-869367
19790
434898
-257060
788495
986253
780296
369038
-488150
54611
-483268
776879
296318
-847655
599773
-860047
-469940
-908520
-630615
277170
-785123
-849249
-616719
-471622
229254
323654
-880142
531041
967240
843877
-591734
-902128
-136333
843165
-159187
-347839
829417
-378891
-978802
-658734
675721
-462070
-881855
-27961
-309724
717919
111992
220337
809399
481378
-502494
-975724
632130
-119213
-447346
-138616
-795559
-327487
-607576
-828319
-483611
-199309
-730446
380057
-356145
110367
-967783
-526729
731477
-946584
-185462
407197
-408653
-67316
-620764
281623
-349398
491229
-498041
-539999
-27394
-535
-515723
-395264
880253
36932
466120
-915306
709446
858544
-743624
-774165
-340766
-474070
605892
303090
636297
638110
776362
367774
691526
-409100
-225030
-717128
523584
154207
564496
-825815
-354565
-933546
-365813
618041
65920
118465
-777223
-53827
-844604
688897
30868
864842
547441
287244
-909324
-793325
813174
696569
509765
449471
334678
286126
-182756
26204
877026
592215
309076
400609
-253579
-126428
574795
391856
-59974
-791018
9897
-994054
327447
232674
-47880
482843
-78429
982988
347685
-530989
270232
438362
-324313
83406
134931
-814549
-467124
-530392
471578
350121
495812
348603
-57665
-195112
-250788
688757
678460
-675993
80612
-381514
-467011
-909491
-375567
860436
323184
576553
343279
-755246
559541
-309036
-286234
-170227
-870674
389453
913179
264257
574905
-553946
733865
46482
796175
229677
-604915
-261490
-965436
144297
-572734
713025
468304
507879
-668490
-998708
598388
-44056
861729
-78429
-467503
205008
166326
-907963
895972
880093
-78189
-974703
269546
-165011
289554
-155550
281044
23419
890933
77219
-746905
-713983
815729
-712341
430314
-757005
-999317
-101382
750874
-667806
-100089
349262
288138
-238361
-729167
820635
966647
437160
912673
862619
317252
-165516
887917
-413202
669473
177470
431248
-49483
-799112
322181
-972265
-546016
608198
843465
-258357
38512
-913540
-257673
937130
837335
74522
-162960
186596
-637340
598680
457430
-816705
565327
-105411
-904032
427945
-788159
-69548
315861
-201361
-400075
-506669
-770113
550442
-305780
552068
578178
148204
160266
421643
889848
-801223
508103
-367825
-864094
345437
706698
-27053
-467967
-930643
-428373
989463
-747347
-863047
-115948
-651379
564899
95893
279073
-119240
894533
878999
374091
-875581
429440
-931689
676488
7617
216515
-163247
-570740
106363
35530
937363
738539
171437
282799
445236
-855616
814833
514593
-283989
804296
767246
-147036
-311653
-884133
-582138
784241
394941
298623
678774
273939
-327287
803194
-296622
-258975
479681
710996
957540
-683566
-859745
63903
351965
-922382
-197559
-476599
360418
-752324
-332215
175250
762270
383797
-20455
529516
-763240
667893
645383
-345377
452134
40323
953246
130907
-685738
-374041
-65900
17640
366984
-586219
-271364
324524
-269785
-131108
-611574
-917821
-53490
190868
-394419
-693072
438544
273367
482178
200814
-342837
-538277
-269671
-106077
-870384
-624288
548547
581750
416036
501792
-287344
730298
-872249
646757
-252062
494735
-939463
476574
-180742
-209247
-654534
207685
-127067
291977
-601448
478514
598905
837097
-248120
81083
37910
409044
542806
768239
-697033
672423
-856049
851514
254172
559987
353306
966829
290284
481058
613586
-961778
-24208
674124
514797
795051
-535124
860263
2735
337809
152240
401288
-183677
-248856
238384
568204
832228
-723707
-22753
375034
-955468
280215
47456
-811516
131728
-698373
748471
-514966
-731544
38755
966092
882042
76977
-58116
556166
-408227
-263066
-978959
-547964
739670
358851
604276
140957
-824826
-644580
-620659
743378
-812353
-344365
-279375
562681
-299832
-999161
-389863
-111348
132568
-88235
-362878
617602
180221
675878
583694
62263
-247145
-474423
-381572
344629
262512
-360530
796665
2181
998321
400941
-856862
-826506
756362
-477521
916873
944010
178115
-362503
506690
878283
-361664
-883173
-233066
770905
28592
404057
388506
-791188
79934
-27800
271076
832790
497777
889504
177418
-239712
-471026
-25917
762470
-472706
-624976
905609
-299211
-868615
-571913
-382338
-924606
606203
255160
582085
484485
893497
698912
-748582
664401
-272497
655475
52907
-63684
-264591
-974894
-792609
-431802
522884
-903105
745617
-716828
-374131
-280301
-954359
153164
94723
951250
853954
226109
-620663
-528385
301503
985540
726775
-116413
470024
620271
-417501
721443
284672
310002
376917
-662422
-753683
-887674
-637316
-546291
-319475
885568
-449396
-573859
-831261
176474
145841
-785619
-670363
-759437
-834370
-816409
466673
-455032
-344794
-231825
-469493
-618019
651763
-999469
-997748
-765738
721974
286924
544264
98891
624503
790582
211218
987187
-755709
891743
872755
-205104
-682116
-958506
971370
463725
-744125
-698993
704289
-578494
-515402
170961
-33525
139805
939137
496983
521786
590900
497514
524039
825162
219488
-189037
369426
-681621
-564535
160007
529598
-577348
404299
421340
-704594
-800806
739225
-663099
-829437
202949
-407224
-528430
-92762
14283
-43831
-921802
980758
-904027
-982666
477740
617760
608234
-24746
141798
433396
-805258
952762
-197179
-486879
-611774
962829
-957282
-189121
367127
464059
106285
566321
203283
443187
736885
-593768
-964037
-791545
313470
50246
164624
391669
31004
260597
409004
-491257
-121644
17238
483998
-979846
-549367
678740
972916
253454
-808139
-638858
216282
-765421
172021
-416592
698639
-721694
-850271
-98078
721493
886614
308155
757456
-904932
-378376
-192298
259693
-986708
838706
-479711
422297
-652551
398646
-560466
831447
418800
-109833
510187
391715
-856380
702048
752858
359903
936628
-75122
943312
635267
203184
-906960
-462812
-75324
979655
845343
-317868
-925278
-533033
489834
334415
-519740
328540
854705
902557
675989
253350
-657910
507436
-327850
232257
17622
-936135
375878
-280330
816723
-264219
-343703
-258400
-320908
-708437
944784
-227868
-171248
-130540
-248214
-325906
551593
-173491
141061
41426
-839076
621321
-630034
-984372
523878
-954046
268979
865968
553391
941129
98224
-428987
-995007
-525898
290683
821716
209883
946981
-436684
888975
-761456
-491901
-338893
67296
377560
412894
741391
-70848
-760598
-117548
970579
-599673
-496227
-659456
-584044
-972350
-613501
684935
893618
939890
626064
-8158
-489097
631058
465945
801586
452773
-324173
748567
-983912
-435198
987111
-475812
225910
54407
901749
-361197
-204203
-169100
-121794
678249
-198521
278533
-817979
142023
694489
-790328
528523
379424
-896711
468412
5488
95132
979315
-363455
-438924
780901
-910682
236904
529468
-894594
801706
516578
-370405
27615
-429016
-468657
666419
366782
362244
-455376
45031
-836278
823157
227053
305746
517646
436725
-165732
-102930
540015
-697320
902558
-364854
-718005
-460898
196223
-937104
-371580
-566874
592364
-266173
-765169
108942
363423
262447
679927
894766
-71135
46708
257010
473489
-908262
420733
296646
318792
-273522
-185708
-244484
560747
711362
-704470
863428
613920
-69323
-854578
-846978
-873101
-791681
-218557
-439975
800683
515270
-205143
-90376
-121307
-942697
-410449
-226541
-13831
636259
-969532
-540342
727998
451201
756304
46789
-822321
-429404
802306
738427
-718043
-902165
601854
895878
28512
747277
-951101
155412
955596
-169658
715437
756278
-654388
-489707
-334098
224305
-432403
255453
997764
553767
-108288
-971768
-986576
-380291
479434
769729
666499
657113
-659676
468804
395540
-377718
566640
-2607
-481841
-404848
-255331
-432941
750564
-299736
397401
466001
-543458
743014
976295
122444
-32682
-456109
-622103
-34918
-902342
269609
-6686
-888917
889319
-527253
880812
555817
-870140
-778864
24621
525400
-156581
-408740
-477208
361578
186412
267462
928638
-63025
967726
326039
-597025
-575732
69052
-620731
546712
-963630
-76839
924609
1452
20820
194218
994767
131903
83536
-532486
12714
-360647
-402626
233851
663974
-877226
-922731
-744767
-354433
438847
441646
913029
367485
-621380
880755
-306477
-218404
-694978
762575
160866
851735
798945
-915973
776344
-199603
104847
-29439
-204836
-763251
-945903
262678
249463
-306550
860053
-516687
-642576
982827
-439418
-387343
-371607
999430
-945697
-458578
366914
-567077
-577824
-939563
214520
-272801
823012
-624615
-421067
621957
-540587
-644724
-577646
564260
325838
217518
801009
379935
-519805
50472
-926615
-659753
533785
-569191
-676926
-905633
43467
-48533
-906203
97770
492890
460712
530694
915066
521149
-254786
-357736
344161
120600
221197
-33882
580013
576474
388472
144272
-97689
-394011
-54720
-717755
86185
995752
-644370
426432
529537
-213560
749507
623905
829907
-299026
717703
-72323
-806137
178414
-541630
-891072
-300437
203584
-248807
-956276
-675816
972391
9842
904197
548864
-601687
48468
-548826
4302
993749
-266580
-909513
989500
89051
516920
519037
875491
266426
142942
705398
967400
-139356
-366926
-838738
-960942
91445
-729809
-261378
-704971
21384
-217654
-380787
-6225
792188
-476591
-457362
-809500
571878
-6187
194803
565626
727234
285290
555126
-183715
-197790
74162
-308225
-931365
-782896
-602827
-963966
77748
30247
-802703
116806
-878308
-532512
855428
-583279
488873
-362227
35934
-517353
-570039
559344
25286
-379538
131221
-980901
815265
-303154
746333
100555
-748028
-437383
902766
326135
254393
971401
543239
651566
-992565
-379014
-318187
-795268
737793
-196495
-327779
593220
220227
-838907
-769007
-743839
-356260
-339045
815505
669027
281417
-53274
688126
96682
643572
434458
-802763
895545
997076
-899998
221679
251468
-928598
-235083
-96966
-921162
385903
584848
-716430
123695
-611648
-44209
-283085
608580
116885
-52091
864741
760626
608864
680245
429652
-109720
-373030
117777
986963
-729458
-447765
-815801
-833914
-450690
-715799
387765
800779
-644397
-847318
-296187
-565559
538585
-711340
-281988
-337720
-322987
673804
379196
-714408
-209312
-672895
-849668
-448687
935970
830578
980965
-173751
-542452
98742
-186788
-271910
650977
-2589
-105823
-799713
281612
-718058
-998934
637216
-565376
-295120
-928343
973210
-6460
-210331
-364510
670554
-536528
-985315
956146
254161
-658210
-893522
805475
-722241
937057
786440
104009
-605396
-114819
917221
122694
-463842
-85368
-983129
-263554
-803757
-701187
-262488
833459
-266562
442393
905116
-293353
-564068
-305215
342137
-893514
158257
356823
-937368
-587582
698614
-830890
-782108
976374
-893834
-995669
80382
-499229
-110487
-2397
623465
425671
912236
640337
-837884
-891522
939150
-100371
941938
-327413
-657979
847053
379235
-222046
-458163
-278629
-115559
700095
-921807
-52927
-887487
776807
116184
-669595
753180
222351
-665263
-166438
723122
224250
831166
346587
-350079
743401
-13077
-187963
851880
-73927
711667
793817
598660
-946312
640869
-22105
-168357
-817294
699266
716084
882802
777460
-336843
995315
554267
779341
-674280
307447
1691
-339543
-858991
-275188
884708
972176
-928602
-465372
715577
58322
346666
567456
984395
58333
361272
583055
112021
2141
-439051
943665
184848
-739786
659748
67650
-962326
-677096
62964
591941
-897755
388685
-100612
103936
-950859
40397
828749
933849
12573
900147
-531523
-271851
-41532
815143
-704396
-57137
-126525
656877
-474083
985497
-340982
86866
929161
843867
347081
588909
-88484
384755
911813
974481
-23304
-985942
363165
876084
117994
412307
-83519
-53258
346156
929054
-153111
814633
-342798
805358
629776
-47193
-251780
-496750
-390316
274137
-511253
268703
-638998
-582093
112570
708083
-993185
-975915
92838
918629
998567
-930467
932687
361732
945618
50680
-225962
-137901
997423
-879806
-208848
-155689
934828
448355
-350331
564603
-598838
397889
-932147
10847
-327975
-443400
-720451
33028
-25493
392119
-258889
-18677
416205
833949
-100049
414772
903483
-167362
-223497
849101
883319
550542
-288801
880741
670737
502352
-274948
605564
-49294
374721
170167
351869
-227391
238020
-637285
444635
794620
-357736
-522337
-230873
-965617
218774
750450
450589
52723
-349599
-134639
-43794
483039
641864
-194694
366357
192406
516506
247097
-136857
18857
972150
-531294
969564
346870
638873
321432
-880521
-123107
684147
564115
-328487
-673589
-958223
440640
-639206
260551
191089
811384
-686727
841491
-323256
269479
324529
-681392
-925215
-309115
511014
591291
937983
-625843
-389853
910132
-157137
-420290
257002
-518264
901143
376481
358630
585289
-59405
-969858
911700
-17627
470782
-727506
-757077
-338129
-916123
-443803
-496639
-239378
825677
827890
79230
900462
-481225
-409756
491752
-543242
-35599
-898101
-633111
807265
-318390
623892
-710999
-417248
373
647631
-831959
940969
677773
-920260
-76659
148554
-647765
166265
810426
-563887
722462
-686214
196735
548138
-858324
-724036
448600
-339548
-133792
-59648
117210
830610
42252
484100
637874
723862
107991
926875
-693386
-891636
574506
-525345
-950668
252278
-445604
-27326
-599168
-93369
-861062
-788742
342744
861400
-474956
-460522
409538
-333279
-184557
-141863
327173
681652
798489
-555618
512261
-159260
928483
150135
-435398
36473
77009
-128784
144837
-348485
345872
194170
903793
900268
-833157
-695375
-193101
-694219
-484117
-850357
-832819
40928
-310879
576719
707649
504565
-565144
34822
186216
-766655
479205
-301524
74086
407687
848611
638688
-555841
-74380
-490096
588997
577135
855777
-216833
480928
756045
-49990
785554
-437056
255792
-698564
-287413
422973
342365
401709
-308
50014
-93727
434548
-915165
-907512
667893
564040
-209035
-258021
-28273
-360425
-619334
415886
565196
-109429
4883
142331
-253652
788050
-376742
-497608
-261940
-591189
65336
993852
-289752
777923
416824
-947388
179632
-583484
102626
-914096
851064
187462
-821607
518957
-248499
-30642
-739065
723228
608934
-358398
139114
174129
532173
-856003
-683541
-721479
932048
-60282
-219087
-329892
348530
846250
-336041
-941223
624173
-919217
-888610
-196196
-502701
214017
-110291
-651637
-598522
68102
867320
152980
-962540
-871746
-123792
646394
-230144
-984678
-179477
-697971
-840680
136983
-419450
-908632
-923300
361464
-238524
425231
207714
425435
484009
-168114
506219
595399
635691
-996482
-190584
-474601
-648119
210895
593502
-780800
-636126
630962
-652545
240083
277356
117311
255406
-902122
419341
414726
234862
999892
506094
311563
361355
-732430
-263207
-430931
693005
-779199
400955
199224
816201
36645
202742
-374384
562045
554624
836511
155546
773824
-799615
-213492
-878721
440469
-936137
238590
-304126
-838258
-342069
-889400
396604
-342178
616695
-291834
-980823
884265
444959
-411754
577270
665760
989202
-223507
481961
25847
979236
-892423
-412109
533859
944089
743438
307683
-855526
-470055
428962
584943
-406192
-332448
-719183
-244450
325483
-608582
-847847
983306
-991888
-139680
-997517
892377
-694722
-409270
469647
971039
-420069
-753860
452999
605779
-774625
560576
-806331
759235
504665
937107
66917
649139
-532948
-504121
234081
60860
163431
514899
816411
-511086
906317
968565
-527780
914429
-171116
-525297
806806
134163
65434
276452
105201
645365
522593
-441800
251143
747969
-881224
444813
507203
623441
381920
-425880
272579
848972
69999
-493340
-90168
-766570
-978442
-273757
-277656
927875
-305193
194564
842303
523692
669268
649109
-342146
-265299
-74439
763055
-619934
-551847
-678745
631210
-803879
-559969
76023
703325
-936529
-542058
-722556
336051
-693086
347444
842711
216746
580874
864269
942989
-696782
792143
-362204
497783
634446
-838513
167051
283554
-180659
901753
-790885
-417604
-718182
-342732
-96349
913029
-146610
343682
-10949
-443286
407154
446993
-165841
-256796
753907
-818397
-414086
-29347
762477
-549818
-86358
-934305
-757675
551438
563479
876771
712925
-269471
160325
-467734
-367719
369440
114662
-85900
-973292
-981688
-172872
-119902
361995
816180
436813
-230852
263172
-729029
512352
17079
-547426
-901734
987732
-784949
-451552
-98626
-719253
-209227
-547189
844226
-332456
-834264
-425245
827869
-301998
207037
197308
812665
-878864
224016
830977
-51735
-895886
192972
-235556
540927
962120
-972384
811899
474472
44695
-735527
572738
32427
-520475
-878814
933801
-239728
-88041
-613388
-395502
579503
-447652
179253
407372
250350
-613711
-395321
63014
-492574
828696
-106009
455692
932810
-913037
-779865
473737
-950917
-752248
285635
523555
292448
550108
96293
-675125
-970368
217479
-741324
-210095
-870562
-354712
394403
708942
197637
-426344
116314
-552014
-40054
720994
511001
467373
549689
-595008
-76936
482499
-508044
143200
-43765
-458961
390952
-758130
-935406
-316601
791978
160887
8274
821611
-621634
266950
-388485
-492195
912239
-994082
-783253
109875
-420426
333061
557862
539521
54054
68863
6893
-396257
473856
929957
-913758
965812
73156
42477
-493150
-535893
284348
-428556
147507
76326
732332
-844219
-102064
-889302
422732
509452
-381496
334970
515370
-164748
-555155
-905056
-831687
-997294
634465
222367
71570
-358643
826111
-454575
-428686
912353
-488764
644470
-45170
18087
-891423
-760823
589532
256084
315504
321864
411866
-786561
432562
-165403
722892
-948934
-830433
238261
-113682
-385588
333206
54631
-382881
-32329
-723002
688689
609029
-896891
-765886
-819658
-984539
-254650
824813
-29708
763438
933391
209470
352969
189475
-475027
-325168
-398660
-261587
-892606
435937
-538696
-841539
605504
699566
44779
-780085
32772
-900591
-162965
-999558
-623592
-474277
609472
-520483
-240163
789814
-505021
505188
614627
465271
268626
548017
-325259
-378406
-262509
199715
296427
338831
938128
403822
-225232
-600569
562283
-619729
-901003
-392939
-399813
131769
-293529
437222
132212
82880
962946
-258317
562397
-277217
-468504
-942625
-772030
-853877
522647
496596
694141
-802613
-881810
-568369
397103
414618
770463
335230
-181560
-454770
734662
-619278
-74498
833659
-12216
525690
-34573
694256
-37088
-902362
-222865
-74142
-160679
-660468
648641
370818
-603093
876612
516942
919555
373208
211082
-883058
491399
642714
514045
-93984
413176
-150726
724456
958407
-416064
-894822
-116091
-582406
92962
-590401
383022
-212782
372511
480661
564353
-701632
-680018
903885
947010
690801
-699208
823621
207742
-779653
196829
-581176
-662711
-311773
-938463
851335
594244
474714
-299392
318700
433120
284544
423878
-682971
702139
-483160
-273372
85161
304059
-900862
-434179
-131589
-602493
-114197
-227704
-655483
-423396
73089
-831862
784346
293436
364967
-796830
630726
-946806
-735293
482060
647439
739421
-817332
-33862
172541
467213
-609984
489570
169351
-93143
-783803
-745489
-789085
-684664
-179667
79327
-287156
706137
851624
57361
-717260
-75288
225500
-932914
-781852
-409534
-729744
848874
-356339
-465037
330933
-708901
-725616
513601
257237
446925
-19186
647254
-63505
-849836
-445890
152692
-595324
-234975
468029
225009
844353
-819128
-68854
695976
238234
213886
-379313
-536267
280972
-161164
54200
551228
-312291
697861
-913809
-981358
988961
-639424
532244
246197
807502
-486943
-106549
-256004
-336778
447561
896689
67898
-787414
364718
-707093
-943062
545590
224053
752915
-216176
-562061
-626398
247557
718911
212438
-698243
270139
900147
999618
356331
918790
988578
716908
451033
234775
524409
964091
-871775
-731596
-372688
575787
-834907
695211
788374
529811
988118
845313
75401
212171
598227
859225
650111
971829
106782
369021
184266
408539
-360840
84413
408157
995492
3203
396735
712399
-545765
-368490
236807
-581675
-240264
505212
45638
-664478
670306
-259152
-876104
200116
-271035
969209
-724483
941137
567435
-865259
591247
539264
241524
-39732
-276470
-349938
599429
807943
-941781
594920
-188854
454954
307318
265381
-913536
-455875
683707
-153800
-950664
-270656
181722
719642
470192
305619
-80242
-800843
274827
195275
-859706
-157738
330017
731541
-618475
-428460
-308191
105055
221603
-708763
-87002
279823
886158
724144
-265224
193475
-10475
-178760
737600
-326768
667441
786937
402576
-150837
506579
-127232
-845219
-573663
71926
429608
621613
212220
-728131
-48371
-56239
-346606
523170
635570
758450
-255227
926808
-328553
-975405
812965
-604409
-240628
6440
385116
580613
-255960
-941653
248053
-469024
460924
-902785
-962445
-666309
-748004
-536108
405617
681605
-914496
-382163
953474
37134
561598
-393132
-439697
197168
-634683
305077
123976
36765
329672
-63060
432356
-910956
943381
-182528
669657
-312580
-124181
-82290
218396
-663257
14925
255951
-329565
266922
719844
-923948
-51474
805348
-306111
-98001
-157519
-744513
508867
402785
452656
874185
-292139
-423369
-89051
-962467
513572
-656696
-873423
456952
160776
796235
-855629
-963405
-286056
362768
-626661
728869
-381281
43774
-4210
-661438
119826
944317
-856090
813716
-153685
-13609
-930798
-644818
-610824
521859
-770634
97037
-901511
140315
134571
612061
483620
261148
69013
-355604
57382
213384
-319008
771327
-423848
54331
500195
194871
-901895
-504015
533433
217932
-559699
677343
31647
286617
-336266
100850
641800
52910
-377292
871166
-850053
-278802
11481
284519
-666742
-504899
-454333
402272
139497
603049
-384345
820490
374376
191807
-125180
-125430
-613322
-27074
370556
920112
-809143
810858
597454
222504
97474
-738812
-676646
-260726
314099
-53937
-389561
464047
667261
621921
-251435
-999481
-882979
294232
402791
256519
-102719
-981554
77008
-728344
210254
951829
146227
596932
-75246
-483217
517043
115611
-672360
114497
-661885
425115
375686
-338530
-835612
-310216
607533
-225172
-846169
274794
-603252
-97603
275313
-486231
-803372
-321896
770289
93910
-303450
-152704
365567
906804
-200876
-488206
503735
723879
28577
20778
-160510
356218
-864726
177606
-218668
510960
839076
-54279
-799256
446609
720549
-645425
-278598
-882703
256972
996716
-368933
453601
-325181
-598645
-452489
371369
248651
913078
278173
-952225
-575129
-218092
771654
453449
802686
-388856
-190334
937960
788750
590999
448920
627826
-463281
649664
74435
-742732
-995762
795837
-625435
261211
792553
5632
-285189
-532629
406988
262322
838741
-344362
175400
116913
-296586
600272
898821
-524932
53720
701506
86212
863386
639466
-125038
454384
88385
-497213
991104
-261951
577223
-751628
-257713
373060
-377063
-996502
165612
628570
-281691
632983
35558
980632
471724
691196
156032
-411364
-605390
-243697
-512543
-130322
810023
-811037
955891
673409
828429
-169147
127793
-83186
333641
118896
654863
-89137
367268
-602850
-716078
990206
-599352
449534
618776
118958
82517
-345667
99590
-445760
-654471
-744379
142877
-259860
11924
630334
609818
-178054
819297
565709
-504645
647726
-603439
623148
-435461
730203
-257957
-780598
-358935
-890689
-383448
-75013
-900483
17201
-625479
718293
-863842
457038
-627374
235748
-988723
-281845
491370
154154
458295
-496707
-215512
68113
325240
-396216
-366178
820595
-748491
30384
443742
-183951
-239414
-814215
35451
401652
-704903
652003
-673362
-605386
-330797
-298841
-887093
-194638
-841803
-514467
-958890
-830525
203689
532480
323630
-338016
-964227
-891883
730098
361014
-288098
-636081
181609
-36588
394304
-374649
779461
-845111
-188863
-185088
556541
106234
-533085
883180
500848
136119
-415661
613756
941481
-257464
-900712
982592
-87988
302978
515072
-764359
964962
550845
-656241
695059
-88141
55661
-941022
-906532
-980928
453282
-281181
798534
608172
529956
-386555
164713
-363811
80361
47893
-862963
-783521
632232
750794
-842041
-625232
850083
-859449
286780
153060
655623
522422
118022
206468
866181
-186919
-881674
-78159
-127940
-788206
-59086
-674659
-69386
-260552
933514
-539431
352894
98227
96759
-566746
-853881
233797
-350267
778351
-15410
-192307
-846881
-165328
-51756
439899
987733
-396134
-37680
105754
810334
-171499
918836
928661
750342
-209105
-859545
-308744
116237
71069
430704
49750
531639
-216402
-852023
-371603
216852
-705904
862195
866585
-927553
-153216
-325723
-774434
681457
622522
665466
669189
-773613
-372214
-225057
-963279
456287
-306222
965383
206629
484673
-894163
897885
-399091
176906
328589
650660
-291455
-887814
798637
336942
329038
-907268
199136
195623
-834820
-954080
869901
-609254
727377
492422
-943789
396566
718810
-316002
-828492
755532
-859716
-134714
720914
346913
-650042
826751
244797
-49133
3657
-426614
-398473
712202
-314427
-599837
49144
-985389
-507104
-751720
210234
-341924
-705800
80134
48823
-978423
-427444
105035
418143
-708635
789033
589651
-953104
929317
-545064
767810
276229
-195105
594561
-478974
755763
-401782
94413
-642711
-689580
779986
-242547
359564
794597
250349
607844
4831
908426
902045
-915036
-42751
923622
-342480
-937717
341765
-51115
851317
-68585
-4218
780634
386352
-236408
56862
-808753
-641848
577889
947010
-43629
-327698
-695702
266791
-547713
61752
-373646
-753116
-687899
-765802
251715
-779474
-863758
336679
177775
-940136
994200
240059
401629
-56915
91376
-666956
938867
-127991
719397
-297541
928872
910644
60612
506760
857653
-983018
-820938
-838049
283773
-368651
223704
910128
-121766
535805
-855675
-870052
756331
-719432
466628
-65894
-659567
460827
-825835
742063
-596088
265541
-924894
-657221
-862451
794504
45238
-933580
705147
-894151
573181
562800
-877169
752243
724752
406605
-616408
-51545
316732
261826
-515741
461058
391774
-759410
741626
-141598
174697
-917941
-680771
348862
824122
-276859
-385598
899229
65920
-248048
693732
-888842
-181627
398879
-782993
-608447
-38322
-660161
-856204
-313570
746444
-472612
634886
63176
789215
-880856
-475767
180989
-640265
-734141
-960610
534432
-652082
-641381
-116706
-827960
81760
497697
-928732
-852320
-750352
765000
-741162
68021
163879
-524154
459575
-874443
-184314
603372
-188013
-437870
-869241
-553128
625306
919975
-433983
-850461
100963
-74248
-584601
140353
-539816
-236682
498972
343478
-64642
-419268
-158826
6627
-271587
90823
-228373
-12749
-841157
935506
463098
618419
-938938
-721217
221790
-126951
-159087
352550
319922
-533781
272525
885939
-384242
-626513
-188309
31158
513841
271875
794476
12813
-384648
-270166
593545
456527
736461
-678043
-452651
-491913
309209
-293807
-556408
-227693
-675389
-495346
51090
546402
377704
892004
-101048
-302375
-641778
-828524
-416437
-26019
-455037
395254
-994862
-941197
-332871
799615
71616
282481
-470552
-334839
-260993
-734092
-12881
286356
-226004
-703672
992549
217588
68635
-682840
722243
-880276
863563
99946
-988272
-237486
797572
-630050
-66010
-618865
343932
478954
776390
349070
537758
-556482
148685
-390626
726000
678133
274536
-534993
944042
-738346
751364
-281963
-442018
743912
935626
626618
-938928
657868
746343
924635
-242186
758071
-312851
-444614
-871980
621139
-63479
471952
100093
-287090
-178978
-362150
156429
969707
247224
-117572
647840
-478241
347435
591882
-216586
98798
-690082
341397
-157290
-754456
-31986
-96217
903413
-285644
-171583
-338773
-527574
515566
216613
-399553
136705
-846867
-927601
-763203
-133956
-106579
-125352
-977528
-136872
-878128
-95099
-489032
-356368
-747665
-897151
427046
351134
-587232
-231557
-806157
-341688
736457
97626
-438275
-549187
926044
222952
-76760
441610
-560435
523688
-421686
-407301
596087
-184888
458743
-510492
689761
481216
352637
811633
-613884
863605
-544736
-361548
966454
882311
989586
-620779
-349247
-816571
37534
-612790
281056
599259
-161976
207100
-177789
761264
-351291
261776
284951
227024
854475
-118962
-957864
313218
370546
731897
-205566
-276818
543529
180550
-413214
998794
819003
-446760
881104
808589
-67539
-468143
992019
969996
-80933
273074
569254
757091
-519826
-608535
518355
128883
653241
-196694
-644093
507716
684344
-601956
-179067
54889
-870060
615368
778072
673470
-204083
-635142
672263
-385080
-81902
553367
-576492
850560
-914777
-584474
820555
4291
688601
389809
-238618
-831226
781274
-720264
297658
434515
83042
653566
-57770
-232615
-948391
763164
822275
-818450
378531
600347
855021
-825552
965205
527283
-210632
-116698
80650
212877
-266139
165874
628404
-445585
-829836
317005
944224
-68454
485780
725498
211282
-216562
160012
-705676
-562996
-897758
61709
-511387
865406
-116016
-329836
243937
-515670
-474816
418385
-550465
-947533
-792247
332837
133117
420631
-933302
-701009
49035
-378887
-530845
-633961
-434663
400701
851820
-709166
-388017
-364743
450847
-93693
72261
553089
968017
560875
418495
-147999
-768961
-337569
336331
-243777
-919184
785866
-191309
-711430
118703
941809
709201
185401
-759201
-241765
806515
-290046
124275
-628148
-889345
-23906
-337313
-277362
611352
-886467
628946
-316388
666622
596962
-755513
85116
-551037
-524474
747548
785295
231749
828364
571161
-959560
-883067
-310137
982249
826134
875265
-776953
-415631
681780
-66998
708644
-946369
43657
-315262
-283682
766296
-703911
-170148
395241
-20298
-503527
-7797
224189
581590
441166
699715
329138
226460
-68536
157501
-202379
-28096
274435
487484
-45847
100569
362749
177200
684938
44528
-889799
393582
98159
153859
-921680
814478
-79846
-625591
-355671
-684605
354111
140803
307598
-421700
-277607
-251236
-721986
-948470
975225
209479
209031
-227155
-818617
-516535
-739671
135536
584034
623078
-687264
268972
-332394
-577063
-337446
765765
576797
-259126
580243
-503050
115283
-775429
-187655
-530606
365374
-880057
47694
-912233
-131293
325709
-860703
-156068
-464812
348329
616778
-283429
831795
877107
852107
415829
500185
-835157
-315200
-832210
-412220
347354
933556
-835423
-911772
513798
-338473
203512
738370
473873
672906
103744
593816
-279400
191511
-537477
-953692
330808
306456
-418504
-320863
-76767
298068
-489069
-199660
150175
926760
-699476
315018
-388441
-531685
902799
958914
-598129
-932625
-952858
915670
-271098
250654
654039
-797226
-76441
-242218
796591
644159
949294
-740886
690468
280102
565570
-728036
959239
-511198
570032
-529831
289142
-279794
-603072
589667
-964777
8488
-942018
938022
-32598
-540147
-994604
14544
-624478
-265701
-734803
-970439
-62926
188757
-212656
-266336
-167084
-263363
-7221
-476617
-983262
-441652
-204652
975977
47151
-634621
-553855
-663708
85585
-156927
925960
120809
851562
983942
58831
-181037
-556205
64227
833507
-180683
798527
-901296
-151121
-264400
287461
636223
469265
-879623
-627141
-537957
-356239
-610402
20392
439109
-634426
-932458
804488
-188281
-596165
-109927
654793
-670206
-989119
506354
-686264
69712
-674683
-242469
-866061
-841177
576849
932466
-742472
-574273
-331934
544989
-938051
-862669
665367
-565191
-400625
-690873
-175593
619767
748236
189981
687309
552723
-998300
-908857
-557205
656494
-579063
-546323
162848
-265327
523390
488165
492205
657329
646989
69053
589795
904517
494780
-742139
449506
556730
-604808
114872
991539
-5433
423999
-184054
-385667
172234
-994073
-698359
-275043
-992373
-607215
167753
664122
-186277
621430
-173030
548396
144819
-684866
40600
-197852
962124
-890347
-608057
866641
604434
-350196
316147
161163
44996
-568981
152702
-960437
855018
968648
-346104
27252
974575
-44462
752210
982203
348323
-80038
646325
-837955
-458608
-526706
710442
686212
-211571
-248958
-511640
-249448
-139304
-119697
-382807
-534871
530107
933340
626292
-424897
-635642
-221007
-385334
-780624
-252359
268563
246629
-277784
-775900
-1162
-295581
572424
918801
-649256
734470
-539807
-175962
444911
-853595
612468
-804047
-365235
-636980
56649
515069
-19787
521778
45175
-86447
148070
620279
277911
927064
-765056
497288
-325295
503507
-256084
396921
727608
742755
-898660
300031
661556
-547916
34500
-878252
276123
-520589
-731847
-111410
-324635
-97081
251610
732015
-582013
-768177
253793
463163
145376
-598138
83441
-576714
-671075
318386
920575
3630
-178107
-335510
-599449
-450500
-592755
-498109
849531
-931200
-46024
-115969
-809452
-769902
363443
-541298
118689
-961193
361621
-629702
770822
779609
-397879
24614
242771
747497
426477
-673788
-829217
755403
644599
-908642
-240967
-533509
-244152
159584
15991
163094
661476
-134478
231894
-384548
749553
422443
-154450
112995
881145
964239
151803
242766
-665463
-77375
22375
-63341
947239
-734854
-315844
373716
-408642
-145060
129118
-764044
-53702
888151
-297553
702147
47735
718439
-134760
-290789
-416040
-902867
324663
-666487
519576
-829787
446508
400721
-865548
-401689
-356514
-531011
520936
665862
405649
468175
931008
-910196
-158110
-477634
-55256
971008
-241677
891042
859159
460771
593188
-93106
179209
-541573
616105
763169
-444439
-59233
-903319
-924863
110981
543190
475858
245433
-858500
-880656
714423
662436
785206
120071
130611
716213
209875
972501
-761421
-845381
943509
-3098
-954340
802667
-542328
638849
-290439
636881
-902724
-674335
400050
-347163
266432
496732
-272026
-622588
39921
-796168
622846
181422
-676824
337268
-156142
-891619
-542661
974469
824595
667214
946969
-936827
821834
890478
60075
867495
693145
517748
506343
-597295
154628
603620
-271630
-445323
-743543
994803
-948592
-15569
-627785
91330
188264
995061
-727249
511440
332329
116610
619822
789668
91078
444417
456882
38047
507591
278715
-71476
-432334
146209
-378331
-914587
-347449
24374
240041
-743829
752744
794719
-487372
747547
846128
497060
-880239
-62543
-314677
-885178
210209
-803237
447151
-673181
816585
236818
417897
261001
-306300
-544056
-231408
972415
384469
336258
118623
-993863
421671
771175
30511
-338289
-972654
-216745
-543570
-460026
-469199
-697443
-962967
-349437
240015
-277644
-234615
-549777
-80881
-787464
-222957
-264296
449355
-805061
996706
-856946
-349116
-234703
-884531
-964648
-898446
234092
-958511
523225
5267
72001
-815064
32613
855256
-358634
572588
-613943
-56077
609621
36621
-816063
-668023
802007
-365839
251096
-985458
411204
986801
463897
606144
983506
606952
-742972
-251197
722421
-707620
-149643
-43487
-666130
-626418
961781
405871
-441482
-5606
261127
199885
-433019
647185
-856192
-823399
-316195
-672254
-491422
-514188
-38092
759675
-499646
-626888
746476
964252
979256
729981
571203
-763716
-521216
293624
-471336
329142
-749864
-137465
702724
-788083
-731594
-738758
206311
529534
461127
773292
176718
604936
949894
860524
932682
-541528
-653665
-105411
-781853
-153310
267701
964623
-189059
246957
694604
-617856
483241
-826613
675768
-988095
502529
925905
-125560
205253
-862178
142846
466495
344133
-327621
-72378
117425
849098
-467443
67318
709622
-534762
525791
-944043
359828
743938
-97353
-372472
708561
713589
874486
403164
-904268
357726
576552
771501
369632
79080
697406
-755929
-715668
835228
386918
750828
179361
-940703
-321551
-703215
908395
211007
364104
618017
676246
-110105
673974
36073
-366168
-423380
663602
-657608
-709791
538087
745557
-614058
-104187
322108
-842558
-734556
-598813
854849
-490484
-314480
690077
896435
-563653
-130563
955732
114797
166223
864127
-674197
-469673
482143
-997951
420222
156117
38122
-945947
732738
-298277
-603554
-977054
-760190
-857998
-591112
135623
464110
-433669
401068
865298
-578821
910584
-449183
-888745
807018
-12835
-19307
762750
-898038
-853085
626876
-572234
-322757
109019
-570185
-902536
-734865
467937
-848483
997873
-830340
-452036
-979182
-590530
-310034
-570293
545093
-845924
-3962
-53840
-980627
417217
-143256
-429809
528473
-336238
557357
-490834
-573489
659319
-343918
-946614
-912916
333325
162406
-483100
430789
427541
984838
582307
425414
-845503
-869730
446233
-436032
-179763
875940
-890939
-25687
-128023
55221
-6313
-710806
911966
563878
817667
-424273
121234
-673167
2238
-219447
-17085
55625
-132362
-683761
-781970
384538
747029
645572
369375
329335
70985
523873
459606
-482783
-912160
-720157
-606844
-803099
254157
265133
252123
-752157
554328
164088
811722
371994
739816
-67044
698828
-257946
713509
-318258
797679
-418854
-2018
-984291
965684
-254990
661281
335059
-925655
-267735
-141069
533952
249483
-53228
813795
642639
143673
67951
-92228
-604204
315795
-537901
559885
127516
834094
299700
-939529
532921
-958247
773980
-785337
839433
-644874
212645
855142
-679190
957656
516423
655870
-968000
-751312
-485200
565953
498171
461573
379747
140810
-394754
-552302
-951418
1042
763493
-489319
-439073
-108991
-655225
860627
-48520
877697
902381
-274540
-907641
741813
80587
305005
596955
401397
262660
113377
57266
294661
362066
572067
-139387
-139764
33640
-759641
-998954
638886
-311942
-950372
-360072
-548450
-439690
200855
342560
-94915
61482
-705961
-217218
-36138
19500
-124859
-294325
-899914
-819855
-697370
501484
442805
416008
-441250
-262534
-221927
-869184
598079
638310
164457
838439
639356
-196658
-473504
688984
443270
-21953
-750706
-355875
-679394
154380
705607
-385354
937162
-330531
634147
-187698
375145
734234
-7552
677776
235717
-564747
93783
794468
172719
871857
925284
-229202
510167
89740
-390764
149522
893083
135733
-161494
336353
-886221
87800
980478
-565614
-757820
686085
49033
-820659
-644446
-316821
-8356
730700
-582588
984092
408475
653130
-580655
-497743
447597
592064
-625886
372881
-637139
884281
-537379
-27902
33803
-644296
-892170
872309
692057
-778391
-39891
672535
-344004
202289
358620
705029
381631
714175
-611792
-626726
444874
-194379
-642635
-146652
-541249
-223290
355606
906348
-631226
729720
279229
-268364
614001
741851
703734
-352197
-902446
811564
-479888
789612
-966827
480222
462146
-310831
-317489
-179234
-605802
-935859
-465060
-217593
-562585
979814
588028
-205219
-166839
-953222
571491
-811233
953127
940266
918487
232355
-328099
532488
-25794
-624366
-819710
71760
-812802
-299597
-138629
-779629
-819376
-676483
-90459
-136865
144284
303740
-72723
679224
-913854
364692
659037
674174
-840528
-507802
720953
730964
-319035
674079
671229
-400548
-93566
-656870
-868060
880640
-281235
-687770
-47601
-94037
12634
813771
126334
193258
-862712
-964125
-943607
281572
339615
-16330
-39205
425762
-651638
-380168
99935
-492165
112031
-179112
-761202
792996
-505034
910028
-607552
401400
-746842
-475612
282040
-28077
-163381
-765562
877886
849253
-951791
4220
42511
-814503
40095
98905
467069
-620290
-917425
-572137
805472
-569063
47696
-94593
-61228
-840274
726295
177571
952723
-778739
87599
-654829
622662
340757
-130440
-95299
-687321
706179
139140
-809436
555432
187349
194785
-402057
372847
-765121
696848
-160085
-385410
779424
267779
-579938
-789640
-684526
325469
149133
-524799
51764
-673296
-572077
273026
414303
-226905
-104313
-244940
642655
800388
67739
348833
-60473
258304
-95735
-873124
-546912
502208
499723
-312032
199056
-660362
302559
-21521
607417
722621
188840
922892
48090
-662027
-601908
-900147
-335323
-173984
372880
-921020
599111
-731434
-165959
241765
-931046
901780
-409402
8481
160084
494863
135358
613173
-2929
-364919
-698859
-803874
-25281
603700
174606
-417865
326320
-636555
-494973
-625590
-298581
-96881
-525736
366097
729136
847144
445077
328246
-884291
-720883
-429989
-815337
-819103
160609
193145
340982
-344528
-671497
-45846
652543
-36416
255295
848670
938303
-141006
23275
-479562
-814686
386721
25465
-440275
-911861
928584
33989
454236
657720
-118867
-100687
-14035
-3158
178431
555977
181506
359329
-283415
-625349
-299690
372058
-296846
654464
24600
666738
-90241
-126730
605041
768754
896545
-874522
954069
283265
150944
-486207
371404
79528
547783
-174360
-262753
-571085
724953
723213
425758
-96617
279189
-392737
-737289
995774
-18086
-36979
367831
685069
-382515
-607569
351807
527244
265701
-43153
295997
162246
82326
250066
-554490
-766730
763859
816915
312798
311641
-357446
-949956
740557
-632493
773257
166314
270890
52445
773577
533602
48219
-244509
-503377
-583950
-559440
114109
-191518
792367
-358648
-925818
-250786
937350
236428
831541
187416
681939
-935190
-48726
498854
377608
-737085
-858592
427653
-996529
-491085
200910
169785
779806
-746645
-56638
313408
301574
698854
810031
717625
-860587
-75861
-473894
931781
565492
-399711
-319006
502842
836718
-487466
-309743
518657
-422655
641532
17510
954953
904447
158919
382606
907919
667834
-416485
77704
447640
-163129
-978935
-238953
-861555
719920
-428922
856070
859334
495218
-617824
791114
60710
-17535
-527893
-436449
-180817
-15358
253809
-662161
561987
-104660
355350
516940
-200213
-485732
-100454
-292295
-817898
483062
785410
629743
-680068
806476
-609211
-541623
526395
-38132
-685554
385728
-542915
-303377
176841
517795
679089
648949
-918654
-501729
-366410
335156
-163889
-804423
-769504
-808539
712518
30283
-294270
-387937
737989
-112167
-904876
523398
-482425
-584944
329873
-91635
-126567
-143732
870233
187880
-758005
-672682
884503
418837
845114
563591
67785
926461
-938138
701376
261616
-102026
896953
492112
89435
609470
-477605
795165
-778467
-739617
-317003
-683343
783782
200573
-268287
113655
-891063
605147
969923
979171
-206974
-788083
-693512
-322471
630754
-848399
-758881
-301461
-921938
-697018
-600086
339678
200956
-703133
-168210
-709610
906338
354185
-914445
-872130
614569
-231447
-555473
398350
969126
176241
-487996
-921937
-218613
-518074
-942767
574414
-306156
-636279
-748058
-675402
-484677
-506938
23138
-406615
-203956
423052
933064
997001
719920
-235147
-712610
626257
-880962
-627054
754128
733607
141500
-801345
131957
110625
374896
643962
188688
-843717
-874112
245922
730697
-180268
609643
982640
144331
-875034
-524299
-832532
-281648
271746
590521
-348585
268746
310440
416269
556137
-63303
535307
929083
-309176
268913
70582
-110520
-599131
-818793
-735625
-955170
369896
-579341
-829282
-384183
-848645
-9549
-774540
-866005
-865219
-649574
-390304
-697750
68778
881442
892771
720194
150187
203210
136462
-293677
-860093
-328232
-364594
-169268
940682
705989
720212
-658449
887196
984587
-613618
257091
-594754
-442899
872909
-443398
547552
-901632
-309403
682334
-551205
300293
984584
517573
181735
877355
237767
-668078
80565
-625772
38246
220472
45996
673652
-948797
-13323
379640
771415
328229
266836
756002
714611
-476073
-838753
-728289
-603165
-282151
819264
-504796
408446
501597
-56001
-291261
486181
-538428
890474
363536
699339
-777605
-555900
-926434
260641
664572
119563
-65707
715775
-893760
-686067
487189
434469
580769
243190
149079
-895305
404438
420791
-498469
-877714
240054
-3265
530732
-258349
940734
-760529
-772168
-597695
-870056
591368
-898357
-647660
-964533
-824790
612981
700039
294773
-452726
415814
401014
-138793
-96998
-164518
-558024
-853808
984562
-453329
550630
405352
48202
672917
-354594
-955064
203649
387057
985671
443120
614889
-612025
573064
206256
-510381
925404
241724
-335170
538385
-58238
959604
-914341
-642425
360617
-53134
260578
-803901
388842
406771
-819340
935514
-42599
586013
-16284
-369683
-768582
28653
833966
618476
14323
277086
233364
402299
-149850
-560380
891919
-224446
681344
-443252
-686062
-376894
-483649
-600402
-19318
876969
346464
-758741
-926933
-264694
648030
-746272
-329181
-394570
839741
654536
235748
-928841
-316812
69713
689635
697511
-653201
-77001
99810
196949
362620
-8272
972503
43963
548477
-713559
667070
-935173
-313961
-352249
941797
-967497
-110990
-985137
-232191
-462960
-731409
438629
142471
-891669
93164
-621782
-820509
776353
447932
869126
473863
794731
-207876
-426327
-8321
-845256
565401
-35818
198707
113877
250623
-134223
178705
936662
513528
120501
969165
-597462
135364
-263026
-60421
403956
-824398
-917951
512288
268767
-539733
691779
45119
908200
560905
-481018
702930
-646971
92655
-305391
-492227
-341944
658791
706481
771933
-90587
-427743
-49362
-153925
-914215
-928861
-184761
-511677
206504
552213
427902
-389541
727816
509952
-877254
-3417
970220
814526
-958298
878419
375430
-439316
581349
728460
653340
-724042
-763768
-688605
934750
942713
-916672
-155837
-485030
33966
690238
-399245
105105
-494523
89078
-688391
-942310
-483020
-77932
785507
-973068
44815
-217911
997152
-140660
-176209
875571
-765230
384476
456920
963231
37815
732879
-800538
349211
667628
-857825
432539
-488210
-342855
-533495
-797972
257900
571611
-292495
-653022
