571201
-119645
-769763
647088
376789
-740149
-377670
33037
284016
-17930
-829350
-171637
-427986
-824620
-269925
-39292
278941
-739549
554362
789927
638480
203567
-244011
789239
-605987
-628811
893409
553414
-936093
363236
618862
635108
-756409
849100
282196
620380
-891050
904526
-346583
392967
-113405
-175933
-778671
458610
-552
-48595
-580683
-721611
211856
973680
-931685
-149664
177246
-175695
-360426
571260
195494
-467018
124673
259402
896219
-256465
-105491
-860191
-407366
-823295
760190
-298415
-918770
-586394
-905449
-32174
237674
-684119
-573564
-762879
267286
-154247
-484490
-520858
-180568
-416174
329478
996679
408131
969053
567939
-396375
-497965
-307388
863027
-601747
436147
-242464
-461937
-971219
-65759
-701748
-269633
15472
-288141
-175082
983299
949533
140799
-590266
-813346
-591915
255488
-297835
-112773
-925080
285992
-783295
-928402
-305877
-814242
639538
297748
-312207
-667851
160775
86047
768297
918312
624110
797078
-147447
922363
-472556
868026
-365779
352363
851324
-416246
-506838
-738943
-229591
-98753
516546
472574
788475
591466
-241434
-994820
663065
452689
-809062
302602
-249564
-121268
634751
911212
964779
403048
829524
588889
200126
-317924
511251
727570
-449898
-854528
79933
-598575
-270773
573095
-337517
499636
-525658
-820972
-27790
-737183
770494
730776
-732002
433558
183464
-541063
-263841
933901
337669
-629090
845113
302448
773958
674637
-108664
-25917
-643287
-597413
-298347
-93185
-451940
781587
308240
277287
354682
970723
-223077
829024
-850250
749134
-908159
920245
479910
-640161
353802
-336626
-181224
-910039
-402725
-843555
-539128
-557612
458893
-765170
-882976
-649771
208914
-526263
-247184
910567
380552
300876
692154
-311209
-421837
46835
-340486
355087
-124141
-190735
104220
-32300
-270491
-415870
327540
-916690
247504
-853685
-826728
844779
-697240
-365856
-712833
761654
-131026
-595809
-888118
-922113
-122072
-135301
988455
-741521
-834426
680608
-52729
-256262
-272558
606785
-901176
603301
-583951
203045
-428999
145558
787175
898541
228869
34678
-955145
402141
-120543
-652384
-963716
166624
-890730
-94741
570816
-778848
-16854
-551257
85851
-28400
-292777
251426
-347792
654494
995164
379650
261278
-906012
-17049
677328
297033
553953
-177114
84207
452493
-948246
-881115
497349
453896
-1657
844966
490181
-835033
954236
-604561
735783
-824613
378585
-815475
261239
-649815
-108252
-487336
2393
-453758
-492172
-617957
807520
-398184
364995
484848
898850
-81053
-692267
-16944
-628560
-640512
101942
868789
813384
-899716
713754
303565
-734749
667990
699004
-998967
843378
77589
-814441
104616
427774
77307
617281
-569833
623549
-874891
-187789
431069
-273074
-822795
-84083
-374225
96153
223650
608832
467593
583139
-289227
336381
396523
-188943
50135
-299913
76309
-281876
-600909
77342
-438499
476680
262901
666118
-95546
-659792
283398
334622
963758
408508
-853168
394827
-864567
-675962
-689257
-238792
420191
534393
-629961
-112217
117532
80812
-775836
-485946
891870
274299
214141
-31822
992424
613233
-954481
-446075
89912
308421
-779957
994367
648630
503442
328988
612387
-88051
475820
7213
47382
799858
317956
808590
220048
-147651
-821371
-892169
969882
259441
-668005
-516065
151310
606295
698077
-880512
598719
311309
-834992
-847356
-598779
473429
-627313
-604413
122058
876130
724575
-265555
-211922
200395
741658
835460
253
59614
644050
-779699
911964
822679
-671868
881845
82120
-339872
-634220
-766570
-733578
-936144
-647082
865141
375166
-482074
-982215
776387
991356
-609527
-828027
113414
-733398
896549
847859
54680
96943
589517
-109860
-902805
-350869
-465810
-682503
-438905
-643131
-354371
-557061
438989
305757
-191280
672420
572180
-127423
-974662
437321
-752258
-456736
455106
-975871
-465380
845579
-803897
648034
-887820
-907349
495892
166861
189595
85409
-942999
286791
734540
-408809
604288
-704366
-51940
-750084
-261426
-612951
555674
547294
-940532
127854
-580129
-915194
-434826
-332386
-371929
-979721
-308257
162691
865859
-112154
-189275
978040
-19503
-693383
144900
-829908
392026
201901
456883
126566
793092
61170
422200
-258848
311087
-839226
128201
-133239
708069
187669
994615
-872061
272476
-440212
-204447
900547
-419932
487297
63238
-554074
-624858
873963
-576035
355640
-819421
568866
525732
572605
-229234
-17386
-300830
-436142
-956216
-878630
305010
354871
-717855
-566790
-778369
990214
620880
-783755
-881847
-106645
-223967
-86294
-206098
356101
-598997
857140
802028
-223855
731102
-774008
-868215
911681
794858
657518
484286
-434376
-359868
-816544
129482
-316084
-695173
-565508
-961214
-413028
-132297
-739582
-422815
-511417
-523337
-304662
381938
252697
609045
-824161
-391203
-989953
-967021
-589176
-213807
764081
-363183
-82022
675762
-568326
-424504
160047
-2701
215628
343504
-873220
899544
648331
-438727
938331
-764698
428976
-801252
-187513
917560
-324589
507826
299497
928108
116870
475337
-463095
126917
508316
-52270
913110
272397
584547
-168912
-51842
-983779
406585
-891795
13520
-377788
451709
140301
-478244
100039
701575
-539914
335341
130551
-341165
-852172
48110
334246
655654
-652394
262354
-227476
822944
799260
899441
331260
-253011
812551
-396344
-668464
-356361
551814
-652242
-949777
660019
361279
-327564
111728
-498421
194192
-788234
-796847
654279
547108
333705
-686887
694937
-618186
647360
350591
-270579
-90286
-876886
-447636
-291027
-977445
883625
455963
835107
-512720
787500
-521254
-960906
-864743
-471031
699113
496536
201406
-189159
998116
-604403
22607
-798731
-950125
-430285
534974
-637011
-735348
916788
-989652
615243
-353792
-79938
738358
198573
629035
760914
82197
84998
596020
569478
-127503
-925234
608572
7755
-396264
307684
-495710
805142
-881476
-497595
-799262
141132
-296326
-749386
710848
-761353
-386397
975501
-844565
-376048
590744
-198356
544014
329101
-999783
173049
90015
82414
-741954
-313966
-348109
130544
-239199
-739538
-861702
364537
568147
-357411
169678
686672
144994
370417
-172196
848669
621032
-461348
-912684
-765365
-485848
-757248
-141413
-895105
44396
-597400
433997
44613
575650
-475989
-872973
833697
210046
-221081
-35760
970847
39381
102539
335383
-392472
745128
-494940
-705800
-109878
875478
122004
-261210
496509
660657
-173893
731144
-825192
68859
-410269
-720297
-886746
-7668
713700
157868
-432019
-762290
284895
-598323
447757
-936187
365918
418603
103195
-531544
-246015
710723
-786416
259046
-995077
103706
134524
126927
842497
-368968
-212417
-331397
-637824
-37608
737462
-48093
242095
850717
944239
-44205
8584
-487781
193506
-706521
-86103
-358738
-642708
-720185
-940135
460488
-251729
-186150
171210
-38144
-927104
176133
-934439
207420
-696940
908058
838453
90644
-423339
-799372
-946965
-685878
152535
295131
-835161
96774
-749074
173423
608994
444433
466903
-477110
-914306
824195
-197295
-854441
284682
550977
-40590
-544108
-487167
32307
632026
-421606
-760274
935087
-513548
-921822
25730
63113
-721193
78766
377236
431343
-626103
542075
-471884
-375177
-284502
-862891
-930744
-817600
-340000
-845050
-993405
462706
-699490
291277
13683
259921
747170
526516
-707773
379196
-895090
-468046
314282
-408638
-389868
-659988
654476
-111060
418779
31711
-679718
792676
-426215
-151601
-582501
289284
-14491
-513245
471684
645510
-358294
478280
108215
-57783
-230443
-878102
-797863
-483274
648414
-505635
895922
753325
26319
210204
-655314
636452
550217
999162
-474609
-31005
30873
-154326
-238330
604659
694073
179170
-106058
-320419
665925
-634374
-674910
-692369
843906
433306
249848
-386538
555204
451985
130189
203618
946351
26111
-43058
-27331
-763686
301629
-390880
786532
300791
134512
-244474
-668337
980186
517197
936322
674258
-303634
-169736
-646161
-637709
195891
-321070
-330078
39796
-887765
919771
653259
667440
371755
-216553
-128943
318105
809558
827999
-709226
-954128
129628
-100106
832404
-569582
-965594
-412070
-237919
-985409
-894874
-301597
688850
-198507
528667
-957312
163785
-275443
-278382
833707
764354
-166146
753477
417612
-498707
125232
-798941
372351
-556663
-989383
200350
-265889
-943510
-670023
634006
888895
-239605
668412
-523176
522477
683004
-418049
-779121
371853
383444
749547
414542
-452772
-525896
-863840
-619065
-761543
-29986
-865588
656070
471308
259644
857129
-156342
702982
867747
-955993
-562908
924237
-626016
-928902
813131
134380
739511
-710046
-343144
422514
-128094
-122265
-205633
-744651
-372718
-791092
-197422
101386
-654931
183513
339843
315084
317926
-4087
-213609
-422431
-146958
630050
-719449
-279212
674057
-282356
-354976
-951959
-211258
-541845
182421
-471747
-251890
839277
950767
620016
-282988
-254866
875366
344294
-45958
-322057
-554320
299112
861457
785524
-385805
179382
-218564
400586
756952
634478
30635
-962498
-644735
-295308
-244854
290
-247267
543889
458445
935155
-927859
-793446
774431
-977093
826571
-508557
-231959
701936
835738
722084
-620122
-718583
21195
-758665
-933059
635390
420718
-151623
35976
177669
-517145
-933389
215171
-161879
-228697
970318
838411
524037
514206
296856
459191
586347
503411
233622
609255
329981
725066
-622704
31917
560803
-900621
411796
842221
120575
653131
909162
-244035
73848
-242461
791941
-748483
240394
858553
466689
-921486
-370144
437006
916926
-846108
-48788
213782
613084
-462442
-282807
-153295
-853188
-952827
-428229
-475892
79090
-867427
-376512
-509115
974795
744063
-855984
883956
-499972
217865
-358505
-708031
469382
881889
-849479
-63930
960404
-219623
-626924
877330
-65730
324288
91111
-452646
861847
808304
394060
-991341
855478
965831
-467233
-65432
-901596
156256
425453
-926802
-99681
569470
957155
400347
-212666
-401351
692316
-743285
-519462
842838
192786
-559059
-376785
565863
-681729
557486
-109850
409382
-895161
-248003
217686
498899
-239344
73164
464729
293424
-992269
563133
-550321
433185
636332
349999
2654
593487
-249655
789989
-807864
-557339
-953296
-327326
-714502
239490
113616
-91286
-194647
431887
-533801
695503
-158731
-428962
-552501
-941045
-930064
208155
132119
534666
-498422
139850
97799
-48742
-426965
-265870
-698744
575689
-672383
51602
365678
-480247
494263
412382
192427
779762
-348128
-693957
-311525
457225
737931
154675
152728
-420801
725713
600227
-361846
795650
-191618
770274
330315
309961
-89876
-571886
-738781
483159
162244
-437525
58848
489862
614078
-575475
-990386
108340
836907
202042
-111898
-511222
508085
576578
946003
246015
-268748
98730
825215
-543035
-301043
-536631
-747386
507340
-766358
582930
-182699
143766
-988957
78520
-373075
173288
640996
685773
-336851
255073
-889703
-327237
-636587
947205
874805
251515
-564018
382890
-171908
-618015
-371095
559345
480716
-545881
-983691
-820327
-82512
-731077
687013
151131
851854
-495686
-705103
862897
582835
-78178
36185
223830
-392406
699334
-521097
-282109
-627903
-157684
-334904
-753098
-906169
101078
629792
-78076
483064
-741304
-518732
-36221
-287185
-502422
143452
630304
-233498
-169535
-218566
-381645
334779
76331
-518748
-82387
998153
517437
-858557
-394253
216770
-379654
323639
588868
462663
988735
835770
556495
89812
465561
-521582
-427124
724258
-40313
536655
-562927
457266
-319894
-932624
-776233
510572
-151189
-157878
-154650
925143
323375
762964
923296
-159189
904407
-470958
-942419
-475247
852681
646449
987416
841415
482219
543911
-68773
-52220
-977671
504104
-327963
-17983
40758
109110
-560718
720865
176487
-336951
231436
-974702
505172
-923214
950441
-171454
839750
873736
669358
744156
-597222
726940
-731092
-744542
373389
-743676
-903127
-144393
800236
28101
803387
822565
-467796
-524576
-195419
572963
584534
243864
293827
-238979
906914
-474737
-213681
412085
-397951
-263240
-759369
-558201
-389505
909990
-814045
13274
636929
-545136
268732
10317
-288811
365606
865925
-488576
-606293
669311
-666012
-74088
-855266
138570
-501126
