367732
-382491
-987260
-313538
621710
149857
-394506
-731445
269005
-934025
-155156
473468
-548559
894287
-887117
-963081
-655422
273511
-551712
431090
-167429
-910839
345606
491871
903804
-134224
-24110
604888
-293205
935695
-57004
-925474
-446796
-44263
-239011
-825087
-894407
366483
-556532
374599
432459
288312
-151934
883900
182599
-39050
920820
527178
-765540
-630892
-41733
67032
-541731
-696127
-441098
-637927
169650
534793
966961
876445
470488
-90043
950972
-976309
865694
-288039
-801396
971287
-921557
-357927
345885
510903
930386
-806049
394802
112984
154901
315622
-359839
389362
684731
598429
-543607
-857000
902303
15296
-494927
71952
-449912
-527967
-51603
-979425
381990
-100632
-955734
247684
611329
-757129
218970
689773
-115056
-435145
200675
-184670
-241193
-404523
928314
913708
911100
-431525
303070
595830
-833096
759463
738830
-930793
-225241
-756098
141160
324847
-284064
-910444
345423
-902074
-11075
389690
345610
-399746
632561
-435420
-709973
-482495
129435
490702
332835
888242
-913821
261149
801950
997279
829625
105019
593108
996530
-135518
331937
-934264
639241
575839
206896
-35912
-708225
296452
-690490
-610299
-714623
699200
735311
-114369
331761
-700110
175658
849266
429326
-333640
182101
317567
-247461
-556751
119517
-250183
-727126
-775465
-657076
-730597
89017
674862
-664861
-271742
250701
542036
692346
542476
-161512
-998145
932177
123865
701056
667488
-990504
32816
967379
185155
-117919
396705
851516
-935818
-285728
-395946
-492568
833789
353872
-219694
-941677
696797
49709
147341
371658
384849
875599
-377641
-73116
567944
-835166
765373
569799
-902989
-110763
270855
764500
-101266
-696330
731879
-916111
185752
128583
935405
249934
842855
-460541
757366
676643
893331
-462328
734967
590128
587382
-117693
-38215
-27770
-242095
584145
899115
-674152
748979
664487
895648
845991
-446276
166502
610491
452458
470173
342369
536348
-344076
-529048
471752
905859
-686194
-988790
663224
990450
904542
-799104
725416
494669
788278
-392277
-543546
-239493
365628
-959402
-340378
691477
789578
-675891
587125
635569
-122167
-246373
246059
-669709
-776200
-411573
866639
-120276
59379
338390
-214418
373186
349601
-551194
363636
254142
-350297
89051
-251190
-562020
696775
205265
198488
62403
245863
858110
-246120
35441
-817782
-658996
-328991
60052
94632
917068
390343
318432
-494505
256981
-801844
564875
-404629
-16261
-61940
944973
432546
-698305
199114
-917752
390747
947925
-479772
87522
153189
718716
-850076
-600948
576826
-96196
434493
759045
244809
-894498
-180904
-660559
-977430
-790562
657874
-471935
466420
856030
-907061
-938209
-160231
31000
-993237
-727686
332696
205878
-645438
-276557
153802
-125209
810965
-693009
-406493
960890
-293956
-829667
-135307
-859463
929378
-890498
-753961
-251527
-551056
-731391
-42088
-893183
-203325
-575669
962848
-110385
-513877
-197384
920615
-507114
74930
253311
698764
429493
976755
-147434
-695716
787720
159558
-102209
748609
865602
68124
-386698
-993862
-2498
-277195
-747822
745975
171749
-479212
-296114
278566
317463
128218
241413
-792923
614342
-955972
-872308
-892773
118959
381003
805992
-451548
357758
-341442
-147264
145477
818116
750528
-105914
683718
-181349
507388
689857
816153
-769808
942035
562128
401942
-537178
-733986
-319493
780286
394232
921921
987363
8574
965949
-884946
115802
84908
496058
-78206
633360
-146185
580352
-513905
999293
398468
-763378
-106622
82186
55274
-599234
-227958
-128573
-369041
-285923
-566446
-967100
176900
-300431
-286593
-42815
-906199
-364672
-55453
102375
-398723
59601
-781824
686185
-444341
139970
319544
409475
-279678
805640
408767
-881211
-957739
-697856
200976
97536
-297090
973018
968963
333869
-312906
-597483
366770
863994
102086
-919823
-178822
195887
-284495
765726
-701739
316782
-174673
-483563
2966
380986
656407
-677491
-209540
-623272
-871852
-800773
-504482
-829590
-498629
696494
267946
204282
669512
236908
-461849
-643394
639426
904921
-779400
-258489
985098
41779
937398
-299398
-192496
-764342
-982617
632831
-247904
20350
13817
-591497
342860
804278
-214768
471009
-996496
280751
641419
-495124
-22756
-90635
709158
-353244
-853728
-752692
3362
785699
-847771
223963
-472791
-862674
-734259
-535394
-162072
73246
-299735
-144688
-293923
452362
875662
719894
860865
218521
524172
-353904
-310471
527676
926848
-669052
-967449
-95909
240313
741710
550848
386586
989019
-445790
172284
-858753
778173
699493
-721427
-956086
-835901
116502
117160
-135635
971814
823237
-683274
847476
543131
-822409
65996
67302
-176312
755526
-405023
-249465
-913527
-372471
654627
326786
-630761
205474
-286629
-641743
759684
885656
-500496
537857
585148
-221923
581771
749247
894579
-301070
-386388
866393
-477833
-69662
713868
-934703
107929
-220136
132599
931617
-464611
727577
-317849
-378138
-644894
-663223
948649
-275655
542252
-337980
82602
301936
-452325
582106
-160208
-867178
-639817
-578437
882070
-745238
120493
-504319
-878845
642661
426020
835023
707958
-466051
-385114
-159443
-534435
150276
-431867
147717
772139
-76760
484495
720788
647585
26746
-617193
-269813
-671318
-69517
-687707
168474
63306
-327524
590037
-54625
-72761
-289470
441057
48394
-646810
-132923
-116583
-938852
401026
498304
-98295
866592
-351420
469839
14308
-579282
-606922
-501197
-858495
-959337
525550
-475687
-229150
854232
454796
83143
22706
-481899
755620
-387258
463477
-317142
323273
-95467
731253
676464
771611
-385330
737612
172636
-887027
-360684
39227
-238447
-890845
-946465
182272
-497767
-447662
323778
-457104
-922113
848091
313747
932120
302886
-603111
-45175
820987
-847491
567568
284463
-164633
-109160
-811004
-433380
-432697
960607
181290
-695085
133243
294264
-55769
-827531
-944183
53387
-773995
238089
555620
-221657
-438134
-901484
-143769
-590043
412264
-211650
712843
809153
743175
533830
961662
310742
-181708
-202971
-798418
7289
363650
-231115
-32104
-455061
73800
-898862
839204
-981969
-726392
895022
71418
-500387
133110
-372962
277957
694977
-274445
-865813
-895066
-862182
-77463
817777
946972
-334289
351606
908634
976454
-830102
-294338
-821965
177188
-930689
-53079
-854917
-385749
-979279
-753778
-546545
-961247
-480169
-651524
110172
19445
481587
737210
-702599
176564
-537235
-568411
281498
-399417
354126
99275
-452445
-980163
-549120
-543812
996292
-379221
161851
-825674
797967
231163
121248
943051
845415
141969
-810727
-701131
180722
-290896
-352654
-709107
728550
-871068
-971897
-974049
305497
-509132
-542460
-413006
91452
811667
686270
639007
831504
-862851
-904805
827795
-242071
257046
-997879
-444105
-511792
123369
-501055
-666378
-734662
-311781
-367509
446061
397323
279838
736955
125873
408770
765058
151824
-285733
-744074
609364
301262
347379
421030
-12469
-13614
252534
124681
81581
80329
882610
-661374
82450
-561496
-173166
-794181
-62550
160457
-528843
625669
792948
917218
22992
72785
654173
-851135
-518445
419231
300689
195823
675158
-89947
-502916
22536
-668918
484615
-991078
583617
-390705
90503
-336055
-508095
429130
746396
-69590
-744036
952215
867860
416421
-576628
493529
209369
-659410
-483479
-717846
994763
-334614
-236290
413993
966075
959533
89150
-123872
-543383
-888314
207210
941233
-879392
-209173
-449472
211112
454772
42433
-359758
201168
972843
-103793
153382
840703
-687372
576755
334231
521998
917345
850753
804153
912108
-483862
-432137
326101
-517787
-472605
-584750
358341
-15987
-473063
-434449
-74755
-352454
356379
475773
858659
-188849
-481794
-501100
-987682
-508952
395108
165701
-668249
707736
-257545
665983
229733
-340200
516735
33886
-428092
-967127
601749
898009
-484913
-870856
-686741
873428
113157
-159804
-561021
-961598
487742
795358
514176
346400
-393491
-967619
845301
-381173
-476570
240408
784529
-144819
-51856
-473016
-478837
-822123
186784
-962103
211763
758693
-929229
-186489
656701
-414142
-57344
969960
-540714
-944188
-189844
-101735
-905786
-702102
-306377
608390
644299
300133
640772
489599
918960
-835799
-269993
703488
19382
678151
-769529
540545
856028
417256
578443
67791
175948
649214
881303
-167351
-764929
-176042
-197392
-305642
-120230
612765
592624
-26015
910663
-713753
-417625
554961
586380
-776854
44560
505339
-612652
774568
208827
406731
452719
439299
-52724
308747
-143445
-474282
-623463
-967498
-825068
-742161
-134849
-589996
81797
667760
104362
961568
280524
-303015
-64448
191187
-16768
517928
-253852
-430389
741075
790709
-925050
-871578
565276
283778
535153
17994
-276924
-517572
-673260
579631
8147
-296723
612134
183080
-38883
-522715
593084
-957087
-854956
-302554
-995520
425569
394432
-59967
-383245
-622337
-542039
362903
-52725
-800965
153612
22226
-672542
-281113
-693997
862612
736881
29080
-654960
-936379
-391289
353188
-233101
-779156
-463733
728016
-301871
-870650
770930
-156826
-173203
775411
-731257
-778772
-284556
-114502
-401109
173405
-751599
546167
372441
402013
-431608
699899
-879100
-125604
562511
857782
903476
907551
921403
-487814
260738
-311699
-266969
797005
-583683
431161
926356
-812754
-725665
-246848
962657
-456922
-25619
-321900
428577
573273
851505
676978
119439
223945
78991
687832
-76156
199892
-437773
-513646
57673
-534297
-606095
-20925
-22110
654643
667377
710922
451648
-916307
142082
378004
-729061
416417
-868844
-766404
959495
105537
-88304
388071
-321191
-236799
65049
798249
987147
-855960
486080
-89009
343932
-951693
397345
-598396
-485989
791250
380680
491901
445893
48056
202822
-102459
131749
-655096
-724456
402689
761321
-593300
636285
720816
512238
-452020
108887
-808953
311182
-826064
989296
298328
-682023
475375
-790682
661910
523683
606664
-936486
-962307
397914
444194
529594
-156194
-507750
-267584
741347
623999
77320
-983109
26687
-161359
-576408
-337028
-440543
935830
210952
668345
-873124
-477867
842281
-883829
820462
-839742
591547
-970220
822168
115229
636444
885682
152923
34357
329876
-317484
878164
822126
414933
619511
446125
-507748
636402
-527188
330894
-940007
135784
890351
995824
-653264
558695
-877300
-131130
400976
-761128
-310668
561234
830419
-280888
383401
-54352
-644444
269083
-901430
389914
-401041
-218913
268077
-578916
-803981
-112413
867210
-311728
-476012
-659978
-980835
-416018
475806
909517
-420195
822543
468211
-297495
-308588
-130813
-58623
380744
-569580
-228204
-900144
813822
717445
-544588
82905
816015
845326
681864
-402898
113402
-897053
-206879
-999011
970158
481394
-475022
-689821
500559
108960
785986
410076
688766
608529
-121713
-608729
-700060
747474
332649
680685
-822107
-895556
780541
991716
821890
-764047
74620
637905
-918722
-243517
-764994
194681
-140569
28128
195671
-170412
-490479
720649
139768
-989920
-170391
-74246
420156
-481626
-465718
-701558
-90354
-165777
-954085
-757706
-485093
-776191
-653261
-704552
-784476
-831372
-468598
290144
806533
-387319
-953373
-958462
807363
-93942
69667
3033
735647
579188
-276319
-124586
589269
553291
801168
9424
-928336
-664550
307867
-18690
169673
353782
223605
684581
577592
570344
980030
793117
738972
-488569
83260
545505
124112
129888
587044
-68526
-964055
-343290
934507
771593
-764102
-341812
-352994
825167
-788521
-551826
-165410
-716856
-216376
-857543
264455
953298
496239
-511941
637878
73831
-941598
617907
-133053
797375
-870662
950208
342880
253450
80095
-70077
-815076
116041
586634
-880570
-112367
822532
-222381
534639
647698
-10902
982814
-517712
272242
-233562
-375255
-463304
-280265
-879016
24756
-642387
194815
83159
975521
-938239
-119467
-895142
-988032
-776588
358309
92064
153336
543233
-791896
-260031
662664
95737
-437500
-559718
-369624
-789802
429381
-386811
-307513
-298377
379628
317232
238320
-900637
438217
-736925
-543024
-366969
346234
-567503
-305207
-773233
-462645
-293238
-549820
895664
798826
603516
438897
-993071
-656515
101560
102666
-94015
541843
733042
116184
-28777
-653769
808671
672847
725859
125903
-88833
825222
-435881
174243
-717802
197151
-479523
-285304
891944
-252756
252052
-401295
197425
147716
-602470
-199060
-413388
-595541
144426
688172
507126
-949589
230014
240167
166595
-798763
586398
-24734
874084
312257
-898832
-214749
137479
-334713
959494
419678
862439
-520030
-865627
754382
227214
386425
-646913
-575361
-465860
-249383
225579
120753
155077
-629996
-191076
-337798
-579585
-961062
902370
587011
-759825
488768
-437724
-885741
-198976
-336556
-100490
938504
328732
-140997
358181
191170
338974
492554
-54448
-433812
-121021
298639
-9173
413120
-950744
-783594
-466128
204334
-413590
342796
866537
6826
381734
768906
-406163
621910
257674
156113
736169
-941303
819558
-364321
997202
148290
494683
355382
-660541
-166344
-152064
285012
399844
726915
-416349
-609330
140035
-367093
-392924
673907
837242
193487
16703
703778
-799687
-601564
472684
-205850
-979654
-269643
950264
756515
-210945
769821
-607806
-213744
-81889
886877
-858362
257571
-279468
-10426
-457418
-879624
-283511
126233
-488954
856524
759141
118123
530430
596382
-688390
-452868
300160
-488077
-54431
-227157
306074
-34085
503201
256337
-277570
-707745
26158
114624
78512
944269
1500
220150
201840
722033
-790276
744422
842409
-73787
-129345
-646545
-217264
-370204
471579
-686834
-773822
783189
-139701
526338
-704888
805868
-700819
601186
-228217
802382
-142477
494214
-905363
883682
-391163
173150
827951
610338
-606701
29790
332371
-396976
-225788
174780
529237
644867
528236
-688027
-725337
-186
-374861
-499159
-216997
485439
-972822
78116
291307
-673640
-320698
-936911
-871258
536825
557304
-776621
420507
-833860
396530
248458
776479
789829
-721752
108850
-607147
52460
-716371
922090
-302673
811866
-765938
-28010
-188320
-140798
472831
594683
-655359
500010
-327202
635948
826370
352101
699038
955112
-111074
256341
-821509
-690568
422482
575021
557891
198961
364850
836139
-692190
757703
-111402
-408560
679793
585925
-596695
913856
-442085
214985
-226942
-969255
-190332
117699
530756
482467
-246354
357125
-165433
-547317
312237
723493
709025
490728
-967075
131506
65749
590816
-669534
-569402
426954
-361723
-811699
-684449
229717
868094
901477
633022
781949
-540609
-151993
-444994
-509863
657675
672706
-979108
140141
-573649
378018
974709
-120965
-309746
698201
-411940
-819018
731126
719566
246732
321941
-949968
677331
-251106
-311691
865632
64446
918027
733726
-34078
551049
515675
425314
-600945
-929320
915452
-943271
743387
936345
196871
-830262
314363
171579
48773
-995383
-130221
636834
-814401
-399095
356400
432331
922846
406432
109661
-328260
-905259
-24707
736186
-987233
-290982
-297892
563816
-775308
-872578
962871
-704627
-957126
-980400
-961241
979220
216472
-791503
293582
-611949
257271
298199
257831
-105896
483799
858736
-749497
-83871
781582
656936
-974210
-546679
751677
1084
-810493
764445
710102
-108384
328261
934795
19039
291132
-769833
61913
310732
-731073
41132
-472796
-522576
-665286
-84745
734696
632913
-826915
-371200
116711
-968180
-120696
-967160
813403
-463761
-941369
-733277
-712084
59715
-543769
-947639
-230184
347847
380622
-295390
-633114
-328247
-65222
428799
982486
203705
-530069
-490311
681130
-195355
424945
415825
-562442
598030
-955375
554269
629851
-76071
587110
443253
460168
645741
709977
748085
-294545
-833793
800446
475271
514055
181067
-820119
880941
852821
114660
309740
835306
-681636
779672
-655005
999495
-415684
769940
415319
21875
367970
459945
-423857
-2179
-616127
-836748
-558927
844042
808994
-848950
592126
-485552
-682742
392572
989719
831313
-426362
-830400
712254
-573541
284260
21994
-738235
602625
-198335
-393240
602119
385982
-623300
17438
-592144
744671
-522618
-16001
-257509
-138745
147252
183565
-294704
-43755
334615
-702579
470694
651873
689993
460413
483186
-736369
630013
195439
-309909
-85727
-782568
-48144
-483103
19098
558617
-880985
-594921
935318
136453
-187065
679988
613836
796935
-577521
-524910
-55813
606044
180387
900432
-59342
477809
371125
-407469
167802
-168463
-924284
431434
-538450
271156
-878476
375823
488588
73380
892721
-492315
-368003
-988265
-87235
-432686
148189
725700
-752698
-237975
522634
-330219
237115
-533180
-724176
-582499
-632748
216483
895311
738378
809014
63112
-430085
884731
-505455
31466
155886
-383931
-592712
-355526
689450
-699992
152160
-678554
-688256
-935076
-111239
459934
790624
136063
-778042
313258
805844
459074
780079
-918332
876576
-852670
298152
771886
885709
107166
-165003
-544377
-8104
329542
487089
-852218
945612
894378
-207744
635062
-805614
944416
956508
-493869
-990660
-154731
966066
799964
981332
-811977
113222
787176
647098
-106700
868845
523673
40631
166997
295558
-73661
-725838
-869445
381963
266059
460098
-130948
413841
405709
-236571
-793903
40771
-42184
-849487
-2721
463947
-840147
842548
430013
959818
823880
618037
73039
611055
265134
966340
479900
-211193
6970
-353104
-915636
933309
-78941
-785080
315271
-812883
675018
-815678
600959
80727
-52248
807057
-878503
905568
957570
118776
369515
-882577
-38676
-200473
-922760
-214797
-582436
150280
-603743
682698
116619
876158
-528496
-876411
-476947
-444131
-943103
444112
-229211
372169
631230
-554193
556492
232189
526535
-495757
39245
648033
-590189
-3185
-233191
779327
114239
728133
-421146
191480
-486665
-3582
-658241
-90407
-320884
458379
-214250
150620
581968
308804
706490
638866
-247084
-522721
11034
-615854
-76914
-432474
616335
-550379
71770
-344420
-902347
481581
652396
-135538
260908
-233366
-407405
839763
958114
105930
-163819
-700127
-984477
515297
758253
-198726
-334083
340221
-889923
-627594
-20914
-137006
-150315
990121
247140
772772
-442354
-136525
-777608
629416
519055
-679954
110997
171451
184509
-628095
938085
777104
-788333
896199
-116966
47848
-803929
-101442
-436855
954325
699832
229062
294545
809910
601468
-726370
-327097
-548847
-736249
920043
-776076
-178603
-216482
-553683
-549187
-697428
-233637
561810
474023
950873
933716
412108
727977
-854618
308306
-388989
193231
504378
509569
756376
458702
209400
-14563
-246754
19310
-413095
26877
692213
38058
290629
612256
261982
-887975
-604227
708300
-437161
-301654
-525337
-875351
-827632
-574465
-941636
584477
-846488
-796253
-107217
-235477
396978
-602840
-725908
153353
855863
483492
-861210
-390891
-497198
-274305
635987
-804986
763753
-73385
807270
25735
38641
-796958
-265966
601480
-98612
208697
726129
73757
634232
784494
-341766
787744
988241
551017
-447733
385219
948178
-173641
-461429
804041
-690149
-322639
-586851
-187347
403057
-950864
7667
166809
-24249
-185063
-807457
-985608
17980
-73423
615872
919369
-864727
342001
-6875
769506
126495
651360
557250
114735
202377
-890484
-500047
150554
-64124
38525
-45405
245727
715887
367745
-941620
118943
416881
66048
-714249
-607368
880985
-521705
-592976
-101035
404872
-977104
-181667
540146
364898
811459
309652
-508608
462818
-133099
606128
-334806
-23582
-893919
815749
912294
144607
-229657
158021
-139507
-861913
216401
979437
554968
-717552
-734812
947601
-836567
-256517
-645376
62398
-851645
-622480
880731
688502
742419
692189
-1847
-766190
155007
865054
839938
820201
-158528
946020
635950
-246234
90626
-593708
911787
951119
-455621
128188
930556
-900653
410637
-804257
-953053
574070
-60774
-598429
-363532
87582
-220908
-482802
-223917
-478490
-790613
774236
-244679
364395
639290
-404741
184595
-519239
-458722
-179456
234527
631904
226837
146314
583023
771216
-725498
513578
870563
685139
709322
917511
259209
-351453
-680919
895677
736130
98174
-587125
-487788
619685
-377737
-713552
-624995
986658
925738
-29736
171253
-593501
511543
991797
641027
143447
218634
-212660
-273530
-10151
61843
-759953
-139588
-253019
949370
-222078
-993811
-402083
97004
901866
-665954
-804822
-685259
-153742
814863
-62996
132706
-810133
-76339
58444
160132
-905087
464943
-328326
-913290
105969
815121
305344
893310
-458410
-704807
-44848
-218362
155606
702134
-268992
933529
708323
328925
30532
610189
662971
225711
924930
-490771
40573
-138067
641936
230441
785594
-299621
-609428
880508
-834678
62247
967218
271291
-122632
272561
164601
418959
567755
-880248
-799403
-276640
821887
-68395
-343112
530209
-739470
687421
140398
923501
-86869
65327
-567270
953705
927261
-925335
184145
712855
-224955
574718
593362
-59633
-363035
560579
-788342
514333
-166860
376260
-66708
-599106
496013
133890
124255
317899
-934506
781143
-151893
-673976
468563
988505
-750475
-618306
53832
-317744
-664602
-18908
-243079
519543
-306054
531967
94261
-712692
-527666
731226
847888
-316008
245559
-318973
-939749
-821150
81922
556264
312740
-793824
-125837
378235
987320
722270
704260
455883
710775
953786
837577
-235394
-363959
-827026
745699
392963
692518
-560355
-75071
-213222
-273047
397263
-481997
-425160
-918745
763562
255868
-858493
942413
-662210
697772
255153
-456033
-428066
-366613
-468714
-705796
-662353
987169
-995022
-708568
824745
-230415
-72526
997720
-484717
-679564
690237
-45071
245366
-522985
681882
-357371
-4981
-743278
-276116
-241420
512591
-134608
-299007
850381
-436836
956146
-605653
135098
-410467
-74367
429303
-72819
-87198
434282
218613
-262453
-796134
-853914
-264734
-280850
-533477
-574497
674079
711889
-97481
355961
-645483
897538
612683
78402
-343883
125273
943794
357111
-24346
-493042
313256
370001
642057
902790
-704366
71359
-170030
208437
-494360
-951417
945984
-290493
-805330
-318750
428657
-338807
106754
102735
-626918
-990728
-541305
-272401
906810
-928622
806002
-437073
196652
749796
920038
-827695
-743247
233294
542306
898810
136083
837941
-29832
966054
46377
475808
-985364
-7639
-814686
-790694
673611
613972
-129500
-219635
-283293
243582
-210363
175403
971182
-303554
246781
777183
259374
-556568
526978
179411
-384262
783731
-587296
-841956
682540
548788
995985
-347293
514841
42362
-871485
529478
-965277
-686170
738784
708334
927802
-390716
-511301
-355491
852866
278336
819912
824047
974783
66692
601229
234156
510125
128206
-586433
-874138
-88063
-173728
-716093
-405524
-624941
-720109
247184
889901
322254
375700
419378
356977
689530
158162
65311
617332
767446
554010
-738160
620312
-167654
-918249
444358
-192872
148444
45587
-958716
-341431
-826208
-545149
-215568
85729
281123
68339
680206
656183
348231
-72611
546083
-329515
-696912
-34539
-972539
992619
-876377
92773
609950
891070
-353217
871791
511381
479129
953543
-44262
-713743
101987
-998675
-672459
760557
-824883
-217608
-455011
260847
-936486
613328
-58948
719697
-38441
868442
265780
632044
-828471
-768759
659506
-835852
-645136
-247721
774098
-754066
399062
645889
757315
-121810
599431
-286947
164447
-298582
-285622
491988
-538026
-110504
-725620
6963
-849657
-662105
-379709
91395
-942408
581851
-40163
323372
213894
131367
554614
-126600
295515
909479
625679
69612
-844588
24740
-284499
912728
902931
-685068
-374219
67377
16350
340159
-440635
478324
-770345
-166255
-514713
-620002
171640
105578
471394
229232
-312572
-568770
-447396
901323
562598
-892783
-225277
-141888
-983305
-599598
927725
-827892
425142
-356775
-915165
328073
-41843
-289384
-604551
974507
-949225
-45185
452831
-719569
788560
938119
-339570
-39800
43696
-868177
-810568
731125
-436946
-257963
632448
-874349
-150745
-592830
-16236
-134050
-192428
-88512
38059
-767286
554713
122895
560787
-487130
833512
956237
-512624
884288
-88949
940208
-835282
-300389
878326
-174852
659812
-77978
-43028
849244
-346854
520027
-408719
-714406
645679
440536
-307235
-370558
-693514
500338
540930
344545
733052
95643
-532561
293839
608513
-699050
250075
-904112
-814763
-838874
-963904
-650044
-139263
914422
175104
-479452
-163556
-867924
-630208
489591
652103
-38927
775185
297781
-598392
-532051
927223
-291905
968287
468153
-947361
701339
-436205
-479921
-4823
-827693
-178970
-754748
-731804
6268
-593622
-695708
356224
267116
-781286
-468672
787665
55158
-336595
-842543
-455252
-684493
118530
-680068
613289
520139
-212118
540512
-771767
-243831
8664
-719127
-542493
572459
-199048
452685
744767
621983
697937
-987038
-371750
-895685
-682745
984475
371431
-464031
-484197
159096
591127
179208
316553
-864125
494716
-564917
-544193
108004
955223
243690
-351485
-816544
999859
657180
-535671
-542635
229639
265282
910050
-25595
-112736
607987
-12632
515515
712302
304623
499990
83733
840592
-984208
-757171
431719
195001
559382
567594
-310284
994466
-976599
797720
949688
267091
-553765
-866857
266949
-896586
-402528
724314
333054
862755
634364
-692542
-249982
242350
294826
-734467
-45348
-400552
765523
-961615
-559960
781316
-718786
871759
-23684
840597
439352
666032
835062
462753
463752
784749
-270156
909987
917892
996793
-986599
-484636
721107
346455
-621882
355471
653914
128137
-402179
-51261
393671
552473
548188
159193
590859
988229
-59492
872073
859987
916824
712669
299339
582856
547731
-237908
46607
332479
491936
-43406
250371
488729
-30005
765736
209835
-683550
-856146
-434695
970364
271991
163126
-80897
-334339
-284401
-532709
824855
-693543
-544481
-234638
-821470
-684495
-317814
891200
614845
-734959
438930
-623064
311648
-228591
868872
-731759
-978221
357600
238237
787515
-432565
554687
931369
132741
525051
203360
-704134
-555847
869022
11466
-88556
693876
317923
366963
-540762
496453
682469
141424
387652
297313
406465
-173418
674250
-281887
597991
543121
-13645
619770
-99279
-775409
407285
468157
779279
338654
-399103
304329
-457986
-103237
748483
-588965
908229
-340073
-895089
226152
-973110
-435851
-277395
709360
705573
-889743
6672
112038
-63161
-319079
830152
-465171
-775958
-183494
-845401
124764
41098
561885
-407080
-179624
-99461
193817
-875295
442553
-909420
873189
853589
998810
-466885
958500
224962
-439994
-477352
947567
-730635
-771779
-942177
276038
340259
-5337
956960
170411
529492
-818999
986917
684092
305766
28014
245977
898687
848391
-853485
92503
973096
589069
183084
846285
442657
181893
-620601
401157
-593146
-60595
923805
-645579
208770
-847974
-587755
-515192
492286
406908
-558233
-337304
-63600
-377232
-350388
-379509
928535
677627
866469
827221
526017
-987017
-80276
499113
602052
-897192
345397
44709
284701
724797
-554135
691556
-335799
-630330
-954023
872972
-478304
-541778
-642221
-986019
865130
-200453
-323323
-198470
422315
326290
422021
350850
3916
288489
178071
-470067
301473
-902206
-970955
-96475
-799398
374443
948235
485304
99239
-605901
176860
763441
-236230
222837
636413
285466
681060
994193
299448
546190
-206261
976126
-652281
-783946
302415
769741
566905
-693669
58230
-255025
-163736
-640298
-157231
-134690
263228
43372
-760247
211462
-471325
338992
605562
705536
102433
-630669
-71627
-261154
654798
-390568
-266962
-45754
-844378
526778
-69629
-496659
742833
-767214
-726919
309737
-460883
331312
-945289
375382
691014
-102519
-759309
-45758
940853
-519556
-834297
-530472
819437
771265
-824937
-78130
-859405
103436
660716
795394
712869
-606246
-250361
868492
920533
680010
-628168
663365
912796
-355086
-26899
-548087
976226
27813
827295
667240
925294
-932014
-378519
866146
-451569
-212816
-664327
-632133
-441551
-489263
289738
-300955
614174
-49547
-505562
327042
344208
244077
195534
264741
-75913
567366
-71895
-163117
-787720
901207
288797
-811495
-70980
116091
855745
-145687
184077
-522775
-279542
732509
264410
56132
-899625
822860
566869
390114
-478096
181042
-659433
16342
-491916
684775
-739581
703618
-50485
184507
270984
877621
-978610
483264
778828
310187
671769
-292153
-573722
527514
562160
610356
-995261
-717382
342864
269150
338751
443239
92009
-94381
-166647
613913
-913339
173920
-369745
-405254
-141306
-109325
-701636
808210
-924819
569349
685831
-903428
52612
464658
406759
-275619
-827496
833037
-748106
734665
443393
-743366
-982718
-213744
525784
356034
-770505
-382208
-738347
62848
-768295
-651686
-763233
-138040
-56939
95461
752635
241426
-96329
827817
-189226
-410499
924390
863386
-945841
331148
-412233
-773337
164185
-160338
961329
-392423
96296
978611
393833
-377920
334644
623328
239873
596297
-313824
471578
944612
-77057
-666462
-112327
-981596
-913827
-870902
-77925
913990
-60128
511577
838379
-196742
565736
169527
391025
792399
-666288
-769314
753728
-58710
326982
732338
-664878
949062
66982
958451
188934
-336721
-355374
-339488
-392109
567570
-5950
495565
585974
80223
624663
-491952
-5787
-435466
-980375
-167408
367793
585361
-997881
-241183
377760
-664169
-10497
131487
277121
-683515
-136175
612244
-734453
930808
570695
454481
-405913
-784679
-885007
201978
782891
109043
-302458
368864
-810735
-677795
876913
183479
-113260
896538
-983930
-745468
481899
-981811
13349
-140342
-645979
-997148
991145
631142
-680663
-145030
243386
-415116
-214223
-185919
-960635
379864
29402
-845642
-418158
-187707
263401
279385
-818844
452667
601590
-941931
-363855
-511671
954608
-347784
-257138
436506
-329595
756212
-703836
24427
759064
-712691
-344432
-921599
142279
898955
-336714
928057
-286965
-297349
307920
742437
-142990
889763
-445271
-879589
169147
-264114
573078
-229264
-206044
-790777
259066
-251436
-138561
-998072
-814931
531845
758140
-518766
-443729
517204
-231457
211840
595605
910823
110795
-741110
838879
823830
-38458
146798
566267
818553
36560
-879004
938964
-794293
-143117
512042
-23556
650839
721265
-764491
-600598
-417296
-762562
-415528
-885451
995578
65707
-329179
512782
834250
882662
108386
745072
-6544
367277
583951
-182714
-671181
-269251
-616448
-852629
767310
-495451
-913666
973017
361432
598377
-50540
12271
319642
184970
411674
902346
422408
996147
-983105
417986
61853
-312283
-69233
-103897
-429622
-960847
-358826
563835
406431
-774875
-618880
735250
-44126
-235327
882622
-276817
269222
968957
-303801
-369346
567333
645660
642926
-113026
-169371
54599
-210680
-746963
50745
-193785
671023
-887402
493933
-398211
8701
-935689
-359057
649876
628146
-952627
875001
-990734
782624
-169126
-226060
665245
554057
-956839
634201
-749745
-326184
201534
895915
-683259
-911493
-273456
371340
-122172
-20419
-577915
684044
-349397
-465317
177976
252393
543385
242287
893336
193260
-129568
940710
68260
-120301
723333
899134
653639
388578
453190
696801
22779
703446
-629384
-775688
599361
-312642
-687180
-674095
-941302
190648
305486
-519217
-125309
956090
15467
-947334
208482
-441149
294954
101818
752112
-834615
42528
-179629
45085
-234139
-280496
-301277
-845562
-827306
-604477
177217
876140
-233860
401530
475501
453498
714350
801406
512196
-95003
106892
992980
779689
62981
8447
832355
-728537
567299
127308
373282
319410
292694
-584191
-860220
-662222
181670
-140715
36502
336108
31979
432025
-486675
-91881
-801835
914855
-616380
651663
629204
-814975
163859
-465799
291917
156839
-686111
-645102
-834715
-853756
-373639
732585
273553
999643
51994
-433754
-584549
191775
-95975
597122
-948941
940527
-66770
83039
372552
446555
991159
570718
361410
-625222
222380
-9386
-440196
-613761
524815
851722
543078
838705
-793381
708363
984950
-167020
440948
258502
-167377
-507059
824749
248074
684717
-271227
-154804
735777
-330700
778426
-181184
-958148
224981
-190026
612570
-413610
184752
-165050
577004
744556
221189
101819
596278
-235733
-59476
802897
-527371
-74527
-364123
913578
-816025
468500
-593482
-991277
-283427
-908765
-262503
561770
827012
406798
340195
-354173
448650
-434825
455801
61220
151566
-359447
896171
-271430
-614891
117359
830389
981387
881626
-229087
784284
-645745
696386
-579840
-732168
880361
888660
-325649
889085
-394767
-234413
-373419
-832998
-407402
-966622
507198
238426
482029
-927628
-305773
-456752
223939
334781
-560582
952509
719890
556778
782897
701277
438404
-446190
485560
792660
-749804
905721
-939508
-869443
794380
-265156
-980359
-600387
500431
-353778
-433385
-906972
-320399
-926188
331455
-838371
-853815
-974319
-295122
370124
360462
144297
322632
80352
-298925
105529
-218371
-860521
659340
-732812
932139
909536
-827092
992631
-959908
967289
-272526
-940267
-633099
-772095
-294044
-66483
-679066
385557
7330
652389
547187
153515
678071
-747935
-476361
38533
396362
846272
-881115
-902563
-48199
-99486
-763084
-388860
167702
-830946
-479325
340611
-838315
-439233
307900
-110840
-379500
674801
117065
326457
-391682
437999
-287987
615648
90388
-740800
-230838
-231542
-488735
292802
806992
907628
139073
925877
-994936
-909127
-173610
-758020
-297986
994093
-588965
222689
334704
-427279
783457
-357397
461882
-596043
-682596
-421053
730414
-74277
-983055
-557574
-458630
107334
-298373
310533
875793
212892
-396666
682784
120519
742408
608661
125584
833282
-564949
367565
-464705
-570857
778600
757984
763848
-648679
541441
-593549
813203
945398
-276144
-607851
675811
649579
-590905
-881763
-809052
516430
-180136
501481
392222
-967245
-895185
75006
153275
847223
-316334
-721142
680504
118717
646423
-784202
547861
425023
973783
311708
776344
515223
718159
589547
460620
-557986
981697
136431
-908408
-609208
254668
-717459
907222
-925469
784022
299443
-892713
888837
-625551
260562
736060
58115
539420
416563
-823168
185842
632362
724693
-389136
606145
36401
-612792
121368
-245440
976756
-418012
196574
958453
718419
288167
-650756
-26913
570708
-743535
47618
354730
555909
154905
243567
930359
-584534
-20373
-11527
954887
-603811
165306
140728
-971449
-110002
751593
634697
926400
-861199
-243935
-319041
-884443
338053
877534
-925991
56472
165700
-576747
-970442
-263592
-320281
77177
-908862
-764372
-767919
334706
-834014
-352452
-685668
154460
-397566
-289478
-680234
743163
-260926
209765
494756
-626230
136164
633558
129836
817123
749115
-532112
694656
823124
524361
-139644
-753623
553919
596765
-73903
-368905
687904
161726
-136823
22609
327713
510725
336942
-517827
-886841
-952536
-198061
856323
-213462
-988297
351078
160309
147867
-15365
-709856
-35010
-266251
-241967
-340354
-443127
-717607
520002
-196749
836312
116767
729349
-532593
-195330
-108925
330584
827280
-781213
-158691
164222
-299039
-45531
211686
502900
-189209
998224
514603
-838132
158533
-337530
146504
448677
627460
880254
-793291
-712894
-562873
-510898
807109
240378
-674586
-76125
-30273
-207179
728546
860802
-876595
555826
-920411
-35286
-279953
-219450
919183
931733
-716551
-270026
929957
798053
-108157
88489
-539477
-961654
-462834
-912017
918600
-256125
-624911
-644274
232978
-817803
596105
558392
106072
-434169
-648787
-165382
-573367
-525382
-609557
-493778
439333
110491
286772
358516
42224
570222
-911511
-27819
368275
-19668
-939331
828798
18679
-402164
916781
-62722
341712
-708131
293005
-425311
-525934
-110891
-866919
580139
454941
-515705
-585243
881574
-41087
-194799
-612204
-601754
915692
674569
756762
-42085
244791
845252
930096
-386935
-174416
990766
-558138
844263
-411398
-641358
-218459
930314
-349488
-925455
-494998
124579
-36345
-361916
-295283
-581405
122379
119475
-699831
-918708
924676
-312034
-520462
840367
-637466
-763700
-201718
607325
-918448
-271622
-779610
-92864
-280856
-337748
-248601
307746
20895
532940
238059
671407
607485
743062
-204014
-428861
-618855
500703
-10265
503525
-379822
289905
584817
-455147
977871
-935646
-614781
-659596
-699345
183502
947730
-617793
911880
-831881
289343
-368976
-169628
-959259
938770
851267
573681
176828
522674
181166
-80111
-681341
752306
301035
819363
-257959
-195441
-560460
-968055
-610624
-15607
-990185
-546269
369613
-649780
-245614
-446885
-702051
136593
-535005
-533931
-574064
96019
296441
-533323
34788
147708
-959642
-788384
-329619
221525
131506
-10959
-26169
-567460
-191596
715872
237100
247944
747817
626476
-767663
757633
-919794
601951
-892148
-165408
-844935
-594198
971186
-379940
-128128
-602879
716080
-831688
-136201
-249133
316021
-95842
-37517
986403
-874318
-906012
-24557
99514
-473471
783847
-184615
763629
31791
-436798
390105
264129
-679166
470312
-133920
-571313
-695096
21146
-165510
-723911
641207
706362
-326789
357286
874675
537010
-891848
190695
-558832
70636
177097
-433149
164625
-847460
666365
691154
936388
-518251
454783
-31821
44952
-155113
-767692
365786
-684801
98388
794474
-379897
-880466
-371037
-103807
760741
-664676
569404
118027
-790001
106414
226180
400695
547582
-703185
-422209
-885568
461440
-269668
780797
152594
-333280
-737454
-392624
634899
307498
452264
867207
-326716
767463
-34405
-532243
-612435
85129
96720
283759
-154130
432045
-146838
963897
642044
959576
190076
42738
507157
486892
620530
621590
-51668
-649138
402387
-899075
17582
664933
-291698
-347520
-27569
-839435
-480313
645715
928029
485283
-886529
-684406
-429588
210192
599353
416283
-357764
-547486
380180
-715721
-587910
-429745
327018
919248
-942853
-52452
540837
5479
298410
-56776
106405
-684009
-391844
814707
-31528
580587
975273
488160
226302
903302
-26557
339773
-781105
543855
-450036
818248
-39862
192201
-729238
-659683
476481
-317147
-89428
-196502
-397900
-32280
751047
-857063
973200
49456
86161
79604
365448
694318
-105689
-666080
274905
-130416
822081
-498794
-227115
-204477
840980
-8220
-660622
-609056
-189972
299516
583145
80791
639833
59625
763644
-449595
863124
-634256
518125
614170
-491319
491325
-336375
594842
-429071
-970927
289160
465240
-637007
-435936
-665176
-814926
65270
107709
-19403
-93750
-900511
319975
297194
-90483
-380509
-119662
990309
-740677
939963
753952
-190272
803086
-880305
-672147
417256
-371623
819178
-919119
-776781
-609894
-890046
512379
855347
-527052
-923558
-809830
-341978
141713
297880
638619
-952038
397369
-41406
345156
-693114
578085
-774506
-702806
837409
-834543
-948854
-352864
968544
-829158
-25010
385799
-200781
-205832
466680
22438
184275
576634
-465184
39621
-950418
-388741
229792
-292396
752972
-472329
-653777
800935
925040
304817
146091
-768075
-117098
371585
-470880
-279690
537042
-419734
367447
505585
-248892
-657563
-108617
550328
136605
-641937
-427235
-679121
934697
107582
360501
984279
718842
-409708
-308117
471814
117964
38106
272748
43003
-657077
-581162
274929
225826
790424
804050
946137
327465
-615684
313583
-166951
135425
656021
724433
-314248
-207375
-917505
258518
113505
-982808
-633901
-525994
-998529
-915060
64298
-306646
556754
-817738
731461
-170498
225266
-925616
248341
-499805
300210
38764
-695756
246346
-633772
-311440
-440071
199278
823985
-784051
-76289
-490263
8575
6206
768255
-877920
23399
-865646
-403914
24870
-780705
660385
718225
776049
842647
449686
-394449
67912
524070
853892
568107
-175720
-107344
872352
-929375
258884
-439088
-369445
-541838
-615103
-153495
381873
-105366
855080
-611921
-337111
977161
411478
-202757
-426754
-563652
16538
-766370
-845428
-207413
-923723
604258
398138
144189
128328
252030
-287704
952608
-855315
-415352
-976767
403570
145560
-346212
861732
530458
500294
243605
-574909
355374
631684
87981
332534
43162
885224
905780
479510
-98239
-860590
634083
694348
-784313
238340
92486
359877
-633333
-655484
-927827
-680725
-510798
-343179
-657492
892772
802382
-3703
754504
332839
-503410
-1892
757931
851964
-370208
-154089
184498
672954
-268865
90277
152463
632896
229688
-213455
327244
445375
-975115
-580270
-194748
-608447
-235753
-122575
-289172
253449
534247
53337
146220
336628
-950367
-99277
-330533
-453777
898832
-572602
-601813
-471377
273309
582685
-798423
-995557
-327038
354041
637340
902650
-859415
-35416
348025
-834529
384315
-846723
-442975
-851439
30702
267853
402010
-435052
-678811
-451771
901577
-629177
448953
-428957
-82953
347785
-1559
315235
876408
-728250
-102080
-922016
-723806
570882
432025
913535
473532
572611
-121881
-178443
738083
-737567
-25166
-704893
-589006
-994464
562961
813005
-429516
884151
-638766
-527939
-745027
810188
43105
172021
157972
-958454
-512745
34379
-686704
385175
112364
-410509
-43943
-455611
-496975
-570412
-883000
381145
251146
855084
643578
-774020
-849810
-945428
-768484
713152
867577
-197999
597303
-771189
274062
852276
-961002
-682833
24297
196970
-641287
511552
-768651
-327990
-103274
343714
261501
852783
888104
764527
-717629
-994897
145671
533518
860188
-210751
759498
-989622
-156179
991014
723530
-288602
-206986
320832
-59791
-932924
173108
-20793
-615757
-802596
-823823
-257044
708957
-592474
414966
-394318
751240
-323533
-541535
639343
-559006
-259163
644447
586666
-725646
504635
-624086
-966148
515013
219735
-975135
238542
931134
-182120
-440626
-128658
-115044
732483
850550
269199
929887
-973274
-987845
638844
-565747
427122
-755474
-814507
-896412
-297009
824836
-455417
443829
469283
-868752
718184
-26083
-492838
752036
-511070
726898
776901
727473
658031
-405220
-713154
-470627
479737
-980672
-620077
-251065
949216
-593350
-238909
588060
-159097
-811788
832586
26396
-708199
-464423
-148768
-163616
979406
-679485
-32367
697590
294433
474795
449625
783363
201692
226526
510835
-140277
821307
797682
389097
301043
817010
769020
-950022
766226
-824330
-188931
354285
16573
-718
186871
-957031
291083
722448
-105799
-872533
701853
214717
95100
399442
-490851
-430105
-150933
-707489
771588
-924408
803347
-368689
896900
601028
-979593
197942
418038
789428
247921
184263
965098
-941011
-461452
-18330
58272
725419
24639
-650645
447867
918841
-523178
149720
133557
571923
-450839
642707
-858182
398229
935218
913406
473822
738564
-455284
370721
339591
-434877
-431338
-242372
-645449
816583
941892
-680352
875573
-519560
301319
-66156
-794141
-674042
283200
653726
-755201
760022
-196555
378356
331945
352607
21062
473763
-249164
-43720
387169
-775343
-305156
931885
595378
-965565
-502992
-835960
-207937
-148441
980624
-266045
171208
856197
214396
-527474
-209960
420255
-201515
-926760
73981
43284
833263
877427
-578361
165207
230033
442702
-361030
980869
-601018
-973862
-794474
93826
958024
800904
128261
-544969
964945
920325
306591
945568
-345720
-522202
801764
868676
-49675
-408196
288931
748810
-334956
-637089
-207907
-501694
-759663
213733
663514
470371
-343565
-697516
451240
55417
-671378
656767
-850757
-713354
457670
277505
-258323
422615
197830
-951732
368183
852111
-473933
169947
720786
476392
761752
9717
225201
-573205
372628
-982706
-74898
612966
231028
-411384
83337
887463
-108900
-465423
-57120
219723
-808657
92123
506370
649014
-630372
-751953
71628
567459
-703685
-560190
419569
-177618
609757
140355
-701226
371509
-849929
523975
798304
522700
541270
-276594
135666
-227703
312023
-780998
-340241
-796877
-246421
602640
422847
-55077
-305238
-70784
-406064
64391
177263
665564
-368151
473579
-894626
-948583
-704040
715132
191772
-405266
86640
341843
-881291
-115056
-135457
659980
608351
-999792
-567724
-79626
-780790
92036
123497
-27210
-305325
-453656
917713
389438
475560
-488352
-546171
-347177
-822788
85678
-873599
-717413
137096
-577638
997720
-671132
17097
84359
670712
135806
969304
-464746
-204215
577655
-464538
228062
-501972
-245327
-679902
621526
727464
14773
-832131
645176
-595789
643430
-843176
-141960
-703747
-665963
943719
-577346
-383375
80814
-154983
-385656
409683
862114
698704
80394
-2080
668008
615648
793705
245662
-848890
21767
743690
-94217
341865
365216
-366754
-643362
533085
-721578
-239150
176515
-564753
618891
472768
-230716
562609
895423
385909
-356577
-259561
-999747
-946895
-397447
698957
133500
600473
366964
-250853
394178
-387375
-99742
-584056
-643685
806041
757810
721532
-560713
-885552
254617
-282291
-124702
-568869
152956
-505811
903900
922241
-943203
799323
308150
-299779
-460238
308403
-246673
142315
7359
886827
-257213
-625677
-364026
-863035
-13051
536233
-447090
343265
342273
-689281
64796
781561
-574832
-680588
-500730
300467
-249456
652227
794656
-345557
574467
851454
-546235
-117384
-448326
-6473
-808982
305002
-864158
198378
191829
-121371
572702
827803
15595
-440350
364035
568505
902915
-293692
879225
-32289
-512131
-695608
287123
-12861
604859
-962334
-360635
399515
-307890
-786168
250968
145876
96448
802643
-860597
287467
107644
-724755
-514155
-700528
153875
-941454
-872725
-830531
-381803
491311
737974
-478888
-802381
617198
488823
-314512
921590
-224054
672628
526449
-186387
-688008
-74037
505724
-474176
-823069
-348401
622273
979574
-208998
-90260
87218
66247
395586
386691
-779878
454132
513967
-610409
-927671
5277
-872436
-406559
202897
744763
-917737
888386
666353
-141790
561013
192801
671823
873006
-881236
177546
-601170
-704304
829146
-978897
-724731
-379853
-69157
362488
686395
-673572
-250822
906517
780561
-736856
-703892
852890
268422
-576327
-553670
-528681
-831565
-471406
-640296
834788
386805
920718
27589
58628
793724
146354
-763826
-807447
442050
-934681
-786344
717319
-314534
144500
79807
-628139
470929
828985
-721622
251489
-907871
-425514
104378
360551
-1841
550709
831871
166594
-920697
-808426
1382
466109
-887708
-971030
-475264
906016
175325
-239090
-901432
-382626
-173771
-687775
-665307
511696
456725
414500
883558
-72347
243484
-838065
-820858
335613
-263578
283521
-303836
734581
-165770
-471966
-98825
-86466
-280391
902557
-620358
-168098
931528
-95622
-262083
106852
665289
-163514
724227
-508483
148712
-941081
-996787
-394564
473419
886771
533090
-283098
-951294
712233
-947485
-214872
-4247
-251320
-480292
829983
276715
420884
-256484
996325
323440
123159
-171774
254968
-972464
566143
-638180
692825
-597371
-913954
-815658
551341
-855035
-812445
-843223
618384
-925674
689868
-664714
-876968
402100
-612198
-91840
-602147
136483
427869
-772164
-586803
-151248
-28647
-590479
-827808
-905489
237748
427161
-877952
-196109
788981
814874
206520
875028
999216
-242140
-980008
-813229
-85362
638377
-738902
-395495
973664
-615870
-993395
-638534
292291
-595542
497949
-279841
-367706
911147
568912
603647
-679333
741104
698159
558416
168264
820207
-637694
-42755
635080
568826
-167728
634295
-673314
-147735
821067
241325
-509358
-917836
845831
-535695
-533705
852436
-174228
758586
-743107
-676280
-521255
-110812
-765133
-952344
-507165
-444466
788760
-809007
-886050
-42976
-988801
-523744
914269
646279
-954918
-253460
280574
-628231
598805
101641
613094
-910554
183805
458924
-446248
650100
311360
379524
408686
568254
703245
887431
-542559
938112
935087
-49724
-506354
723847
141270
-392404
-319130
152469
83853
-404862
-201252
128935
341678
-920679
500705
-59518
180962
113799
29929
-635233
-427277
583681
-985134
884083
-36795
423553
452336
-333550
310983
909778
-395439
246069
-139946
98208
-30085
-998677
705805
650785
153792
-210343
-754077
952541
918593
587601
-968139
419297
-471917
212824
-466904
558013
577592
105819
141693
592458
-10099
-895102
16011
-557763
-228652
-673007
-647986
375910
573062
212068
-525883
-457023
213391
-820079
-806238
-632817
-30421
-560315
-680277
-111829
-972714
-648415
-692532
-444630
564410
-159436
-886618
142001
946383
255076
-265541
-63716
359974
750470
378521
-868678
-922538
730535
507232
650525
-57397
981350
-806498
-844006
-838729
-612735
-476823
130850
-173049
-157099
-980979
-145763
194486
-673510
409608
-241104
167054
522990
900897
113437
-221934
-364645
-950280
-861960
-614176
428242
-730638
-536713
158777
776595
-886189
-898621
757944
-692686
-742626
919216
-305421
-219449
50065
521530
623453
69087
-624233
-182061
395577
785375
576835
-437369
308365
477731
676068
-913570
-886914
725789
-775530
-501089
154030
-506168
-37802
-687193
-729573
76010
-585814
-971630
383324
-328440
947587
-922097
452112
-2348
599433
75564
-933262
975200
893504
462316
760575
470338
-975054
68939
-51931
701015
155369
61155
426803
379840
560066
-419167
873673
-477736
-106360
-855901
598274
307827
-827530
-18402
979388
-879944
59501
431499
117708
-341067
-492937
184447
-365867
-599434
-353238
-605293
870905
-328291
463647
-181027
-627277
-380985
880128
799527
998856
440194
-619640
872528
962458
274000
-983374
560732
-418174
-810903
-457671
-438786
-690847
601830
992713
426862
-739237
-500224
-388692
-105103
-99657
258071
289604
-228753
929780
-246750
590220
-697497
372266
470348
-897970
371122
-89458
-517610
243649
-127001
756390
260276
-566269
-661784
449373
-23940
-100570
758526
-422110
-107857
185388
-161346
391920
796697
733551
-707738
54767
23155
