48979
-124199
-859393
-637538
-664925
404466
-782651
595880
321393
-137703
596425
-741721
-985654
545563
-675862
-917763
619617
394253
418005
219228
-58541
169926
-932612
-168506
-77868
397578
509102
506518
293523
-238715
907567
-657498
637086
-951826
-295036
972161
452640
-77687
568041
-225968
784611
164466
32311
798957
-289972
356450
881195
-670355
-249297
299199
548873
692162
-530876
616261
-476344
391257
13839
-967243
-102226
-692639
-205958
-194659
-350136
-568872
-146485
354829
-596711
-693845
-722859
971331
80188
-938248
135796
-887502
860709
845824
468949
741904
-824531
-780349
41102
724342
911814
510227
340602
-564531
-98516
-645560
-531773
799259
-338198
262270
-395401
311666
693398
458115
-333505
-903313
764271
-56364
-931983
-155542
5389
203813
-43043
-133903
49637
-574095
-391999
225106
-354443
649103
-50553
-442630
159330
-709951
-7160
-939187
-355510
461067
860072
306293
-276664
-535329
-382041
-583266
922787
284454
-486579
687057
-771910
-418562
-468485
233479
785252
488472
-900424
-165112
914378
-292423
-940007
-440066
-643320
9441
117305
516010
299491
-889856
576824
943981
571212
436896
250274
-705453
901568
868233
-288718
824354
152686
224703
511411
380776
806142
-957075
-385745
591393
531398
-286169
-573719
445775
421408
-513726
-994291
778089
495716
123014
294098
-204794
233158
-129078
-260813
-195631
-692182
989461
98917
-790615
857693
810199
-966261
10379
34902
545150
-608845
-158957
588076
5410
-567564
119473
719241
-141283
-434753
140649
344992
-429044
-81263
-159293
693971
-787165
635914
-72871
83757
-624900
731498
391576
-635439
-169585
600961
-777747
-359386
634700
232632
675516
179850
623787
-483441
-232075
-370803
-51005
887399
-651563
807712
-547354
489086
152703
23603
-592178
993411
-282427
-379343
629324
644702
704415
-995576
376200
95990
-631015
-793386
-303049
-408762
-152771
-668350
823871
-477256
511501
447658
39303
-720574
-923146
988298
-833176
-574708
796010
-380530
914378
-51287
643073
-677800
-57877
-639355
-57142
-428554
-994653
-352727
-424129
381547
743263
-55144
588162
-559786
536094
-564610
-228135
359965
-41866
-716635
-192377
997438
-437209
-115523
985736
-270384
309770
781745
349086
224147
-269543
-7841
546348
672581
352804
-510795
-755973
358151
136479
-180102
-260302
-120258
764754
-672141
319956
300848
-236751
-908180
-339188
721384
-624814
468436
718822
-62023
-647087
704557
667594
662683
486302
16679
-113170
-783241
-991163
-566823
889340
361642
-77617
-866634
-280207
-941139
-46735
459491
-61397
-281982
787351
-741442
-981135
-449400
-649621
-320322
-728017
-274435
-851886
990806
663543
-498973
695362
331136
-836291
181664
-652185
50539
398423
-643348
483717
287763
718295
-593901
421130
-561913
-535039
-625606
897579
403564
92413
684929
662123
111279
-764472
-987498
790957
-492488
-261932
939072
-501683
-598390
-559902
-806321
732747
-396192
375343
-919439
654347
-226234
-562786
138064
-938471
-844491
544164
482659
-406404
-990876
857053
-508825
412689
-50535
-823897
74812
-939257
-588368
87314
851701
-80856
825382
790772
417462
-773008
-769130
611141
959739
-165322
-13516
-959700
-510975
760251
-522485
627089
821780
-366976
171252
304438
226620
180377
161491
717795
-406935
-889044
893899
667878
-828300
-694470
-244809
-976599
224675
-419427
814174
-357864
-192434
-954957
-746723
-232696
-120279
239762
-192395
368746
12
285120
-4165
-178209
918144
-832913
-873771
144764
347464
287721
-137441
940530
398677
-243542
608407
570378
61988
-636402
593779
-713337
-55828
407953
-71201
751738
452996
182077
-480958
-667283
-578162
326647
701464
421850
-388233
-302701
-756359
-470090
-135614
-630130
674675
-788151
657591
-462767
-847621
56268
293692
760786
-373355
-644320
-875616
-779576
-357657
68556
628377
571143
-179707
81373
-246781
339335
414091
175057
-334018
115554
-403094
277749
812853
-159452
807660
-322762
210418
482334
-110912
-131991
-980433
41467
924278
313259
-197747
-449077
668939
-73362
-228652
-688718
995194
-600276
882425
-184513
481098
-364357
-845178
-104812
810700
-179196
-989259
-592394
-901447
823595
248154
906213
-499167
-541428
388546
389921
326582
408114
-568612
250859
-278627
233642
801782
-609688
-839721
-426871
-298406
-844527
-27146
-415982
-29040
-546048
219661
125782
349140
30361
946587
359882
437967
-954861
183477
-313879
951352
684310
144693
339898
74231
-528726
-251989
505620
722133
469385
-260739
523915
859697
-100459
-902956
-438710
55014
69898
145309
-974027
523851
-635031
151756
-127010
395331
98342
-767128
-166703
143481
416349
519418
94832
100658
-335889
-565271
-825111
135385
182741
680509
-142482
-347874
-580230
-618568
-488178
319311
-521524
73113
-625675
548375
-781579
-599702
72225
-416609
552055
945216
978722
-349604
-821912
-187981
793877
594437
-668563
-111291
-304905
-4452
323439
-130016
-869068
-493820
-449507
-11550
158306
-29737
369883
670129
-710426
848360
-256758
-336101
396735
-38336
64198
-531040
545056
-383748
-585824
523777
266648
-407736
-664204
60525
-813300
-332767
949235
-118204
662781
272673
751780
793714
778853
-697727
-217836
-62841
272536
-847954
-392712
562111
-999594
350530
-773991
397141
-687806
290207
866102
857250
906459
-719723
381027
173107
-127459
716823
-766368
59242
-615944
-817134
941038
-953163
455539
692818
840551
234392
995091
-377286
-828449
267627
-225239
-221161
-170263
-224832
-870631
55746
-827692
-558437
-654048
-961590
-701188
-747589
-681313
679840
425519
191228
396662
659151
-749531
780719
842017
-808494
827556
297556
884324
668106
-468053
879415
-709180
-296501
147041
65582
482338
976778
840750
611708
32524
-986942
-946730
378477
-948532
-647917
630888
-629845
-968078
56406
561384
428585
-284443
811854
209303
-442427
-996641
36858
855129
887684
-295037
-612924
767099
-4216
90575
-85861
-938635
-427088
-109083
902116
-815381
923441
915174
-762110
301917
966642
-410027
-67195
-663203
-378104
989212
898182
-949520
-295232
710035
259783
262341
713395
-703360
117470
601079
1604
504546
368177
997389
-404880
-717684
-941247
168033
173233
960869
352653
96674
876043
590543
-601409
842685
-819484
331397
-820518
-197587
320608
-922337
-147107
-974624
787698
-887324
287718
501093
-590683
-594813
102171
410921
909733
-529652
408310
-495147
-247336
467063
672886
925898
427932
25538
22572
303975
-383919
421163
146659
-203402
-247440
326141
599011
-926833
403804
-548096
-901456
191502
-435420
386262
-307406
-26103
791450
794765
-615182
701183
-734888
793128
-793965
17777
260191
878922
-56326
-311877
-95540
966246
992098
520541
387409
138756
-682861
-860032
-535103
916151
-786864
868701
-631946
-688320
60202
-67365
697942
752797
906533
489392
547561
-708650
190574
812674
-915522
396609
-169550
344670
275530
774125
-967207
-820011
740370
-975110
700531
127778
163647
-982330
267747
628544
933821
480883
497245
-698126
792563
-442553
234509
490505
-689757
141042
-20104
857805
432392
-829531
670479
516871
567079
-499071
-138459
-157391
-724947
-105666
22599
-984577
-80775
-276870
143202
-917128
-259200
-589052
711417
-325380
891831
208662
-23505
684394
766109
-788996
174898
-923648
352046
-845206
934158
-215562
-674736
604637
-698691
892343
-894435
162850
-265048
-619381
-942816
757551
-603958
-23590
-519319
539244
59283
221481
950193
-229301
896102
842023
979362
-127404
526416
745470
83601
-298686
821823
-564354
-143891
755981
220085
181373
360617
521394
73716
466183
-315756
808668
846802
-258571
566219
-757157
717839
-953100
782088
-222878
268381
732280
547821
164483
574303
527182
-962921
100719
272652
120680
802034
94475
556327
-341858
-149544
-223589
839515
-788928
-702195
-86769
677256
-17951
-278102
524057
723479
-711883
766901
441318
-664983
548989
-781561
603399
281268
766261
-232119
-144429
293443
-195039
956291
-433906
925641
758324
660570
481968
-583534
-488974
-741621
-744019
-277902
-443816
169212
-600646
538234
891111
923411
261712
-820772
690311
-296971
-485755
239299
-78532
-882356
-479433
-312272
-114474
376139
981171
690487
332430
-452735
616128
90754
-792165
98095
507220
-281139
356474
763201
440960
912659
-67587
840314
450893
-176477
763725
-287396
2751
454036
415634
516997
-306665
-662898
634642
213903
24831
-479833
-409959
6002
-789346
922472
553268
826782
13225
761104
-75123
-479556
-520036
-718649
-716355
920925
-805990
216058
761239
644903
-960420
524963
-642493
42332
-21002
773141
-440672
672333
-889757
-806031
-113765
135074
-285863
476277
-858924
-75209
398748
694344
-248427
-588028
455447
676450
-67583
935412
957802
216062
856337
-848189
-567881
617575
796714
-528300
142537
-845780
514032
-878466
927362
-926640
793868
-962395
-732670
-319897
172680
-18533
-843620
313756
906259
555128
8100
-342168
967101
-536453
-665719
-100483
-601041
-707917
-884421
-744705
-556106
-452301
872870
-759392
19399
15406
-605171
-466569
136941
-677809
-393209
-69192
-640204
-125878
610912
532476
855590
767292
-153768
761848
322420
854333
-580321
289520
-682121
-246039
-810963
-283161
46045
-695383
-27866
489939
-147684
-154997
730548
871715
860410
-874623
-594854
-2650
-552432
11938
928159
-192635
886060
539071
-660159
741649
306362
186074
503496
-371219
40406
923176
918302
358286
-322863
-892662
-924876
723182
-588045
47258
213121
264272
892262
-56332
135987
752671
69045
541133
-249979
516614
-446930
-321820
-676022
-560871
-782750
-336180
-819223
523613
849894
684274
-847607
-109701
607450
-929306
-751415
-715414
-821967
-676291
-992232
-410011
370968
220889
854261
263229
-835444
-9753
15900
233602
-468620
765922
-249784
84450
-555899
74195
523580
-338648
738015
704358
-815036
587908
388631
-662642
-521793
-3919
-591947
-273208
280668
-413913
50502
288436
176076
-578531
-490676
30337
684698
-326119
-979416
-299402
907483
-448036
-533481
-342301
636415
-89379
731894
159994
571974
469908
-135649
756938
57816
-747018
-905704
536023
249063
-497651
-737185
-470269
88436
313317
818167
-735488
734786
-672510
294849
419484
1371
315433
-879918
-91146
867398
-413399
566553
503812
497223
298447
-336195
69196
-231646
528157
-173866
826171
781139
-79570
362194
30202
422780
625009
559934
-488784
-61674
378100
-224272
-326888
705590
-929424
-907405
-293039
386010
-787323
615816
253408
-200721
182369
-242781
-703498
-519185
421025
365698
249170
-50818
-808168
75340
-269679
112263
-562466
760523
-464958
-937458
320456
46258
869
-301444
821987
673981
-595854
892564
766577
111107
278574
979255
-273078
-468019
-221467
909292
289201
75035
-609894
-289775
-559267
639276
659407
-367434
-285384
-610273
744829
152150
-849750
-720129
214693
470707
326130
-784438
-830737
148116
889543
-426591
40679
656119
684516
-680748
635373
-588562
-148767
-586094
-679271
-859566
488942
-289164
-149341
929676
-649888
-489934
-437759
64728
-100206
-692930
-783122
50045
-413059
431571
-479248
913071
647133
-309985
61187
536676
263425
-898135
192795
-52059
-578882
-171832
359379
272352
242074
680109
412786
-268984
-609055
-736556
-339308
-258943
-226489
222933
805785
673306
530004
-977337
-276649
-883056
454235
244103
-969985
101367
934119
91202
-361957
197543
193068
830838
-854517
614186
-340995
504863
-113463
901080
184972
-700678
-367905
575917
-437233
292787
-683027
336279
-484280
-877242
9584
-954277
-854579
732935
-837332
599657
-22962
-807317
-298977
-88844
283886
339067
-891301
-523047
169904
-745817
-908861
828910
759047
-22324
729990
-55981
276999
-637915
-480065
839766
654873
-163091
176044
-829408
-40332
-814372
-783684
105090
918563
-621015
-295254
-104400
-428331
405770
806757
855555
-255163
915456
-667492
914742
-830361
-576352
743651
928686
401324
473641
-127296
-321677
835726
392640
-481912
490598
-770451
694133
661191
189218
879761
877507
-705692
798324
-743508
-946
-306077
-171839
-595176
-499320
-316284
149661
-583865
16225
64402
-414225
439873
-191947
-485539
-158804
-718307
387166
519519
-882581
-220194
-962393
608017
9355
731741
269207
-801427
611502
146714
-507119
409825
403206
491936
-896253
-768633
896761
-395572
-84917
46422
20564
931308
-889176
606339
371180
-81123
-879201
-787624
200571
507966
731896
317990
-712229
769504
-73993
297127
501244
-804787
495700
112745
341928
988582
-477431
-254866
480517
-373683
-23499
377277
230745
891584
-576301
-748692
822892
-465477
857648
194071
453401
978448
406448
-346029
486413
138343
971962
774184
-92154
-102032
71310
-590910
93182
-432990
521835
-564890
-444409
-955596
180244
-963893
-329278
-843256
413385
901468
-951672
837084
-847225
871221
-628393
-989577
65292
825008
988871
-528261
-521021
475283
610083
-549060
249466
-482072
348909
-679224
-72981
-557909
-112214
-551146
-122799
443377
-506742
-942555
479485
163981
-785811
-107130
65448
-737482
-270046
218224
-866262
101561
228647
199030
-73432
217517
670770
405547
-307200
280852
856488
942267
798781
205396
-736958
-274201
647488
150828
174653
-475312
-405795
667912
-417867
-926311
-168107
-203677
-33440
897341
58842
696514
115565
192580
-201926
-655789
-608390
724642
561729
-937621
130189
-745472
343232
-13324
-803206
142012
-807928
-540163
867812
839560
610666
42465
-635752
-795130
-289623
-53618
-721440
542270
742706
245121
439611
-198453
-58366
-444825
994128
739709
-100614
-614262
464351
-538885
-551883
-405461
-284357
791350
581215
-87562
-66638
773288
372276
-198827
612847
-17059
843638
977096
187812
-445985
-76523
466373
-903716
-333818
-288507
535895
467730
653128
-908931
461857
392836
-9544
847596
-142814
451571
-704287
451726
-832786
-912938
32940
79653
20424
-193772
-548072
821597
-580926
434870
665235
-603830
-377319
-780751
319647
-910946
-684466
985830
-199453
851429
453560
-546326
942499
-84583
846511
-67046
-236988
-296304
-615476
58725
-844579
-448262
145787
188362
631391
-833789
994591
-916681
987808
-586335
518189
653043
-190165
-859130
872293
-870518
-770076
-812174
-884688
30472
-960745
568872
484147
981754
-515712
330657
-85293
247301
-965647
299232
-693975
-810225
850971
451813
378138
482362
618024
372729
565681
605831
786394
83870
258874
-403772
224741
131166
-274290
454665
318993
-158978
-514863
358248
-590106
969284
340001
-105818
299941
-745292
-858518
334295
553940
-552492
524071
404911
899321
-97791
-112728
517344
-725063
-547047
123175
-938670
536824
-617952
-342441
-238436
513215
383270
-783772
-167793
-775708
-298634
-809546
-365814
-329350
530456
528369
970592
785164
669852
304886
339104
-882641
-171043
-255986
-983321
731167
631287
534024
-993897
-915760
-342802
-932566
621064
39247
-275006
-617373
-447539
-891737
-401144
384669
-667445
300222
575123
-33259
970872
105578
-504891
941463
-109258
-835040
246349
-770154
-717680
-924694
-26139
-701000
806473
-394853
833024
812577
-310613
-509778
880012
-689549
529469
-394995
-306922
-918070
-286732
291934
466599
45824
-407845
41722
-987436
-436973
-852701
-492326
-495510
38042
-327365
750840
267888
-45045
826147
-758252
253956
632619
-153104
86979
445196
536284
577201
325207
846735
106670
930213
-460187
188600
-356519
831747
-344802
689305
-576098
696920
701870
-13070
844220
-790456
491421
-117738
-117820
242260
-849851
837136
68406
-608102
91091
-298975
238795
-821931
-853780
-224921
755271
471428
-378186
-138060
401641
161627
-949461
-954879
-6627
-294262
734427
417276
-597342
436297
-595794
-753123
645842
895627
129140
-471979
137886
279289
-634844
-793708
671188
456247
-92683
-90017
634317
53538
685062
389587
-475034
-693125
-748473
926607
468503
-697934
971729
-538124
7805
706155
879152
410463
142452
-716643
657341
-211707
-821017
-213520
316314
316870
-934231
681470
523162
736957
137717
-569522
-353060
-227967
484017
-667998
-838380
-991018
-361122
-586853
935589
-892620
-284786
907317
-430744
723019
613472
-551592
133481
-244077
-268235
-209179
544216
-89251
577301
-139470
-772381
643070
-458000
750781
380027
679717
-818741
-973033
-548250
665276
-641031
-386629
674258
-2153
26518
609846
105227
741733
517163
674484
464751
130634
-877109
-401768
886558
-145343
389054
430774
765407
-33645
-708697
993026
-390575
-166696
743806
989452
-486980
925065
-983581
-35229
590340
-624612
578142
264598
373235
-395340
-125557
-521538
-653608
-608394
-847054
811144
522240
-724163
-590624
408798
130495
798430
-160429
-104099
-235216
130874
-111074
374209
964178
-367269
363661
-522802
-442204
380080
441970
-851864
755468
20111
412734
128703
624772
-712823
607166
971165
-321216
760112
782308
-798977
-964051
-808317
609822
166444
990114
-550608
-937656
-245103
580267
-48730
-870895
544445
584002
492767
-978357
-858202
-127154
463613
-710065
-371686
-516276
702669
757018
-891505
989847
364183
-920341
-331370
124295
861968
-130346
160244
-946349
-520525
-673313
-956236
-71132
-610968
-201339
-490866
340303
-72233
-946422
-75695
-579466
-924779
66103
293380
538835
356039
921694
-977442
58708
678711
-868946
48554
42894
-789286
717185
-832812
-927319
-413161
327433
-873667
66315
654121
-829903
995183
-956848
-31241
-495684
383456
896527
-442105
-692240
-682940
-366883
373864
610441
-828049
-270098
532135
-805491
788610
210845
-674436
-162836
-746261
-463722
-445651
-579072
-391041
141188
748361
-264707
-792498
402481
-94610
-797315
445634
874150
-292999
-170911
770677
264897
136850
-912264
898014
-489287
698177
-930036
240616
230312
-735526
29226
-558843
-409962
866390
-305104
126316
-579262
115824
735276
561927
-135815
-529431
769430
-733335
375960
972115
712300
250109
-320884
-458612
20785
944013
678238
108522
842026
-811049
-193301
911991
429568
-962990
-823536
-541207
-521833
-233497
-674817
173064
892820
-254078
-711113
628096
-692152
153072
-901336
-922723
419738
474624
-950608
132037
-275268
-271492
673426
745518
-327480
351664
-145960
-485455
540616
660739
-573464
-29817
697750
-396999
428976
-824084
369504
754160
348980
262323
-499919
637868
-109581
-192071
-209060
-10917
-114793
-789323
-536294
-65401
342715
188439
663107
16140
-66043
-664373
-632197
787997
-149827
908419
448736
276709
-121398
146485
879710
-692422
322402
249213
-938263
-328618
-488464
-438182
-690750
401955
369748
100190
-608962
-745045
310868
-145256
189555
-346418
-956817
-147338
669723
-22860
188289
-962475
-234864
-961539
945945
-786128
315170
-175454
360357
194879
132124
-317241
-555908
193861
354141
-44371
755680
663391
-642417
125428
-236419
-251379
380383
-925552
603366
-430062
-271970
646549
422600
-602248
-376311
-389112
-564722
388826
-350651
-618777
602698
964520
205769
-36945
159399
-662107
645814
603491
531755
-45
-440881
287435
-336655
-83297
-587138
426926
665325
793246
501375
268691
-636817
-770595
-84761
785783
-372842
538929
-603329
62437
-72246
46021
443660
-469549
10540
-350571
493506
-830062
-12678
139319
773430
-480923
-860727
-667451
806512
-197381
249252
-780627
-770455
-85423
-987381
730920
-816733
-624198
960326
98507
-838415
-412517
-362565
-441744
649920
565189
604277
93579
-904361
-385184
743008
589146
-215245
-269670
-271535
-441816
249407
-132262
-109266
55918
670358
-860014
275292
899903
54563
287911
630823
237830
663714
591148
-663663
825299
-821370
-26228
-616446
828550
-461039
987831
-77871
-365400
-397353
-334863
-776254
387402
395467
-47789
945587
-355126
819950
-163680
700793
490307
-23694
-23916
390210
-969131
-736005
21032
268700
927710
-387820
605037
753008
-209190
-421191
-863439
-380640
117770
-875608
541490
752371
-272961
-793374
976117
-885559
602094
-71672
-939973
-753033
-251723
-103652
947760
-761417
872655
-76156
628793
903524
187839
-350175
172224
115548
262005
-222740
-131444
-947185
356070
5117
-327825
-526161
129510
-786335
-773791
856549
-579709
-797674
970990
-977616
130654
-968983
-730648
878931
-72635
-782889
-882486
-199980
140955
746308
-296457
-671207
-603868
875768
444342
658137
-346973
-687103
710953
-990903
318015
-616872
-517064
-552476
-403207
-290854
-695927
17084
-88528
-724937
39469
-957874
-693920
308821
921058
233446
525933
-961429
-966535
-333113
784879
-262991
-4319
-818989
-387224
-559978
839149
265804
-247080
550101
274901
-929065
933229
757838
-481541
-469979
-533017
-177467
547106
378456
97596
-413425
420583
403677
895397
341640
-362878
421329
380212
-329412
-911785
165090
407597
83897
346102
-979627
523920
185250
286177
-723161
-264650
-438922
-652225
-331421
-681085
-133766
198600
-214101
688768
-254294
-835645
-213637
332282
584938
-809960
227678
-73422
-172837
-350993
-693211
497751
-262777
471880
-94652
821120
-182019
-74279
345039
-996770
-788102
621879
-261419
-227023
969654
407160
91893
-164112
-394240
877792
-475345
351467
-957853
311019
-316252
627085
501059
911426
-446338
-671779
-439567
-139548
825973
297656
-667669
-268680
118775
150312
657042
-536186
153542
868941
-914308
892123
-358083
-944654
299283
733810
-108765
905043
611602
415890
256509
653749
-273091
940258
280834
-772032
851684
834497
-443810
-587884
-305052
-617838
709772
27279
113483
-171454
-822410
-229475
292360
331133
-360535
378053
223256
281383
433400
-477462
15192
-675366
-572419
-373206
740525
684091
-719458
-532566
624348
561376
-304598
476031
395872
251592
888148
-909180
633755
597919
118099
-252762
-573535
295690
517763
718826
-373178
-842772
96879
850079
438611
-469722
-627383
-546197
-145087
-199801
80598
-404563
-515711
361140
62871
-891363
-77484
758274
584669
-681613
9866
472816
-590792
-356380
70735
527307
390858
497200
-177004
-91379
216025
449819
65850
-687096
299898
-495539
-156818
672515
-41736
698096
-527287
-961138
-706468
-42997
400002
356404
65640
-677483
114678
-349691
-359095
-875457
-876876
50113
-231837
193859
-422580
-840979
-308942
400417
67643
907084
-149764
-866508
-780013
-849867
-362047
63170
822649
596218
-238735
-704638
635080
54798
252365
35082
-588798
-681995
357599
525880
-31686
998505
650423
91438
48618
-581414
-714703
626039
-422392
-23644
26455
645251
-116561
876691
778743
103427
-973177
-583304
-833404
849473
-987087
-72138
-855166
647994
982660
397200
-316925
-606139
715205
-959326
919741
-316481
-960822
570164
774958
87797
988750
-939746
-286164
-433643
36611
740291
-788392
920050
616982
990352
23477
643806
-592953
190074
493278
-580039
-882065
638112
-932046
-899406
35312
-248971
-505544
-249484
-208297
-585804
434036
-169118
984361
208993
918680
973110
269248
-367485
-460533
-694142
-627195
-248925
-774092
989787
-258574
249385
633592
148474
-560542
126870
568435
-442606
-235019
636389
-342011
800294
-612583
152445
-449191
179121
566642
984846
-989998
551002
193838
928682
524111
-536914
-438803
-936422
-231056
-65998
-185346
-5147
-76211
556080
-755763
-442619
-295446
-316304
684251
-727012
241091
-550768
909378
899080
-750475
-703205
51524
-199665
475916
-381834
-214820
485919
-830833
979019
414600
693279
-557896
975797
756857
211049
-90201
-428489
-794099
833589
-872410
-549861
-609031
-167855
133835
-924781
105133
-625074
-475549
14511
-725995
-226023
311306
325530
574312
-212779
943696
-640509
-726861
-887138
-661490
687740
806142
-219385
663537
562999
991664
-426665
-865491
-802435
-593076
-737900
-352296
-202107
94245
781540
-126888
-800622
-843535
397564
213889
-569530
-828460
-474806
756000
745852
312416
699696
-894657
585555
812559
-556146
273295
618700
224469
-63169
181699
216133
510167
316208
413698
917091
578309
-938599
-285017
-327447
842942
588096
-128068
999407
-14341
-914180
-570123
157200
-388985
-814123
-96948
923431
885573
8396
508986
698131
452250
-217720
316831
-323282
719111
-501471
892851
229277
814738
306549
146368
393046
367951
861351
-934401
210892
449447
-62469
210298
-564894
23352
640175
592306
634367
826053
-504642
557798
711625
503754
66783
409756
-43997
849063
-273413
632722
568173
225116
525573
-202550
39854
-167879
943819
-567101
-799929
805169
-501502
410964
254616
436030
-378739
689722
-540619
-738564
282028
-906253
-912512
777387
651546
799114
281140
-281672
208870
-762857
-432610
935457
869866
-864437
160573
395439
-66986
-799574
-772441
-123168
-366674
-572369
-317999
131824
838595
936617
-432147
-540144
626339
27235
-278707
-91634
120983
-191218
-314248
-227472
-392105
966893
490856
816766
-795964
-941754
752222
-926099
-806191
-87206
469340
126823
113221
696900
-996345
746547
-875469
-314344
-121630
963127
-377728
446224
-577018
-751389
-526542
144276
156978
594442
953058
842731
-633031
-439047
809623
857825
-622282
-986342
916071
-870061
-912440
-890120
42734
556900
236703
-844046
253800
240359
902501
378331
926015
-219129
341457
-451713
-772905
764440
-203102
-299446
-91285
953876
-705005
-138228
796606
-338036
422725
606229
-480211
800444
619888
-564141
930383
707448
-454261
-26883
264348
782443
129071
-481853
22801
31572
896479
-51184
812443
237935
497103
-960462
2375
-705999
-259908
911090
-752124
35087
-227138
-955518
697052
-804413
650712
-783160
996031
270599
-347300
926414
-21953
198440
-100470
-757606
-19118
-971399
-239458
-996317
60173
-342980
-47500
-127384
894956
-550398
-87845
-102670
-256396
652247
-191580
-8519
-312666
581283
35963
-615614
776870
-313326
-398774
772901
957274
253926
699315
-64680
-547634
-401156
177715
433249
-372554
938257
436932
687620
-404724
-610568
-439765
-509768
-160965
472390
387562
582639
124637
-804018
-425881
811972
777265
610083
-803643
554135
-703243
-202416
327035
-745970
-948490
26350
189351
-496124
625195
-632935
937125
-747360
-694679
374057
940260
-99402
763489
-499505
390830
-397477
972886
-221608
-814839
97523
-25626
-240720
-90506
-248361
-630638
105852
-694227
-333881
903436
632809
-79850
954946
-340842
-890500
-541179
-715647
-523435
-604054
-463007
-218113
770003
-522747
682486
533491
-22252
73316
-863987
-49367
851708
-678825
-951845
-173918
80456
-42350
577721
449819
-936499
883495
-884062
966937
516304
36088
921883
-824538
145589
-619296
-540185
622155
-223350
-3192
-595958
-453348
474061
-913473
-919857
-548191
159843
-783843
402442
11551
-462668
450598
837633
617789
-591752
415354
67607
-528250
298849
183545
-561314
-184848
-780367
-639431
-9386
365223
-258727
450429
-12623
517924
-552763
391419
-935425
921298
477947
-855282
-626894
-362211
-639125
775549
649341
-101792
226147
486973
-484004
634396
-97673
583604
-893855
-798825
-232851
-455168
16327
-13218
-94599
-993059
-647996
646675
457370
339382
164598
904608
-269200
229174
825905
-791254
373892
-800989
-153464
734768
974561
-504124
-367024
200708
982850
148973
-164896
-114824
-267424
-58751
86352
499725
486081
-897321
-513493
-608518
-890380
-161488
-961843
566991
-822107
202755
471599
-91306
-568072
297504
117441
805821
496515
963977
540589
471076
-540147
-826436
-328216
-557297
322537
506888
327880
-944887
-551864
-585769
554838
934218
-483089
-958656
-674300
-373468
-120144
-636143
-806477
57750
566612
665122
966444
998541
-37375
83884
804361
-540860
47861
344950
930217
507714
518514
-398000
950417
-158949
-891112
278296
-103836
-442976
692528
-548998
-508758
-790562
-507653
-183057
-164030
372203
180800
29494
-570047
-252588
-305385
-603604
-254047
657240
480280
-449686
-883621
-471860
895264
-953405
-964146
413777
-351404
986271
-745172
-242516
264567
150992
314509
-42905
601994
805752
166534
-905660
-377306
-997496
466544
803494
31998
896497
-449094
726613
-707108
296859
383852
773173
847173
500232
-698688
742436
546828
-662833
156213
-804577
-676563
411041
-47093
588005
-437967
-732584
-454900
-835974
-926833
711634
-741633
-304139
714138
724912
-500645
-253865
621409
50261
-527252
914302
-652881
856601
687474
-805708
356832
988787
936728
-96341
-674047
92940
99083
-350609
-496019
-948010
-762604
66014
-680594
-217504
230041
-607427
-505871
488409
88434
-791734
213320
587789
-45598
-165272
-361950
427150
-250971
-14831
283750
-563497
179462
-359418
-574711
116189
544242
-248757
-790871
-356676
400634
-286890
-304685
638030
779125
14721
-579475
9165
407295
-85345
-502427
-504272
122922
710894
-916483
-922677
-454379
-278433
504474
294651
706737
-211776
731154
-113802
428806
-843558
-997613
-26953
-92315
-788483
616372
-691681
-75372
-688314
946350
-296248
326408
-633125
712918
-266298
281530
-789509
229430
-595549
921385
312948
-518225
-532995
-965485
986249
761657
741253
-225528
492810
-372549
-796722
649253
-370162
176325
-443062
-158644
-207303
-134743
765984
104383
-188394
-530265
-569210
178482
-817348
164493
-539989
-606857
-606078
-135537
-685472
706871
346238
-218467
741387
332487
-456811
482639
-893041
-964001
-889911
-689763
685252
-260072
486563
-757811
581284
-720741
107447
347267
383643
919054
817003
814434
97535
999656
-21074
557546
-607201
372849
-577991
-292673
79720
768247
488861
-178894
100734
-967950
-696256
207693
-931951
-586166
517931
753301
153762
4493
995491
-264954
283753
102937
-917687
-332605
21990
899317
-518171
-880476
898972
460755
677071
-708230
-166396
-900921
-902
913324
867327
-512042
-265571
-31940
-479992
38173
-824247
-411943
452007
693684
-658642
-394231
-301824
-663152
340816
981929
439785
423129
-350676
-538225
322446
131153
-418701
221417
-408093
-741630
513188
425512
-642551
-487715
338835
-775224
243
-926737
192836
520252
111437
368589
-891692
-436556
62273
-550333
169214
760449
-213485
-489971
742378
-773700
933159
-608299
-311925
255604
522854
269375
-522979
-885239
527745
990209
540273
885195
-497506
-120892
-890030
502738
-47628
302807
22989
-936192
-328604
131298
-372747
733669
580966
796467
494118
-632520
-693504
236495
-406220
-760345
628197
281856
495260
151050
-448770
972281
265812
-921025
962490
-193915
964171
-535016
685193
-925859
967722
-362436
376948
-9289
-298627
-951656
-877991
328626
782014
702975
125093
276131
-929545
431589
-487374
-335764
671244
-859178
946092
166504
291873
-502678
138785
-442316
-423702
101274
363769
-459532
566259
48962
-385391
533981
686526
991558
-475308
-612102
-960098
-353299
716525
821916
-650324
-158383
98047
-579868
-726795
610674
84368
944450
751496
30460
110953
43369
527782
-750263
601053
-895920
351012
-35178
-355452
-82729
-986217
259158
-548749
700310
250715
-24057
-911793
290618
622645
804732
112533
972321
-353651
-789420
-607548
-80446
821254
476821
-135996
572750
-492720
974958
-383882
-964938
-775305
-782829
-860858
575708
181993
-216309
-507022
195777
-957152
-55771
-103914
293564
920173
-15707
-415819
542817
-210975
696715
515138
435374
907295
907591
-645072
728549
384411
218933
301299
891692
193890
917417
926754
418585
-865412
-934104
-5708
316581
-150413
487271
-487643
-107564
-568501
408444
-814001
-648329
-607264
-229819
894489
181762
-533105
409626
-382864
-625810
317216
-27936
-897262
-298373
-809003
404037
-406681
384887
321454
-479928
-196528
456042
-414031
797765
-227377
435557
285035
284981
-672007
716534
-306576
-486008
-931795
86161
284174
962694
-732078
751069
372319
-114941
-874742
-310465
857124
-772003
391163
-951880
632035
984482
433007
-46512
-495446
-763522
-590471
90524
-965758
182153
-473920
319277
-532867
-145927
35811
160557
368066
104016
-753283
-347760
66710
-485360
-596692
-560971
399699
-471433
128565
256822
-243436
-480273
304942
-611402
-495791
-262052
342087
8763
-25573
751617
-900714
8670
-66231
-374633
-672053
400902
479441
363759
-438541
-152493
-532225
-191824
499747
534485
322816
903056
973514
-277485
-568378
102078
979337
188187
621806
284278
576785
-873986
-977774
-81128
134778
-3346
-329512
234064
-994676
604257
859432
-666729
5158
338872
697031
566618
-813621
-835195
-625207
686126
699290
697610
589181
672804
-579876
-979197
-225119
-600539
208990
-603313
683740
-214225
-477299
705967
704647
657479
-297380
-624866
-108457
-292055
979391
-249025
41217
-15451
-910153
-261753
-448834
-723774
-96948
-74040
962353
-397658
-376430
551533
-724855
43695
572337
50027
443156
-218674
446714
126895
567101
969416
-167139
271747
626895
535482
646881
-481562
-756574
626272
269413
284643
-389179
359260
-977111
161988
635487
-74058
-912053
597839
528284
-288483
149372
803429
755212
-278292
-146545
198368
503034
-699831
-674738
70135
-730416
158124
-658119
896480
-306395
988763
-585083
-62969
615035
684330
-778326
-774145
43590
-755437
387843
-320924
170505
475791
-723085
-301212
-812693
426287
-497783
942520
-852005
355673
140887
651030
655842
466150
-278836
925427
-375727
63046
821906
317878
51809
-763177
-745091
-333157
921154
-523417
-107302
-35256
-278853
-719459
643821
891652
756332
920736
-409560
943640
347023
92658
886160
495018
-551670
27047
146048
-895828
-506804
867212
-970402
117470
-69743
851505
-564652
982066
-911672
-309743
-351091
-990519
166840
541608
-25775
887988
822149
-381955
779639
578481
-461219
-629921
522121
885804
462737
408280
380822
911068
-564674
-473131
-984761
-71477
-605919
-955162
-954008
324338
896343
-518660
306404
984672
171598
955313
994153
-661562
496920
-31622
-773575
319069
586424
-993936
-102450
-874796
-623857
-580330
-988992
838881
827951
391831
749948
-736723
918701
765187
191800
-687219
810026
237793
637120
706369
719134
-56476
691040
-109268
-101163
685193
229170
-604243
-346430
455595
714826
-760006
461659
-387624
-634801
837803
32046
-623793
676684
-140004
768039
426631
123273
686739
191818
-684927
999521
1843
552867
636640
-291789
272000
-419836
-600749
-837269
479001
-915557
391902
874758
-261987
-152504
589584
-21992
-690845
-798041
343207
-853042
234006
719415
823642
-905998
487453
250273
217275
174192
-557909
532349
173712
443935
85215
-189648
-847855
-642785
390516
-448604
-480053
-130483
-364160
911849
-255725
373853
-240655
-666142
-648139
68501
-464182
695068
215460
769825
414482
39101
863827
-98066
-710626
81102
-923875
-268535
-386550
249838
-824600
698666
-939811
-672454
-944120
450706
-121057
-424172
-679778
514783
-512324
64497
-111364
247022
398356
240497
-684477
934174
-64436
530983
703999
-649955
-429916
567825
251980
-140542
-351074
328106
590924
262377
-422057
766324
-38958
-361867
-906131
16923
-911162
-27187
592751
-590939
-512405
-919573
473559
376231
327450
-128086
-383273
642973
-193912
552292
173955
-489914
902337
744039
-922090
154317
-396503
-273163
-517578
-805579
989214
60366
960746
-49745
698499
-945385
967179
787338
27428
559930
-803602
515023
640358
669957
-108747
-32193
-458129
507981
-389220
347959
60272
784736
858046
-37391
528775
935957
-883075
-867729
-337207
-400652
-673307
-347994
659714
-712562
602262
358212
-657946
569441
145550
369482
129370
341948
-115495
-230272
11905
775759
737535
553776
283739
-651685
-98265
-655989
-866950
-240219
306620
661825
-304263
423545
794097
358530
-977108
-879211
-989464
682607
-591772
612799
40819
-249718
182239
-813632
-880236
-688391
528317
4269
81337
-459779
-219973
-181128
-906003
-936234
167187
-4267
-592223
300237
755514
714397
-37938
-548749
137942
-243842
809781
160835
-123052
820318
-156559
285176
433116
884260
-964542
-384645
-929372
-844778
-73036
598945
159491
-991700
-860834
939519
-172827
-766836
-996716
