-100649
398073
330474
443038
731400
86238
53235
825955
496175
-642689
-460487
-704308
-389123
-765558
-615589
330522
529082
819675
-733292
246872
-480568
355034
-151163
617988
558158
-480115
264719
-649029
736594
893342
233582
-364055
291415
-435944
-921018
22814
650294
132217
-151231
146469
489529
388282
442162
-899595
622725
826574
430927
151807
646249
697636
-601322
-834320
52669
247515
783668
-389173
767401
48387
-38202
503995
-58272
-804620
-860060
-766857
-240564
-781078
255957
-590270
351140
-895275
556199
-159331
493008
-1639
-58926
115732
-175066
-627999
-732462
-528818
-930363
-333783
-363138
122307
913733
-579470
733134
681133
468918
-305068
185128
-589354
-109688
325068
-356211
649748
543990
899746
-940523
-104870
-995529
615677
735799
497479
-385963
-323127
-386789
438972
48875
-119251
910155
118512
546967
-452983
-759181
460699
-32453
973954
141831
-563535
-331115
-673041
-152889
559197
652027
490900
208945
196016
390645
268423
-908854
395116
-115901
826945
-107405
498137
-496182
505806
-62891
552693
-613445
-152737
-328795
933523
394280
-87975
394221
-638173
-114022
-463948
-201708
554863
-136989
645403
114060
-484963
136302
-676996
711054
-473053
591427
802200
922064
-524474
629145
-185341
973664
-867038
-679535
-89227
685656
-292979
758036
-643140
-359457
152316
268885
-965237
514144
-845137
-429184
-687565
709726
433827
957839
-176215
948865
94141
146790
659918
621089
-261784
462118
543152
213743
91262
-642189
187407
224225
-321724
-901821
-90120
385297
856216
266741
-974161
8531
-464374
-939397
-477326
-309511
-368580
-164890
-599786
-934754
-207052
224000
-985890
887089
-629211
674029
508177
109006
136146
51329
-677251
-772592
409141
510156
451633
-912584
608335
-638488
472714
464550
628254
498554
-526919
-836121
559158
-4244
-145632
-809423
830866
254583
-744177
-376187
-521418
-730066
-489098
-150628
943964
-980921
958379
80110
70409
-718873
307518
-520451
791283
-240849
-433034
399618
120663
-960321
-135832
-251084
538234
337250
-87204
97391
-666995
767164
287968
-836130
21747
543792
-212316
500329
813727
298586
-650299
757690
317666
-691921
-162201
-611925
-410793
-854683
-132376
-619510
-95532
434590
780108
-974869
474270
-355724
-225952
12503
981526
686844
-890107
-685469
454008
397862
-521599
-524246
-58347
266085
976084
-244621
-435329
-674216
-486931
882338
-366136
350869
-729588
223071
496186
138037
603561
-599346
-427374
383669
-574215
-953104
-972055
199833
59400
-990529
-113323
169293
-675998
-659316
-432845
-197597
-183562
508808
-931512
-207479
-735814
-366840
118306
-222744
-484502
752171
-871876
-214090
-24759
624310
923947
-421198
-975037
-503427
962472
-549251
-456530
990418
650583
602870
999889
-462741
-227837
-676109
-122056
339318
126295
694382
-151875
194783
-513097
112312
827944
605210
889568
-656559
357380
-982309
129352
-667379
642002
53299
-88576
666966
549872
-126104
-882286
-906658
-135687
768297
696212
-135798
-694444
-531625
188093
183500
807693
-685613
-122118
-344182
509171
364786
768130
337115
-30005
657698
680556
-672626
675390
-190092
-340004
317391
863207
571420
-15644
413079
-554685
102071
506421
309628
-129632
202633
-826171
175924
671008
361923
-640576
478701
676310
237306
-865482
185480
-397909
902649
-477406
572087
560346
-796850
899461
235736
13059
-440544
-446874
-123735
-869124
537483
-710656
-423809
-360446
795766
885819
509922
-1602
-940352
-314154
-330594
421572
45271
-851894
97881
-717424
-717375
-716639
-115332
-814726
-194044
-543246
745621
9107
-643785
-18644
-977835
-84328
534483
-101569
46548
71965
187775
622739
711519
-16460
508558
221441
981939
568207
907288
-348656
-10222
-47442
-200549
-912341
235135
82077
-628980
-880198
267351
176977
-423443
12972
-813917
-67228
994328
-791752
848444
528810
106679
-105008
-399225
-705546
-482270
-687707
277994
-973712
533735
259932
594495
441022
911277
-415727
-606420
-289272
-328068
628715
792806
42952
748518
60157
-780071
-674926
-926872
-593988
257847
-932545
-385740
106291
596266
720940
-998718
-802960
-984607
-480987
-490666
293388
-454699
-956932
-446680
-860204
484091
-535403
-275931
877671
175326
396001
506386
-31869
-561047
254903
-971713
-341118
579978
-898584
64895
-162176
-831129
679156
944116
765138
400095
945398
962178
415489
-535589
-528489
-291124
9713
-485420
262196
149509
998671
726794
873579
876342
-97881
269579
382727
870250
708533
-362370
898538
-632585
-782393
999954
432310
55432
-831175
111465
-453
933963
-488440
-55055
896140
927049
409356
-632349
-364075
-580932
-117769
898122
568578
-119098
624915
442156
-242757
-472967
-288265
-860030
-602717
-579733
-222400
-704180
-212317
-4793
-704226
-780007
-949362
-535401
331458
50186
-601438
843019
995131
-705298
770068
404486
-337647
-594008
823555
544585
-695886
392132
-574514
929029
-165713
182730
-543938
546022
322700
-146655
966290
-899700
149165
-246028
95507
444939
-26034
146146
909539
-694576
-803669
-691900
-851558
-808538
-397198
918510
595949
265156
-675498
419503
-190260
-371384
-188365
235227
-442355
645922
-582044
13707
191944
740657
867052
158234
840957
16216
912206
-63536
-538845
-113829
-917391
-629306
191596
-721059
-321206
340038
-529596
281597
258548
-933648
-453247
583050
485856
356493
-788334
-702510
-408280
-230689
943413
9676
783018
135357
-249668
650069
-706410
-408712
-333715
-794204
527752
127441
91968
610362
498135
-716437
889304
-823071
623601
-640293
458526
-117852
-573940
-994722
-534802
911916
361772
-323135
-790594
953492
446176
-847182
-36833
229193
288176
713500
-120738
581766
-695212
545547
787562
832541
-327012
-120471
442902
-828878
163092
332206
-651949
-213307
691913
806578
668842
-882028
811856
-865961
-970112
173628
-189096
-760706
127119
-742920
-607887
-909714
486274
680289
803787
-634465
262054
-891426
911083
49615
941116
-415930
929145
384018
-244808
92236
-283777
103244
878930
-591864
-90179
547771
-473891
-278323
681811
-444003
895305
-507286
-204708
22424
-250205
187405
112710
-763932
-132306
-83503
-398397
-870252
25072
-487315
179364
-33813
96756
108508
-649796
851949
-799256
66427
-44808
-920327
474563
865013
627444
-999328
-413311
309254
-443331
-518007
801969
351962
504417
-448237
-460634
-382873
-212168
407061
533624
389435
536809
-441304
902121
-283828
524883
-1123
824680
875087
-149175
-974577
-58486
806017
-894903
-583923
671029
732541
-583251
-742282
41795
-26582
-260288
-156236
-674620
-755871
395528
-135254
-138743
-816641
-728193
-605119
572795
808616
-46423
474916
-475213
-521541
-526208
-650533
-646455
324617
-625109
295060
130634
-520012
711137
-198337
-787471
-872115
59381
254325
101304
799093
-901912
426684
-956778
493617
-708570
-95521
676976
-436763
299360
249771
-628147
-747064
-275314
-103359
-268605
198479
246108
84941
-476905
621000
-620000
653730
-899013
-908863
-544608
-686483
-780978
514773
567843
320327
313866
665932
-252989
357088
159548
38441
-738434
-163476
601679
560926
-913706
973533
813862
-189019
-129827
-454743
-990541
-883720
630198
-467445
737281
-989802
-813716
838269
-898665
-358324
-848215
-679642
-843551
719629
640685
470315
385560
-612305
-172597
-454893
426137
88969
381632
27816
-350105
467927
1348
-536244
-721093
871521
9013
-711633
987802
-360789
-179078
725082
-350591
7207
563350
-249255
648884
715136
71103
805333
434765
-288213
275648
-179676
99483
-896950
365432
-474380
192019
-252937
553436
841914
-785011
-445217
-694330
-506103
-573696
314684
-217736
-585894
953896
603187
-860812
-396696
-389607
702539
354050
-740724
417675
-574848
-935391
-147561
136940
340257
672763
-763577
443307
38194
-237957
-364674
785258
-684522
-522760
-999753
-129738
-217089
-505856
296567
-902406
276409
710673
-948511
-120405
849862
-345206
489989
552400
-991157
749266
-29926
-566004
813875
822513
570936
154131
495275
807359
-402562
-466531
-430599
232765
-681273
-115120
710005
-681026
755143
-507085
-186882
51709
-409490
-910474
-237618
-358000
-30878
-387757
296795
-540890
-835357
305638
-791625
134717
739634
-977750
-42771
310570
176382
-547496
117928
773820
-14026
687330
6584
304701
-427791
-283411
623675
-672648
209505
-563207
379062
800016
-473680
-858556
-557985
495443
-246313
738810
954553
-81669
44448
-837072
-946953
-215918
-814822
10277
-905349
361560
462782
212579
135380
-551244
-100092
-858036
753457
472118
-141446
377132
799470
-931942
813926
178532
868074
-659754
319976
-689911
835689
-926337
-951102
790242
-8006
93346
953170
45042
877428
-861652
-944681
972080
499909
518101
184658
-364711
966858
-915434
-222747
720314
556685
635807
97446
356155
703866
-88628
-465314
571939
251618
854662
882029
87306
928326
930927
-122453
-79681
24273
-169283
965361
-98299
-30934
-979321
-126219
-531026
538781
-941562
104263
505638
-856995
881517
225952
699690
517324
-676602
55845
221189
234770
590532
-206872
-513612
445193
-324844
573694
373518
-393917
-548759
-706163
630357
281959
-740802
-467942
-748976
-720123
405839
-280001
818659
464277
824262
324297
607283
705779
-449751
306973
223102
-126353
-637183
-555710
-891583
953349
237419
-405195
398542
912575
-831501
-227940
-481342
-380259
65897
-850986
901700
325095
-318928
-847277
604973
-913090
-127277
423632
551188
-303015
-252072
158471
-597237
298178
-534557
625866
-828176
-171739
-929844
-719759
-218390
307575
-124953
-819848
220150
43546
-47788
738808
663288
-981891
887823
564987
343205
-431106
717711
-51822
-344195
-409567
-628191
-793007
287418
119738
365464
690182
-582085
830908
316047
-410260
-340831
386203
-130018
440779
-306222
745029
620931
913928
-211425
-426858
652736
-548138
-408748
540558
-983151
934457
-890548
734560
-117366
-234742
-675007
254444
-27749
612412
-625818
-662285
302594
-207902
-831378
-381360
381838
-172208
-995157
-748180
-731430
-301379
996849
889501
-387451
-214576
-537357
-734716
237287
53896
805843
254136
-11647
915295
-11304
870987
-319448
313690
125431
652804
-73899
499614
990519
-771306
-708289
-840859
-152665
673550
-13067
-147821
925370
255504
550800
922219
145005
-836651
-292358
607649
-571366
944930
-338456
-765524
199065
649897
-850229
-812239
520884
-169677
501451
-353685
-516873
-572448
-854072
-526354
-343754
-562360
-367212
503582
-888811
619722
-644240
-963441
-124775
906561
958778
-979771
-930091
-333580
627879
-501457
-388651
-710578
-266980
810415
939320
-117209
998176
460203
713115
499627
-893483
-803759
927179
-747554
-330113
-416575
-309914
302676
-912994
-198724
-77603
-557233
-162164
797622
-650673
-203387
817852
-580763
463034
445730
-82219
-925617
735152
650801
884798
674471
-466409
882974
134674
-753294
382600
241192
-557053
309778
493638
112835
893203
-816276
-584490
980210
-14999
337907
-577024
822837
135529
-227696
-380550
-46620
191542
-917517
-600890
-890678
-843133
-865738
760123
-958336
808733
-706286
924639
-56593
-459580
307238
-815402
-16632
-382984
678237
-903798
-489781
861961
-488287
-509572
-153038
849620
-86595
-330202
-14852
685710
289249
938529
-122749
371732
-662362
-13426
528599
-528100
-253304
570264
-719367
40411
494902
224041
580832
-197860
408639
-435801
419156
86876
-339599
929375
-51163
172115
-580197
795799
21734
333209
-534403
-993118
18919
754846
945412
896171
126578
-716951
-117256
-344824
-245050
629441
-774560
35584
-330149
720343
-740376
-749318
-477518
668263
-185119
941639
-244861
475283
871014
703976
-352603
-709183
499774
669132
624026
965371
676015
-357055
720217
621426
-460885
-153206
904476
421859
501971
-340575
51299
727411
695010
721151
447753
954634
971833
970236
622897
-213286
911874
-621965
-738003
782888
-917990
-90605
-926296
581785
-421473
697731
547156
-745459
-659325
267372
875968
-120210
-885835
780443
-698351
616136
-560132
352949
343547
-865123
74099
-208700
-910489
45932
-238465
712408
832647
-326591
-909558
-905357
-543704
-827548
4039
-469999
754238
582566
-772269
301393
837108
-431594
-431236
713076
448197
-317071
493519
749847
-700935
933388
102795
642612
-931736
-823107
-566089
-842224
222826
195447
870184
55472
868857
960626
150116
-674848
-866922
-845845
-144846
887316
736722
82885
188708
573829
651292
757473
286904
99488
-559598
-219577
-150665
-260533
-286190
952130
-617921
-217925
-870977
-184009
-60149
351850
-988562
-189966
-592679
880295
-229340
557438
-794553
-96262
711593
60601
-208946
448314
-856515
979762
22143
794777
737235
-690953
-105735
-822364
89470
743600
-82896
803280
695730
299183
-414646
824754
-884826
525205
176603
-873388
-664761
583924
-993094
105899
141362
-787647
-990364
-147046
272954
-199310
-698732
416440
-219548
323411
211216
-482313
632459
-894519
-304677
-278072
849082
612427
-474792
544811
-88390
110562
369564
26784
-364233
-453834
153397
-28994
-869910
160303
-923096
271452
372657
-913459
-875594
-354389
-112768
-574326
-937950
667685
749086
273267
-814629
381544
378749
-119306
-896528
227830
-506879
-371320
-227360
404732
739243
-857796
-568484
-624991
-311629
584913
346016
-181538
-254784
422921
-910086
-882127
509462
-785680
-236516
-603306
-360005
-174465
-935622
-610919
-901198
-750250
770626
477551
130445
874098
-294620
623567
-497223
478021
28298
-757981
620225
459814
-382971
-691404
44727
963045
127058
789944
385966
216972
907817
-104573
431293
-328699
292122
-928712
496836
356501
-539631
595638
606251
-769006
73188
-263304
-894909
778569
-639738
-392131
256589
388561
-150111
-123186
-151626
466919
185411
893102
429963
-687532
683045
-184072
529441
590861
711356
-39266
-737838
3478
32022
758998
-640022
492392
354636
966230
723386
-572176
-297074
828478
-793608
63188
-563653
462982
-548252
286236
-660204
300123
-246846
525207
193224
-816883
837675
-123731
-954
367116
-532870
-289598
-672151
-270708
713881
359872
-511710
-926142
-147737
842926
-959912
-424352
-729250
-256986
-595874
-522857
806202
-159527
940125
-742050
-873291
-720080
558073
-120136
805128
-248703
62982
642803
627566
-937973
9918
-905304
-227570
337768
-176012
-513690
-302361
312278
-439831
549902
155204
-399743
-874450
425955
343272
-470324
903098
149474
370150
843223
407424
496859
-876857
-34503
-623277
928271
716795
439705
571073
344361
501733
-419009
439057
-725838
918759
-736955
-239527
-383603
575324
320642
-833701
-269472
920900
-708151
-843518
264172
-178474
-940420
-586355
-808325
902803
821070
688535
-974055
-213433
-934743
954216
-496639
504962
525289
847723
6694
-893721
286780
280857
-974963
549825
-958671
-358565
125149
361972
-192266
855677
282872
99584
-987841
-452957
921110
-928261
-39312
-887216
974542
-218242
801319
-999513
568325
866576
954704
-928314
371538
479992
919409
-621769
586271
206189
659088
611309
-243986
700418
-747256
881163
62389
60479
736840
-654740
-839938
748999
-107697
-918828
820739
852992
-806043
795281
-365251
995277
795768
-796927
861853
750471
-725240
233390
230463
-805831
611622
-183266
400358
270709
-571958
-843628
-28873
-319213
-962465
-966485
741266
774375
-621224
901329
523374
271080
982501
344113
124071
-823543
139393
758821
-828267
-64840
961895
-966415
-314369
-763346
266975
916094
-569177
-121403
-267173
831182
-850695
160870
987554
120432
841657
-974912
153948
582923
799464
532724
484251
322838
-196196
466752
-333050
927875
643209
806343
686696
814943
-258497
648590
848529
427134
885244
115503
343228
-683933
994101
-923945
-852751
-856595
236925
-865197
263838
78582
-840108
-582214
-338495
959356
950511
-854245
282194
-245686
612507
949144
-317811
255716
755487
-631116
70658
-503011
-982527
-80814
924124
902718
-965311
267351
-781216
-971211
343406
-633966
-827805
-419669
-499163
436034
658914
-339271
853820
-679582
-379915
804330
-533826
902279
-441356
-921319
851422
240833
334397
606909
609717
-594945
-896103
627191
324242
-971980
529908
358932
295372
748693
387721
-361222
-885274
559917
219109
-384436
-4050
-121977
276293
-150230
198442
896378
-345900
664616
798656
212744
743297
650078
-546423
77694
256986
-936706
482749
360884
690485
-193010
388905
220393
-834079
-315724
-30914
553643
323054
83812
113560
-457837
699376
-890490
420187
-24331
-40720
-381372
-127954
613381
-716757
-329298
-173875
-973460
-679221
279702
104234
577766
342997
-413018
-61351
33481
393973
-672447
-746126
559895
11830
222960
113538
-665116
-693228
-772902
-122953
-993852
-663392
-702767
-18183
295889
-84139
853864
-90731
199105
-475435
735395
225645
-154655
15096
-670122
-576890
-641908
-83139
361760
391574
-689166
689314
645448
870730
-298856
-131592
-15732
36028
175180
211366
913076
181328
547974
-789692
-836856
-156137
126170
-982993
753132
-674725
-458427
488526
550920
386918
-496378
880799
810029
-138285
-202340
171789
-746711
108495
-138898
898738
-20776
562247
-232855
963493
-401726
942325
174858
-488651
123653
-277168
-278342
286798
566695
847828
303805
319827
-826897
845379
-191647
724023
232296
311976
604822
42325
-826309
-597519
-785887
-573020
510977
75216
-674282
-509800
-362538
92863
-546307
235736
35188
628551
747086
-841160
-648617
-531257
445638
918079
-683430
-250557
237906
-510326
-405179
-953741
-786304
827118
358236
818519
-130558
531927
-779000
83556
958908
731977
-841229
-715375
-777823
-203767
377488
-324130
-968031
-587324
-695579
779055
-428484
-344196
-752203
-982846
-426117
-435632
-233403
811789
54042
361419
858049
267739
188536
216284
86257
-942022
-251790
307258
141534
-292882
39234
300305
-8257
261411
-903462
-630769
937282
-871492
-218093
-758298
907563
353424
-102494
-844640
370578
471390
-280271
-862825
283179
773772
498595
141227
41511
-312870
-642490
-872232
-254891
105721
435026
886643
812839
-525741
186948
-195419
735671
283487
173813
672952
411995
955721
914654
319558
309144
-187840
474919
-320278
-716451
-805353
-183102
566728
968420
-684508
-292045
9930
2623
65465
137698
747732
-828814
-427277
634375
984025
46983
-178678
-211394
-217347
-895191
962419
-544395
516804
918139
-629742
-163638
227283
182419
-688720
907005
465969
-494072
-276097
32697
-525653
39395
740652
484277
-957982
-193883
-378026
789751
-22697
194698
424125
-38673
-758320
-754553
749934
24334
-649744
712352
479939
867061
630491
850198
-296578
-142227
32617
14702
-235222
-501415
520630
488681
531282
994977
-471924
271934
479254
-429906
-921950
-898773
-640156
55353
295926
783970
-983320
537607
-970584
766614
-438059
-620327
478966
-958120
-753267
109456
892079
-49845
967230
-75305
964857
-267992
423280
485487
-779312
-45438
480463
-251235
-773505
-40284
318859
-695454
60944
678704
359900
-643130
462673
376580
894477
492090
143194
-543582
871763
-377840
-501702
-881504
731617
-609624
68651
698846
315071
33508
-569146
-261649
-481006
-348458
692913
999458
400308
919409
-40826
-280833
-776046
-979882
-602130
583855
-623012
860544
-39565
-728535
352633
-896372
-272117
224396
-274211
226181
342892
-542595
616558
-588457
-843749
-68372
445051
-412895
669979
964046
238648
362892
963503
-361045
282301
-77323
358122
506256
-57205
755993
90110
319783
616536
-949456
591249
-30831
-845827
-680869
-806436
-120038
545313
536457
337368
161870
948000
493619
-906502
393050
-919277
763478
357095
319371
126369
320598
958327
-591330
-756726
316448
914926
186070
72440
5035
-494148
-311024
55580
-902899
658145
209754
-583767
851709
-910285
961546
388166
427083
123416
336165
-79298
216914
-270786
1425
-19608
-913691
-679204
-893239
406908
-720878
-484569
650183
595571
-569644
-163748
-331990
435392
342105
356987
-509029
439206
15131
700725
855439
-133160
790441
816985
-744995
217524
-59600
591170
-861775
-842686
-679616
139651
137706
-593306
460447
244467
813603
739570
759898
463785
335140
-809746
-699963
-996850
625646
642142
360137
-883383
81348
-624733
817342
-63213
242108
607783
-246229
497113
-174693
694172
88282
-36467
851486
408667
-896817
-10808
815362
563631
-766342
628964
303201
993557
92748
-361660
-816190
392785
-358509
809457
34927
-998373
926074
-883726
-623105
743416
53061
619003
351198
806833
116115
-823495
501004
-795603
140038
352490
613065
243222
-658319
428426
-193148
-424660
57389
-889947
-431104
-849864
-251607
-247293
542922
389884
-437837
-422152
391512
-511764
-305877
768407
-768349
747185
387409
582850
554017
-496476
759355
55021
-292078
-100607
-592490
-679014
-857386
-250809
749412
-50533
324532
-193200
59520
893428
-43063
807914
-353865
-500141
197798
208298
77708
-410690
696535
771831
-642284
928187
519016
745126
511037
73032
-751350
270392
-871948
-43428
-830216
-464437
277558
-687601
284755
26970
261866
-390714
833770
-678614
-497287
-209293
-870700
148849
290566
327098
-642854
-631727
916408
-946319
-859896
-725876
981868
659120
-980750
492905
-267849
-732100
-236704
-139796
224473
-66920
395767
-497969
245480
-319478
529001
-492655
289808
362771
-171268
792522
-846523
-41968
-58630
444043
-714870
298517
812317
-798462
352198
952421
-524337
334066
611541
-505087
-173030
-656309
-237187
590267
203896
987287
-476653
-400337
-510683
768827
280185
-981683
-723828
-430008
381088
104904
-637486
534565
-937064
303884
-21392
-651933
-397600
-209075
-450395
954599
-256654
25268
288665
-645114
520181
-884365
-301422
-717006
705902
902474
-729719
-770752
-497863
-240402
998076
782323
-222085
-725753
-647685
-840997
379152
-285171
693569
442088
-981288
-327824
790155
-378887
463102
-660240
-424289
-793553
365029
864377
-438667
-114790
980012
259911
168205
685914
162385
438486
915163
664523
-801917
913239
446845
-24001
-812515
799160
135002
566637
-486011
-171430
8725
-467299
500747
-201120
153814
-36152
138641
729526
170296
-496331
593903
731629
388879
573915
-8460
-442917
259829
-846075
995569
174991
818449
-806348
88229
265293
169651
275715
64453
-695348
-157648
578442
133223
851078
-888857
-366031
-350043
264958
597818
788599
-5516
-231887
-707733
-411614
-500258
681146
-837700
491283
-761771
422129
645209
-766202
-402880
463657
-572550
685350
-271050
597101
-38935
793404
901754
803417
371846
34977
654494
482989
668947
-695549
-252054
266764
-906951
742430
-965123
-614684
-669184
-465380
-933538
-506883
-974097
-695308
915247
671112
-461510
-487634
134768
-34059
-802284
863719
-436958
158781
657122
-535205
-37802
28968
499773
-383309
-488044
168719
-78857
259903
-564518
14192
2333
-529640
399509
333150
4980
465972
826267
30883
770664
741513
-298005
-690846
-746121
836764
275095
-548405
700482
838137
610377
357604
-697068
-427426
-613429
802705
189266
-101472
-28577
-889592
-841569
406906
124600
160764
877266
-475891
-506087
-117754
990081
-679821
913130
760744
-938308
-384875
-930103
-684429
-548112
344993
-232833
-847630
183129
-622456
509974
486061
-49881
896546
288765
-860616
-204927
-739813
-750207
-46496
667094
374394
-885732
544360
898503
-391818
-573395
888583
-71638
-660265
649327
-9946
-45140
719225
305626
406749
64217
-927207
559119
-752655
-549663
69093
733407
400456
-34362
22171
539841
760712
282359
789635
-285784
-50547
164028
-171515
-506188
62531
436667
-79582
-48887
-634972
260154
-399560
355083
-784987
-680335
-339292
621763
383882
-266499
180881
631228
183839
-750027
364635
-415705
215612
-613195
-875864
-23676
669165
913771
690540
-381383
77798
-480976
112430
-859672
955692
-967153
91442
-679280
293001
691883
675803
508015
-988453
-663490
129777
395430
70012
-689342
26658
-746149
-439369
-608708
-161854
776244
-221902
-37717
-247433
-552737
-123947
-556893
65881
953852
-37868
-821690
-905820
-82177
-788842
185623
238543
504160
-122494
-85655
12174
-110947
250856
-858049
-715517
-679132
-547390
311141
-425281
13242
702434
412866
-210515
-519469
-624852
542052
-72206
251202
985159
993676
205054
-52710
-828015
299234
865114
-616857
-515143
103656
887304
362363
-981999
-100523
-748584
268858
41429
-464101
589726
494039
847041
-835555
-492720
549474
577311
296766
-969995
952460
-161183
-42200
203661
-176024
-48525
-591286
771267
123461
707949
636380
506604
-807194
-259964
393907
555169
-241962
-706616
806585
-973105
334814
-657516
616621
-171147
-810476
781066
336134
738999
358377
-367101
769004
310836
471717
-273196
-485503
-704308
678279
-76788
-933041
-198261
-368839
703339
-691657
-176033
-556625
702251
-620865
201413
995636
-814280
228308
330450
-471796
-155071
-840698
-282271
-374005
495436
-543273
984373
-871666
-774269
295209
600051
-47465
809706
895744
-369186
-267082
962703
432553
364080
666042
740897
-811954
-890584
443148
-432818
310830
438783
-247097
-460862
-230768
281107
384068
-71465
998836
-989938
-576030
-544437
994436
-447695
-318706
289644
-847644
633829
99350
-951901
-735357
832269
-989198
697197
196348
676844
438093
384395
786261
-118759
951577
97090
-679977
-295521
636229
89256
985587
20296
-982209
984423
30359
-558238
-560015
24794
-5933
121279
-685563
146424
-244892
413788
194524
19751
246056
205326
-283053
-557597
-117830
-844960
826799
-331570
36281
778375
765521
356305
-517146
401749
-554439
-531559
-577955
-536648
-547137
452404
-94886
-107151
-522802
899182
-985872
-208364
45605
-230763
-794577
-759872
788989
451479
445455
-494064
893883
-672376
-339024
720681
-3945
697258
499056
-238425
53563
981911
-836676
499124
-549649
-414630
962477
-96785
-962227
-132409
796065
-485029
-233228
810193
306607
812378
-420570
512031
-947495
-631582
-36490
497961
-125646
-142607
825585
535331
-421926
-178361
232588
-922871
583215
-713850
-940960
746540
785275
-490608
-668090
747751
412608
-630316
-384659
208672
-115344
382113
18865
-808737
194491
598295
703294
246997
966713
-333197
-255043
-158934
524197
-429459
-623604
-897730
392181
608985
-820601
-24604
895135
-761560
-278064
680409
-252168
53847
428160
-839561
423531
-956500
369111
-691814
425614
-612025
-500551
-379896
986270
-797257
867101
952983
-130454
-387943
-205951
-606258
182599
170445
-503987
-425220
-220570
-324588
550177
-325436
-86148
-727887
-645027
661685
325960
783133
822124
-250510
826633
191235
57677
252247
579210
557126
872351
565480
759870
739451
518463
-370584
-648492
-687489
23158
534108
482957
519172
-891112
-737614
-805417
659065
-63050
108436
931179
291924
-229879
257139
75056
-407756
-993371
-98311
783479
64306
-846065
362689
-378568
-973715
-71831
-618699
765737
-553369
10717
-882755
-240858
-966125
651353
-757901
553047
760242
-495515
747631
419306
441435
-143933
350485
-266641
626188
-392377
808415
-781568
-385748
-289896
-998090
678559
-135961
364600
-700010
-109675
-707231
-318708
-343938
-260600
692009
-226692
498543
725885
-575339
740642
278931
-815098
-754873
26562
604209
686562
882629
-45307
-580079
508817
562317
-771665
727249
-823432
-61560
729160
855128
802480
93759
-844883
-307195
386528
-163590
348867
-874072
-471582
-877826
624472
-745697
-453164
365114
533235
-268262
610241
-440204
-664054
296803
-557575
290639
716724
951242
-147044
945060
678490
29524
-116500
407650
-115348
-314021
-498592
39769
378784
887937
876179
-272349
-986135
-595403
-150174
638338
-341099
396662
3452
-807865
-871601
-386307
-248068
-535654
910496
194358
754986
627220
145599
-392059
572280
-175911
637466
-544220
-768262
-477883
141759
-266853
561886
-479457
-378916
438065
248194
-365051
842663
-901980
-726713
-498436
494682
276739
-306301
623082
890432
445632
-912573
800928
-360011
842413
428148
785589
-549647
428
-390322
-912182
456208
-158583
-390064
-402034
574564
-828179
118510
-804352
609887
-633296
-169403
452550
-535276
103884
954114
959407
-619377
-352187
582488
-728946
-906555
669916
-928019
-266565
512329
500130
-480977
962683
-499443
128702
-949499
956765
970119
-339563
-445269
544683
-167741
673241
740331
-557855
-960055
-429072
894696
-495331
674813
848810
-535925
-944565
-503377
-953437
-673511
-409932
716480
-601529
323504
228808
898601
842527
191491
-600842
-28772
241992
-644078
-58653
902429
-89346
-513971
-265313
-416105
-773641
176833
-376160
-202712
71529
128509
-527900
-79662
592585
-472465
416962
639149
-145975
-992970
355629
252497
330534
-415563
151098
173061
775928
550256
-855711
17919
906179
85636
-79652
-183168
571665
655035
400728
798025
-168132
-975433
-404688
903397
153077
67412
-176265
-254338
594948
-759303
-615189
-551028
-752273
740440
701470
578262
-675124
-147433
-248678
-899197
-597177
-104389
118723
-690999
981247
-960930
125834
552911
694106
-473439
350936
-474027
-448872
946248
-570630
704206
13659
253106
-550133
-391393
493803
-165322
57579
741530
-424883
-240952
319791
-100006
611616
-928888
798
-985562
-33276
-880480
-676561
-52030
-841409
449274
-499119
852698
975836
851817
-621330
-473036
798065
-191959
-768831
-188276
-938854
-318964
420331
554949
515715
-522090
296479
-909168
236958
-383731
-9174
-151426
-312618
991624
-136988
654106
-888856
186452
-397924
-730264
-364275
102958
-877567
-388440
-45225
-498896
138524
-247161
309145
369694
564564
370292
-949270
-15106
-74760
566445
462805
-778282
657277
-300237
-162012
-351897
548337
525370
-360273
-588652
179476
-249129
597800
781553
20608
-766475
-115490
143041
-154914
839286
644145
983611
-407876
-46710
353304
-843312
-676419
404035
141583
248822
-29521
-395613
470540
-372244
304150
-691473
275859
-147514
833898
915586
263835
13374
-333543
-138365
-205074
687065
95160
679437
-169894
940247
518722
-525749
923858
-889154
427541
277162
-732466
751123
-318804
409118
-56
651675
-986496
-529516
-720570
317654
-220989
555289
-829860
-387091
470875
433975
626283
-862669
-704391
-578791
824397
390770
-899355
-345498
331016
619368
128753
254874
730214
-443706
-467965
997749
-692584
213231
406866
307361
-135095
420370
777845
144336
-261976
-443144
-300375
-91835
169765
-829501
-657861
-203952
-692169
-362251
217258
-867773
-971482
317904
-213271
359535
-62729
915483
-385592
-332516
-528224
146444
-334767
-220808
-640326
-927902
-913448
224580
492469
864398
-631085
-769507
-578747
68540
138658
591019
239040
480798
-612934
546871
-881454
604325
679098
-852935
-77772
-534173
506601
859499
-618691
-878991
-473017
-146915
267453
192216
632278
627128
264315
718831
-148293
-243217
583228
220622
-12724
-995519
-710838
-874067
595500
528203
606732
982566
75073
725278
586891
-245829
872344
-490882
219999
378945
-631384
601309
499954
-104401
-545607
-232593
-912185
-913329
-605466
352130
805503
246241
-891088
388731
-533137
96189
393212
-243974
222123
-11289
-715772
-171146
-28723
359302
-445868
-441833
-886527
-573524
67285
333472
805421
435902
-65220
305375
-668499
389174
-927219
-580684
475846
-532684
771447
281348
713558
880360
-329922
-819580
-23452
-936710
-63553
-801330
52001
220676
27525
-976723
-420023
581657
-418555
-306549
-991868
648730
-973078
813554
84631
-38297
118928
416132
-649123
191710
835449
826724
659026
606895
108071
372583
487254
778150
553004
-536199
841441
-510549
-337528
-106559
710127
689997
-83281
-709897
271654
498164
-16445
279787
146894
10477
93340
-768475
972181
-787733
647658
-676942
403978
483106
-850219
63003
90001
257853
-564414
-422746
36003
988591
41056
-122557
-521958
703529
770885
-811832
393526
-312397
-521728
-334821
-814233
461827
944967
332662
-527696
38306
564187
-555516
250574
211844
-232457
-345449
-305050
-82676
717555
784951
-824824
-846859
-637795
211180
-858268
403262
-911378
-380226
106790
859507
-192058
-499685
-452890
286214
165495
-267122
-251959
110461
-934461
220345
-851233
629727
664830
399342
-158429
-567628
-946108
536521
349696
771448
321472
524873
924589
683678
-263947
-933680
86939
-175324
-313906
-806272
-315817
494036
-305956
231293
-219750
859539
964172
528291
-30000
-970290
-251365
118768
659437
-586536
-481891
-498993
-154163
-427999
-962472
-804467
-656551
359001
720407
-731963
42678
-543541
-665642
-870384
281135
20452
-676656
965318
-485512
17388
196611
294739
-123073
160782
-176971
846928
190492
571665
-34305
-150071
985130
483804
350937
-169034
-944195
388465
26500
-600746
-252535
-253094
-332708
790144
203365
1650
919760
-515500
-977899
-756896
-550183
-463410
