-384102
225395
-65547
82790
-399106
-473487
774487
417728
-894216
-474543
-439523
-381819
-588204
-659666
366470
-752513
894960
-652682
-349800
-426481
-336345
-40224
257686
360277
-987274
481883
-314970
736308
-74940
522738
458796
540958
-251867
-606752
-376252
349027
-80239
-601766
-233246
25546
-76309
327232
643727
335488
667566
10196
582976
562526
357515
-766824
-863956
-978830
192953
393731
381448
205679
-124386
-933523
-58013
800674
589216
-599218
341632
-662651
-205969
965380
686377
713793
-636386
-546870
-260662
287305
780362
-616935
-377207
447928
393262
-794232
10453
-249224
-561056
146498
-228053
631898
-459771
-846605
-162423
415843
-780127
779564
216517
809089
-819654
-441851
-853563
-25623
-476471
832814
-311830
-112857
-714056
427508
-825553
-933694
810573
-202759
514235
203834
3009
-475313
954611
441954
671186
-273442
73851
-788585
-120047
911429
627258
99826
690992
-156225
-91086
871339
401924
55352
-154284
925453
-111834
533886
-187404
174111
-38607
-12956
240418
-228034
784285
-245348
975801
-212706
279340
930411
-770753
-49474
-343031
303099
161941
536922
214527
-210801
-363253
-94481
632974
545662
-223143
34897
-398986
622573
-39650
489181
156458
772946
-336708
-882149
-240011
903710
-110182
-455726
-341638
-134382
331568
937702
-203971
560816
-111772
452998
-136086
-949832
-10081
-921559
-160633
626667
-16039
-527660
172329
760818
507238
773343
383391
-532412
262524
-460151
-759466
925816
-342300
524
829525
547519
544798
-512113
-586864
-123635
-574412
209166
-562820
313817
-337837
301095
363985
652083
379537
-796648
278749
-636503
-324307
-548923
-875685
-817069
-775580
507706
-349481
486944
-952446
-108947
412759
-294745
891577
242284
-747227
436374
730171
-334090
-687261
-844241
875076
-250081
469576
-462761
-948986
-166439
-810679
430551
36913
468070
794049
712606
919148
918364
895537
-856433
426070
-453944
630511
473625
437109
43270
-821120
328686
-714447
-568346
-234940
-984276
97564
77799
-828517
-27360
827719
641059
509879
878733
-525381
699200
309284
511533
167270
103333
224138
86418
21697
119675
229985
-552234
665732
-139504
921392
102841
903766
-899729
-568474
-810681
-468074
196586
-794957
629490
-725615
-623473
-397870
-897897
-982415
-887991
980837
-507795
811210
290121
-996263
-21521
-606547
227876
-935103
415150
-652449
294882
862917
-986718
-844622
784308
116124
-940856
884580
547650
-751537
-583495
-255764
-546493
-954005
18621
-169966
-351874
120725
-152380
-239865
101561
339826
-428656
-608318
343564
549824
-214865
-428560
614721
-799715
-81008
-90397
-936798
-67726
64981
847511
-951602
124125
732090
596048
372589
-851405
-659717
826096
-805409
358905
-343870
-157283
-520371
503750
602853
581191
-156424
-825804
972873
-812861
724021
-241992
-241421
338741
-41707
677571
-751656
21495
-390155
313325
-130994
-341757
-562550
-398904
-745709
810039
-250309
-405425
636135
-55717
953480
-707735
787001
-566892
796016
389853
-985701
-360409
564050
987172
-173270
288070
-254821
585310
-373189
703473
262881
-124845
-275032
872727
-811520
593974
-469031
-374070
-804931
-214739
-564031
-55239
379836
-927896
889044
333315
-635631
676044
766424
-839616
65897
780723
-200025
-370054
767894
626706
918016
-486927
212016
-455173
-783455
-525104
419982
-58487
-652377
608462
-464514
-121408
-765608
-269445
663853
-329639
675317
43688
-257534
564360
-622997
106835
240404
-856574
267220
-693700
924150
-932805
-63754
692043
693902
-145738
-794885
-94083
399089
-578339
380814
-180929
363174
728437
-572468
898660
-392971
-338075
-370785
-729118
332287
-695469
314571
-925248
868892
691574
181588
109295
835001
-551193
415596
759150
-483998
-648159
451193
-790097
206104
656308
115821
-394808
-922031
-503366
424263
441143
-774929
851796
339802
-167900
-486280
969018
102982
846008
-726452
-582448
920760
-857560
-890874
102348
251735
944127
551155
-332670
703276
-932844
19172
154468
-722940
-774725
-189224
392881
-169532
-111255
889515
-745269
-670113
-885415
-893474
669690
-53314
-379753
638708
-950332
-533745
912256
-532780
-612985
-945305
-423654
489363
306431
-479527
40517
973762
-776252
107673
-7066
378217
384733
218210
-811008
-222386
-951322
77738
-332872
-696591
407625
-218286
-590064
77315
728401
30184
-283978
778069
496439
-371722
-754711
883454
-317026
-178364
372816
989405
342109
-586668
963167
565857
521006
-43900
-55927
-94261
-825690
133066
683353
-777012
-789197
-649519
-473603
618429
132196
-63667
-304257
-139404
966517
411766
-361336
462956
-959957
-116047
346409
-276982
705589
-280776
-287577
47698
132557
-324411
-386445
-346437
631690
557629
559303
806001
-309306
242656
-971012
-98502
593137
-444614
-480074
-274668
491719
215670
585929
458236
-372565
-775408
-78808
-332521
108546
-732400
390497
-185865
-13175
-897081
861833
-880618
-221491
-524613
-227054
-589801
-966984
-667752
-783801
-276290
574904
-754813
625208
168041
-199427
-854866
893373
-707708
360804
479302
750529
988240
703894
-328280
-344282
-187560
-60679
-953785
626575
926147
-850865
488408
-954472
-72355
963796
-181526
337844
996812
150722
554043
-279478
-274374
799231
-654270
893667
-400197
-509136
787040
-107904
851668
266341
-357375
839907
-29765
314346
-504375
782675
-746334
-458159
409250
-820188
-309024
-102342
-774659
618621
-138547
43815
-43535
-141735
-805463
-489493
578787
-79837
-690262
924517
-186171
-90459
-584619
-399131
801638
-732952
867210
-555737
-893045
-162556
758609
-397419
-379881
-987726
144422
-970631
-807913
835399
-72973
-582572
454020
788481
461244
-589516
-353255
655781
-79008
-774468
-424056
230730
-849951
389774
-859729
-434570
990643
941910
-167522
857852
-613828
-60566
-304704
-855220
542015
315416
-842945
-313563
344785
-650858
-478164
-728189
-233429
975857
-939709
-772186
-613660
-292963
883595
307333
-67430
-540462
-461937
82619
849312
-321665
648049
839955
-379756
-519473
697806
6416
419962
-606898
151197
-38023
708518
308252
648414
53302
657395
-829750
325114
-576035
-853894
385406
-348221
-467553
-907558
-464626
839780
25012
-5088
-622157
-892369
-155776
56178
755680
-315822
676423
-763793
-618016
-317161
656169
-224913
834036
-381855
-516396
142288
-733441
536907
-200317
-563191
-137979
223648
-417085
-752574
875428
115362
-660132
-589199
-44858
364881
405714
332985
472512
-750062
-610837
228192
-65883
-934415
464399
316101
-251576
120568
-908812
-417540
738713
-425207
724748
-994728
-888301
-475569
-557919
-26280
748079
24997
221147
623506
-859642
561016
-965693
95501
-74104
440021
-571514
-601592
689960
-182350
626601
-375924
-116765
91000
940178
631660
-788433
-968635
-785881
950281
-393842
938868
955553
-282142
-536702
-602366
691579
-788623
422631
-87275
834884
562990
-526259
869191
-341509
399637
309212
86977
798046
-829
904627
424647
623247
-212138
-484354
563425
-580479
-272786
594790
-366359
-322506
-799052
-427492
-366953
-81193
35807
30682
-389614
247184
-546688
523112
82067
-983698
996853
-48742
-325207
396490
-739531
761771
194535
259641
666398
-380819
-117112
-545741
134828
-553688
-126220
862042
-958898
507422
-460464
-757949
-920071
172584
160858
115737
-796735
771245
-637080
-343423
294356
444988
-327120
291209
-603755
347673
-312302
-343286
109444
882234
916356
-224159
-498585
-200757
230100
636243
245555
-896120
498284
286657
611302
-962180
528709
691232
210404
-310433
-193032
413669
-539189
169888
-929754
755168
-385125
-256874
46376
11121
-909201
734074
667836
200244
616307
584191
976085
-882279
-616567
206184
753964
628988
310065
252248
-84355
-78634
290069
-555646
-387402
-499528
133921
419566
914141
594732
-410546
984388
349899
204330
-272487
-603726
-784550
-181687
-869653
883286
-981444
746655
467476
994642
864376
850910
200826
618340
479897
-489110
-129412
-604458
432257
-839344
-160104
-955146
-338872
973817
464420
-424731
568549
-946126
-440344
-81552
258204
287170
314722
473655
-894517
445070
356940
-875960
191724
-175584
-881319
56100
-324675
319507
-325560
-844778
830397
545028
-449235
262654
705684
390662
307508
-633188
364479
-228072
-57918
-66973
-174197
501738
851475
-915994
-211092
166197
557661
-105608
-388733
-85399
18432
802992
739018
137113
-140909
-585657
-543380
533532
-430434
-712983
78559
120331
549671
-215757
-489008
-142821
151056
875472
629107
-906863
-191501
-545091
594876
-340026
-461084
-616216
826171
-903423
278176
-562562
11179
-703393
-759571
-249804
433721
99521
164540
890341
-366948
734106
-822643
711612
-145564
727029
-504145
365429
-415793
646911
240901
-786687
740049
-950601
-331777
334925
-290627
207139
718709
-464457
303717
-3116
-27018
-685105
293492
213411
65092
-272787
-687069
-770369
-382447
-54016
963737
-205089
-342405
-181827
-478061
153451
-816398
106146
-199639
424503
319460
-459590
473903
987683
875335
-816725
194822
594044
-281181
-501461
-409072
691801
-186566
884421
-94789
878526
-388367
218143
-891843
229187
-835874
-928107
-975903
-178278
-109933
-453963
975173
73670
652184
-224466
-501827
-28357
315944
972076
-40674
191279
-844650
-845852
-214677
-125831
-347313
376251
-434030
466121
260671
471181
344647
872304
-310676
452804
101490
-146550
524698
125588
675172
-585235
671625
650345
488435
323808
-574122
986608
-704549
741823
958683
254777
-66899
-885967
408926
718425
-11798
-938388
94675
554173
527734
-644654
25353
-127619
-772351
714677
-674816
329140
-431873
849883
-545272
-756701
-735353
-873647
893644
753083
450161
-680478
739691
745613
-938656
698373
390
-5554
812406
-590685
-287130
-199392
-529072
807546
-645220
998662
-837109
380134
-128958
-609459
94811
196227
719681
662939
46110
-825591
906238
310758
-699238
799882
63840
750924
-880596
-196470
496536
-819252
-498097
-503075
175195
-685691
-93759
888065
114917
377169
695610
469698
375831
858501
-150168
-753127
-750958
944644
443101
968723
607582
-510790
-856868
513820
799968
-556106
313702
-136192
-805183
433106
667338
691354
613855
-830760
-811721
-210951
-516451
94520
-322887
598467
-528311
-627277
68165
847520
-768776
917998
-905608
-519734
862641
537493
-551011
470223
-973297
-407879
-15957
826671
36016
-702256
-309522
230834
730851
-642184
-77813
344705
-472943
110467
-866247
10606
-795014
-189133
-390927
-323324
183590
677239
-475805
414814
595236
-381412
895081
457877
-843919
-655931
-71900
-817216
-63809
912143
-990545
972207
-790114
-300067
203040
940737
57750
-874773
285441
584807
235694
419195
-404588
440681
-769939
204486
-882644
413651
-118275
-358449
-171535
-523039
260139
-276454
934838
416220
67615
-137062
599005
-996194
-224920
608460
976013
-15034
-691608
179053
-74297
366143
304280
-788856
-49051
-460027
630339
546362
980654
860401
-249153
-901991
274052
632572
-260439
-897483
-890467
999701
-173937
-955629
415921
893679
-92691
14925
897485
682389
-376616
873498
-332645
-68223
52550
593058
-702081
-643171
804203
248868
-103197
434542
-204771
-122543
294942
546077
-24533
-431007
178649
715028
-328490
288182
714729
497573
332553
130649
391252
-760138
-854426
288736
922251
-231041
162233
-410395
700736
-785217
-817337
998656
-428388
986866
247524
468416
421408
-957247
-654128
-283651
588831
321339
285343
-232520
36367
956853
-944338
-248905
454426
388216
881744
-154323
628078
-972683
-865587
550328
-203724
296647
-860068
-502988
511430
-677404
-504332
-916958
-690538
743193
551459
730870
785947
897331
-552781
374778
218669
732562
-857743
-744965
689415
-802081
6131
143840
586135
-112126
989518
214212
-84808
-876070
-235461
711469
420578
-95528
-791519
-67993
227069
-295850
15050
536531
-552657
-433492
267401
-766711
-536162
714620
608067
682508
447181
750324
937544
136595
948244
-56326
-719565
534378
831549
-730048
-251410
-253260
-606117
513129
-541791
814461
-582399
-333310
-253533
644670
370841
761518
181201
818184
-671975
-551399
-948528
-208136
-836780
659540
-525628
610402
409864
-588085
-253004
358107
355590
27432
-107516
187138
297384
641074
933879
691267
154203
-607913
505727
571805
58778
-747806
216474
-570382
-986288
-602326
-752199
-658263
-153724
-700726
133602
9496
958814
607974
-380103
368677
-980111
366894
-273217
375479
-605675
619268
-437383
691709
260342
-503505
382976
-585455
-111417
-111297
986350
947361
140898
202824
-623021
154610
600499
-375220
496348
-553226
-75945
-370051
456270
-117132
-762078
-923833
-748455
-742189
443061
-21671
633291
837386
-402403
-804093
529095
857939
-307598
-87929
-727516
580985
800774
-741167
528346
-58328
461657
905325
-903719
62155
-469895
592629
508930
454160
-777423
-34801
-662972
-539500
41366
-411426
-281688
-515573
566903
-648398
-678188
-835500
-452491
850908
-977562
239912
-237022
-705078
-179103
-436249
-446244
-650757
505423
-984587
-745433
601705
77569
-215327
194334
-413502
-761168
416912
551698
-424139
877412
-406936
164435
-404276
77491
-268662
-52674
399304
-104162
494836
250211
-81723
-265252
-986812
213200
555646
-423060
766956
904889
-917637
782370
-840545
684069
-140062
-55872
-121598
446436
182961
-704687
-1866
758823
-827275
591198
-76743
-231551
-331312
654596
715775
-932009
-449567
210611
318203
468711
945360
331391
-318090
501005
908332
-551134
405893
990696
-768765
565349
674764
91173
-490523
-446835
-462391
692438
-151522
535743
451260
21203
126940
-625483
789653
795629
-970888
505427
863621
-420454
-283962
181823
-951744
-338603
-486786
-269834
-837598
-578454
179032
568295
-587759
410268
133643
-912996
-498560
643120
-359830
39050
335558
488649
-425208
-213182
-490149
701733
161335
-700497
497361
190448
804931
360982
769994
-479031
-457196
818250
182367
56019
-451585
344769
477565
727448
-86936
889806
137715
-953293
976811
639156
689828
-383020
-321795
25385
-894372
252998
812204
-384520
-45269
-26462
-85016
-547909
-836014
-280085
813073
933980
240884
-644123
752229
-576749
411896
-699356
768021
-110540
-971909
-318916
-220734
165807
-272209
-243924
-195037
-582382
373057
483168
443004
478685
-263834
255207
-905836
690897
-771255
9149
-857012
-607269
729064
956062
-673290
-30052
-688062
-921061
393199
723835
-620417
161219
-386705
-592326
842304
392561
573482
-429906
-851363
-621556
-12287
521694
861613
-569283
379
-402222
685924
94544
-711325
914670
-896308
-568337
-692600
832757
-612276
-365889
-197296
-300337
-286950
-804097
-576502
92633
357123
36793
500308
199426
-570646
73789
769521
-422009
452234
-242766
-900315
313846
187951
100064
911624
-126125
-805393
-799701
-211455
-701701
-368038
95946
-868945
19687
730057
-66240
719351
-556893
129664
-857152
535741
-513214
179641
36049
686213
608996
-890162
455734
-813014
562072
-787033
-713328
-124083
400919
386736
-212459
-725206
581343
-12160
63339
879643
619802
-840716
-989302
-360511
889342
-55541
-641161
-667552
-925878
-498312
868189
-439092
681329
-95762
-752879
290324
14076
702855
477311
-423853
915823
763983
452064
316741
150719
-760396
591535
-267938
227444
-345126
-388296
-152754
-185842
-377597
486736
-296501
566862
845576
35948
640984
-652737
-95863
-798108
-971408
808375
-550987
318917
-177550
-848133
-203772
398597
-932311
-439790
-149340
384431
710930
90265
-24034
-557009
-682291
630840
54695
164956
-555002
677099
-348308
148498
243960
-502733
-815555
-115056
-155470
88582
86836
-126877
-103044
535849
-807961
719406
687717
-11733
118003
755406
548478
968664
139837
259407
58928
-884198
702398
376638
746643
-242907
-458406
-808359
-565809
193286
340139
678152
690553
524584
-436905
-464917
-386834
649931
408206
510122
185779
600245
229528
-126504
-411489
-652470
-371099
-863012
-683807
768739
396396
375122
884542
98793
-248240
631184
855886
293354
822826
-709923
-513361
162964
968229
-822808
-312452
-468676
-287725
300714
-818746
-879519
-189165
367034
720726
-959637
-759471
-690763
-612107
-130569
-553774
-295913
-361831
842622
-920791
-477290
-58585
-169031
-846106
-202699
-875677
976720
87378
-389037
139684
55607
-211845
827232
586931
500431
127945
768186
620912
938781
135220
341638
979144
375749
650876
-632963
-754820
-902899
71125
-116650
939724
150335
406060
-118861
981305
559955
678440
-894373
536675
-234182
-283410
-323642
821425
504745
-496410
408356
5176
631535
176541
-373913
570316
-688239
967725
549460
687510
618600
916498
932691
715702
-12377
-183960
655426
-862043
-777900
-463436
-880739
782055
-784997
-775112
318730
-19178
-58521
995088
-197754
-553776
-501323
-789398
451400
-869788
387144
-922514
700528
698905
-954789
249988
386415
663812
166485
319105
379513
-845893
-864856
34938
-707936
-642755
571503
-588674
-860701
786507
-363785
458029
-232672
577694
453117
569575
-976083
951794
780177
475317
-917994
167321
552804
782535
-133775
598016
32522
-747361
261827
-800994
571745
-358660
-646887
706890
676279
-354822
-935866
247781
56504
-796566
34287
692719
661463
801616
270412
114580
371190
294330
66374
151366
-230353
148380
-681313
-677549
-69086
184912
920467
963436
437552
182293
-837558
9296
823634
-484445
-283814
499912
160734
-219680
-252308
-782763
-16246
781980
909957
-354783
583595
180369
759797
-45216
-525302
-173830
-893850
244346
974551
-575163
566797
-94536
609750
487263
-131100
47301
-330444
31342
-943403
-506811
546898
-227217
993101
-292369
553103
-259207
-75132
-463143
-477227
-165176
182074
-893633
-984808
-58129
61152
-510109
768041
167303
734237
742591
592141
301033
-351945
201891
-211704
516955
-750808
457853
-451703
-694211
951042
-904806
78573
944143
-197175
-368324
-315064
727693
168533
207709
-437483
-649393
314077
-422290
292478
-624771
67601
60519
542533
-198162
-196890
134673
-897129
451165
-663436
-108832
-31880
-414244
-650980
516417
-108454
-699938
611611
970119
-755795
-585565
-398205
-70859
-857872
770328
-863150
-295354
-879065
450927
282356
413413
826157
-650043
-526068
368689
151796
277042
-496638
254667
-271794
-160074
-854165
696327
425683
-505145
212743
-682772
-205083
-175647
-712654
39123
238789
-110859
968264
380918
-340531
-894887
-914437
-219595
556041
367920
-806182
382198
717877
-332250
-249114
-130327
944792
254249
-875661
-327002
-905825
-729826
-630676
519858
-234970
582068
837086
559948
-593580
-875568
-400930
645210
13573
-432666
26127
673043
-327552
111691
-546553
-771512
-520390
-352735
610687
-802514
315016
-638427
67159
259807
615822
191499
932806
709997
461674
-697871
229854
-773296
884197
66939
786652
-709383
191371
-614278
935828
-795056
-46944
-38046
877988
625504
-926356
-668565
853993
-446745
-21299
464679
-249259
-706284
826252
817901
553524
442074
9400
486329
152070
-528926
788458
-618076
-302222
672655
448864
-515570
963273
-359765
-129848
899100
-154821
823209
-138946
-276833
448713
-65301
54602
302705
487954
-966697
-232616
-761305
-672981
-406364
-943405
880543
-964290
65996
366872
187780
537070
155330
569705
-765153
-172016
18568
-280723
-208744
658803
589430
-309645
-496018
412638
551410
227149
-138650
-513892
-718249
-835945
974062
-684946
-68561
-787244
-357926
525076
-730648
-477383
560786
335348
889489
-251434
-127583
44819
-681730
107264
872803
336838
826542
-335941
-4359
415971
354415
499623
-171392
-94176
-273228
689959
391932
8523
854014
365993
323578
-214547
578750
965653
-689471
848102
-511730
871316
183449
-622241
-380119
-944134
422578
-61848
163131
295380
-725010
-10328
959440
270631
-594357
313854
-229746
234251
-780323
497026
-75790
611609
-494451
-221777
-22398
829127
563677
-443649
794780
874206
-595548
-716951
745521
587902
-339192
-634598
643768
-916615
303554
-193102
378766
578545
796570
338205
-150825
-797788
-347941
619430
436464
-128264
116455
-639326
-516655
622004
138897
460947
451131
-297426
-982702
245910
-423221
-578249
528960
-677700
-990348
-810233
-312298
653420
-726847
991257
-539682
651920
569801
-743112
-9875
-581024
-540899
642184
-961595
895566
-486080
154861
-743761
-2735
-223136
395137
-541788
-772006
-902290
-524490
473905
-325510
-102739
2864
-3210
-93086
192632
684493
-439666
465786
675749
20652
117705
245550
277540
-892170
664527
736641
750015
702932
632206
-736066
-142208
888445
261200
634657
283582
719413
862652
381292
-805077
336556
-944219
92185
-660580
52572
999099
532052
-262936
-440568
-2163
-587188
580084
-884458
658363
-142376
-776627
322889
-405736
973388
25820
-773530
-762678
883613
-885085
498522
518270
398497
217934
380921
-220212
412858
-282524
-164430
-494958
56897
888142
-495860
-411052
-374795
63573
586786
38018
-356343
702329
-303620
501281
925702
-980732
-904455
899090
45089
-677984
-863589
-71298
-563069
634934
-553029
835428
-147132
827892
-384784
-734275
-454632
450787
-229233
602265
338928
274908
-808787
964134
-661520
777999
2151
-17863
480328
698532
-516582
406030
717800
-421037
305119
-237112
-99021
441531
691591
337911
76464
-861439
173339
929333
966454
788556
-804943
-488178
239342
-34175
-885913
-421731
-759268
-694700
-457597
-420787
-916701
544554
561350
563627
243085
-955232
-30343
-39115
-376268
-725225
723774
524712
716307
415364
-137378
-207229
553926
-964040
-277897
520379
824517
-82839
-967800
63858
882986
-853712
642128
-876282
-548412
-815470
-297069
-465112
729085
-735719
-901485
-27830
-690951
68172
933056
-67219
342948
656829
-542508
59254
72192
320115
852025
-373882
356076
-425873
-853504
180592
491288
-821303
-755551
374274
-675015
886578
497992
-223426
-928892
-799078
311463
800193
-534797
409978
-227637
-225747
-521851
-294582
707035
821097
-637753
-835474
-119649
434439
484642
-267625
-939443
-159283
306503
-792947
-978691
-202210
-614249
-734241
-827936
-289263
-847664
670056
487312
-776556
870979
-201226
-976363
-663818
-791249
-203999
110435
-313100
501419
-182531
-492003
863666
-18004
388348
298105
-533363
-879277
358662
307355
427226
565716
328664
-774984
951467
594424
-602920
-337796
746760
-932864
-850485
970205
938115
-51711
993843
-725704
157040
-210157
384732
843941
-708739
-797799
-648062
-845073
184197
740287
453033
650835
861010
-188305
-41810
288236
-622590
-713146
513252
-671123
881278
910333
-8919
628038
977469
140597
598242
915584
-911115
592085
-810121
245926
-618073
574612
89866
-326811
776813
441805
-171883
-38991
182091
-718851
-388156
43101
92844
570034
-668664
470255
856889
844588
799132
738166
754920
-209787
366203
732389
930811
-35555
647972
-980305
-443470
837852
265622
-61543
412463
-644513
611647
189275
797293
-560237
-849716
-20617
-279087
-237872
-977517
813758
-667838
-646180
284012
-810950
-801593
83144
927217
953328
873358
293420
685717
804168
-742136
333688
823863
-185605
171540
89485
752852
-415998
444972
364499
773277
242265
804262
923562
-778353
-474825
-314311
-755869
-661068
17852
-402048
622944
206903
-203640
-293913
134119
-250312
-420555
-572462
-564596
-616388
-314597
769093
-792525
499798
-59368
296960
252650
524634
-258068
-382852
297911
984197
-578590
221472
-794156
-53415
907162
-550024
285517
-74986
47928
-91539
-868084
844288
614549
266035
-406025
-806007
693574
29380
-422395
-621024
-201528
-214919
878775
739104
-917960
131424
263738
-176028
748573
-438352
-191831
-830018
783121
14013
116568
690283
463990
-597915
-384704
-488083
310546
-252788
-643795
-74906
-986753
-49820
119088
706821
979560
696693
-914203
-221968
-518226
964572
-482864
-436186
95995
780874
387787
-155433
-657478
-804045
14550
-874357
209968
-868883
815926
-326043
-466798
-568779
185875
843748
178434
542080
-231158
191681
-507740
887931
-101498
-528180
584623
-15701
249853
-933604
-51130
766989
-369789
-955135
547862
-982003
-110568
890384
-786048
903983
-983974
423921
-964901
831953
-902122
-431699
-736827
283754
-587951
441608
-174166
180892
-366711
318094
68822
531791
789915
-346555
-483910
39767
-280158
464960
-193245
350053
509825
-645383
368051
-600743
-755000
582004
-696761
-738973
5924
-661661
-907020
103803
-93360
-643847
-612443
318690
797762
213391
-500418
-568950
-468515
568404
962841
-678601
-778152
-521070
361167
-58309
943891
-832079
-708256
453716
-477462
659795
852974
-232461
241798
-843787
28567
-752278
-505448
121547
351526
401193
477701
739083
-280118
275462
-47527
219464
706513
483958
-212132
669353
805358
9717
-851717
166524
951408
-907826
334446
-756849
545891
856985
902947
398864
-375477
144745
555077
653091
392467
-950372
-225362
-256007
450821
-747662
-516925
-829297
527801
435549
390168
234313
-80494
-821965
-96334
-275136
187752
51950
891388
139160
144124
225833
382311
-309986
82817
285258
-911122
707341
-569998
643955
360431
822470
693584
-864931
-433538
144404
-612592
49538
315108
915209
-514914
-294725
149522
404593
-116690
-946812
-870544
-928938
105138
-979157
210222
-750738
246676
-407467
-60723
-670507
877791
28155
-963167
-692208
-327890
397265
-869738
-634307
532334
-303276
510098
919742
746262
-174795
834951
-768653
530481
-15527
635940
-586210
37661
765397
-515147
-857202
786240
695075
-607939
32916
-712392
331338
362409
-834602
-640507
399243
-526809
31603
-203492
-396547
397297
-671158
300178
-92605
-751416
46439
732600
-916466
277787
263081
68008
-86273
676872
-894332
-320877
-838276
-751534
-534637
856799
-359473
498279
-855593
971866
-139312
-690195
-668642
-740069
-217003
362962
56439
386451
-239742
385282
-313372
667653
633866
733068
400253
717401
10854
-336667
-214592
924582
-659796
-108924
-396296
-498071
139542
69067
-641272
780070
-432654
-496865
751935
428035
-187060
-916707
687966
595938
446255
-255596
-17612
-793487
-870315
669016
874167
763552
402083
274420
480952
-587063
937754
-733641
-662482
-722042
157436
-58777
-220113
-703022
-989710
138615
-922952
-422363
641750
828983
-994329
-545310
912277
693637
-949373
358532
-561959
33015
565046
-432273
-297969
439212
-668722
-895886
-286368
812231
-482949
-348615
-921410
-145430
-70657
236026
795793
709230
533004
806084
-152155
610052
-616280
-510406
439035
-610609
-55715
351312
-916973
-5088
-290157
-478932
-972073
-725112
88796
-270041
714101
420074
-165927
-572268
232305
351124
79117
310895
-794307
-991540
-453080
-998514
717691
-920076
807570
-434465
689977
-808710
55130
129012
-419319
999415
-519677
-336291
-5673
190167
184778
22254
465055
-726427
752213
179156
693648
-413715
606889
-74048
937410
-313995
-763154
-856897
-305534
-216233
-855411
-587844
-136309
952160
-22309
-446332
-856551
-967180
682680
-275870
-967765
-836997
387839
26562
353170
-427383
-951184
-181775
-153810
801030
997381
-460163
-612685
604269
465789
-675276
-709726
702636
-532173
-15259
-513598
-387583
396897
350094
-435424
-625412
903762
-291975
-592591
586442
432156
-560356
749445
-180005
466206
102615
392612
515023
920840
-761198
316052
918221
-221361
703367
522490
-755572
-971910
812765
947064
-504082
-202495
-566534
108335
-805598
783561
672912
-431010
687323
-619063
-23600
273764
813093
416044
23209
-366912
-117750
-874177
-974300
-602728
-953337
-735498
713324
964884
43142
416691
487374
287570
444782
300138
234634
940700
-902357
668101
49035
-707955
451661
-278054
-138964
138983
102883
837436
-587253
-84024
253480
435957
549065
-864271
561780
574765
-466998
608444
839267
-753674
573327
-117592
663017
60700
-830022
107798
-639162
404613
48498
-541519
72713
-902467
-249473
-475626
-180521
611563
663358
922363
448998
-923896
-161661
-297522
512061
-612597
-161793
73841
962168
371209
-317716
801435
617536
-744389
-316157
280552
316312
-146179
-611650
677150
-741566
436849
-864369
331147
534382
-113842
855522
-646139
-502280
518879
-723777
946719
594983
114562
-350804
107044
501966
487404
-819116
464133
-141387
-136831
265567
-523852
118780
949410
756701
-564909
-196769
-854949
-887759
61665
581900
-752128
-607188
116282
134030
-751666
470143
631750
767213
746367
578469
362196
-139071
-772335
-530761
-637106
715069
-349876
827028
-426319
513293
92595
49830
-367927
42005
-193470
67165
845236
-48419
179406
-93099
-466519
427278
299714
649763
-438692
548048
119906
-806943
315260
-133727
771527
-322544
727202
999192
146695
-909904
714261
796820
917125
-712059
310113
9719
337772
942186
-948277
-855699
9350
896960
95883
-811244
-196140
629365
616034
-896426
279128
-822659
651622
-600966
-629601
-33118
265307
-858074
644339
-7491
-858883
-208967
82605
855378
-412147
-271
-856681
897966
-990552
481091
840152
-938829
625393
-150498
958131
-278724
38258
-238009
-649360
-345708
-134435
629768
-168366
-482813
-971198
202034
484070
294109
343960
128408
-713383
485078
919442
369223
340456
-492706
-631048
483775
-594740
-621600
-35134
-754588
-560428
-409742
94914
-602298
311535
-866828
159694
662175
-212536
-974742
291943
619099
-457554
320745
-178868
-973485
-385146
-834909
154924
-98529
650169
74365
-729306
-9375
581660
-360353
-525601
986921
18048
439266
-767668
457620
-970476
327246
855323
341059
460419
15016
3233
-752117
40275
-704824
866982
582721
615922
-311887
609237
-769225
-146795
-235840
132247
-496626
838526
402942
493999
420185
-957412
968399
407105
60636
407664
639437
-481744
437188
-33317
-626422
-221754
-572898
388595
781480
-325015
-571131
-923344
-458034
-988411
692579
230080
620827
923354
-916715
-615014
55601
-413341
-776489
-541458
-919343
643697
-498869
-950944
50802
561768
456720
-309761
-919977
-106092
656922
-546398
672155
-915976
842197
453635
-240991
-728935
530292
300976
-717345
222870
-468944
903482
146224
-385659
-711532
-798176
201000
-488020
-339633
281658
-844324
161498
330714
206479
-276735
-212566
896718
-196712
681342
553640
256890
353497
637664
99087
-192869
-603327
370152
-662578
697649
652808
560292
-771296
556290
-293485
-156954
844759
-91660
-955955
-643262
568707
325704
-487585
-269796
-343583
718894
453469
443852
615611
-743243
125193
169250
513648
-521310
-193086
-387266
285821
203587
982887
623244
-98765
635694
183535
129940
191984
890051
972986
36742
-201610
-982969
393481
-632904
342736
905896
97301
999154
624790
-449230
443005
240401
-192473
-431802
-590349
-678826
46888
216565
-66091
-667292
-579849
-83205
955952
321387
-447511
139487
-548673
744473
29538
-575687
-218785
827929
-558655
-825305
-804975
784081
-919409
292326
783234
705382
843096
226238
-54218
-349377
794436
355434
-28202
-158676
-428002
905707
174033
-7850
-177498
129985
-686463
374992
-730529
-235135
119465
299010
189178
900680
126938
630524
-924625
321963
414604
-844034
-385711
197838
861348
-542615
-575925
-192870
108008
-781489
-837437
-920195
59836
-265438
985513
-766132
726713
-191985
363853
-959751
-816994
633325
-194885
302471
-67666
994293
203151
-940728
624817
278526
381236
39420
434492
995525
-762742
295840
-547091
-338667
-897030
560918
-120155
-734467
640724
939681
95
626237
-826451
-273193
-565749
537402
-232943
-382743
170726
572172
919729
-896940
566465
122879
-837668
191281
-598596
543569
-769299
835897
539093
-532041
131737
992003
129293
234707
552920
-990862
500241
193644
948820
-499665
-180120
-877632
227143
254131
659770
994201
871389
-169504
566373
791117
-66443
132838
-86004
95890
-675881
315401
-360542
-445180
151297
-821450
22780
-716966
-829447
-847927
517741
723474
-838788
17981
-82883
-889969
518317
736997
-767601
-254540
-8873
892170
-260339
-137485
-277334
-693967
-346368
656223
438871
567628
-247887
762990
-116972
391571
-682190
-965675
570122
340591
-682640
740675
492665
835101
464148
653877
-146918
-618736
763908
-628601
-881739
996308
116859
109388
888478
856521
971904
-388856
-837447
-374464
-732634
601425
-806836
19480
364415
76193
-588950
682225
110519
981172
22816
427879
721847
-484520
262980
185995
-830644
-883939
567260
933265
-512539
685521
929573
604320
-205091
818050
460841
-233187
-570807
623394
392349
-303440
224818
585514
716040
-410767
-338293
-872911
-728543
772226
-891739
294274
200104
830109
809754
-536917
16103
979111
-420855
-416638
912376
66606
-731118
841948
-329074
63791
659997
-868234
830605
-910810
755161
222954
-214250
-20021
-191533
-498210
569212
470174
-371120
840670
242400
-262859
134943
-557497
-432751
-55303
-94413
583352
-76193
484733
-833286
-163818
-448661
-564404
-321871
222266
499388
-661874
354033
329992
-572684
109193
-447054
213067
-910828
361413
714857
658384
-168413
-656264
499053
-926014
80878
-366004
-483510
648128
578693
422078
231480
-497500
-93189
398194
338683
458150
833791
-983188
-319584
333178
-645062
-965552
-336830
-217745
143642
216116
995322
232814
-422471
710178
-108803
409117
-946086
-609750
483104
134792
24247
999595
-217081
-397060
421673
-985602
105440
-671517
412593
-555877
786634
246383
-539065
-532951
-420440
-184127
-498502
242731
598128
645140
-541153
593450
-122047
36377
303628
769151
-554507
357542
-840599
928598
-507667
183648
928192
275253
786589
349865
289652
-107972
678348
-297756
336151
464982
948627
797087
932032
-471813
-387041
-566471
770918
-788913
-921332
-770235
804538
-43378
266142
108165
-274228
711636
-534294
-114826
640233
-41960
-931178
568425
-766708
855411
-81711
522944
-252561
-403363
-774812
-916411
-938382
-826186
880676
993650
-297999
