-916377
-559925
-382559
-674098
485523
-409523
326884
853630
-121621
234827
858014
794885
253754
991225
92713
956090
700304
797385
-165097
-253619
-28983
-301968
741936
225827
-636446
-185814
-615325
-3552
880772
549640
-824627
964395
989715
-207185
-709703
475238
383292
617181
328867
-738329
-147993
186881
-943445
-894239
178105
149269
-938149
-121592
-53347
-103246
624789
917670
594787
366725
143497
958342
-819090
528173
-45211
-938319
77812
130163
-973924
67527
922978
-683627
-457236
306270
933555
871632
567942
-214438
58512
624498
-108676
-763384
-226234
-46825
115025
720419
849929
-260187
638089
444716
-893463
-218414
403057
-712552
-690242
-642155
-650871
387571
488008
-624794
-544903
410986
-308421
-2138
-282744
-374866
-130507
-714803
410696
928005
909695
-697981
-835379
-316539
255195
279646
-596121
105123
-980541
-958032
-450161
-874004
-176446
952896
-586555
133313
-689260
-237426
-479117
798749
137780
-24019
209735
829360
973843
926992
-545506
-156665
-787812
865190
-228660
-878117
-832791
-64039
-194655
422404
-784393
209225
-472473
-764934
251193
77366
-638937
-925253
30261
-225492
208060
341002
537082
728944
139751
-325138
-295076
-650514
-495778
-321233
-723523
-41284
522102
-511334
-176094
-706558
-389450
-8885
229404
415895
-586481
445011
-374881
-58953
680077
876312
-981588
-958861
951060
48674
-184353
159119
-610324
-647271
-111937
529427
27592
592987
878914
531814
-728247
-844610
-509470
793856
-355944
314436
-912702
254606
-694450
316702
-329499
-280930
-238288
295620
660117
-558212
171932
678530
-517072
122991
-272797
298575
-717890
116880
651305
170173
-353694
-321104
-236840
-474780
-789290
34914
-319390
-298760
-171230
324667
-984324
-83932
-420727
-678773
-767231
249774
40297
-5519
-454606
-299587
436270
717326
-621058
919198
-159683
106146
217772
122428
-776975
-130923
-707399
-130668
547974
55761
394552
758684
-909325
-924838
-540076
-80555
399829
-524400
835514
979102
-203173
-931718
228876
837125
62764
774270
-462463
-500967
491596
-83520
-581770
-668087
-977375
636003
454341
-754350
-494920
746942
114983
-946947
-197297
-490466
811738
-106621
-415304
-728338
812824
984526
-252737
648338
963628
544091
716620
192503
381215
-220616
-33227
918753
278417
-541632
-164768
696648
-209718
-142142
332651
-755378
103508
837731
991565
-781510
890784
-205732
-271975
702522
687647
312722
974184
500471
297247
-278554
148808
260874
-734464
-134572
-546624
646752
644812
420149
565504
-76771
878518
-599265
-380124
-331200
258593
952528
-86578
-637899
790258
-95013
-419408
681042
699255
308618
383563
386901
-378661
357746
-112629
918586
-920808
-963821
179459
-655272
-98393
632836
991481
-453581
52985
556984
469648
-68497
957720
-910476
600303
216312
-957949
-486275
578414
832310
418712
-840994
513351
117967
467624
-103087
-495132
-911038
-745341
392240
-992453
-666149
428419
187007
-321420
-669974
-180157
-329940
-123555
872828
-772956
-653908
-195670
-815237
-564383
-595367
401075
-522331
-81642
-20511
-690022
-662930
138495
823330
455038
-393882
-279757
959906
-304919
-25098
352145
-297371
308754
-219436
889636
987335
110590
-290522
-342605
987035
-417694
-115561
-666873
386637
69202
-231255
791270
-529723
246414
-290372
449767
556393
46699
-411739
379722
-498264
194380
-900036
-538358
889461
74867
813787
-407910
-616379
-405649
-518274
-629045
704941
191204
28351
691976
773511
912790
-974898
160147
-18008
-206153
-48583
452270
-959739
661046
-97964
596654
-292256
490298
-23625
209480
-315323
76340
671122
-425862
-848794
484909
166228
-465172
-920741
647954
-94217
784201
-160842
934135
476176
-387331
846924
501279
772817
-171084
-704875
-275767
-718815
-664614
-614722
183221
932041
93023
-326481
-91585
-697497
358196
984756
973625
932335
-864038
458534
98563
-329210
537794
-253483
576573
321994
585676
510708
-201830
-801656
357631
-700552
971161
-813453
-405427
-304606
-532267
-70040
80673
650954
-137999
-826305
-675527
770417
-523802
682669
755172
-550177
615004
891134
908358
-286434
-438077
446151
460084
-861504
-231855
45759
649204
566315
244103
6835
865763
215264
193382
-539664
910659
661115
390297
-8669
312069
-747703
165026
636542
-977287
641224
319211
777885
-908953
-65786
669019
999405
647781
-769059
445555
107864
-630563
-786301
-846377
-981359
780015
397727
25476
645777
-387010
-781142
-893888
-476352
879974
496410
514980
192043
748707
-319995
-171415
771420
-678771
-852205
549305
-587723
82010
218323
-588319
-270209
449265
857237
837656
818703
-929064
991279
837344
850951
389005
-137180
496728
-998005
81679
602841
-474356
-38348
99250
-959377
-846305
-152044
-279371
-17720
-380624
41859
130075
-831319
454136
-787915
387005
865817
-58123
-163731
723054
-220468
-345028
793990
-229190
-507685
644940
-840185
355136
141668
-838190
-563186
-255492
-312545
398467
843758
-271922
552162
-308286
448707
-465559
311090
-509434
664517
479771
944702
876603
-133224
810519
-181521
703045
533572
598011
-641984
327561
-631179
-149668
-27499
-471364
-794532
-885832
-309553
-357718
-141324
377902
-959251
-297567
-894020
592912
394148
554688
-872648
-294763
-954747
791870
-814992
989955
668473
51784
800473
-513049
-245171
334045
-915038
112846
-338395
-546216
963178
634106
-17580
-831355
748275
672868
-189072
-393050
50770
-148322
309384
156750
-555411
-296468
-288563
-428058
408769
-243310
-636189
593778
-253355
-967717
-354438
-452882
-480765
400391
881163
-395803
-486764
-457232
57981
-523586
-823126
-959599
-354940
925149
713270
455989
-467901
-235961
-692334
841484
920790
-247744
-454985
-367774
324198
953785
388917
688010
547562
-864438
720293
-806876
-317320
-760472
593516
-436157
-156275
-893248
106611
901707
-416834
283485
942109
228227
208634
655379
-315784
740733
-580582
-8117
582217
-659793
744139
-872769
-27566
68337
-918984
-638650
-243654
628579
-503088
-523362
821703
179593
-283833
415218
743437
559893
521970
-149953
461599
-894864
-866468
403708
333364
342166
59087
-982421
82899
478505
9462
-334884
818712
-246399
-207652
-208855
821938
-126636
152496
-421717
-498058
649409
54922
-676355
-170998
771089
738863
-427562
330981
260833
422486
-207420
365969
556019
-803712
-300667
-101815
255375
-283088
981084
-266120
726375
-353800
-447409
-520025
438548
343737
-698087
-688089
-503768
-119804
-186146
-854359
935119
137500
-25357
706207
-123638
547082
37188
-862805
-30433
829768
503165
-474415
-973945
-797503
423770
281431
-80590
404854
-984690
-354216
-948946
-432098
125760
489602
911639
427673
801514
-592129
-692132
-384633
-446487
-757014
752867
528156
949194
-370771
75237
-13619
-233575
-955196
-183851
-730411
-429610
-157796
-527913
994161
-876365
391497
399015
-861055
-962720
450069
-293153
163041
-60330
-381514
-409287
-258817
26358
-101418
356551
579871
141569
109418
108027
90762
738648
-816736
-922857
-494928
-771932
-106708
-225338
-201542
735496
246750
-207382
859132
-361754
-808367
998077
-324473
641702
-295076
838568
-418629
323411
-570719
322555
-650232
327863
-320895
929639
-530569
788524
37665
560194
527171
220929
637337
-967757
448998
-469372
-193095
-752544
-733876
-946346
40075
-874745
-308099
231708
-876668
367429
-126591
-171744
205997
454781
-848334
635278
-222665
-498565
-36860
456441
-568927
432571
244964
468739
-7236
-227865
-310332
-369899
-195622
-861335
160729
611284
-613878
426853
664938
426197
552109
-643161
-342096
675441
724268
531314
-496304
-69736
-13906
-344637
-434458
763429
156798
528682
219869
587872
-38747
-535167
56610
954018
236968
746279
-415882
-958655
884945
744847
652629
-728934
171700
317567
697264
-276192
674407
-644833
-600752
398675
886481
-97055
-671061
-127426
558309
-105519
-363997
-284894
-576838
855872
-697023
384416
-679295
359588
338433
557673
105867
922551
599019
-9189
667398
251647
261878
-160903
-430786
-40859
562906
-756380
314308
962155
642295
200789
-134900
971234
-926637
-576592
-134285
-290634
138514
288877
-434762
441492
-326708
-114057
-198920
-988275
-556384
906947
934276
-957366
-102242
601674
294282
-840365
-559230
863496
118776
-996324
-892884
-566916
965831
749411
633874
-169070
720645
707237
254339
-413641
-583398
-607147
875237
-18159
834345
-451471
867785
-364575
-439746
-688600
-457629
-505470
-645966
440129
-903797
648316
599765
-463027
511812
-281460
-459350
618928
151625
-493519
368339
-214502
337412
88983
-507266
-408250
675343
-90663
-15397
550580
891179
-181052
-900892
758963
454373
-340638
-929637
996745
153892
-575603
436874
250095
-927287
36638
787069
584526
755179
-672281
203453
-93197
-165800
-428209
692301
-828389
660775
-814965
-236638
336118
94372
747965
-113303
-14450
-433087
-14195
-255487
-978715
645168
-185124
-981970
-200941
239274
454904
-950846
311988
-508458
836224
-103487
-753280
-836058
-900034
153523
-1858
-328243
-154176
169754
-667468
30860
933116
668650
-874769
681080
-444653
110782
-752007
541152
855296
-730722
186320
-329829
-712691
985379
909446
742213
-965467
221433
-766246
870757
-882055
-519525
-965302
-782089
633999
32841
-110331
-520178
-797406
222202
510683
-864291
-109148
635914
816790
446199
-253304
-935218
-12649
-398008
-665939
-826330
272163
-378630
-840952
181609
-636417
-806418
-596959
-402662
-935662
-479013
77813
-900963
-261101
-288188
131878
628568
191635
334473
-149231
-297683
470183
741621
-661770
286973
187820
84927
351755
-824830
686920
685817
-651160
-40917
-692813
-492111
-859309
-329229
-298529
-456268
268109
-234190
64719
-654078
-135152
803618
57734
996726
432186
-750632
331199
-717045
-48315
-198619
-975424
289916
-911647
212396
-625157
440109
387566
-938238
125926
736407
20845
433113
-755705
161536
-896117
-54233
705269
371993
711578
-230012
717915
-423575
-426394
-224351
-426849
-994209
25017
904350
-711253
976703
-294269
-686677
266618
-205916
525720
641461
-765807
-86714
703224
360119
-350308
-275932
-206768
-106012
885605
-102884
839756
590873
-730892
551333
-639140
987024
-872243
-65534
-237328
-299092
-59742
787690
-394742
229005
764392
310989
542329
31009
-894927
68048
-327530
-660734
981334
-624307
699385
-368974
99761
-507383
525014
-14635
389733
364769
-423762
658842
-83898
-62902
645865
43859
871565
-591463
744768
-188178
-803774
-649974
-959173
960618
661015
583156
-8374
766088
-348796
664097
-894646
-367462
-960211
804740
263564
139551
-702644
-211422
-875084
687089
-846654
-298846
345930
69449
638253
-8205
-886692
509817
400332
858076
-678361
596558
-791899
-637534
557175
869117
945623
-451199
635205
-403173
-787102
740559
229365
-747313
545298
-507072
392239
842654
281506
517155
529742
434853
-781691
-124328
-495698
856562
867467
-382390
366379
267798
-524315
688018
-135644
-316213
-949517
-578469
-447096
996107
-29668
-811892
-407067
183230
928667
822299
435918
473964
-684774
-171844
316617
596733
-654689
-153641
31586
-436379
722032
535888
-579818
589498
-846503
786561
-142704
-370817
474579
721653
312971
525062
-856817
865875
521169
113516
-946018
-885898
-703255
982650
936401
732664
456613
-748373
-439180
-226770
848361
-93869
619589
-120054
469753
341620
-584166
889935
-68882
-430668
676496
788415
198516
151074
510067
-488513
-323864
653251
-622638
-802695
-233234
-568655
-688593
63512
-586006
-752193
-203825
870607
-500566
356995
-356164
-652206
-736874
-736575
227741
732879
605046
643576
622814
-463836
-787092
299310
-675422
411424
-549616
834646
922912
126520
487897
-699727
323825
-745338
-268382
635233
318174
145612
883040
-885651
16219
-617526
471345
660056
-269731
734472
923481
958010
467351
528527
601586
90165
-935310
814494
-610526
-610731
225918
-160142
-776085
148829
966379
711812
449102
290204
966475
-819280
-74564
284648
326333
-191524
398998
-657449
190951
-129657
-997394
921220
-395186
926088
879230
-927835
454614
480815
162330
519304
295308
551805
908574
-478774
-608337
-867512
670055
-641959
844300
119157
648246
810774
299878
-426318
95422
-373790
382159
-505580
-31239
-426891
364763
-28632
-505672
969578
-102545
-626443
-958258
-647931
854372
204073
871374
149680
-244123
779947
670906
147540
912435
340961
505582
756734
-539882
153828
567508
759996
727510
-337071
-613795
109668
157350
354967
682777
-477888
-673666
-822895
-508310
223790
-449338
-466568
575859
-594966
737505
447233
554715
-506618
227179
225621
640923
139613
-433419
146504
-103653
26700
-699669
-536145
-213305
-972159
126785
172901
137509
-715866
-472133
-179714
-193753
-145799
-2609
297937
-922009
548053
831369
653851
953088
568874
101083
507802
-937744
-671738
-266578
703179
467875
300004
-150317
-635778
-673297
150014
-171922
113399
177856
954863
-713701
-684636
-761003
-185834
135651
45244
668368
-866959
-656820
746359
681095
-825451
400209
634182
743424
-498708
141983
805680
-170446
875406
508858
-702571
175409
-641460
-338348
502113
508555
489730
-384489
-313589
444593
-98190
1776
683590
715977
-862574
-271167
384344
-729533
72013
130703
951563
246563
-469088
585744
-10014
32204
-272273
-204335
861759
-396867
-695477
-840813
778543
-336937
-179161
280655
-828382
-689431
896167
-141970
755162
-202023
859806
438751
-486047
997232
-832417
898298
-732301
239597
29000
-780739
-513841
559913
805005
476145
-407883
-467268
-728190
-546125
135865
-423667
-386938
-85593
239397
433902
-804938
411015
744472
-908772
-730955
499633
-110794
-871150
-61617
403159
-873919
105967
301457
-606220
-654436
-669543
-386959
-168276
890370
-581954
-692132
-517514
-49221
-420322
-63638
-913356
156012
549425
1051
-604592
-16674
196114
806424
-272202
287343
-924532
-772570
-823452
-795682
165814
579707
-669601
-728219
-118836
-275820
-382655
211621
337222
449070
101990
755268
756939
584477
-293953
-663383
-479162
-207309
492629
-929738
793743
888037
53589
-10144
694460
781387
-722802
769928
-991183
-546254
974246
174631
-966547
-695355
446413
-85382
28825
-936243
-873762
-633954
512828
228229
-878686
269766
-187295
-172639
606383
333544
620052
99011
403807
413794
-12953
-542605
-596350
-318494
-761218
-319151
-548566
-752401
134596
-574321
422231
168050
-269676
-131357
-917333
759150
-67599
-791095
-874805
-554772
437134
-753490
714994
-750161
73872
321376
583383
-306076
-579613
-12811
-892282
407434
444584
-488632
-911060
683367
192217
-459625
930966
-673188
-33946
353196
494862
696379
-778161
577529
455528
154240
786435
580724
599468
223568
827235
314461
473407
-98894
-364163
56790
595030
56224
-956022
702748
-536342
488563
-785885
-447401
171929
406333
92974
102895
733146
-940972
-543909
228008
755407
-322070
-194464
210935
832170
-408029
-208341
431637
815539
-381107
-253902
288946
520000
381936
-654265
115029
-561841
-610287
-182224
-98182
878277
31892
454418
50205
-561775
-452609
-846900
-828630
-393580
-390809
399378
-638174
287121
-795086
572762
119291
-203115
-635579
-449072
-387576
-16686
297026
901371
-496687
-321039
-752895
618343
117121
-363181
-563881
-981061
-484905
468011
473357
565301
906237
-979252
718401
-922394
-372832
-672409
476985
-11005
614713
681899
-438243
-265997
-521216
-73822
284932
91209
909492
-418043
-7421
-587195
260919
239685
-968853
-621960
876504
-532734
-603020
-608401
935278
870338
956901
841514
891086
675301
919121
-481746
-997108
396105
507250
617606
78004
-930994
-648391
556789
-4816
636541
-352002
-95324
-781502
640577
317482
479418
-119738
348630
857458
-243234
815897
-745562
148365
751174
-875225
105266
592688
-984139
-219434
511808
-465885
-216541
-92087
-958635
-598935
985918
-889629
-247326
542707
105556
-610785
-809296
-989769
-392287
831281
327714
-912870
-288458
-323657
944589
468308
-507761
-800974
-383327
-756587
-676199
721939
836101
-660337
-497495
347909
-126221
285965
-744178
-84856
687030
-758261
25515
-560296
784446
-868930
-171081
975151
-858698
436632
806432
469016
523762
-482027
-854642
468351
986282
-362403
667377
-397045
-118989
991179
-675107
-282889
-669159
-172601
-934980
204620
-886637
-679158
-880237
800394
-437418
145278
-759903
-652972
276349
69016
-677822
417651
-494353
-871391
-113333
-970591
-353417
32025
497760
-367136
669623
165136
235820
-449367
156315
560714
267745
487156
-611888
332765
-308225
-498524
653607
-188461
-698131
-783811
956818
-458034
-436783
233166
610982
-114605
-349183
-883371
14004
537484
-853961
660587
-430491
643799
-706549
-760869
-191065
529272
-210235
965250
89985
-942491
452406
478097
390275
-855819
979574
43882
-44280
-718558
260071
-87463
-176591
823288
-854297
-565609
-291318
-203480
-448979
722687
-665997
-302940
383274
-96488
-659141
676726
142644
149795
205997
932409
115044
-704019
989919
-432550
774079
380193
-288369
753652
-575926
667352
-964906
684145
-420112
-141496
507433
-274409
292895
-783886
522112
843917
938802
856116
-459024
322075
-240372
-118165
-1200
902272
-968371
-795204
834681
146674
-499222
824600
714125
-725144
204792
-574245
-971492
628867
-906893
-936397
313012
-327005
-77893
-179556
398587
-784998
36559
-79302
-941082
-24639
-223186
-400106
-702565
536442
481730
296236
438713
513360
501033
273394
-339966
-998190
97993
-625842
-723333
-697215
-200086
-694825
931653
-106979
-631222
244665
566017
290886
-934891
-35396
505888
101668
885303
564806
-922972
-337884
-835300
-625536
-801443
646431
670700
637271
159791
171733
-89336
819825
173544
-991343
-806017
450211
-688558
-6102
755387
-756905
886920
-875835
487760
452937
415051
552869
-582460
-79062
-345464
-697158
-514256
-268435
-35041
-349555
106030
163516
-703125
-223270
-199213
456666
948463
711451
276491
122006
720108
470475
-427783
-968450
-535628
-672397
-725355
-648708
-548232
762405
804229
866819
315273
-778232
-212243
969810
-475389
273502
-298625
489570
923947
807405
-346914
-779178
-415865
453873
677488
-467403
165324
-46021
654604
-114568
-575547
-773180
-83018
-111174
-445577
191628
240118
6192
-45967
44346
-126989
-730694
266115
660768
-760885
790726
-65730
-59509
280296
-141784
-252104
933382
79038
332031
387255
-243474
864629
-447422
710505
519232
438010
-865042
746052
-645008
23784
-699526
546620
-736099
306667
-499348
308248
-820323
-230042
-425638
840445
9074
-634912
-225285
949566
645385
632931
-302539
578767
-288031
-970509
-33979
468495
894120
518599
179000
413352
-43392
313959
159403
311601
-662258
459878
-141780
-398356
-233456
358872
909892
-53779
-871170
-515746
-213334
137904
-150658
561381
87470
-505273
194312
784931
-926507
906281
814423
39514
374776
708543
-441887
-446224
121894
514722
867735
-718704
-173678
-794523
741175
684542
-192879
-492282
43414
-282988
453940
172245
201267
-759395
-689851
-949391
801986
397619
-454664
-3702
182549
-381171
-97422
-3028
658344
-722647
-294486
-783544
-168871
827408
731179
-301136
-891296
-442500
-95659
849879
-757958
711462
-642403
285456
-571526
811537
-542300
629741
-947859
-232151
680351
854128
-834533
-774314
-149575
348017
-155484
753004
-655012
-497141
-969643
50503
-280684
-138513
-122089
-549506
560351
-13385
7995
-535309
-163506
250037
-823847
194092
-464507
-395372
5628
-6806
-765631
57770
761044
914720
-88102
926512
-859595
762324
274528
-15078
515328
619517
487782
545685
-329981
-792902
-592829
547930
-342408
967522
-465455
665588
-567787
371040
-84376
-391634
-434869
451118
212994
570760
-555689
447363
-371470
-794646
362083
540429
-868135
502489
302753
406394
-512590
-181920
25911
975192
-636236
695930
-817710
-229064
243860
-160118
-261543
778406
-494530
170671
149445
421095
779037
714577
-127788
-7969
285337
316523
-560606
913868
521878
801477
454297
653744
303966
-242951
60138
791376
575129
-913952
766568
938894
781979
948858
-290171
25838
-211260
448287
-195756
294210
-381043
953689
-284695
-602006
668266
587517
390026
-46397
-95960
829420
-132530
-574082
630897
-678234
-920339
-65137
78816
139800
-273762
-346055
225848
-507194
-407162
7827
-558336
302668
-966335
230405
-249045
-162091
-475385
369912
-208402
239920
767907
-540136
-172564
157932
413467
731477
-12648
-719063
-842606
-381752
-397296
-762944
553111
681520
376856
-720651
-664535
-397296
-227844
-71696
610531
213820
-769029
644196
-555775
-18074
-517895
-31160
-648162
273703
-791241
-880256
733567
36196
277676
147034
-232328
-734973
427971
-74934
-116724
-969325
162123
-563613
712195
-461021
-284263
-952340
141683
487893
-24036
-247786
-298287
206936
-603590
145938
-811139
-121485
-885222
-459300
-847782
-676463
-339555
885785
359733
938121
32818
-872596
-796852
-539211
52471
86425
-508536
-785406
522813
-796341
-246427
-761451
-748681
895256
726443
227283
-352530
-571844
-565782
43880
574095
-376920
922396
688873
163780
-925387
-987591
824225
960398
372143
762346
-6784
499548
965495
454005
-447981
51919
945470
-233387
-425269
-850872
520186
-186719
-599553
415442
-460276
627731
-937089
-32120
-938052
106792
-458026
-314971
29187
-769153
848810
103800
-756743
673035
64198
615400
435380
-942587
114947
400875
511419
666967
-547206
456888
-566421
27526
606017
953766
840807
-993536
369207
-619470
634195
432119
348411
696144
-461090
890386
-618828
568098
-878768
-770019
-328103
-635511
903016
736096
979890
338396
793509
94836
-260730
304928
-238198
192065
-238184
195382
-780410
-632167
149147
-939603
-625703
-481646
-559073
-991509
950473
789339
704636
-510617
679724
-914193
-942520
800957
-684211
-270622
-834555
-781196
-534527
-854666
557201
-741018
240171
-703529
563911
-998027
488536
-674274
197356
708126
-306441
-653498
768523
67856
-135143
-790550
76348
-184671
998790
-219017
304713
678513
-133209
362194
479469
182580
-908429
644915
401385
-442955
790250
-41415
-183972
30421
255057
-620062
32395
-256408
-294335
-770250
-548282
399224
-423747
-779759
-532920
441110
-570308
543429
-743562
-571519
-675588
561152
-893006
191204
-76655
586464
-626217
14917
231379
775169
571963
21629
-266246
-612010
-947951
988811
-232072
84444
-267597
473593
314194
184122
-127183
890447
404363
339898
331557
834056
-116673
587995
-737463
207739
149147
-630469
-601058
-927509
955996
-227274
87408
187374
-452106
-340630
-790998
281649
47361
-738948
270459
815290
345496
-997139
288883
-340310
186983
-838300
-449863
-408654
501598
881694
-574599
-615076
469689
-312062
592664
-381165
57470
991606
-308674
13466
-235668
778735
-799160
312227
-561895
-590157
-406125
485467
-329105
864335
300756
-983609
867197
-410362
-323919
54180
-248662
226219
645526
-747064
107912
-929073
-362140
-422399
-241134
-769477
196436
816337
-777871
887763
-170198
-13538
666498
30642
-701312
-895397
440485
-107436
590070
-888621
-243102
-109175
-872230
-375906
480464
-196148
678274
-768198
-969930
323799
-515262
137983
394727
122599
715584
-846407
353122
-87980
969930
575252
-200218
-200269
-438287
-533720
830374
-139598
-429117
270858
752966
-839048
382238
-490137
51778
510009
133957
-467759
-686139
-187769
-235957
-656068
-863970
248781
481916
530757
-628621
197499
684350
724502
-890481
654280
299754
-90698
-545990
861468
375582
-715616
-278131
946465
555243
-525165
-892584
-62520
-15301
159194
-552511
-881344
691436
-238649
-69113
-544522
105283
66917
704260
-412802
-402326
-924361
784698
-717976
800142
894217
936304
99896
-196482
-609686
-38637
-820900
-325302
683233
-874436
-770060
-841932
-767019
167421
142767
392176
614911
261423
83611
-623739
-807691
539090
481545
259227
243350
-931258
856901
318990
853441
-861076
119132
747657
-924772
-780973
-448825
-534458
180391
-269725
140241
-136377
-144160
370182
21692
88821
-462398
-835542
-519003
-847487
425881
564608
-471226
618191
103698
-989682
-122583
-652952
-920939
-265683
666038
932502
-126758
-214831
680159
-51529
4196
-768666
414013
-815414
-38391
-445746
48210
817450
924436
-930099
-93730
-537962
-765640
387267
-385449
660241
-48125
143326
278431
-944427
153645
-844152
-597379
232706
-109834
-931342
165208
763408
-146172
-154633
-288121
858024
76701
-874108
-957390
-961690
-319854
90821
855760
-395419
160723
-237970
66620
395083
-850703
681171
55323
101172
-175504
-666246
156746
978142
-510398
559367
210848
379768
628026
-623945
143176
-518147
221423
855055
-660123
-701877
980948
-617513
-663566
-338907
473308
-807807
265675
-365969
-45776
-667706
-970887
103521
-986535
84437
-795307
-162038
418191
361439
-183897
907794
-79195
-973050
287562
-451169
-596994
-569262
30684
624430
-714207
370561
922554
-733260
753049
-741013
-72166
226357
-548819
-806492
860388
405405
-474197
889501
-491075
-460731
-26063
-286382
377231
-607872
-924944
-806666
-700078
-4138
-779715
587484
544693
-376709
-981778
-424623
-752279
-695985
945939
-829726
-429245
698987
-570739
498589
-74656
-119558
692098
-214269
-714154
-782099
-324768
-205228
-242830
649170
508390
-865599
-958702
583447
-672264
-658780
-420692
-451979
928705
-875999
171313
946927
-300621
419034
-749059
-354683
589308
-178303
-655696
-981432
-679715
269648
-100989
-987617
-944621
184858
-769716
-269389
979630
-12545
-620220
488020
121857
-578921
71466
449593
-237701
650775
997615
-308997
774777
168927
-362071
-525845
-412039
-111129
119473
-822732
710568
463778
-804163
-969147
-266574
94849
-956764
-211195
-720294
-726479
519417
-740665
260977
899198
747355
-617167
-679724
-181179
832427
82575
-530405
830041
773579
-755629
-1032
-588492
-281473
586929
300379
838000
764197
10946
301778
960035
41800
-964797
54883
85036
-175991
334589
358558
-656575
593925
-380466
-757378
341280
2368
-437101
-839899
-165205
645475
-370304
-335164
419053
-125932
663804
830562
592595
250732
130940
430595
14929
-858114
-267628
-25036
183686
-232424
-970154
-731278
591585
364436
627280
935010
-41639
-753186
-822368
-700359
249183
-259468
-540258
-916022
-613994
89439
-251186
805060
963507
-587383
635621
556101
663350
-233439
-13304
-321721
-91553
719068
653243
-907867
-513357
683090
-639145
-921772
47525
988136
-986762
-994114
-765050
-809130
-694473
484134
-68597
-234731
568112
317409
854708
-683075
122468
818215
-270457
-241911
374316
-607107
524650
-638989
71172
-566903
-919921
-275585
-474770
-433277
-592496
-113914
-355049
455029
-125779
-341811
460915
109172
-150940
766443
-406695
780463
-468288
-838584
97871
-613580
-521658
-779661
-795366
207885
-21571
578950
600779
-496922
939961
-328049
-63825
-979960
396366
461406
-413237
803870
-652509
231714
258899
221713
889903
-280186
-669116
-261038
-513744
-75810
-480576
17969
85606
617296
404389
563948
837636
609023
-228167
-183936
187973
-627389
319142
127934
44563
-744683
147974
-559072
716723
734737
-755202
-935786
-33550
503697
285927
-143647
-776489
616812
595315
-290233
-458999
-885261
727736
626608
732035
132125
190555
569670
-258853
962389
-614266
929121
-665000
704877
57054
379563
960195
-794972
820492
676918
939765
-934711
741132
-93785
568986
27059
762568
792497
-356130
357882
-497736
184872
472622
-770000
-188521
204656
362125
-997966
-225674
-896728
964424
160061
-967607
-700577
-135063
89447
678987
-174869
294476
499478
-497952
234240
564767
-756821
-859546
133753
270239
903022
-73750
914110
260904
428514
98981
-266475
658515
910461
938182
20640
912495
-287492
123912
876918
872569
156306
-823659
-262495
-754248
855329
562637
540228
354806
-935316
-225532
-80427
-692136
-85077
-946674
578103
-182055
-20424
492212
-921152
-591910
-408807
-187626
-933396
-498347
-249444
87245
-585852
463064
-788843
-708935
335633
367463
-532593
-926862
613216
-677265
635775
153444
677541
700459
927912
-402886
-991677
-157166
-349560
586427
660779
630016
78638
739628
-961894
669832
-447998
-895289
-828516
302559
191956
-414368
-234377
403113
-123302
-898745
-229425
344105
-825607
-616210
666841
810169
537234
344382
510628
465146
941496
518951
-692020
-408064
105377
968760
-778049
-815985
708388
-739942
853847
-739611
-635231
-974669
562949
556725
-389037
-671429
-40163
487662
-570174
730413
-168233
-395780
-885798
-501393
-585612
651437
842989
925016
116582
784485
443967
424562
-623580
-450657
393321
-401628
-266642
101708
-141570
-412795
362098
223199
-387464
-74954
-220077
223500
253618
739761
-288839
683444
470173
542928
-712336
584376
-958465
-297947
235812
884524
-372931
-647606
669009
-928965
776957
-954572
-379621
170278
-356200
353738
-728014
502230
940943
634085
-274572
-446522
-440870
505352
776979
812748
245112
-511861
496192
-284715
-968933
783857
-700340
-927398
-514091
535473
957127
112978
887868
626135
184013
664824
671564
804392
-164898
-684637
158129
107088
817593
99072
-258828
-456979
652551
300303
-951628
429529
113050
293485
917668
-390758
-991231
948736
-606902
-691570
-978662
-120992
843904
978466
991986
731771
604600
175999
396595
276164
-19609
-768304
591527
-861480
338784
409120
237592
-920044
952142
-109858
380259
-999486
-680330
-506691
293999
-762662
102551
302769
-813926
495650
611200
-792588
-625343
455103
-814123
-633358
186873
790478
542642
-416533
66641
-476968
-184837
-341832
-338448
-846053
-932713
899145
-766097
-980572
-210714
614162
-980058
108957
-892530
313942
346296
210022
-383289
532370
-294329
-772090
739783
80329
683013
925661
446971
-130114
716138
-10388
453354
-217221
512645
-731483
440947
-825804
-577536
508235
-926659
-343632
527663
-137373
-729470
547606
971585
-621999
-138452
317881
588023
478259
-149749
-706306
706169
-409967
374023
389182
-484306
-179006
-740933
-768169
810607
712422
14611
323251
980939
-544443
497448
-596597
963792
570789
59771
491455
-566584
330301
39061
-594999
708302
900609
722882
296325
378867
-426868
590019
85036
163166
-35958
-525783
678860
785036
-266715
910692
595642
-554294
-74698
-81108
-573356
380860
-583660
-169953
344652
987129
889819
-163893
-579455
220120
875168
-174454
-71578
775777
-451573
-775254
154643
121560
814766
-760321
-715275
-221193
-286104
963586
-436158
447182
874277
-840516
892888
-200421
78377
-680468
-819561
494717
149580
525092
481845
39398
-638802
902390
-740482
-763635
-272064
187940
-987859
276363
412687
166785
-602078
227452
406464
-317352
-993741
-879640
-353767
-429898
567542
-479490
-270413
460430
320090
807964
779962
500529
302680
-70458
25621
-215475
968941
386819
-313085
-771542
623185
414851
416399
635327
-308786
-170915
-197889
89137
-943463
-791425
771785
-937203
-671064
-581982
-367100
896478
-61471
362487
356908
-741382
170450
136870
759148
-526871
-933589
-215232
257655
-964648
-828413
944570
-736190
794772
359420
680210
430098
-949367
-490705
-767791
139770
-434168
-559216
-88445
-371370
-230280
329574
261530
-333802
-731898
-375984
-976894
-473279
794467
159976
-714132
-732405
226388
70637
525250
261740
242224
469820
525551
36996
-170760
205760
-532907
-120127
715055
-300698
-980357
-719113
140087
-68801
-90482
909808
-739228
-828953
-423994
-471126
-204936
-400888
55595
-410470
759089
341464
-142874
-14524
-587899
-617624
-752784
654325
852196
772767
-308680
-318565
-21473
158414
561309
-306418
857717
580953
-25530
-2197
-487848
883988
-92389
-227076
-944966
483618
301799
-149901
-917271
-642606
439629
841819
698859
-703246
-172705
-889041
-320869
74511
765285
-468674
-152722
-543395
212762
825806
615019
-225929
-480613
472735
-644977
493857
-529462
-132825
377844
378150
640100
432879
-138233
-58101
-717023
-55503
299294
722607
-213685
-1848
-980639
613611
109112
-301508
-311879
-125603
229819
535400
331002
-557420
361206
-53979
216651
880594
-581244
571675
374451
-110705
-561150
-247705
-732556
-921050
-814827
129211
20849
-531849
-926293
-679858
-809243
-139977
318295
-789882
-526367
-572593
-91389
161755
301804
-861571
-302846
-367194
-418990
-941640
578827
797662
938954
997583
369337
313404
-113123
808187
-934302
154321
887137
-749128
-716468
-92014
-280977
-642761
228129
-90219
217263
-453577
119899
690896
-26169
-971490
-147350
-724366
-833061
549805
-91560
-252050
608165
-512733
-454388
547119
-515150
914949
-139478
371727
723135
-73779
-473952
610272
177093
-190419
-481743
896117
166821
746387
-194103
-615917
-707190
925797
-925022
266641
954307
-72372
542276
-878754
-522567
-549284
-130804
-914403
-62017
414808
632717
422833
329757
-506761
-205440
52892
419460
320609
-336837
-403447
-869811
181421
-507331
297010
-72193
298567
681093
220617
224363
756072
-512743
178670
-316300
-970467
299916
161133
-519751
-830888
246731
418232
583921
-120553
-158936
-86322
372686
635625
966570
-207854
-43767
-370268
388699
86422
811154
881369
-616568
-261040
179936
-935475
959578
-595701
820597
-553165
582969
-495704
-523632
-117115
665430
-43383
51998
-87839
-625151
-364081
791608
215914
549597
164294
-148462
516166
956440
807771
-854102
345139
-105807
957052
226507
277625
-303988
-593557
342150
-344410
-189258
162747
102425
-606289
667044
578794
276597
332473
-464590
-671406
-755366
-89740
-35486
-963759
-873827
-485889
200535
-22289
-969724
156975
-214518
-823825
-497887
679676
-866773
728621
-42700
-170761
-864937
-700550
484830
-54194
462198
-412746
339517
129241
-833953
-383887
-538286
-298542
-55292
-293652
611718
909223
-257410
737892
-576667
943126
-284397
-546390
100100
501085
-370215
602214
180760
-236988
330834
-861940
592252
465898
-562489
77081
-588297
899710
664336
751220
28951
830384
-632667
490666
-468158
312042
-802986
-856440
221264
-60396
881452
644598
-117270
-402946
-901793
982831
-901861
-272008
585044
278899
491005
-84123
416960
83257
-618225
854472
-839662
-206522
754182
824674
-455302
-216868
655057
-87968
-726203
-813102
-775927
-529189
-669542
445338
410416
-788090
89935
-706854
-191036
188142
-724024
-92897
916135
861020
-813998
407140
-223103
602963
-509604
158672
457435
-349266
952151
211616
-524592
-503152
994748
-869535
408880
-731455
-682636
632954
-260643
-352177
78291
-850227
-140267
-831774
-557081
668698
356368
-281105
-424200
272503
-420085
-238197
-320358
356812
-635234
170039
-484516
822201
820774
-532366
33817
-703819
-35517
28565
-573354
-626637
297110
-255989
-993684
-963533
391834
84608
-813760
-748434
252834
-370840
920264
-390798
348056
-503936
881706
927971
257868
-438652
284783
622635
731387
800268
444836
552160
-732099
-521348
848342
232384
507217
-725012
605747
-195673
18999
612064
-159205
-589168
-303328
27036
-337601
949506
656196
-417337
-441292
4252
78728
-559587
-67778
-663405
1761
-782995
959231
-266852
-982728
404066
-714693
-714826
882718
-866351
517558
389935
-591363
123305
-805739
427637
-264631
35057
838470
432041
-937908
-499132
381547
718288
83532
940255
-277460
-837741
-619332
654762
-501145
382429
871768
-541915
-884423
889041
862151
-599115
-825786
744868
-465466
691773
134803
-56828
-184922
329064
-629192
550447
-635879
-790722
-17513
-573787
-289854
-635966
-855499
793679
-695712
-132959
955938
-315044
-478197
-545208
-932615
-606430
-87122
-817038
-717390
-224972
-416152
-543176
-480104
118382
-851403
654699
-938446
-36325
-16237
-567637
-485879
347884
-358359
496609
774097
351788
860643
918599
145466
-835069
-214361
101404
-150112
307442
556196
-82726
701013
-530926
100237
983624
244102
684085
-559552
763998
-197534
-410955
418697
-135980
552720
-597541
296383
-933160
750344
938025
563450
524441
289812
424093
443039
-564722
589024
-771323
536682
-561089
536120
92877
356185
237132
561952
-543579
220756
-193947
-859495
661204
-429949
-57028
-749752
988748
806992
802968
-608793
103375
869809
-858449
41400
433258
665992
-668789
-142650
109031
-233511
-553626
337709
-696830
-114715
-126172
396048
-758530
-889040
-42001
-302109
331716
764053
-161603
-7081
-665896
781369
243168
-677148
588361
46135
-285941
-308264
-84057
-144389
733136
-650799
-478398
-935653
206552
630633
-169163
652926
-31659
134008
-461789
842170
-469944
-220319
953131
488055
477573
284846
252108
-684031
-722235
586212
-902662
520933
909064
685699
-432932
-376877
-622565
483012
478734
-889430
832213
-999664
-825082
38765
630970
5755
-308310
-400689
-860238
229901
-558519
-330182
-990418
-605389
-842127
487155
679458
409981
803124
957224
-3807
900462
478156
-94743
586161
-954776
528380
963596
528236
7114
-925834
360448
7451
-750916
-600788
-361580
254839
90903
237732
394602
-679196
679213
-935581
-669614
-926177
-777708
817541
753282
632274
620665
710505
-371533
521127
188660
533724
107287
233884
62103
70883
-237880
-930783
145050
-877433
76668
394135
-478220
715088
-351026
612684
-47180
-956425
933488
-367968
-892005
-736126
-294144
-669713
-918585
-540863
962562
702080
-830359
-408972
223207
358302
-875249
-669506
-407814
186855
401377
354306
256072
-453573
476874
-667261
940562
998655
-952173
-410465
611338
647
-366889
544826
632680
-258894
808701
-661465
71394
890116
-202327
33955
592196
-32686
624984
-184598
-674384
749736
145896
-82198
-63410
-452728
-727892
-807338
93700
748982
-474598
34261
747636
-426771
623797
358974
573877
-743092
-96200
206556
-1986
-287500
545092
-930592
-397385
-657236
103364
-805190
310079
-271653
10212
635695
-521918
-843893
-446504
414673
-296620
-174396
607335
797081
-425414
-867264
-168659
-677778
-294034
-544862
681196
-720158
-287953
-415005
486399
710061
297496
31491
779470
900112
374256
-117167
-905079
-315666
611180
105134
-679972
-910738
261242
-126475
503935
964623
699130
111270
761703
-726285
244006
-406956
-404063
949973
48183
-722867
-770185
760230
-137872
716215
470291
-840376
-252295
249760
-940265
-878040
-867408
-845343
-193705
743773
259791
126323
833036
-478967
999848
336971
-514345
698977
-551760
-752643
972693
692247
-159599
-431371
642219
888585
-154238
872034
648814
707891
588249
119104
867515
-664047
-631136
927251
-542086
-498544
-918093
264209
-754771
341698
-609468
-921735
862731
-609620
415236
-651614
-910644
863476
-404257
-937951
555723
436145
-369322
197942
324729
476441
69976
-26457
184331
-341776
-907354
51846
-5823
-538489
-20904
452092
-37032
61003
-283700
208197
-597299
106833
286462
-734568
497213
-298302
-386182
586570
-434826
209562
648619
-879104
-354293
-720704
318838
970436
755738
-611187
-56021
-59932
47037
36625
991915
-958786
498136
-28990
493306
-538897
-967987
-790394
669301
-565286
316440
-44237
-299853
-186348
657461
313965
-599779
-777365
-476474
-951161
-656469
169234
-671864
662370
139669
-916127
-948817
-916353
23942
98221
120273
15857
139435
-381591
986868
-367259
79513
-981120
-157652
-251186
-546405
-841212
704578
153742
-27560
362038
-532293
372661
584674
-8766
421501
928205
-839533
749638
590575
300137
833512
641758
383785
-142547
-260021
-495942
873310
879415
122468
860177
-487845
-798020
879058
354504
-49205
-667347
513292
-344628
486395
-514268
-982590
954103
858394
602084
-54664
279894
530289
105804
29531
120863
-594060
-136957
-237379
789725
720496
502600
-706217
593806
382014
416251
453983
894170
618232
333041
248674
-430974
665694
-238034
224398
152089
247698
241809
106191
106091
-156108
-948473
-614015
-625820
157331
415517
495043
563272
-721441
-742336
352997
999056
760264
646780
592861
142278
63030
46844
36447
-318739
-620116
-714880
250288
-954422
47086
-525315
197667
-705216
716494
-696142
400875
-439614
-644615
786860
-65434
512717
202376
-570391
75988
480935
-312727
-571016
479990
-552463
-924236
72851
589815
138795
-880305
-373738
820056
-500420
-88618
70344
-454842
958469
545029
742825
-746748
261523
-953317
654127
821909
-597932
440987
-243525
914785
-356637
186084
-9227
-875703
873358
419758
604288
-679105
495522
-322861
910710
-365683
-203165
-463029
-545627
296415
448354
524717
841573
406822
69745
584398
660075
-668732
631081
314202
-846823
-966851
-244812
-90348
947935
398551
-904264
-61293
522849
969095
-641536
127137
-710011
853987
804277
-799301
-511697
-398889
-262330
-57324
897526
-813976
-532608
739099
592847
537138
323497
252921
868407
-45422
-432878
-978417
-12272
322311
-68764
-64338
-279139
26972
874369
-756290
-3934
-767167
370847
286056
-913180
175123
486755
-424877
776235
-775575
517800
673761
-589551
985193
412859
-996705
522330
-263644
256217
390736
690935
823339
412320
-321338
145649
-656445
614324
866511
370527
488693
-889780
-633407
721527
481068
652649
808347
-343809
139404
-616530
-567575
363829
901270
-893815
774279
886463
519045
777575
408792
-744599
33791
-200472
946336
-142871
-788153
-375002
-997222
-444598
-760678
869290
925930
728015
979510
-707477
449542
460578
945173
257889
-883232
84576
641359
-450806
-551595
542629
-344620
-777317
429091
-825575
-999743
-162117
-570174
34048
637411
-623838
891178
849259
1160
893957
-595340
240482
763246
-669410
-31503
742756
-376887
-581962
203333
-431715
675928
320102
652861
317286
869297
-898735
-140085
-475324
-676051
-710994
-300899
-675794
126889
128928
358255
-235700
505090
249432
-386442
-493751
143389
18219
746732
-93366
348809
-284772
-350611
971922
133267
852723
-459793
-190806
172824
-806932
-873520
42121
-705666
-13604
566797
-381717
275402
-734102
-57510
-597709
394826
-699256
166591
-100085
550177
780150
406165
-306435
-201632
152896
600199
-852823
868125
-750412
-880901
1391
-897690
-340694
810586
275135
-147626
937067
-682745
146709
-76538
884053
764992
-801137
-850050
-292519
-398846
544776
8225
767746
-555309
-441599
547895
850856
251966
-653737
3752
-147835
-506560
-128124
101754
-387461
873268
204065
271846
683854
-520800
-875780
620920
-203545
270929
-455619
-319492
35920
-256755
-169542
743402
344400
-624766
-248373
112145
-180075
310028
-339960
-329220
-438006
6304
674533
414160
499744
-453592
-484087
-887717
-580325
719978
384130
-896471
-800823
508350
724449
-4367
-220721
-731170
676142
815200
12075
-493401
558601
-643526
-118166
-689772
468620
701759
620257
-871340
-627461
-817749
134964
-952929
596411
-365292
-406520
-887676
-253008
13156
832303
-868879
116685
-968520
639472
-158867
27113
-581250
109963
-296746
-766050
-877962
209854
792552
-521487
-908312
-897221
947134
793448
723036
-924207
-834014
905287
210758
-786942
501698
845466
-193461
614023
-407543
819695
446325
-276422
-63621
477805
-636950
777513
-495082
-218199
-112524
208173
15751
9515
-581973
-191697
488028
-490285
-88917
435161
-696838
-365882
510955
-530851
-460595
-278288
-317792
-958897
-432822
488747
655126
159635
308441
101451
883214
-755180
-420745
-753736
-977667
84173
28065
-90190
-707655
-956184
919325
-289627
-147881
407353
220088
763203
-157486
523251
-602679
-646532
992400
-63274
75181
-325393
-22170
642360
-836646
-367044
-198006
471796
734407
-314792
716616
-686339
-68528
738950
397835
959538
-351240
690181
-996647
-431915
-599447
-144527
975438
620641
-381325
-182049
143892
15996
171420
136291
952723
-753399
810899
-69447
888961
974253
563509
-309045
446048
297915
376164
162664
611577
-692364
-98386
9411
-732827
550374
-300409
-729473
-881542
100145
126001
-906104
-279214
744677
-88153
864678
-239327
-916733
968
-286605
-670131
-188134
643949
-781170
-213882
207457
-90214
-767834
-494629
-714051
394830
-883053
-406415
-703557
126359
-139241
846817
825950
131286
965276
-73906
-742714
-940829
646880
-998037
-28981
511558
-237364
54287
-487475
476032
384156
324392
119980
602987
-889490
-672564
-487228
-657324
-167192
-201279
737507
-50244
392307
-966051
-923886
-746935
880767
902065
384352
846043
-171841
641639
905214
-524961
643602
-123768
986597
-593763
930519
-500878
882269
314675
823514
2249
-82338
934025
329686
430434
-723300
-837507
-770845
-985794
112250
621462
-951844
188365
874528
928924
90429
258879
774966
918589
-99483
680179
-606373
-455882
-443589
-619776
-49644
-513070
-120654
-167375
801606
-297140
834874
-280733
-363116
164560
-850299
-86415
327054
-621144
-72208
-560697
-999682
-24052
627668
874846
-95128
-281903
133724
-320163
-363315
-965759
-639984
30313
-421640
-83572
410537
528716
403358
-710117
-638659
204964
-7257
-803785
924231
629627
360775
-926068
-456789
-312172
-547212
471003
127132
-546894
-553049
-245201
-672048
351823
472897
461676
-968340
-890418
495918
-608323
139895
-925723
308105
-449568
602994
-288537
-159685
964335
916427
833058
-839451
840658
462684
521325
914590
-994105
-790847
-632622
476898
336285
-179515
923850
-908916
148437
275672
563981
-389887
307333
673563
-893970
699010
-186542
-819693
7114
363890
783302
718577
-795796
747636
635004
-962738
908186
475662
499947
429511
390251
505842
638664
757630
-17260
-25052
-421886
-93411
66033
726551
-817739
-369987
-663336
489595
-696424
-557306
188604
117035
-376998
-804282
-519075
-593697
914296
-314871
-846061
549299
-277608
-937876
24960
-777662
491635
-584789
728180
130299
-827160
-289080
-894754
-249046
617510
171279
-522495
799771
801293
-185831
289366
-895131
256864
-522031
221905
879867
-326313
702830
-713831
-412017
-612041
-559892
-862719
110351
-497767
162242
332689
993869
577454
60869
124167
750294
771789
229414
-498752
389299
-599308
-21246
189070
-798015
792924
-521565
-693145
49787
-43596
528760
-70347
630092
231590
215823
-781926
619549
655932
-644644
-270100
-841835
517599
-937412
-847967
95053
123458
276201
-154653
-104753
-494386
346595
-715455
-93693
-674651
473615
108293
-881728
952050
415148
168060
-91546
-56092
-902287
-461454
-824502
313537
-243379
795047
-30531
111978
-475054
127634
-370424
-412465
279668
724629
710994
-444132
-430025
-393760
61482
916571
-109215
967790
-758080
-635600
76082
-639807
-683550
-508770
528254
224905
435139
625967
763451
610637
-60496
-479928
405684
908973
632050
930631
36606
-738374
-481834
-683726
986255
-770841
-127858
-443770
-164601
933625
-527199
726185
901414
-285279
-909416
-22504
74915
-592965
468726
-396832
631940
-96135
-770866
395391
-485499
168639
915463
920185
77611
547512
850816
-885783
809138
-631019
-569509
795393
-401860
302633
-648377
433539
236258
-175575
159724
137672
539147
250309
-884833
-385939
657344
583894
217229
289284
-512242
446364
-315326
2260
-384998
-399863
-77555
692614
-852352
-226740
806831
956787
142241
-762679
752180
740382
539955
-896198
173920
-223788
-71772
-666356
913885
-532626
583953
-970949
81435
241297
612946
-701336
-469420
-899297
745029
215255
102964
-639970
815392
-974592
-947356
963040
-201331
859475
919827
940910
-903204
672006
681291
636752
775809
-144789
-587036
-295964
188856
-673152
171410
-227192
-644100
-747155
-985896
968846
-448490
-455315
-930451
-703462
759940
172513
-343431
575331
197921
-290787
538371
996590
-431312
458197
937500
-334515
130203
618791
-697764
-93989
-525998
-284800
610048
662858
42049
-218543
-564334
397949
34303
-550229
366794
585813
-5544
436343
882352
-245604
-391144
-461080
-670273
806777
248134
868098
803367
816822
326295
740867
-517694
-543502
359658
-215457
362509
833660
499744
-27444
496518
-458208
754014
932185
939741
-211683
-618045
306534
-625871
376412
-257123
-743520
-869193
351733
-204599
-539465
158510
-956466
-671368
-38123
860357
654928
-297257
-657337
-888575
-937599
127206
473935
896062
-373051
-553509
392580
168741
-799496
324764
108482
-11179
706719
-584985
362951
83131
157893
619432
213939
-490375
-585167
674474
668136
-541633
-996894
-369988
-681277
658034
332756
-338614
769460
395157
788593
243394
291219
-584459
689885
-316202
584283
890390
-991439
-307236
-120789
715281
107780
-757838
-201589
-734328
861594
-987651
-224702
-723574
686824
-556567
-265206
689930
73446
53518
347963
-593798
714905
117423
801359
503497
-639184
92578
919038
-949299
776376
503321
941092
784937
-803916
-179697
500218
303864
62465
-701372
569537
-75941
-689022
-655165
200486
997802
-211731
935280
687732
861715
-11202
35694
-732084
-296298
-846883
-930725
-792802
-486066
161853
-873765
-435365
-61771
629556
-494273
-276834
825641
326030
-776617
129505
-611506
-477988
-300959
312553
-167009
43877
-486961
-169207
832146
-551682
-481476
693860
437116
554219
961777
-859183
707336
-968948
-651985
-778731
192906
-525749
-214095
-868866
-896193
291632
-145700
929449
-382339
77684
58953
6156
599696
757995
-681292
-567314
-198129
-168253
263480
-365984
280066
782004
-672124
-282818
336222
-710347
-142000
43557
-679295
206016
264826
513611
680268
-949270
644745
784075
342363
-500955
713524
960024
576729
-227524
-33821
176425
-469529
284888
609111
332343
-883365
-127409
966360
396702
-345406
-705765
-886117
990817
-416111
-28116
34373
-95406
-822101
-700801
-581795
858167
-650070
-937050
642242
692293
-438005
355765
652317
-861277
-871759
-381504
315148
-341287
903385
-75741
991056
-979981
796851
957415
416722
-548556
-748350
530605
-557740
-164461
-497512
476634
740133
-319612
775834
-841662
-461446
-874237
-778712
-819205
818057
-216717
536561
470374
-77993
664802
-911131
-762845
-676486
992254
161415
-685430
-987727
-41734
-728016
428995
409710
-476366
-40400
851971
359173
462089
328604
99306
-857524
104437
257645
-318970
230201
478933
-138174
48258
-737784
-601614
-481369
184224
-936812
-392500
421380
-613297
-400246
-417205
-298727
-387973
541061
-26742
-958978
-49229
496892
622
-197259
-143935
-537290
-868655
955372
-394813
235783
213016
286217
-534017
-308051
-851958
514241
-45834
-453571
-967129
-861611
-390383
-359628
559770
-3679
240127
-857436
697594
852154
683626
-329149
893177
-365604
-832257
-106202
437137
23809
356509
568483
-20820
961696
-195735
-807804
247913
270248
