11799
-691264
-332715
396580
-819167
222444
-894385
333137
768821
-512002
-671566
-273583
-226166
-908127
-439516
-791779
-470947
995996
-997786
-319867
916419
644574
-621359
440915
485537
-35646
-364013
23945
687141
973427
650137
-301061
-717838
-682579
-904481
-537004
539866
-798866
796134
308686
-310868
-875433
-964897
462966
-783560
-404413
671188
-254506
-408418
673402
425627
-491999
317976
804269
948917
-196488
-231377
-415097
827457
-544237
-441670
477593
154703
-159507
795015
250222
303489
334881
451356
99622
-356434
-859512
224189
-321330
603454
440630
274257
274642
-813877
865840
-51957
611751
-626160
-733981
416019
-677244
69532
-815359
-92340
-103012
-359595
465990
-625419
795108
-693518
-830404
45329
609972
504477
-503315
-290407
-851957
-362827
933783
-173286
-759373
374412
-899029
515269
560535
966811
-536688
172286
-659349
-270669
-411696
-336592
798863
-227054
571069
-304149
413351
37058
70433
208459
343541
240030
-746213
-46488
-255494
-249527
663106
-107450
387646
596888
719264
628273
-28700
820236
143541
-468166
787046
606854
704120
-872303
-663816
-707576
-208895
-864953
65371
-637827
-169101
-521278
399232
901332
687181
-257228
141361
940969
696285
885868
-308559
359390
-221582
-920914
-43722
-502318
707360
927578
-682083
-149099
-540588
-895037
-542246
-836468
-767340
-206061
-544043
23766
-71013
521328
385940
759886
-999951
-214829
661218
687230
527944
-197421
628199
224229
-311553
-680361
-416382
466866
-601274
539897
964548
-893915
467474
-717535
-43013
926887
-612571
414741
-909582
-379911
-791320
-453625
643856
137667
-932298
29795
-102447
-932248
814966
-441230
754983
342910
361349
383181
-432862
-950204
702821
150757
516662
-898453
-309347
481210
-792367
-841873
763676
164620
-914987
-848896
-420640
-824568
-228806
-211960
-278193
-584951
925708
-210490
444844
-176740
-142738
259810
382030
-387756
-397281
-256621
995426
169857
-206824
698247
-679386
-690163
799794
11268
791048
-992574
169395
554723
172046
254409
705827
751407
429841
-522980
-460553
-848353
-107931
-534846
-58842
-663087
288414
798420
596723
-329556
-589336
-800559
413824
-593910
369299
-793001
-895664
689913
-483163
904130
-298820
-692116
911557
870576
862608
83602
124984
568434
-164991
-445176
-954546
374456
-293528
-62476
839610
647630
274437
128024
446050
-128841
798469
856715
70601
212293
-737196
-560101
419293
-632859
-870188
936130
-728729
-169008
-755986
-817173
-298433
-893378
266430
826552
675056
-898562
-618624
720511
475894
87848
-341966
315504
-264522
932471
-556472
-818472
-196370
-758003
-961757
874231
454290
-698952
-685871
-126418
-331811
-556059
-190288
-60540
274934
53727
122288
976502
160349
-611283
803053
-164595
-509845
-815572
-444084
966049
272277
213950
281553
-992245
146421
725081
-810717
950051
967078
-772474
824281
421368
-471425
-861590
-705051
196764
-417648
104662
-863776
857286
-841611
258512
833787
318739
647230
636840
-845857
-862616
821269
-289941
-896567
93546
924010
384987
101301
70430
110067
290585
20481
77145
518112
-155238
-501488
-953314
-16828
-206538
243450
565524
898124
379675
422810
-943487
-361813
256597
375252
-714584
-106563
529395
-577199
-285295
-760546
-473765
808251
-836536
911222
-90448
233895
21288
-799864
-745625
-901568
718248
99137
-403055
764934
-917691
390407
8384
647834
288531
-611942
70644
345044
26245
-672760
-279705
311662
220677
-750310
734463
935383
-510855
-739302
743634
-347390
-828081
-346815
886505
193207
-146679
-859120
291640
-428432
240018
888586
-663499
322327
278992
344886
-29839
-432477
732944
-959196
912568
-240811
-631955
-367137
-929149
588722
-117446
805315
524105
371699
-933988
267738
-975691
-762069
920923
910814
431139
-225756
-948307
-277221
345812
291711
-388636
682314
-385962
890357
27199
584199
-542120
-239857
625004
-629553
519333
993049
3310
590184
581771
885865
395498
105876
257563
461510
-626387
281873
699441
-705464
192686
130580
68780
244380
853359
-585408
-463910
-535277
-903094
150129
-644920
124106
-265672
-187040
884249
-640669
183408
403581
-647620
-813283
-6235
934152
-927419
-610738
40027
330145
850772
413640
-387982
550213
708177
804704
-319208
-223044
49083
-465849
191549
585174
-1125
288456
-264697
353955
-587439
469631
-833086
-703190
828963
350322
700392
-818658
537040
-305844
-884507
609622
83418
155521
-60233
-65810
-430840
551785
-515597
-722664
356489
165196
54293
-594428
699347
-754158
990747
-301779
534298
-273951
-947825
946860
-804320
-780910
-756331
-975357
569413
944061
-794015
106453
-361783
-678521
-283925
721636
477000
655843
-344175
-953840
207628
140228
-676503
-435884
-694576
377791
-30311
-995230
623634
-39564
-297008
157931
686486
-244832
104790
882166
-25742
348460
906809
-456329
292520
-887206
650125
930738
-565726
-633801
652373
911275
-977958
-691802
957436
229670
448427
-719068
793787
753851
658724
-236525
758621
282357
723912
-538387
-559713
410397
216781
545078
292563
-808961
-106463
199371
-265290
-813943
312166
-615165
-883205
746440
-248966
769168
657715
-226924
-922635
615150
-997254
525792
896083
796533
279642
554806
-439992
38263
-162838
-716081
499876
277450
694317
-283344
-177472
-13121
-92304
716066
-813751
642407
902123
498416
-972759
-981083
244855
-221724
788086
-97430
551353
865451
-482281
554099
391243
-586199
350631
-329115
968607
910640
709148
-194231
-805442
209024
-916781
888876
925681
-94253
-124246
-166624
-378188
62003
-524218
-476065
-439581
-496976
-457147
805274
281300
-669062
-292157
-167348
-803611
225563
-613250
587633
639364
737382
-741483
607971
648021
967666
-586261
842580
176689
-503042
731455
102370
402706
-392792
935746
-975483
669212
-588472
-451547
-770370
-85447
91306
-965096
-804148
422245
-257252
28504
618634
968311
415255
206266
607675
152636
464784
215645
-199343
432449
629385
-356764
-390862
-873657
-625309
711508
529050
-18101
647254
553567
-348889
-941218
-897981
-119259
-26665
193326
-84355
169188
-384430
658394
-802309
-765797
626704
612947
440470
234379
-234418
-94746
-549977
566239
-662298
-920592
-790525
-53159
-794248
-415834
-341651
734802
566066
-694397
288369
-782824
-635615
390388
97917
337721
-416286
-986438
-493092
199284
671956
-295400
433488
298660
-682454
-126042
-466962
83129
779212
-16938
-350632
-883086
62471
-141157
63755
268223
443010
722104
3024
9075
-972294
-708608
226251
-607908
681781
-675832
729814
-734505
-662269
-763279
464779
-990313
-58678
-101734
308347
258868
772224
841386
-658004
551436
-175553
-8635
668350
886919
850208
-267896
155141
293218
-545792
-841835
-697708
-518085
-550442
528544
-125992
-868661
852713
-396179
-603166
-809557
-159458
861614
-799870
781865
-240121
508478
40732
-467897
349863
382729
-916462
-825690
-625907
751889
-938772
-775699
-516008
216370
517519
-61800
374535
819812
420116
824093
348356
-705877
955433
201068
-102056
-647734
391512
738487
-786121
591643
520351
-26241
100121
-438917
505863
-550017
943812
589402
-375706
-682096
341290
-314477
-457795
825283
901893
-940276
-236517
276428
879537
-816402
100521
227892
-522279
55953
-571040
375666
408220
820473
114152
622099
412115
-365497
-404142
-487765
195586
-898280
-37781
139397
691123
586514
457302
32412
-727964
999508
-142306
-826071
-940769
621177
450358
938769
804775
-449122
166660
-717504
606832
595621
658162
15051
416093
-227686
-362850
-171793
406817
233008
340442
-397598
334729
-697339
741800
25851
889175
199101
-941738
-838789
198609
-84043
-664859
257841
-462867
785499
196609
-658092
-663623
-636732
-375595
943209
958889
-717434
-41741
374981
54881
595410
-796812
-538303
-171583
543631
64100
-836855
846292
-194101
188997
735467
-995000
247260
896679
203610
-836784
-768181
-538550
-299650
-982683
658059
42259
-646306
-978673
666664
-703097
980217
949231
255163
355198
4111
-149428
558386
465808
678989
102017
-470092
842135
-51691
335808
31131
-316225
340809
-721610
-419547
-455582
-558393
-187727
5868
141957
-170410
-336073
-815785
183285
-314746
850880
480188
-334529
800110
-264650
-979332
-195780
585922
579055
-729972
264911
-318929
-200063
107046
629381
-864256
-861824
-686845
476553
-583433
-106391
-979029
-141826
705883
26840
-999870
-464528
690767
-815654
718758
-623979
-964775
198946
41492
835336
934297
62160
-360444
520218
-358786
-90415
-214871
322286
709522
892175
-48334
845267
-969649
264822
321819
-553082
-841569
342791
305093
864314
-630370
305224
-600214
-939604
489570
-881457
-563583
524796
317490
477909
360132
251786
-459931
999688
-227996
181284
-90728
557133
-496430
-381206
449308
455237
-535940
479659
-279942
785880
926578
-121510
128670
231670
-257196
498300
-463107
142590
558697
-973538
261134
995115
551259
-421377
473024
-88610
830410
-986908
-88922
-397587
194377
820351
-840455
697947
-560856
608854
153183
-96795
88512
873242
-310916
15089
-248268
817755
-753242
494536
316055
-216349
-362874
-125249
-189886
898260
-130135
-638627
-523117
-657112
272764
-692708
-644019
-816159
-90295
550358
-995808
69251
248305
-556664
-321896
-598512
346542
766617
-725270
-964375
-218294
26462
853381
28464
-479003
169435
812116
158123
-955815
-377770
56383
-85950
-16397
533267
256939
-743633
840559
612920
-559792
-249736
163278
-555600
819516
-588418
-112263
-502380
-186929
-765722
-735763
87801
-730096
45943
-885738
-876716
-925594
-364741
292719
886523
793383
336905
-491247
-150234
-749045
492356
-616968
507894
748724
-776409
120814
-811069
-26145
-715909
-366668
-206629
-304326
521070
290992
508745
755348
555229
-403455
-974748
-398829
-289192
-851464
-324422
346068
441256
-437900
139450
-221840
70853
989216
29115
-436791
-627752
-462991
-688068
-404161
657823
-499136
569694
941914
134197
-636935
-362412
-344734
654057
-853668
-589387
209286
-257122
-564135
810457
453686
-415598
-513966
-200247
-974343
48135
939204
-196182
-881012
928420
832933
-317802
-699333
-630059
-5869
-103494
-972236
494995
-533800
969678
-370809
-170734
-392734
284458
-516678
-246402
695071
692608
496477
-869064
503065
-49837
-284661
989099
749917
-259003
37234
689120
544815
156222
617539
377748
838420
918207
747690
-167450
-185288
775454
-672455
280913
745132
-43263
-889822
-647603
-758806
-406499
105996
936266
-713892
-397527
-932798
789174
552636
-217459
778273
302552
523539
-184494
-8328
68354
971729
-390789
-553899
810149
-472583
-806209
-357301
342130
969246
-29756
-376958
714377
926982
-266779
-933226
-831825
326722
172771
-895559
612831
775245
-828357
402004
327880
-45815
180276
-369568
-522277
995782
622104
546078
967511
-768686
992179
777659
-241268
-814030
-579643
-899139
-844785
390601
-276096
869593
317583
457125
936368
485759
-216154
109138
590200
-603324
-115617
761844
798680
-787738
-283971
-21044
-157305
193753
-25262
-535202
-260170
-57752
-303887
-267992
-280094
454845
-82021
140263
555707
73194
-469136
-720390
-57213
848447
736735
-120846
334206
-479419
988293
-75595
-82743
-127325
-313751
-284063
84938
402278
694894
927633
-403970
-330369
-607570
335860
611879
88544
-932132
-668215
-456612
-14153
472049
-900906
-940959
-997087
-621296
1828
851360
-884561
880982
185566
-363980
869275
-890030
553278
-258051
-203781
-730786
826887
-801503
964108
754519
-205473
-366261
-853051
-869614
-754382
235493
-801745
-422597
778882
184102
-950548
877976
243143
-947635
-743320
-755029
903726
-627880
-874048
89291
8141
995227
199262
-438582
-262824
995481
-169367
-435938
-806023
-205259
-681419
-11495
428480
-534469
118892
674098
701024
317147
-748499
479905
-498752
-699047
357881
744392
-646682
614562
989363
-742956
986682
-884685
346335
-5178
-889459
-454404
556241
-152282
-458923
-613127
411781
-264945
181614
730362
723560
-389907
-804108
-157549
-715809
896917
-840403
-464307
376822
-339154
-163354
-265298
-594763
189965
-650736
-605400
447009
-664054
-490085
-206656
330768
-379543
338941
-112991
468175
880018
273882
-120045
-384928
-544504
-389683
-661368
65590
-193790
181084
349781
-296874
340682
885474
-920053
-998473
-277880
-185350
-593235
912086
163914
-198635
359095
499860
311281
-847562
-169372
931739
491380
717637
399914
371397
-8481
-720131
986470
447015
-109814
-674898
-487396
696396
506186
862386
-600478
-153133
747860
-520531
-151605
-530021
294120
255160
-617935
-541967
-943475
741160
957894
367807
893599
-211479
299545
384978
-493842
-300542
-243625
497677
-20673
-257156
-55309
869514
67947
457296
565909
-425868
319681
965432
421000
67540
-555100
-730606
537520
739021
524554
919585
-802947
581080
660745
-845053
-51114
554343
-56532
-751569
-60679
449627
-52111
695696
-52697
927217
-561460
891995
796730
506487
349290
362639
-919381
-331029
328070
501619
736512
772971
771013
274031
511991
295567
193616
709045
-123353
-145639
863992
825533
-591296
-192540
-926036
348025
-742913
21854
43721
204390
-50930
482262
96385
-254200
-11251
-554325
-891562
69368
114646
436509
-429014
-148843
209480
-658001
-874812
-278529
637567
318805
-569485
-485787
-826835
-705493
-660254
-418131
101968
-586290
929895
359055
435564
-26384
-436555
-615366
-544123
659830
130434
444626
-894496
238873
-486007
220150
-324618
84980
-928693
884862
426980
-803504
-393667
64546
515301
36848
578759
688466
331356
918506
-729665
-566676
-667785
-799771
792379
767780
173845
-644177
-847586
629723
-984347
282848
74348
-878843
-478279
588342
341308
197104
-326679
412616
81965
-899700
609112
688299
164847
124412
-274854
-256394
-187122
-943498
-337889
83214
-510174
-5673
283443
-717795
-237894
-542712
-361972
-85480
-912990
-346318
-802632
161359
-225161
-280910
-250300
-883853
916194
423022
528764
-1841
523323
137875
-313543
-311831
-737713
411604
431775
75166
468106
-906115
-841621
957933
88212
441823
-759863
850319
899111
-121834
-235161
986122
531848
-37793
147481
-693313
681298
897181
-577165
597491
320202
951599
-404351
-156476
89474
282107
531694
351761
-306290
-36532
-573074
-838184
57354
-414694
-880252
-854434
-972872
-640115
995885
926240
238052
-239277
912361
-230101
722931
59842
76586
404229
-42977
499421
1719
-722775
451020
597369
120750
-459507
-120524
-347557
892255
573186
615911
-680819
735003
-326735
-95513
854751
-181169
-68385
-785364
-185285
-142146
452688
575439
-229785
-777413
298370
830057
299174
-297402
-212921
-201405
704318
64304
-750386
301687
-814947
-209893
-818838
-162504
-317638
754349
-546593
1543
489351
126672
906030
344102
945504
-162356
558739
-239782
695498
11426
-664343
-534287
234014
634028
-704231
-466813
-663374
82849
331782
-959056
-852848
581397
342631
-667794
-628497
523794
169703
53865
278142
623110
-944593
-232508
-250218
961438
-888407
-304715
-200919
670332
455504
-505421
-318242
791162
-39708
915773
425190
256062
-551041
761816
-661090
780742
802761
-513937
362138
145391
-181731
733642
-330815
987972
-212493
947327
611082
-157085
-285181
-639136
-195648
-173588
56149
603434
-503256
-488347
-901988
178503
-697185
58305
94276
728005
-685634
543235
489821
-346723
323977
292581
139340
-313886
-562028
957610
-580244
107157
945581
207263
54483
556663
-949823
769302
917527
-145471
-404286
-26324
-542038
92459
485330
-444025
-729038
788145
614281
365238
516150
928648
-91527
5970
-418076
-767551
-701449
721265
-81436
-263477
678874
338320
843681
624455
-454417
-101836
181117
-404240
-332535
98644
450290
263180
-927680
908253
-644361
557650
-535772
-373398
345795
-921492
991841
-138056
-992845
-99687
867914
-410921
132763
-833536
-689657
-948673
-97012
989218
389648
-253332
613672
935231
644832
-205211
-469010
-687703
893433
981281
575478
965754
889533
931118
523403
-646240
-442281
-130802
-567731
-450441
731142
-560576
449873
599056
28504
-417364
765521
338848
-366037
-331492
328065
-976390
415177
-58264
958842
60009
736525
-510168
372306
629958
-528888
-52216
595711
-639355
-121099
119114
-285594
436621
988313
146675
986180
719454
586099
436053
318510
-385397
-981312
84030
953451
-347348
752539
281515
-323738
167716
-776749
-364896
-772276
959777
124936
600031
589734
596048
-452185
185445
956693
426716
-695441
-328901
-136663
-707129
817774
-150483
-987675
403873
-714431
330836
-981525
-695742
-585134
971926
-43090
-832596
253441
633173
335121
476692
-731724
562846
436468
393212
162877
26202
-10740
710692
-788354
-54047
137408
-483794
617052
-999256
-190922
434825
-149739
-178597
-161303
135831
-847762
-142827
440089
-432895
-170901
-603002
-265490
-917461
-969830
-930370
559231
-701554
632477
-4301
691659
-204647
-978100
-319082
-493956
-766453
626871
643453
-250247
243923
644197
558832
-321253
-505542
-619765
517445
630289
-467526
-625382
70377
99579
203717
467376
834089
286256
497546
903719
-154513
795993
536195
841186
487651
-668452
863087
-831431
-162407
-903367
795440
-518955
-153613
39362
-874758
-594781
718110
-380300
-214546
235555
-750012
317928
610173
320366
-582494
-186111
-212259
-748406
-899856
-714713
-844688
-54368
-918721
691508
-213182
568931
-976944
-350096
737500
-139351
-253462
532940
341694
592926
-427698
466936
998145
-709589
-913365
-216402
525967
-663376
-898475
136139
656991
-480969
950028
-555268
-229375
-949828
-269981
-74062
-4195
-188701
-382554
782623
-619771
-359498
-567474
-882271
501151
179064
650669
-157156
-228011
-777030
-690220
-229866
-486618
-603584
553732
-960652
-266960
655257
175488
-609969
-825713
125516
-165237
-55087
175689
564783
870851
-828507
-623919
-511704
954116
-243689
128799
-613359
-125960
-370051
565706
-475291
472794
-662305
-252320
782574
107829
261062
-821011
-338440
300411
-87970
-683183
-524101
302061
-508895
601415
-863176
436018
-222897
701607
306868
-51404
-922313
795165
-97289
-166001
-76036
289353
708039
553914
-144942
-767253
26707
192754
-19572
-190719
-699418
-758511
-11729
-37857
541901
900301
278961
-982201
202362
770066
619215
339186
206083
-603683
40793
-487049
344913
118480
-691884
-752376
952480
232080
536977
660518
-214007
-607965
893266
812701
584790
-126307
-378019
885373
115183
610252
-152485
-342916
510553
-873525
-325116
-287086
896542
-705902
-947900
102624
-309585
92893
615575
-964672
-788627
923691
-717048
-836148
155771
819930
824371
941764
-788035
717637
754464
796755
-408670
-623555
682127
706514
986698
-470358
-636403
497250
-343882
38481
-789836
-447341
332580
-737735
655283
-977006
355159
270858
-941677
566532
194549
-658725
730385
-649681
-838795
554756
-707917
-626830
272392
-953454
-830075
863723
-577008
852052
570236
-590311
-618306
933833
906939
37812
-27686
-882897
590471
-695107
-620632
245754
-672112
734527
-483389
-613789
301059
711160
-272513
31444
-938521
-111307
-413800
-646438
261863
858593
-599891
431789
722315
-176899
283841
292550
232791
665535
226383
139730
-296654
-801303
256833
-706183
-496409
636202
539572
-168520
370728
-943818
217691
-328213
767343
945179
703232
828823
-166129
-710569
-817616
-904266
-851977
-417506
527523
870338
405596
-188636
162888
-361614
-523102
-610729
778116
180245
-412032
34948
474062
91559
-328851
13633
923040
-958123
69816
140730
-286335
-162841
85909
-583104
-334019
919780
-293673
-151634
-984486
-145649
430860
543038
-275311
-163545
-645599
887577
474842
-168701
-723153
252957
-988457
-135184
-712095
485606
956376
-40945
-500761
879415
932
569056
20145
714597
-593785
-893947
-868507
72196
-974167
-162179
920563
-958653
692172
351422
584385
-583140
-812123
938786
-695563
662719
-229916
-418716
-84325
-218372
446100
203581
-732766
402476
-837365
-233526
281890
163567
-664470
-697966
-121836
-258255
-591913
9658
813941
-566080
847479
734503
-524732
539650
85925
-940348
956511
273802
998438
-739053
-63479
-231478
-157769
852197
550151
-711669
55777
817386
690807
218412
-416141
-27303
-618021
-80610
274731
260143
661135
682819
-730200
475076
-883261
-882721
209578
-407993
656929
-704497
-348341
613439
569306
-349903
874386
-494174
418619
-283383
-641978
-31230
4949
413799
-213845
-304244
-367790
370015
668453
14189
-710595
-56816
-725668
950540
-373998
-455867
425615
-257259
-338588
-364807
334748
-681659
-69304
986408
931780
-499999
-363496
806166
5827
-944877
-477217
363850
23893
527733
-222352
810049
-776512
409859
180064
891942
-575952
469469
-164875
-301619
420009
461128
242514
-154377
-796132
903927
480816
538617
-777733
-588488
525024
-845953
-88487
-838473
960214
917341
-783350
-517004
281191
240544
-989272
-941161
50593
-765783
468698
-769344
-873842
892747
700126
-38716
-408873
120134
-577589
833642
965758
-373720
737568
446574
-835104
959835
858086
689921
-886118
-230401
851449
-925905
-313061
-931901
-442908
968131
308643
-432180
-973031
-640765
-197962
495668
-410108
-71803
388414
-709982
889481
979542
410153
-688108
813183
375911
-61828
550751
-177516
103069
510586
-319431
-207010
624468
450168
-355562
698564
-862893
-287463
-744345
-894763
-978821
-176524
-867793
-619585
625514
627875
-29692
-446290
16288
260327
