-933061
-340072
381272
-155027
-587470
-499743
273117
727245
-396689
-950153
-270015
530762
-364280
-728544
-786510
521343
-836656
101912
129304
486541
963521
-562301
-91208
37308
147684
110462
457093
257748
592257
167432
-450467
659196
827360
930805
-495831
-760110
-568939
777287
967136
34372
827135
-302880
-434866
-537145
-31423
-221375
984199
131922
880538
113502
-381537
844058
551202
527255
-118634
-301115
-362283
-661542
956633
-770027
505890
-493835
889170
333250
-563030
-606662
573141
-131969
-829375
540276
902404
997760
-762605
-532462
-539386
205973
246163
-555187
-662105
126700
558315
-43642
-29242
109516
-516388
852124
808402
121329
-809419
765034
351303
696472
-728801
240472
29722
-291831
633811
-397138
576201
804436
-856863
478605
802196
-619467
946143
-737190
586506
192305
-292377
924401
-680995
-734063
-119241
289764
375454
364372
141887
183855
-514299
332469
-51111
837004
28941
220089
77475
-941338
928258
-288715
-338476
504459
-484279
-195339
-16937
-682084
185194
-70795
-419274
-228300
-878490
288349
-303899
-559484
554287
576860
730280
-70259
-58769
-127833
-886405
426932
-795364
62484
263935
233577
-717428
-658590
292239
-789170
52695
953763
715290
568417
-241576
-301648
886333
943619
627558
-532941
-284682
749069
755408
411419
-810415
309695
-11721
919865
-760565
929511
-207968
-646969
356443
-3332
415516
-379622
-769756
698089
-38212
522484
908920
-985517
476247
624209
582900
-765329
-677439
469233
-821711
950120
936292
-106393
699188
691700
-694974
888773
1394
293306
808638
240830
222817
-399330
593861
-420741
597338
9377
199637
827583
-292535
-838575
350067
-383616
-824091
-173687
-759408
758809
60985
-436846
228041
239274
-486727
164332
-867119
-787540
-143968
-562092
-898767
857426
731214
909872
98256
-45970
-489459
-307883
533290
-892121
701494
-267073
935463
-591042
-105648
285529
25343
70261
-888158
265935
-170930
172827
829090
-942889
-587900
-657638
221444
-455018
-445177
-922525
-17110
-343943
934902
-285897
-434072
33157
668134
76470
725274
201423
184349
426767
934350
119812
835726
-171298
-594660
-138932
898964
-482817
-872997
-271967
690010
956093
-214855
-897890
-701545
-993412
-352908
-146722
-915936
629983
509335
-981035
-655915
-924737
52122
-987781
151733
-222604
213643
-663918
-795837
147992
455894
-960112
976695
861235
-99043
875658
-621583
27960
-396309
-931574
-15947
388836
-829463
282508
395424
-182370
-864215
479488
-552388
645121
498454
-208302
720384
-449425
-196083
-127883
327972
-982441
208199
532135
165552
-335907
572023
142246
-474673
-527020
17904
-96256
500940
621595
-27829
-515007
10430
142708
767501
-594146
960338
903287
885342
-592050
548407
383796
199648
268790
934371
-996435
-859093
262342
-978876
349107
-205523
186677
-986801
-633500
-671077
-461474
-160520
346828
442271
-659580
-31578
-585559
-174587
978852
557150
-407087
-615294
517488
-503801
-729952
925438
-955394
653844
125085
313397
588214
128650
454304
-149444
149775
-196590
645033
-663548
-183391
-988468
-334624
355136
-148987
-987797
-202594
191433
-19375
211847
-983155
-40523
-231003
-390242
344183
-713516
105958
614231
-788079
150564
268074
337007
-536040
-143712
-534344
918265
706845
615432
-278326
351878
951885
538284
363411
-382740
-106581
-785577
-370537
690826
405856
610089
-97327
422701
-430435
671670
-967541
913748
958154
138418
527979
-829926
-711018
-203947
507081
-247057
652341
972738
-328793
359185
588170
392882
-288937
540054
-68835
-925527
-842687
824585
-711104
-213223
515410
694753
-603135
-581918
117453
-33570
-910248
149913
-119822
-952095
-711669
-591844
-782020
-422687
204210
725062
330256
-143450
697800
-998537
-784265
285969
394345
-73202
-173977
-674490
1271
-16664
-849906
290168
770113
665505
-15080
-833023
-916413
-897627
133408
-826661
252287
-986415
-778755
540618
-578258
-560774
-882070
625953
-835712
448187
-517498
862088
449651
-301762
148057
-156005
625037
974081
169506
-373693
-42584
319601
916476
-272471
-14895
-98605
-105493
68693
3768
-972085
242032
-743946
-958499
463278
796673
-536757
902505
914604
-910805
-933208
362790
-428302
928881
-187560
269937
76938
656436
-105027
51018
-174058
521281
-991566
-854458
437756
-264036
130647
-660849
630471
-800661
342920
658387
441372
598974
699888
-95350
395647
-836869
-192846
310250
-747673
-126053
-326961
-175975
-197172
485480
-906038
879766
141916
-11065
-69217
967858
-489784
-60782
-886600
947972
675182
244047
-712877
305653
443387
630043
-35961
-115241
229017
-336074
789409
-375337
-172943
-403437
934913
79384
470510
-392048
903410
-726663
-906568
997372
-846897
235348
-13693
83887
203206
496523
-976896
316606
444495
698286
-439347
731618
3938
-995961
361660
967977
-111201
-409324
-368097
-321793
215340
458960
274770
150252
-461656
-254720
758204
-558246
18618
851636
-560874
171721
86984
425433
-744392
-709811
-78044
-721288
606796
-633549
976998
-832551
-901931
-19064
-828511
459730
-51087
60288
-949594
580816
738495
265746
39776
13265
-584003
578121
758546
-825800
-980126
-222836
-974164
-541000
948886
112820
884434
-795507
403010
-193610
-516795
9805
172842
-539797
177255
270911
441139
348744
-269360
-609949
-590969
-218954
970868
-852475
-953209
10643
160791
-537212
-411237
-80663
-363011
-391362
696501
-337175
67639
645386
775645
-47928
849879
178655
758463
-666916
-811541
-68696
-206713
365715
-797786
-765575
-285542
-67145
-375523
123489
713901
-404655
271015
760693
605988
-568195
-776519
-805249
351142
-139530
-196610
47643
523296
871029
-306972
298941
-176899
-457093
-522405
-418437
-124009
-333945
512868
669278
-968231
715083
903704
-253773
-352063
-471820
869716
-638162
123525
140730
-877470
-270487
572536
-653989
-75735
-76322
206482
727656
971321
-270222
598684
-335651
-971282
-578215
207256
-493687
3349
-916754
172369
-483784
752524
204138
-768701
656227
950366
-120764
-815593
820081
241074
307933
-39189
363605
-962554
-466653
709617
-38288
457026
-83902
-310633
428346
645876
-711949
-907306
674594
-290163
299950
-819093
713186
383197
353276
-770598
135720
-442586
-539299
-208053
-492221
339937
-23645
-672140
-418989
-715712
288672
944617
-678265
822019
654233
283447
279044
-429670
972815
-292610
-783794
-739134
-199916
890801
-29297
-899966
-928293
-316112
483232
424984
-86709
-381048
982399
373992
410899
-509823
-286071
-612746
-181963
294940
-328458
-893291
239556
-6722
928728
-106211
-723275
207772
464119
-750461
915162
680325
-489594
-284754
571126
481110
-184719
642833
-835003
-701488
67817
78288
-82536
50215
-547720
-671637
540393
166209
-284383
-641570
-538851
387160
-534861
700706
-619562
-606133
-405506
-342837
601639
-941388
-93297
516800
738938
417109
-767954
310063
-101782
47327
-47104
63216
345840
-979287
-858496
-736697
70929
-406216
-408333
-388679
759993
307285
-30248
-778858
-305555
434891
921848
74883
828758
-483659
732046
430396
-425046
-361252
-52804
-686108
-944143
179243
623956
-45925
-773431
-423148
-982709
572410
-402435
-841205
835713
668495
-247420
-572621
-720184
-487427
734665
249568
-266285
-570891
-315542
-344437
503992
-486784
171904
236038
943613
746859
874786
-109191
-939249
930644
-929949
684707
-115282
-703379
-738441
-97990
869031
-140875
60806
704744
-472381
813386
-867877
-192565
-674041
866788
-942998
59674
-704104
-258539
715237
799888
254678
-112859
35925
198290
-366000
-89289
-910902
-305249
-158646
-840850
-620542
726073
-544229
-358983
-371917
-675199
500142
688889
-970456
-972240
502275
-838333
-164805
828234
-971546
-107802
-112092
-675649
633660
-396855
-875761
-111663
490286
160164
-913374
-875714
-929125
-824275
-180963
-87770
-665125
198495
-361698
-209353
839512
266385
115448
339653
-44726
144993
367413
-542452
306660
-797392
-714219
335115
94807
173689
659466
-271534
776835
783705
616804
267120
-56131
703430
391406
14745
879156
-789557
926975
-785969
408938
-434723
4678
248450
831663
-879875
-411898
-213064
265118
955516
244484
-428222
-841876
530266
906894
252931
-296045
566360
981398
-519211
350065
598201
747910
-706066
301631
139316
308679
180786
349759
235654
394817
-241304
800931
-600505
-992855
632593
-480380
-404752
-580472
784739
-449236
664013
-643483
-291112
194278
-736589
961820
898234
829771
943218
-620978
179836
541418
-873069
473770
-156951
266247
-217551
-976165
-383994
-981898
418653
374703
819033
818148
381849
451626
-662232
977097
871155
-877493
-472140
535167
-520976
236749
-270555
-257565
198568
-372322
-427794
141785
6701
752042
-316797
133633
225812
526253
-600120
-991740
550088
15886
-973638
-31260
-609412
845396
-213112
772437
297021
124656
749534
168175
247163
-722607
-296658
726188
514142
432787
-531377
-287290
-939535
40829
854496
67166
-207129
-462301
-799202
-981318
-936049
-399322
-973058
614040
616565
-946696
-417220
-992848
898700
369668
779590
195721
-505676
529123
-636105
741488
806516
67238
467675
320658
-499976
936298
-966632
-439511
-22873
887864
627656
769999
-574437
828454
788681
-510485
-570868
815624
-896446
-954304
868929
-313665
-947151
767628
-943997
832439
-36651
-449673
361561
327245
-708185
168077
-605518
759490
-511265
-105494
695788
-477897
454996
-327085
-590033
82651
-557087
-164469
-88895
-768406
325046
340238
-952783
428601
385935
916146
-885065
438785
683774
-829062
271224
-352878
-278734
-367216
974368
13082
800862
-631151
-227428
-710403
263356
-531641
-188299
-281648
141275
221668
801004
584189
-942802
-287891
815783
382245
-947654
863001
-189155
438282
779146
-74219
-122934
462920
96720
-851711
-889958
817987
-218926
-915591
-168932
-418064
-546741
603640
-128467
716615
-928001
683234
-565033
213274
-95098
-764030
-202538
-37899
-51921
-386755
-655655
426
-523755
155191
-561293
-744609
-919029
315774
718311
177691
464063
828354
-4323
-754863
912763
826745
-172927
-633978
430385
698607
-917363
502384
381841
-482396
-284343
-713258
-246426
513120
248843
701653
-873636
593189
-297922
-397390
-251621
140786
-141999
-170649
-543441
-423688
-992958
920623
-595334
2719
-834241
-682571
-170536
-7167
-316549
-740152
-308560
-233912
762232
-926720
283692
-522111
-639978
-962735
991009
608866
738919
-882627
202055
-559003
-280017
950435
581784
577985
-220215
-961658
-845703
-213173
958966
-441037
789547
-875276
-123608
-380989
117558
559844
-121140
808998
-674069
-358909
882278
609623
118981
-757700
646889
109989
851167
385808
227363
53222
826806
947347
3656
408589
525332
783442
446932
679630
-429731
405897
-761407
-640184
530621
114985
-21173
-351821
-325171
857687
-542824
760
-501222
-660546
-389617
617760
-418246
-742729
-272251
-567079
643080
955112
486143
469885
902458
-510201
-121527
427790
-726760
-674596
107419
-156491
731301
346012
203326
261922
-539003
-817848
910101
135826
-960161
-632723
-863415
-461382
-293269
-253031
-843623
288486
4240
-115874
721407
-352680
-160763
207550
-882796
-258305
697349
-4322
-830515
970590
321082
276904
-185901
52383
-377084
-982576
-685696
83913
-800424
-775595
-780261
-760584
-408318
-643675
-221966
298413
103294
-65589
-413102
-892467
818537
-691695
-245147
-342226
515856
-127942
399470
213204
867736
568955
183794
188818
-154142
997893
-758800
468774
-984684
-444495
-447313
-785107
-220090
-227574
-545691
371592
128751
232344
-329995
-767956
-833246
256904
-660422
985292
565209
94432
-356935
81064
966491
-957465
-705732
834226
611490
478062
23043
-542652
475954
264243
926123
491271
819749
-521191
706164
-400342
251236
-839527
971251
-620013
392817
-358745
-387969
559572
898159
-48390
544863
463368
-953958
-812072
-455568
-987468
-769537
-161299
846758
841954
-683238
-130199
-700699
792717
-865956
-774577
283988
953793
-295767
-9848
-446549
955470
150625
-475299
-664544
-456558
165957
-52512
-896987
64116
899099
647877
-472516
945141
835805
71916
957673
-933732
910617
804431
908222
-772621
-325769
-792477
-979904
-191724
-567053
304084
-237932
137181
-705765
315519
92650
444861
840221
428107
988303
6177
-624406
-908685
-929708
-725308
739193
-402224
-780167
574998
669693
-822495
641266
580310
981937
549488
807689
-343832
757012
827786
464444
-810042
131869
-773489
327139
426105
542031
-580211
-129035
382251
847896
-140732
-611572
-776511
-49416
-541279
-501818
-310224
56498
-281985
-735227
-273810
-104479
906040
-693501
-122543
455527
-885812
533625
212538
941975
-1932
402497
73844
224580
-270364
-500052
-233389
149425
370914
-851138
-2680
-769818
-462710
220810
180766
-3989
718992
870543
-947491
-562993
-864685
-221301
332528
-958646
85199
-790015
496882
199388
743611
-290580
141362
-258321
-888084
-784794
966260
-158447
-284845
-267130
990978
-913932
-118268
-11702
-683749
419023
-790893
497017
-584966
928100
367559
-532457
-634893
502875
246243
697636
544229
-668559
907621
41111
530830
651231
750531
-327809
-607090
862448
-112602
-640831
-296000
602553
92039
-305022
688621
973772
683276
-995129
392794
892384
501889
807828
820483
-130552
-724630
-814410
-627678
521613
883226
916551
853055
790846
-42338
383884
442077
-291807
-943925
834987
-429360
-56527
-805845
274641
-453975
286195
969620
-765354
259966
652895
-760482
-347241
545279
741408
-539413
365762
-389145
-264042
551352
-16823
-742429
434577
-100272
-889375
225422
857390
494510
-332501
-434418
550586
-497514
136223
-505942
-303359
-589136
40084
982837
-619517
274731
242803
-966622
514250
895562
578657
255657
-643851
-55582
866513
92107
-504231
-150311
349678
930346
749417
460304
155768
606807
-45186
823268
-827611
-494601
-674247
308612
-543
22395
719477
-960459
5231
-900041
314273
-751967
-866662
-171478
-856405
711995
-915821
-500256
-343587
950692
591852
152183
-199619
-58470
82529
-450203
-598166
-761704
-843396
356648
-938437
-671007
862047
-612684
637606
-138496
409711
357082
-98955
-585058
457042
-784682
-337025
590380
43840
-193429
302375
128020
306316
958788
78711
-101832
110971
879092
839698
-806501
-571111
-758468
-568204
-414507
598180
-506640
-85513
460227
-119323
-447907
-678270
-709613
909175
222776
-294670
366217
438094
368306
-43404
-518066
-825124
-741029
609954
481193
-782241
-311336
-620640
328730
-432244
-780942
522229
-3355
-539410
954025
582139
-941230
-552616
-503374
518997
328061
48719
840727
618449
-42106
63503
-676221
-675890
-498404
692085
280706
-16469
866962
539677
-406516
348154
757436
282149
727514
86166
849905
946572
-391606
-153450
-592838
-437581
-571311
-534068
9804
-74685
984929
-662135
974035
825656
956315
-68072
-110842
-719907
256038
390755
972179
-463257
-625715
839140
-923580
-32230
187294
833857
-750081
-85193
-79978
-900176
-138621
528417
-53626
268542
-909165
375064
734474
100640
-699622
719403
438505
-725588
545058
394820
206340
-565784
674913
-537622
824971
647091
-879
-800744
486231
75542
167027
-326476
-90601
416946
588332
829421
516770
-550289
357838
-536856
718253
448674
838208
452726
-450687
-861414
172128
987819
-587001
-282814
382638
619340
151402
57551
-918283
-23627
-295358
80839
175630
-809128
-843620
-657344
-135603
65780
759603
-547272
-104799
276373
-97561
-746962
739517
-379309
701712
577725
-926583
-748975
716311
245545
-761156
-870690
962731
621482
748650
114133
-320967
830367
-909495
383675
-88794
266135
574548
67586
608792
-561056
-866634
368394
-108328
28567
-355234
794111
281605
-615717
-585198
-16683
962008
-511781
234343
678319
733765
473187
807629
696495
94669
556278
-189372
773702
386645
-98867
157377
-702150
-832733
-268076
365437
776060
170868
498803
144453
-937460
-472630
789220
856652
808975
-826498
-728547
-207708
-864491
-240327
-973366
813828
-506563
499822
621456
-810068
-405510
177734
560
-631808
-435621
901693
525570
-137770
-931040
-742507
-772333
845020
428362
726471
-10527
490902
-746160
-221308
347554
-937185
-47805
619007
-144893
87704
-621320
-118258
-98468
-127883
-618437
-477012
62049
-23946
700723
-937392
344247
-734899
964302
-130184
127332
-966739
127310
354999
878282
-444328
81469
-132245
-953426
335310
646447
394128
398125
-401359
13135
-746769
686346
391815
134974
-412123
-736069
516537
110866
325981
-507410
-188412
388589
836838
76689
352890
-293347
-795979
386152
833963
559020
264434
-610366
-359511
-867812
-563792
975799
778636
830337
373924
-622723
-156529
627156
-936377
-764715
-237871
-348500
-500783
-721335
762366
825198
-228744
-426046
213786
-391907
650644
-433324
314747
854665
952829
148710
413684
217263
538344
-945827
349451
974553
-970028
128087
804890
403896
505365
-351640
31051
568988
-116354
793181
-779513
382863
-928154
982854
208061
-156898
-443192
-578153
451196
-792549
-11477
-234058
-937885
-58648
914652
475800
-841386
452996
529973
508066
427549
559946
-363847
232438
-36159
-858483
880799
994893
710505
-235555
788073
930993
-852693
859920
913847
355369
-296979
-529346
777216
-845783
-321895
-234262
-79841
-259779
707091
-165189
-783980
865706
-712193
745994
373772
715356
305939
-990076
-52206
-730220
-848559
-171407
-735327
861947
593038
-947254
792939
740346
912666
706785
95714
-384313
-822561
-127071
-230096
-144455
638668
690064
595766
345759
-475125
811786
211464
-187318
557780
-414765
-471962
-136281
-404840
475833
133499
-253398
-695575
398173
-391452
897464
450920
-598514
637810
363585
-891729
-266477
979272
-714289
606453
-250824
141256
245121
-560761
-262979
-409121
-35886
-451193
802344
776797
-893414
-612421
-695166
-29694
-17261
780667
-896196
729341
-914908
501978
-662111
982557
-47103
-260625
620366
-683518
-152353
-646111
-704246
133359
960343
44930
-725386
205463
484170
11636
796343
-551716
560443
598687
-774920
667030
986267
-470085
-362665
-30995
-689418
-258860
-301654
-604325
-756883
36235
-621769
196015
775611
998598
512497
-376742
-647514
808251
756617
-687171
-146819
-968769
518293
-662650
42867
314636
-214366
-396691
-86678
10715
-729661
-100412
540630
-92326
868594
851213
648815
-433060
-753113
891933
603176
-374881
87947
378787
-376284
-399556
-997956
-23797
-591305
758662
289032
261876
789893
-192675
599226
-167241
-878040
-615140
436069
35283
395575
706408
934872
-63795
-385918
803466
-212582
-737103
-629595
34305
-845171
973582
659424
242777
352368
-716860
843222
354413
259343
-748084
113075
-451625
513792
-97033
355701
113017
735727
477661
497877
171796
-487056
-106548
-121796
-552185
829658
492287
-748720
-382925
755184
-378314
651381
910014
-404733
310805
152791
947636
593945
-3988
302048
-146712
247928
-584877
401664
-238281
318091
-242636
874737
53817
-764975
372614
-774387
-252031
-733935
103817
195784
-904277
-403896
447064
-287201
-648713
-931250
-635821
-738699
-335983
674985
414092
-388348
268930
-589897
913701
-877783
658031
-671177
523882
-580251
646914
-718754
-705514
-299269
-483729
667100
-73655
264240
933166
-969839
-539976
-971112
-373734
907089
-258312
-22447
975839
105868
238854
-360145
-219148
-347055
251508
-950218
63048
165209
-828000
-278921
494033
695882
140829
140947
977128
435315
841679
-506602
102414
-231977
757639
35580
-201815
-782338
64468
424451
-875250
806157
-597997
-899412
-87976
640858
-259556
692877
-706197
991953
742659
356852
157161
914659
-922070
-348806
610541
218759
792141
587668
-345926
633819
-918934
756489
-598158
838706
-207932
200027
-943632
856537
-375523
-818882
662693
26481
-718293
-425283
-332661
22152
-732407
-38858
14104
-989748
-682007
-828735
924911
-604077
-177540
535452
614683
-385400
123120
-731243
-751581
204186
-974755
-349739
42892
-182687
850288
99260
-326151
-525235
280379
-663459
501246
562086
-88742
-831416
-415763
178852
129726
598342
189104
447720
769608
114015
843644
-407933
-350534
458326
206667
772586
727083
455087
-23228
752328
-894653
-980336
-430359
955636
118924
243490
-569600
-600698
580032
931646
961389
-508710
-899770
-454374
670142
229957
-856033
-140754
-322324
913575
973261
-478681
-494359
-377273
979646
712309
-604687
706729
167395
372086
459057
272743
391750
-971303
228378
-489327
272188
658778
-90024
-147781
590424
-128635
343509
690655
416991
13651
-79389
560959
872897
598288
474533
846158
-880394
980175
-531115
-900748
692484
-135802
805981
-140121
-763717
265038
-867379
628034
293735
361000
-861293
-434078
19777
48683
418142
-389799
920049
-238349
-699145
337039
775302
221466
-102003
648199
-180247
-627470
494357
-60640
-647295
963242
38613
-954811
-172560
-155406
-94932
63724
-890369
37690
-308243
403367
-601311
-169536
969290
418467
879148
387431
-971333
799196
-850919
-670477
136235
924384
550990
-965769
572583
-629257
-593238
66939
310103
-240533
30181
-651284
-195344
857621
193310
709725
-78656
302941
-252586
613102
-293693
146104
-556435
-324404
-435429
-677287
-936973
-406762
-878091
-787891
-77238
258144
-863508
-526249
292376
709075
-155506
699138
-223986
-845403
-541395
806195
-496687
263262
663815
696623
-27013
-414841
-436
720402
-801740
705872
-133495
-358174
-618533
431076
-35460
-555505
-975686
86449
-343396
-52924
-655407
-206904
420828
636969
-497829
-734679
336107
278185
-580081
794713
84380
-76768
57975
-251806
-380145
-969039
333354
619420
751363
531614
325291
-382132
-826560
706758
-951057
137980
-848748
-926742
-775571
-192143
20335
-430978
600954
-558838
-794010
-896876
-293516
542098
381310
126403
336811
-534311
-950365
-605215
213884
-330510
-574254
-452763
-711091
-822892
-921149
614200
-205024
-747708
320958
-156080
390272
472211
-82821
614702
-719933
937514
-816277
881021
-621324
-610286
984146
85160
931813
365456
-788438
268623
831146
-738802
663408
45030
-69312
-910847
592268
219598
-733738
671119
-166202
61239
923412
-845245
905159
313684
626967
-177662
-71615
907035
-240149
112108
788056
138527
501823
772201
-776313
433635
137657
-564750
-297743
-31198
-303552
-634336
-986169
627137
-545182
606099
-153266
-278920
277218
680532
782319
200629
835288
687478
-485688
462254
-490185
442697
369289
269667
-445195
157344
-591806
-943373
-70456
-368119
490262
-932800
67131
-807481
36003
763580
-441817
49834
390716
13001
-344067
-762551
734082
933151
917982
516400
133779
753269
203878
648092
215523
713694
90789
-415189
-16639
645595
742155
391555
702222
-328301
-976564
192484
-261100
90568
385003
774903
-145853
943187
-175263
-755138
-43813
480670
-517688
-309731
413821
-599706
-793331
-452401
-846437
410547
-804309
369086
124241
286480
953898
-892398
-67926
696053
499157
-365704
-632248
522594
826781
106653
-386839
211784
-118444
467309
154970
706293
712172
-888843
186963
-805517
-198574
-399217
-405222
8095
148383
-251659
-581358
344074
-882573
542884
-369446
-928675
650486
562629
767378
149643
-803075
-864870
-327763
-976295
241783
285398
235490
-876662
-247294
-609541
829632
-535122
-498383
16594
-340638
303044
617377
254140
-688861
-234240
-997520
-270218
-890167
-880093
-727334
-259613
-808768
923153
-696984
958611
72795
-500059
-906260
745032
-476354
335524
30430
759136
458863
783137
-850405
288494
-751986
-348787
-694912
-92624
954258
922466
-838485
-734603
-311775
-836004
-4821
-201942
-716097
267846
538446
-524864
190998
841462
-566254
-736208
-658597
-472513
-991176
-134951
863012
39255
-375815
321874
-177609
-226219
-389632
70406
424995
-84544
977782
379253
-162078
-860703
644650
526147
-696707
-360171
-675796
-412803
907675
862651
62333
98672
704113
496080
362464
-954485
-976433
371289
-89435
886579
-589457
534751
208453
232934
-691469
818822
-696661
733527
-265722
-718879
112779
572200
-579582
-242572
98346
-276288
397257
422551
310909
304931
285202
-626758
-596398
-10686
869322
766067
34830
892890
137356
945395
779468
547899
480145
-12079
-219167
788677
-193257
84173
522204
541022
365295
-365018
113221
785713
392411
-788433
-490575
-210332
634119
820334
-905401
-80680
-806425
-501798
908635
-937103
-735731
-56536
955787
401625
-111141
735255
-50476
-630996
-276824
730357
-842319
529919
-185470
679885
70940
-820176
-685133
-815839
965538
707279
-604271
-525038
-503054
-970153
-704704
-408454
-50832
-511128
89748
-142197
-448231
354017
801268
-492445
-244358
-309874
-757190
705166
59130
-34014
435523
216812
-504095
-749947
-103304
566846
-570123
211563
751007
-604585
-81159
-853265
-129622
415788
-823417
165674
-992667
125752
654547
97082
983555
-793685
-548901
784822
-286129
206741
-525053
-43318
-88093
534078
922668
-652570
-249111
-581427
-402517
647586
985419
27361
-140851
736426
422777
777991
883162
-706846
193778
-940256
458829
201112
185496
113375
-701806
169050
319691
-250707
-46128
-966438
956035
428820
-9756
-132059
-37103
-87088
215372
713787
331485
812856
361373
316904
-159784
-779479
53329
-737007
998512
-63510
-443853
192290
-3766
-985024
-606598
-818270
128352
-308404
350781
-551957
440890
-695348
-518394
396924
733472
471850
-735135
-303631
-615238
480237
-589844
716248
293092
771529
33151
-866692
992050
-913521
-603699
990562
22969
-47551
182852
-980797
-32574
576255
-799067
-904223
-732150
551714
-456180
708740
856366
25426
105664
589838
-502724
370529
-713794
-117961
-149234
-303638
-401714
-856142
-532110
631438
-722834
-540060
717917
-326532
-549498
-259114
625917
633355
-239911
-406658
209609
-38978
-310880
477459
-487264
232941
186199
-630898
-741633
-708137
958940
-244356
662392
-754855
637683
-486842
-58492
-764031
-342984
409398
867407
-65817
869339
585323
607651
-680160
-673791
233568
953195
86298
826911
162804
-952680
-483970
-359737
-439943
748972
826462
-70841
-992662
-881676
-111901
-237018
780717
133245
-599335
-706126
-925248
-363366
-49109
484150
-495959
885074
353489
-910636
492724
673330
-584427
-273708
626525
501871
-446798
-210672
549192
69233
429591
-890752
-181796
256053
38408
-174458
374378
926507
588525
155094
59751
989191
448969
134503
-374175
-600141
-381347
129866
-715068
972142
219230
777657
645472
634804
-496052
271996
136675
57151
-938677
-314134
-873617
490915
-204885
-55413
-253033
833523
770130
-878656
760029
358655
276439
-180220
347845
-274592
954284
973670
125267
-427064
103535
410200
-454922
-677235
187857
-809451
957570
691806
462546
94244
-251044
523869
780111
-124661
14783
-424775
819927
761750
-591253
590056
883095
-831224
-51290
159534
-11443
-703445
884942
-57160
-729776
10209
515777
373760
-579591
-939146
696526
608266
-748596
654095
300071
713950
-251662
-950974
237819
-471552
-75634
-747399
103674
-255708
-985649
512422
-665652
897447
681198
283058
56980
-330245
579613
-58078
612595
849838
952131
128371
223597
-627461
189226
-79878
980805
440630
-425784
280876
154580
322555
329902
-607602
851004
-745733
-355000
-45323
-1440
-340648
-532902
332908
-443201
-851704
-384034
613779
-181949
-804421
-444300
-569354
-954584
-492169
559017
269014
-119630
-251757
-810865
-138825
-811127
-236648
-857950
343453
-914093
471953
735852
936911
726220
-619148
-108413
-275221
40205
358685
-942313
597004
506982
-326347
210783
-674968
-130768
766483
-244322
-85352
-725686
-685305
-816339
154684
62939
-627203
-984142
251812
136150
-842091
-404735
222057
629862
-668884
158967
356081
-288031
-949446
-919140
752174
409240
-861453
349177
-83779
-187799
-440041
241253
681433
-673558
996932
-403920
-399244
-688373
-220258
755441
374566
152540
771299
-373623
-711311
929208
221642
510747
559069
552759
-330286
-84850
-735273
-279732
-3989
-983099
-870493
134559
366078
45728
946760
926038
-713019
628193
-747521
-716087
-775728
-146765
-404460
4015
-391325
970107
-843445
-620026
-403517
-554755
-690818
818126
955992
868252
370885
-374295
-216599
635613
345974
779413
652514
475481
-86029
18592
-478791
-139269
-55371
-191810
-511077
197108
92104
-286804
-949657
687644
717212
-340981
657750
873767
38993
-745767
-680989
348176
-927641
-724998
216427
443245
-99292
999829
78857
-753319
779241
-268629
722163
-306788
749963
-756629
553944
-305409
51562
-957134
891700
-856335
-243937
942043
831310
-526726
-398939
489060
-652959
640055
743294
-333948
-11770
815654
-58945
-795343
258898
841763
-795515
-662245
-911556
983727
69126
810607
-323061
-180912
-946022
-769118
513680
105540
-726251
405379
249206
29812
347421
80516
503087
948483
-430425
850128
588538
-687131
-483821
-423233
-871478
457235
-218575
387420
298998
-14089
725176
387442
-30363
-205699
198049
646577
613390
252027
877459
127069
-642433
-848793
-467552
606774
181020
879870
-312711
-315894
828352
256865
-465767
416890
569734
50413
993657
698256
-492353
-224918
85676
806645
760993
-189149
194087
-269370
605153
-607865
-622794
218542
644163
-745336
-654389
-998270
-594128
-121941
608504
586892
-242071
-704207
-729002
-413719
552658
-194768
-996830
122392
855645
996828
-179353
-636708
-228091
906324
-830064
-467099
-282826
364024
263531
-677674
756159
640737
540869
400322
895402
886480
402052
-698727
-235461
10555
888166
522468
306349
-840836
-891252
-140994
-35604
-888082
981398
-179959
-891254
-197955
183334
-119345
-291632
353271
413556
425543
-282706
-322913
747870
-526548
-682176
288738
873774
-786775
175218
275826
-485501
939758
-713619
-597335
462226
592730
-438170
570975
-548264
526227
682894
-566866
-653732
791640
235179
529602
-327706
943548
-117128
-914150
369091
600166
-237063
116960
-926382
80762
-594302
947393
293988
580917
223218
808487
520675
509599
-788848
-17100
102328
-227018
-446126
554065
-700791
-763233
987199
-354523
-971594
222378
-824922
-299299
165925
57950
-213449
-464985
-341884
549489
651976
-268266
-369750
-942326
-320874
924238
638592
902345
732725
159266
411943
943878
-857835
-485729
-283140
-303961
-931664
16069
-67193
-944466
661546
-38786
277912
836624
661915
-556163
-105426
-551534
-21147
552690
997955
-369172
-715576
-371795
-311497
-36449
-447557
-672906
-134105
-714832
486360
-722162
-770955
628526
-207890
-54095
-675435
-139554
961974
257372
-84019
623520
-781415
-806107
460143
880501
-362270
-645283
-671034
616583
907408
-673079
-752589
-808169
-44874
-64085
155383
507569
263009
-978723
792737
-250631
-700884
-978218
-622106
91227
-32313
-297540
951674
-70339
959832
-132346
-446819
-821583
61548
-986676
-941083
699278
-631959
-612116
315861
-724552
-285195
563272
-532720
669931
-500813
622663
177500
762196
643941
-29763
-488435
943057
-7981
-110540
34284
959707
591920
-14043
-110632
551752
853612
442549
730170
-84841
455874
789088
-385563
823915
-823029
930298
-900637
-108224
493570
-433357
-438293
992757
-810694
739208
754953
833247
-290555
-733483
776304
701465
155978
-189413
661172
-252102
796544
-449461
-700351
650156
993089
-970182
-434686
448962
818906
179751
272877
995878
110049
372240
-112346
-396382
938884
449362
-403626
-871811
188569
-648674
961437
898014
-382156
737740
599478
773822
-451674
260649
-478281
-655130
811189
-178631
995026
804278
-148812
-439661
253240
-329907
740091
-473883
-334029
-149861
898358
553625
453758
837241
2986
-949869
965431
-808446
-598542
926867
-910432
19303
664606
689047
-206876
-787068
-50305
314844
-442198
-239116
-863787
-447173
-434838
-12599
113167
818403
657495
-146742
-655481
-676535
703397
-757124
877090
157155
-919884
-119925
207286
-954453
71630
608745
972414
161199
-371953
637020
-149755
421172
849952
799941
-263984
-592247
-439175
-127771
-39420
125987
859631
-926253
-55611
517125
-72995
288908
840590
-369598
531784
717680
787557
611901
-402245
-5157
657448
669386
-396413
629862
-169416
231635
266881
680829
-347194
116832
480769
388823
524586
-958406
-738949
-514835
167581
-879319
-441087
-888031
637806
485918
400878
478396
-883681
-67338
196075
903876
-455438
793831
-101281
-797990
463216
502306
831873
-706201
-266060
98753
974629
386747
-784415
455397
-224431
740171
496991
36621
-774664
-335428
157302
-215751
-223458
-204892
-729834
-822581
-726496
-613514
110082
469580
-709638
654644
263410
189081
856655
-273375
-308613
688527
20424
425328
-212720
-4948
-187926
2865
-549551
587644
-256965
947441
-375736
-31628
-387987
781567
752621
388555
-423325
-977213
565975
-149821
-590726
-323944
-680241
-300364
-669300
583169
888718
-812646
-690206
-419896
875882
330218
-994569
-336839
-674730
-182494
666027
-224280
-594851
-590938
-276839
29414
377434
335174
-189020
130055
-276271
387656
152843
-710296
-762166
562117
-34240
-442407
-738247
296460
-859238
-849530
483815
-549444
-269425
359697
780775
-263993
-977143
-893955
553513
688884
-118235
958663
-902055
604927
-11923
475380
-59899
799057
-394566
663831
186712
758277
953535
424547
320393
-80706
982141
582147
-784246
-877097
732617
699570
-426541
-536808
59266
-645767
199199
82123
-539721
-247288
-228993
342044
-288625
-131047
-53029
699452
-655668
887073
498509
-50233
550903
-314779
-291957
504437
-890232
-971564
-576269
-908092
610584
-360515
-785189
343200
-660946
-211729
806393
398320
142505
5592
-519557
602784
758304
251451
-55172
-530321
-879597
891799
-830870
-535264
778871
667640
414503
329774
-647140
-877454
-165790
-537372
-849017
257941
-445463
761567
897427
-230651
104767
-763520
557621
-88841
634801
-299875
916751
-884756
-697092
675055
366695
247736
-855267
487098
139535
-686136
951834
-81594
981504
366337
-751821
-665636
488883
82389
-203007
639866
-659670
351531
401432
-762244
-879121
-493802
-525763
678501
417358
-890962
-621375
334108
-775718
-318467
9162
590977
929270
153896
78075
68804
467760
29909
987210
449264
-603755
-764612
783628
885128
317778
-419379
524994
658108
932152
-73575
895865
-946969
432624
-629899
731532
-150019
-520861
-889844
-815911
-296578
-208310
193251
-705602
-279041
-652854
372474
789764
814907
-597618
776973
264170
-201373
-987639
47798
-316245
330139
628419
-791251
-11754
560570
135174
-115890
613602
-432202
254212
345134
417780
733352
455291
601869
-563227
-753020
-204880
-268828
-32060
142267
-896355
-242297
-42827
-493973
-465324
-778658
304655
-452963
269140
988411
877176
-102441
-802841
-134578
-541871
332334
749533
-928270
900132
3745
416864
317912
-262904
-127846
-80220
173869
119135
714900
905041
-912926
-142834
-991314
-155222
814340
-485286
379454
-964319
819369
926491
304822
807780
803667
-797620
-995062
-330911
-339491
337273
-581379
-267760
237404
422366
-850896
-444685
-840538
21259
475096
333332
-859607
189996
238373
-772532
-952839
247059
72246
861501
761773
-548300
897183
581142
-621810
202005
388921
-818143
404386
393860
-149054
-935105
-268868
269568
-202865
968537
-308066
-53760
-476148
-148604
967499
998948
-815273
-892108
188944
423101
-664640
236105
-329841
407607
97606
-568068
859307
-5211
-986926
-762503
-803207
401996
-580646
601179
-204145
270300
666074
526988
-460133
-536791
495524
231802
409449
-980624
-916803
376947
-981676
-732075
484840
207268
691026
820201
-556627
-638815
227807
540979
-206883
87114
-464233
-193808
324611
-267439
-791813
743966
-666261
4042
14266
999814
-468971
554134
-536978
-973447
-214065
872471
-954070
-130867
249418
-935746
137058
-265743
271523
-171916
-445543
714896
189269
782265
255875
982387
-130622
791642
-211422
-806011
-475797
-3235
937956
-142058
-999193
-47779
-142245
-468163
-493646
320778
-441610
292290
193248
-395679
-838578
-557335
-331425
298481
176923
940098
-873436
731380
654994
315833
513645
-89132
298220
-616978
-297490
-913203
-422988
226713
83563
-485032
-915346
84370
467189
-57590
616207
973544
-736812
-825403
265834
456436
-221082
427256
899102
447493
-274264
76024
387591
-147699
-192596
42585
-831867
-678952
953453
466354
-295929
-344038
553151
281084
882675
-363287
796052
967330
721083
263240
-90260
337290
236784
172928
511887
-497383
-370637
-709196
929874
-471535
738298
-344390
604489
125889
507911
-588107
-831527
676045
-267059
-878075
142398
437013
-222113
-304451
-281904
-339438
332263
-485853
-372109
53346
777388
537631
-609365
14172
-289441
902522
516790
339923
-806675
446663
868388
931624
-897727
472877
57512
610184
884770
225985
286229
-382289
347911
-571373
-945276
-874202
124176
-227180
-213640
-543562
286968
414251
509785
64356
-48118
900420
-921473
662442
802942
595318
2364
996267
41980
-129249
927891
144254
-656372
-14598
-245562
-771603
-788613
-959334
-153891
559298
-530707
-99167
685096
593469
673654
-528545
-950093
-39379
885707
559692
-975024
-162411
460112
-896496
-499970
263053
698822
502394
259320
-259198
-626855
187210
885056
-283227
-827388
-360507
-54829
-616001
-319840
791280
943298
149453
-307887
628394
-257078
-634234
-900151
-207170
326388
985557
-647478
351365
-176855
812634
454869
323176
75686
153691
-174430
-664994
894493
198715
522216
779549
915488
694829
-580958
-139341
-921173
99203
-348061
-977875
-751345
344052
650519
-8422
709819
750368
784408
36206
735924
-863071
-612429
-440931
949564
842440
882245
25249
-3869
-292186
360256
-109376
906530
-117529
-329828
822018
-422701
89215
-317324
-343873
-811583
334615
-321747
-562927
-321333
-671229
428651
-611514
-920861
213059
424693
815063
349988
812264
-625868
299551
654703
-743623
-675200
-349166
-35808
685056
541458
-129279
-432473
-788370
-307261
144827
300846
375416
800955
489263
-289970
-520793
926337
388698
-192021
354987
777184
-112882
-431955
201876
-297819
918034
14139
76313
217585
-331158
332691
542385
319676
-703118
227441
-138866
167604
794969
72764
860343
-60205
-626391
235758
-259250
862873
945789
219957
789209
334486
-972065
144196
111670
-84946
712242
-686454
617235
630276
327686
-306452
-152140
996528
-973762
-609755
316204
-676880
617686
-822662
490724
412655
250102
351066
-647550
623712
-413176
93200
486584
-467388
-686843
275793
867099
-658908
-580011
-21232
256147
-867770
292315
-126619
762506
-380000
566929
-389634
-383472
593168
611
932733
916288
-381703
-889930
407012
-969049
360173
-241923
-616599
-16116
344902
476602
-529532
877514
789759
746262
744613
-869149
-833750
-276620
386998
-701520
-984305
-739622
-939014
-364305
827308
-328648
252223
420475
671964
184955
336763
-709740
295026
-256226
-678788
-344802
501852
-295386
639083
-153247
-818785
-890450
-275733
970974
855813
-531121
-898176
-977938
192260
488823
-679457
207955
749202
-618471
843650
576509
52882
95873
-3016
-275155
-719172
-666254
15106
575854
77520
336318
-768948
-420629
-959069
870135
426125
-777854
979686
-849609
-806880
835498
-380730
-705055
857561
811530
783768
-821897
19485
532969
-440367
-136866
109478
612515
959008
-893539
-662640
-760165
-559793
352466
815690
517728
-311217
-953259
-902902
-270286
916877
523224
-48139
896563
673615
144982
732060
-707116
439927
589620
-895586
223695
767724
123899
-243336
-672644
987034
866142
939871
946041
972604
-722770
-814124
-587189
629697
-998435
930539
-681521
-951693
-972363
48194
965185
550861
-999945
861747
224475
145037
593807
517360
-415036
183427
621774
808660
-48850
-254327
-434677
278506
-267294
-568535
218377
-321253
-595931
495608
-135377
-183120
125304
-133811
-252581
443784
-85503
-224944
-508023
-120319
-674083
-507968
-258572
550392
637070
-664766
67752
-777967
518661
-310474
-969307
-530189
435199
-403983
748318
-832095
27482
-33306
-153348
431552
-537698
711276
-751569
587606
-422535
-4150
31389
491962
770907
523367
-628357
-903177
-984602
113071
647216
652469
448306
-285033
874503
-33033
404493
905196
436778
-160308
-498788
185095
7597
528695
-848211
854249
-39754
-385909
565525
208678
-798303
-857011
-795473
233087
634951
975435
-243547
-993406
-927743
-228148
119666
719474
-575680
-432028
-565560
-701178
534939
838934
-795982
-28283
-321375
-294770
-843188
686223
-766075
-691399
540471
194171
-77307
105995
-597152
124390
248985
-392624
-642523
-116064
-417189
113930
-109470
-344932
885782
-989804
-625458
-689898
-421832
-191017
-391075
-886894
-352084
-187057
84824
326542
518174
241636
12764
752100
550238
-446765
-53729
-527070
659231
349119
597321
-91785
956496
954798
792151
-460694
68728
-317319
194375
-45490
-307123
568917
264612
271046
-622101
873538
384153
25816
-313519
-531024
-647643
-795345
710612
365122
956755
260849
918357
-96975
733780
577588
-747856
331100
-514198
-791360
285898
-722047
-252053
-645375
-39365
942323
309135
653512
511239
-426253
-75442
889139
-552716
-691290
-85045
133765
-222314
267313
338421
-511702
-367566
295175
749148
-449209
-801800
482927
-871622
-549656
-185973
-385819
-341015
-900075
-107866
406932
-545449
852769
349254
763687
506281
-139507
-662567
-569161
-250368
-215282
-260451
664587
918484
517236
-68100
256904
-994466
564335
-447921
754682
-884875
-249721
237609
-756496
200624
-948364
-142314
859609
-848438
749821
266541
-393887
602590
-384206
-630201
108871
476288
-292767
539710
-774081
491951
-720742
890507
410435
796495
-177594
-332662
802029
-613260
219418
556711
-498134
969697
-205681
-254629
170321
-154044
603057
29929
-2482
352877
-703530
603632
-44534
-87736
973431
-935664
-611449
-319337
604047
-385529
-827386
883305
-495023
583049
679799
327383
-749613
481828
714124
469805
38538
-784010
439502
832858
-38639
-390178
-321187
-435582
639752
676332
917296
936222
279963
-127239
-151514
253394
-62902
237037
934058
-458856
851508
-893329
-575551
-643515
689721
-895752
683868
940109
586076
397992
409913
-375386
613982
-150585
-542529
-424657
459237
136285
139761
98989
-187384
57056
35210
-907421
929818
883696
345973
-133084
120733
280030
408061
-27759
386702
832511
328726
76422
936759
12594
16530
522835
-589415
-573557
-852552
-975433
275858
-395080
-400090
-264905
741205
739672
834084
-446179
-203272
-130706
-353600
-273454
-247010
992374
593462
873723
272404
1523
-154036
-340895
-165967
-825311
735528
-229208
187283
-247943
-706374
597869
178501
-558925
622436
-545642
45995
-777654
189454
-212801
962019
23538
341021
-241254
892832
987422
485292
-354178
979795
78754
-480456
252198
-919724
365509
911304
-85690
540198
646831
685102
-272519
-601113
978729
-674651
577389
-580196
947786
-968253
465799
-829868
221201
-747002
-867850
-755262
594019
-109103
-862430
581441
-623812
-216608
561235
454943
302937
-186567
535220
-331555
-275264
-550471
-791357
-628434
-865369
-63876
-229546
-886640
261474
-652158
-466836
209259
-620411
998964
379392
600790
-748038
511542
845529
845982
