686347
-643111
884253
10440
905657
-105738
993750
938161
215157
269915
89796
-313416
888950
-760863
898786
992164
-934735
148970
479255
-361708
718714
-990854
618812
145862
886204
-671340
-565395
703832
114523
-899963
978646
-199130
-543074
862898
811311
-637417
-242840
805061
-699257
972317
74975
390540
-341099
-36076
629678
-442314
-43912
694944
706657
-564658
-666765
425371
-555511
952048
-428767
-669308
-719293
5838
-965477
395231
105875
-986831
-803900
562802
876068
-992589
925385
-366773
812472
-773872
-394456
-112553
616668
264445
851372
246346
822132
-192541
-58711
528789
242802
274525
-45841
687292
226572
525392
-982017
507280
-468770
-947493
-97490
637106
-934323
98611
199907
941745
106022
125292
-425028
-81506
351421
180516
805941
-31912
-555040
657312
-785566
-732908
-535229
155723
795881
707574
-569753
-249961
394865
656820
-724569
412849
164099
-193339
465357
-933391
-556233
531034
165221
643675
472779
-728758
-231034
-952250
189737
-879613
228266
-4322
88476
673227
-347010
302910
940319
117761
-541368
736200
-174666
-111120
-513761
-779801
-454301
-238330
633048
709798
568332
98404
776408
-987902
-370562
-58372
655774
-897784
212871
-575260
-850034
-597393
-454873
378233
398285
633603
51460
-948726
-63488
-8221
169036
395144
-272022
994371
-715977
214217
-785430
-170277
975888
847618
-460480
544219
-53978
-684072
556318
575461
257556
212092
677677
-529574
636832
827644
-126967
-818042
205876
-728682
815561
-742665
-677407
-247928
249114
491630
-852784
977093
486000
-568760
191309
700571
260963
167196
548188
800484
-288585
-505790
-883589
-732267
-930330
373967
479825
747348
844394
116656
574991
-282573
298615
-219133
-11254
114175
38203
311339
866248
-712683
-197032
-986537
-735591
-711032
-555296
455719
989539
705667
-377085
537727
506151
334331
-968063
622562
602064
-898392
-3471
81889
848956
-159077
-801455
423947
558350
497161
-795187
-452905
-388665
243017
858435
-522417
530334
-338597
-508953
794744
-49628
-64249
250462
-60089
-358582
873378
-522362
-852432
207708
-490425
770131
-190228
-388817
-233340
891662
-539861
607583
-909794
884086
165933
587367
-911101
713029
-801298
331916
571463
-323715
-137750
-767135
167332
-343006
183238
-896917
907457
-876852
-255499
780834
-399214
-107930
-11459
110361
-337799
798313
721545
428861
689974
-818317
36444
780181
-934231
-797623
367548
-845332
915406
566251
486585
486869
-757465
-651165
719735
409868
5829
-97028
512951
-86715
26120
-742548
-305881
626907
149523
682660
-262732
811724
480973
-541188
240585
170946
-359504
-722971
-48873
-293735
-520594
-681326
-139066
-605188
884925
-652481
881681
-872540
-303645
601415
537329
702185
-495613
50279
-384531
530507
307732
309589
157413
-542746
-7752
894681
-731023
-526780
-646507
509563
644167
-6011
786592
-404706
700255
-734002
-86032
-438812
-339190
-201107
-91292
-457509
-73646
605063
-856094
-536318
307247
-351707
513962
922717
-821200
-178307
232305
336213
278948
-775448
230894
547926
-302227
584388
57488
-658060
-421623
-155921
-62766
-721369
110077
851203
-160180
770888
-349904
748528
-686622
576450
353591
-542715
-959869
-339163
105578
554094
-416446
284378
-624213
815859
-379409
654735
-959589
851486
202660
-261816
435873
-739853
80125
-985751
104227
-982642
-707119
-785696
868561
132702
985192
-481344
-118771
-701430
-904894
-765180
-244145
-864762
-104343
861434
689332
479211
145811
-934882
295070
766403
719854
335481
617888
-77487
-926335
53761
182661
153790
68011
-713113
171149
360892
-498809
39709
-506406
-513617
558366
374823
-215046
653472
609644
540810
788711
-494700
402243
478042
984512
-451946
543161
279581
-685544
263014
-384938
932345
-814473
-311272
-13894
368188
842518
-945884
655076
13667
415009
-843734
-946624
908603
-357350
611742
283426
427605
265214
-106931
-31586
53924
398370
-629343
-468034
382881
-81289
-924873
-337538
233168
338141
277525
165513
523668
966253
-848382
-108145
808771
-794266
-453070
-177563
620743
-296803
-124187
529346
345848
-512446
-187229
-226548
752769
705840
741867
-193307
104210
-887477
338660
-512910
31235
413787
149553
-735598
-248073
-572923
429915
-724405
-606670
581533
167451
-797900
787268
714382
24537
408011
-582421
900350
-62644
763427
-612096
750127
-463121
-859327
455967
-721255
-52634
-439824
-608731
-713974
47267
422504
699813
-803180
686907
-548260
-376102
116822
-272664
17228
-301646
894787
219329
-514378
609168
-756135
893633
-973253
-855786
-169012
790174
-467881
-418885
-672947
-327208
-962918
-394201
620159
-402741
-2932
906185
644527
-580428
605997
841348
-893522
-942263
-534755
223300
-214927
482474
921655
-320140
-298198
-592723
-710973
-54332
-699091
-684226
89882
131898
-894052
622001
713014
-566998
-705207
750096
38801
914952
-652645
-964131
821136
991883
-544559
427133
833230
-438080
484870
-701525
785221
-730057
780950
706876
-50197
-517248
-885848
238831
428420
-584939
554606
-481699
546960
660554
-859698
259973
-906445
-564905
10069
132357
-649954
357425
168226
-828819
349307
623668
598314
182536
-814413
83184
481012
970808
353127
261961
677683
-697071
744713
791836
541760
173132
-793103
96365
691434
753857
-243081
831737
13830
-149525
-733169
-976102
982833
-383122
381324
151058
-211940
-269370
-225274
-613626
913167
-39687
469559
394178
-68879
-177315
-343861
-391196
125615
-599148
-599361
-332625
573985
-392464
763741
265418
-638607
-479341
97154
375223
371135
363986
399122
353967
980865
-219555
-494975
-231075
511075
279751
155299
424242
-759937
-375143
-181580
171185
447543
474559
779989
-426843
875412
-819372
240533
449396
-211836
4273
-285187
149558
524932
811968
-475220
-103933
175954
923903
-749967
156819
-295653
-244942
925744
-784578
-965191
81043
639665
-725127
705900
-541916
446058
153443
932644
226047
726601
808055
406675
-32867
257450
-805161
971406
972264
344397
496338
784231
869178
-607596
-39815
793080
-357562
-882997
-502573
397497
-957253
-287150
432306
123790
-647486
707179
-170311
-189402
153237
983133
-256758
-620717
709733
-448704
785958
-323135
808746
980797
-351729
781009
325193
-855392
565240
194371
-462987
-474575
-12550
179451
-357571
484878
-423052
-314824
-802273
-990747
808966
-449758
716433
-361345
360840
-130331
-378213
-895918
248953
-668481
-344622
34910
8385
-535876
15707
656656
-754867
-659100
801264
810374
535271
-661723
-664202
-477279
517729
-21773
-992402
-905324
663403
-794674
-896070
472368
-244432
820364
-888978
-883592
-309967
-267190
-779510
938986
64329
-124132
-26105
-927287
339993
989603
729369
585126
-669498
530633
395499
865773
868910
731298
-611507
386639
-290476
-603908
481315
-627073
-398582
585245
845295
356986
405608
956318
473394
-904360
-310873
693885
-965374
753457
-430248
8521
826171
909745
-1876
555540
494871
328626
86172
-109631
194398
-44918
-378334
582892
-658280
331191
978985
823036
704118
-419598
408280
549413
937389
-186112
505731
410783
-90471
-805143
104667
-55845
948315
674420
952677
774485
584165
-49200
330024
79035
-720575
-583804
969405
473824
371279
-408929
56716
712999
922262
35701
536035
626380
616103
-55685
175792
553492
758203
-318477
-35726
-332268
-123619
-931059
611887
-175305
743361
564564
-400821
327525
-484637
929204
-593441
-205211
-654601
-624037
-731387
716678
-32965
325330
429677
-110704
-638970
-34289
-484324
977134
910026
691469
530625
668229
-627009
-505101
-664040
249372
-436160
947848
-925934
-692799
512411
-326754
634726
-972227
-397551
-958715
-177437
-52152
-582751
91176
-335474
384284
-583494
-905797
-726420
-222464
59914
-210744
-245331
-30060
-519276
-714706
-361831
-146285
-219806
-25871
-896914
344035
-78024
-822847
651236
-565613
-149601
285961
-537840
452848
327247
284724
-599304
744496
-624100
65223
128779
-207594
159426
402359
569942
-780660
-808385
-675389
189281
-327660
-390094
827450
526055
390100
-198422
629142
-265866
723555
806296
-614630
-842059
-343306
671332
-379898
-890458
-1422
904827
-489761
-256927
-719274
575462
871853
73132
-265112
274212
-356926
-45772
465827
-32315
-856492
-861834
577592
970958
664222
-32309
-227464
293364
701826
-503909
99659
-912805
-345967
756354
758528
274136
865896
-242895
178962
-623866
500178
459688
951597
372030
-467181
-313516
-353758
175894
640712
-887932
-856422
784220
-749765
721170
755178
914458
-311139
-472286
207822
-609313
23805
-692520
-522117
677839
-936167
-763590
-48026
929730
-6485
-869065
-694137
-506307
590623
-742541
865724
-876558
-56057
-488035
299336
-415345
-375966
442915
-631125
-125731
164085
-875948
-211273
852946
-348233
996549
-756367
675572
-695972
-278484
353410
-632138
-42074
-694616
-702409
951442
-563681
-396545
-554866
-973058
-139086
-689143
-849616
804858
-177177
449721
-610487
446857
-107365
-241612
-678874
-943281
-117559
109853
909666
534208
106401
-846701
209780
410430
-125185
-436810
778292
832742
-131426
-924117
784183
304894
-320662
-770683
331836
540252
-459825
482221
345110
362998
-68059
734624
-190146
824576
-506989
130980
881296
375453
-759167
790962
-90339
347234
944261
-880560
-242337
-180924
-317369
-464045
-348183
551206
-388162
-564001
-143901
291176
-334684
-812066
-168572
205491
670155
-823462
-431511
-397904
911162
378343
-573329
-595827
-490677
-692033
779626
-249844
-901071
-310714
-902610
-956811
-191273
-144946
-137735
491359
391009
514083
42564
-997153
950082
898663
294024
-384602
-913403
-874549
820890
756753
-698010
-610622
-641152
-786848
767722
-214480
-382675
-722955
93488
-603050
27201
192417
86237
124592
235607
894965
979646
-902128
386323
370654
611955
-571113
373502
562037
-672450
-332475
-822565
-585853
-207023
998325
-829100
94967
-612297
-470252
308119
-844576
315269
925445
-567531
-591244
-677605
459671
601173
408632
-415738
-163220
303597
-436093
-65348
-310081
934562
-453394
118807
308064
-891357
446357
975589
-713922
860505
-231435
-715598
-968596
863533
-327894
-438847
171652
-172470
876422
97096
260000
-714822
419491
-280329
886352
-171877
303934
-276869
-868281
867842
657783
-178361
802404
-795611
940446
110467
-686968
386802
86055
-400889
247307
854621
-116486
278711
718154
555620
839865
-110195
-616851
716287
986901
643150
-998536
406392
-637179
887816
-765486
666755
-389053
-633766
534596
-731271
187873
336999
-526881
128318
-552534
-213848
-484880
533521
385263
762427
388142
-731224
41138
106295
824396
-118997
996100
-792455
-402711
983001
850696
-401246
389393
-786484
-513430
623907
880272
97517
990142
414867
366247
178014
-248134
839366
-693668
199332
-374482
-178547
-267147
-989220
-416121
-879006
-720443
625018
227290
-896047
-493979
223390
-688501
103310
206390
-837806
702064
-404217
-624289
-811367
-780311
-744018
286151
-790169
670850
-347603
387845
-577284
-508238
694177
622048
117280
-484371
-645099
128061
99509
-524104
407619
-275473
703186
511573
230548
-73425
823072
-666142
-867035
985267
-964078
-271252
-639023
-775444
-51562
-383040
510707
158269
-712190
-836897
-453887
-289474
-345134
-759710
-667427
772147
-244080
-312525
-99792
855430
163371
-692174
-420043
-133444
819399
810505
793132
642471
-855637
926097
627737
-819714
-345156
988715
-595158
603282
-394326
915550
-238449
-106516
-921348
307665
604011
-266481
547955
936584
-494335
-696125
-375941
405873
-840695
787430
713700
-260738
-346015
533099
-450233
-552884
175569
-305870
-626787
-196694
-125584
28057
-207980
279259
-368661
397695
194808
392890
-708821
273461
-299446
895190
-993021
-751491
831774
-487355
-447616
-544168
918519
-288311
-756739
632219
450952
-102753
165317
-999282
344364
-659114
-305151
717578
144192
569266
-254366
936212
-151476
376974
333906
-956669
-230137
625086
316793
470418
520275
323773
718928
352048
836418
-728688
807881
754937
-16998
-948858
387155
-566047
-51610
-447529
-565329
-707247
-106643
129520
-989670
-962452
-301215
-244035
973761
547310
-867061
307667
590642
-97197
-67248
-92566
-626780
-546974
-768794
-907853
805075
-932376
-636541
612956
822561
346461
664098
209716
780415
-387513
762187
-784915
-94759
-344456
344606
-84428
-306907
-956609
671538
-333147
590702
804477
974520
181343
-292721
-92728
-911224
80500
360299
-680017
172648
165374
-612392
536107
-221671
-789831
-117432
-557573
419885
-337017
54914
182072
-121931
960156
837616
-777326
-124272
-469292
-733934
-452735
197562
856768
-648259
172082
38111
59021
-920647
126887
-860480
439653
446871
312168
-394974
834480
-151725
383355
-955352
730844
825782
464533
-606174
-119304
-353396
271895
-159149
-515780
494570
716579
14929
760637
-736156
-787509
617404
-384414
384573
-344486
674607
463927
782402
814128
-96421
229273
126295
508605
63753
974571
-108040
108401
705414
-282259
-427066
-900760
598438
219539
371135
-560712
703760
-134295
-844133
-281312
-373659
-580288
-68821
-756255
35298
-684248
-100740
-290095
779679
-318338
-475968
-316743
910935
650328
-808138
-25313
624898
83822
-916912
330312
801564
-343978
429552
400001
875562
-199313
839290
579321
666393
995158
-701992
-707267
-585131
229188
-463521
450168
544940
435739
-839928
324619
-882600
-315895
-992124
-971665
-665568
-800262
3023
959331
283561
86111
289643
85124
742134
-280805
-514875
617695
519883
-675586
197016
186275
-680429
495025
479009
-265560
-275788
-984513
-815392
-730848
451226
-655320
593772
568627
28786
601648
596962
363218
801387
-400016
322549
84947
686096
-387808
-829929
428229
331387
-344804
45924
-148731
-20390
-757061
-962456
299182
737965
516553
-966379
-537823
532040
-781770
-268671
-16735
-437090
-674899
-448109
591696
926749
-851147
-45086
728135
-251163
-722537
-186918
-565068
-110345
-16847
863162
-778958
638349
-90915
72312
-382041
152025
109856
917141
-110011
-373592
950763
352167
-841553
-831008
-916504
141713
-268097
-591403
693604
-676401
-664655
842457
278514
-936520
-408706
555977
-123438
26226
-554368
859715
-110612
-333325
498064
798473
738987
-883978
-49502
-151158
-966837
840488
475251
983926
192654
633698
-847083
276150
-224590
-115180
684747
-530986
208419
-979908
-688529
-513068
-916428
-97235
-957091
-39866
928992
-511458
-180151
-181620
155217
-682087
-383148
-105796
-566065
567351
743047
-532901
407839
218297
-548976
-399508
-148006
-396059
876643
627405
488762
561390
-903581
-302819
581482
-592110
184114
665055
310656
227024
-374811
239648
715566
445038
-941973
-129217
762951
-325120
764987
-803114
-757770
508033
-336015
650070
-273670
115010
-749439
578324
718952
-872796
205729
207713
688595
302148
904895
270077
710039
89009
-64869
20694
-683968
560320
-739659
-968402
5358
-681632
-97619
-231691
-6751
-332632
-34805
235479
-824599
629181
-114452
-98269
-255809
136110
-519945
-536858
263315
685785
670856
-48091
-12068
575750
-778015
-302030
-335242
157117
718665
-19209
-282564
979006
12389
722794
-702626
914771
-508898
290623
-417862
456298
-473898
-242460
85479
411651
659272
829670
-452239
-860674
-707189
811077
825111
963667
-237015
-186957
539417
-15029
511013
-795826
-857913
229677
184966
-140476
208683
-802646
-417683
506058
-887876
73420
-203320
-305737
-470282
322783
451804
615197
-265566
111075
444866
282195
250401
737678
93271
75512
701345
856257
888555
240761
-158772
399568
444936
-16684
-370755
-370099
842840
837928
-172744
-574843
343985
-60619
498578
-859335
633644
-971705
463449
85447
643492
-802118
-803478
88358
480077
446924
-173964
-426652
-477565
-472620
-570395
-589010
768141
270833
810559
213076
-745851
-560197
842978
-903011
-722269
-329767
-477854
621716
609614
-979276
762382
243258
-950981
225830
-671295
692512
423712
-474773
-219131
-96211
972151
606906
477138
-505414
-865715
906743
-94424
902426
177576
-283866
115502
431725
155938
-41521
528714
433669
628713
-949140
55385
238326
-928416
-182234
-518417
-879396
-956404
-189712
813116
467308
335516
-406015
-628903
307667
-799110
848235
802253
-664824
754977
-292171
-762399
-67448
423964
353104
-635723
-420099
-688417
892992
-986431
940296
943853
68954
178622
-984564
886721
660206
-863959
930317
-529506
949158
397625
806010
-456858
768722
113676
-255967
616956
-84071
79209
371933
623758
316811
-695515
47721
-330085
-331238
627623
-18502
-438246
641192
-78206
-494394
-289854
-899585
-478957
-403134
760622
-342916
-472817
-768885
-393759
924808
-962875
149384
693529
150801
893418
310485
-933270
-27374
-317583
690488
-710563
-13097
-261791
-40648
655665
-634169
940851
-782581
-992977
-137356
-276975
-282831
-36940
244068
314036
-276319
901153
841219
-45204
-492607
766027
-8078
656778
459555
-857278
550195
-229960
-790547
-477179
452458
899941
-187742
-560640
-361851
771611
-904975
3981
712461
-687556
11004
-424895
35469
728174
538165
-720464
42210
-738154
-819312
-116572
216643
-311918
-350545
-791436
-655140
-890991
-648713
895055
-120950
-439260
-582124
-668493
-539319
230135
-229132
98831
1745
-134107
-897189
-285794
178337
113816
289311
-786194
-158010
-172524
-506657
884200
89322
-325969
-232372
-694036
362114
417083
-485471
706974
526093
-134184
602029
-594858
426556
-980096
-263350
887237
250040
507518
-13933
-748216
-626590
88879
-34009
551748
-797306
-744699
765554
44684
82778
-741104
-71116
-827901
-67072
696512
-521936
-704958
113594
-7407
-997984
-360313
858409
604045
44829
284965
623950
781480
172202
-126011
288997
-841731
125774
662408
247148
-908236
214156
449843
-652934
-20291
-505473
429844
238606
423411
601944
-828467
119922
-919993
-533424
-766484
72600
-531408
-126797
-68991
-927363
918032
-784026
696587
699512
388176
-429424
-11492
546445
696351
-349084
-206407
788116
865072
-756565
-864819
-155219
-262038
565026
-916614
-838628
166969
-745080
281295
246977
-278504
514811
-680424
190088
-611987
250586
262725
-693956
466560
-40688
-994445
-145265
529889
-5936
-598820
226239
644981
194774
14354
510053
438209
149536
-645167
-823829
-285438
-561781
-662456
881531
-306860
618839
128507
414636
133649
448084
-395277
521662
-301331
867449
827707
-834771
-173240
833263
19965
-643351
-172673
421146
582888
-527693
-384081
-402758
982360
-945873
746778
-662807
-769701
-538661
-224588
-432157
-657130
468553
-813319
471378
-116812
320330
-80539
487912
-158008
618131
355360
-330302
783361
-817880
-497040
-196675
-461231
330287
-775530
-878343
802595
-159611
-281101
784954
-105483
-534323
-877854
124816
-72983
-102441
692660
269887
-633889
879342
-258735
249300
199671
660727
-262789
-958337
278857
-907429
-288639
62217
-725308
214322
865543
-186539
-455392
-909988
-64881
-652797
-69598
654018
-867843
824920
-880305
-745696
-50264
46712
151863
-357605
-683401
517975
-478264
57864
-232725
721408
-281410
504486
763071
997448
597058
-525568
59665
871750
688754
-74792
-314790
-766638
15221
620329
-419434
945623
274347
-287277
770542
394042
-32973
-279723
-559246
-881110
362673
-242647
636866
884410
815218
-595860
605817
-466192
908626
368888
-468744
505683
843321
590921
377432
532075
-483871
-937358
765437
531350
682972
-653998
476972
-42681
58726
247514
-648640
-974248
967792
-207886
-855358
330464
549468
781508
214873
364685
-814352
-179310
898493
-905726
-810422
-570252
599957
-967102
-979331
-22611
564973
-463202
40032
330410
-931853
-276996
676413
545120
680323
-264862
-207367
-968317
-239109
-239576
-176202
-94466
-909112
-626735
-312958
305762
737951
-127310
-873549
636444
-33036
-683970
-933808
-433079
-651071
-913138
544311
913903
-376340
-415658
244312
-308192
307347
-79275
-763072
-12330
655864
29562
19353
-583245
789987
843152
322289
880875
-783584
-990670
186636
954368
-117980
313088
590811
848985
629118
657004
-584095
978047
743866
960216
891949
-632474
-455442
136261
59334
851905
-943014
296263
-160426
712851
-674176
858928
-870395
-884190
702079
451894
996686
918496
461225
183321
872864
-656756
-503591
463674
-807771
-874473
120677
-391866
-896426
-135457
-431650
995524
232069
112909
131785
-708597
-35186
188771
587666
804389
-98379
913490
663316
31226
-970700
365395
-516880
-974015
283890
944345
209307
156753
-712411
705716
-379573
-520182
831243
741105
87953
934818
-394353
656304
930341
837716
-230788
62125
-870882
734026
-749104
716785
538414
152517
630274
201730
-816257
659574
-432876
-333136
685559
851014
-388792
-105135
7767
-101203
-399419
628195
378616
-568176
369299
-533432
-633359
974947
-877129
-703018
812663
-107916
359107
941782
-373891
610004
658566
-835477
-237479
288840
366253
-53736
-51587
933377
613128
-366028
784391
-775664
528838
-207842
123133
-870581
-579648
-498251
-438757
789652
-31683
-72115
764599
91189
224867
577261
983274
-416026
519043
-390617
-806023
177608
-226094
-43501
-533552
-859841
902763
414862
-926464
515891
-951167
857927
740228
577672
-349915
-136639
707092
70438
365110
-731665
-139910
-666573
196220
-375312
424617
-578913
-798051
407890
5062
720992
-982728
199040
-101400
-208821
-844462
365048
-68662
-941699
-220091
4874
574193
-171257
-137199
314420
-593585
512886
-822220
-886494
-416676
542890
-618159
443414
876318
578062
-931899
300934
999150
-729950
-291177
4211
991043
-273904
-796750
-110357
517275
-641212
-745310
-551388
-582910
34600
453487
991283
863344
-683713
305702
-730242
829174
483483
-616735
-587503
26372
-234893
855912
-97310
-656832
924013
-796377
-657683
-805937
-87554
346529
-814894
638543
549779
74749
155817
908568
329440
604430
-674343
-635960
57916
-683060
-772617
374204
622642
-502858
203377
106124
-119593
615875
-867504
645514
471786
35186
988683
395799
238810
-669001
589863
-848744
677528
774969
789799
227307
-150282
-54385
135875
-820843
-449956
461533
-456802
607961
778473
-229419
-17836
401115
267723
-814459
-492762
-851870
801416
-360265
793644
273202
674922
782326
-330999
-86268
-886675
-741137
64988
790854
-966169
-145214
18161
-116451
800402
-845965
62707
-649554
615569
605905
958407
394041
-623515
-59429
-204845
644209
126112
302394
792340
-72472
942130
585983
-799271
617052
368309
-130270
-469217
481635
128593
595771
272489
162425
-549443
-709351
-954027
-749041
-555315
108680
-398595
-939747
-285415
-440188
454295
91071
500383
-750551
-264721
-373506
551844
-472381
554023
493973
-886398
754753
111025
481911
-375517
641808
-36454
753077
237578
-763966
-84499
688136
-473316
-38525
939095
-28631
-929845
-459500
31623
-215260
100312
-514082
875811
-399306
-264633
-388910
227189
-712789
138709
-218789
781185
252311
-464036
-107791
-265778
160447
-465984
697769
-86477
771595
933803
829024
459731
-539513
-209502
398825
431857
-139346
939325
-536520
645394
39637
-50602
521205
640332
684766
-867706
-132480
971977
271004
648732
753162
-476686
-815305
-354630
257537
345143
179387
-44695
-741335
-49018
-110892
-912311
-589287
349595
-121812
809538
-218549
738842
748863
244931
384235
-211500
-805672
-94561
-571169
879094
37734
296352
851071
-691263
-54916
604232
-167948
129779
-750398
-910412
-525078
428989
44893
-266413
-620029
934002
-178724
-209316
283596
699464
-399778
-934953
438305
-650915
309979
-177460
137585
504308
727980
566416
383401
-234287
-137233
234472
74450
807851
-161297
906502
-62370
88306
996091
412552
-482706
40984
-853861
-102734
-25015
-32585
687950
-741420
-333121
-711828
-676372
-894816
-362743
633607
-72275
774842
137914
-344296
341258
-478685
421417
-795975
755787
-504133
-988125
-405510
-597631
-50494
682796
-601540
-637942
-799910
439444
-491803
97357
-585572
475613
-214694
-326992
-857508
73479
-3364
-752323
710736
-369757
175402
485578
768157
831106
-173165
-710529
252523
30860
-954742
748391
42736
-360251
-849240
992243
-677455
-450780
-645700
-477365
988664
-137502
619992
-596909
-661889
-594702
76100
-519396
478777
-927264
-271719
189513
-297021
903683
-324910
-528864
734788
501925
-239392
-12689
-467215
-194134
-264299
575521
445616
-113539
567763
768161
435681
922064
-709205
424345
-215438
910788
827436
122673
-683914
-96464
603277
794864
-23728
-668443
-15624
679252
-764760
659466
-849613
970029
161391
-89004
-42661
694177
716862
693041
269697
162477
-420498
-162540
-69363
-984817
-240476
221433
439528
544086
132221
266964
-333242
448308
-829501
-729965
243171
146772
-398407
-772454
-173976
-163167
887013
-23588
-193139
48404
887408
764201
-257420
604270
457241
-987723
-233254
-963258
-150262
697384
-948074
609262
-81183
491454
153347
-948963
-241583
820106
499346
-71083
-909859
-257484
-924312
-308265
-29937
-98288
528569
-142925
878125
-664570
905480
765532
-900370
-351940
369801
556872
-339663
-863453
593615
510076
833931
645541
119337
-247252
136994
-727316
-196214
895412
-907210
-696869
-175672
-817068
45647
-99984
-125333
-984291
801729
-596765
-127215
679853
-261335
-221735
445384
-161704
426325
-184815
-604833
-913338
-48268
988783
596738
-214337
634323
-283925
538411
-228683
-11240
-657804
-333272
81551
-354673
491056
264483
690975
-608928
-860850
706685
-807199
-457614
-420530
872654
281052
357735
318038
-880653
-215940
-866778
-485485
-129278
84954
-496703
-532540
870617
-862380
183536
409028
-91063
-827704
751225
575666
253847
-603448
66722
-481670
-912474
457795
-342520
794212
650596
199867
-626319
523250
-519082
731416
-158713
-399735
-484525
-25490
114780
386198
-940536
618078
853659
930082
755698
37194
339109
-335365
209490
90333
-759699
-536663
486885
307024
-18333
574412
-235182
639148
368623
-584587
-160986
742304
938663
319932
473720
-220050
920198
989195
754460
34978
375393
813925
-346944
229051
744006
-591246
-733755
83114
73389
475735
-826553
313691
939073
660333
-379286
-79261
234744
385533
-440114
-396633
800946
398901
-654330
739609
-281167
819390
-480441
-360969
808585
-725981
674009
183978
-912057
-672936
-586971
831949
-264182
-320726
-84937
809208
-844991
88511
122899
-905919
-251156
743613
14821
983588
129145
574708
-413045
-69909
-26392
-67375
-330300
692442
-247985
189260
-668528
-439400
463279
-994519
744579
551223
-667454
-842393
383172
68365
-163118
-701765
-122427
-8109
386746
-999529
85973
-864411
744085
-899207
-880823
-126770
675502
-293868
803322
-350890
638758
-526979
-658449
-609227
662282
-326976
-48626
125560
-321495
-304048
-323218
11052
-146440
-940047
-920583
690442
-641812
-43010
-317667
744935
-42538
768307
880525
-298453
869101
999702
574777
544602
-294166
378098
-806289
-655409
851120
-464738
-264636
513401
208287
686739
-361039
886792
-617310
315744
-102156
236251
375697
-22739
-73308
733886
934252
609026
478821
-108287
377332
359345
593260
246432
359046
168037
-208966
-935120
-453865
-15255
-590529
-602745
520008
144836
910657
-271706
-168426
-450383
-384914
214265
865361
512930
-549484
241058
-509809
377208
-25056
-575558
-13766
-546236
316156
-636434
813110
-90584
609998
172156
-922548
-598968
237036
-376413
385777
646508
20843
-94216
-208657
-68501
634078
622918
481117
-750837
-162817
346477
762094
287699
-412465
-747716
-335093
562480
-323273
651141
-983756
992883
-985294
829354
-97702
624705
1509
-20249
-974264
-761456
603339
411514
885052
-375819
-682703
-323605
555681
951376
-700687
36797
-799461
136496
-616726
962633
-575805
-29191
-785083
89102
-466711
-108355
-259757
-450467
-115472
-245050
-621114
786826
-620345
380395
-233423
-594608
618940
-630085
816906
503992
-5903
-865797
-819614
-450223
-914421
-520301
586574
-713882
616196
969848
-751249
-959610
-59343
-536331
129493
473946
355314
869736
-976521
-760159
-375314
-597635
-973333
4341
782761
-206756
409734
401701
163160
226639
-94308
-842744
360843
86079
-292967
446422
565778
-706393
732541
181974
-736546
981292
222364
204112
-555040
-648143
-321942
800275
-778407
-298463
-959884
-153721
103902
-933217
850621
-113337
-139972
260354
-711637
-976813
-513008
194056
-819556
847836
-719866
-112522
294257
845912
181085
26797
27886
444540
8088
-749751
-351349
453049
-397894
326709
253324
-176300
-971754
293440
669979
132148
360223
520599
-981189
-779749
-219048
-692825
-756562
267945
501231
-576118
115780
781365
311360
-589964
627277
-507555
436834
-344838
936985
-555078
-94588
-414364
897972
507519
912346
151295
-668782
940592
-555266
-998804
72740
804958
521796
91551
-974792
-697253
398727
-731353
570693
-100043
-307470
-313528
-318679
-996110
96509
-691403
-503665
-466658
-36240
-566680
-21736
869172
18956
-123765
376690
-68699
-972470
707908
-128107
-527735
709105
944634
-722778
230900
36185
-697569
533647
-565089
-428922
104340
334868
263608
790812
-983811
267498
-112679
-675214
763834
420663
288546
-802847
-601073
157718
216110
275163
-465593
-852590
302693
-757685
19304
774959
951420
-36063
-947820
182319
-999879
-645388
-284034
-564968
-74309
820306
769901
-810701
611118
786090
456798
-501562
-889124
220631
919101
399423
417784
-681972
-442860
-366107
593191
91547
-218696
-104116
333862
800609
-329158
285282
-235455
-276977
-532400
-235333
77636
183566
199700
-996674
3872
-30400
-807375
-385011
-244311
649423
113428
-133434
-129947
32528
-734012
-712163
350557
-176872
-78269
-56252
914676
703036
839632
248538
503644
-489526
-466181
-731811
233498
1419
32856
-688867
-815015
-767444
-685540
188858
202156
-492915
803848
957846
-843492
-82725
-175589
26561
949804
90399
314399
300360
913528
-763870
-755893
828203
939166
-916261
76740
442810
-405787
610560
710999
827712
-388022
-256145
-861156
-203036
-23589
-546696
985823
-821433
-39610
789670
-863587
116898
-293056
-39175
-856541
-343253
-948777
457858
957108
964752
693989
-798786
792954
633154
-715047
-130306
75963
-120833
-519747
-213038
-293122
92232
530817
-154277
889197
-492772
299027
875019
-314204
-740583
664688
-177791
376315
-628368
783034
519774
28380
834258
-22368
-14513
799009
-328380
186702
591963
-695226
471655
-538344
380737
-649178
-58090
-832302
57700
-965859
698516
903423
923338
-794256
202450
798357
-108460
461867
463045
713749
-161818
834677
496783
-642044
-136943
331041
335588
848544
130049
-992793
35245
-277988
-688018
-493100
183668
692719
-142278
-874422
860418
915423
-840281
558934
818846
-916943
764678
21296
881415
-343783
-516837
344459
-630034
321345
179136
866750
679301
-957808
197790
14889
890737
-672161
22097
-74018
49851
334079
432882
-766481
26797
-709396
-640903
-112785
-793973
-481184
-553852
-975128
-398126
-789174
46169
-516712
-132957
529332
827748
237010
-149323
6883
103759
-470023
49076
-698451
544866
-60187
-370612
-433037
865795
679239
901042
298677
912758
-72161
589282
-728146
815054
795309
-209329
-738798
820182
392546
-527972
-133650
875835
339072
-604319
703582
-423919
246358
-289535
679841
776336
759542
981390
321202
-300645
-389222
888165
-434851
-709984
789206
863827
-797226
-282956
453108
-525371
-467902
248417
265300
-206700
68598
-342154
265328
934949
-466320
-395600
-669370
-762738
180481
576988
-52272
-139678
353324
-292730
-158288
-325475
406625
452490
-437311
971775
742507
-648105
835601
945281
68940
288709
-580090
601038
-462875
685211
-605663
605724
-656944
659666
540672
-123263
-735935
871302
114000
444547
448290
-938273
-695131
-198387
-231002
146581
476139
-824378
-400929
-961172
-852604
-658423
-609276
982998
-713142
459664
271706
-293232
60701
808832
-608022
455039
414556
-264965
114705
-44772
611772
378771
-173470
-274229
-176682
-725181
-212501
128187
76433
556497
-725232
-447428
732120
-126161
-408600
879516
215417
-17876
862514
502275
-558212
134219
-790957
502489
-56949
-398978
-42472
-642394
336057
-927768
312834
-52172
451004
-860637
673600
-725679
-585817
-538902
402509
490617
-982405
677277
-956812
749715
-448884
-365411
629231
766533
616714
491744
268808
-941499
-374037
477852
560991
569014
-921127
-481482
926620
414931
-409249
239454
-637242
-958245
378817
-963642
-683924
793001
-502544
718586
283617
-484948
395863
326806
-735234
946979
961395
893998
713512
578108
385741
-17681
636610
-988297
-539829
197600
580717
-460955
716119
507337
953976
-693131
-253210
-683266
-651376
-874393
-646908
-335299
918608
-149451
-616714
202225
365601
779149
-470970
630368
726128
-509576
524365
439639
-931468
-89895
-578042
705142
-78191
-117871
-97258
-497474
421175
-381140
-990137
375150
-74271
-243346
691884
274354
-117739
-955025
939056
-199131
-104476
-677659
-996907
-738875
-898510
-467876
891493
827619
22548
415858
267257
91081
-674037
689216
-203778
247772
-428656
698964
750299
992519
-682176
760162
367669
243553
-483185
59552
-482093
399077
104528
-543038
-800054
-999949
-220696
-796961
-738823
-119206
-264837
-847330
-291588
757712
568528
975670
-151207
894492
664885
645016
142264
-763771
343979
-107438
-771252
661804
-347276
596417
-94644
169539
-344031
423263
-431384
760497
880225
-231438
760549
-340472
-28398
-978275
540323
706766
-825605
-751265
464478
742924
-775595
-686730
637415
889290
958286
-220322
-874482
302265
672241
-645733
-35932
-675036
950684
869424
494504
-393348
292687
-936881
-632851
172912
-168318
-872303
832441
803284
-850578
372764
510050
-676182
621499
-25473
-933258
845904
287797
704157
735194
246082
-516165
860713
-451653
-843924
-785021
512415
-518960
-834337
381839
975544
-227684
-325474
-961337
139465
847438
-129654
267162
679879
-326371
416585
52642
-816322
740403
-325859
158206
807146
-479955
-553998
511303
-744762
692085
995138
-884049
-759569
-848787
-669069
752846
-367746
-503406
134685
-392202
268911
809211
-353538
-591624
656648
516808
675538
336527
-809563
92123
-610832
-625884
-167474
63310
532322
-360329
583355
978325
-849027
838594
670409
-853889
954546
910841
-702675
-714524
663686
-70421
-217930
-201630
537377
-949019
-392419
-816162
-540643
-735772
700647
-865105
600756
891084
227018
989924
-734800
-940457
53234
797522
-300785
-363411
775846
-149812
-524818
446255
-3701
-570273
357095
293624
-284797
20781
-776797
497274
819152
760581
548255
-573268
944420
-992389
-309039
645066
-857494
-708284
536150
369525
-718360
801350
429068
334874
598871
-871718
971463
374717
-21529
-553355
-179028
974771
-123627
-821934
268395
591577
198848
491598
88850
17999
252178
-362895
444732
196598
-355283
-864307
-158337
-212777
-572591
-622188
-843253
-290950
-820838
585816
-956076
778034
714099
-984613
152750
-307430
-537968
973723
-332660
338406
-848212
935735
-70018
350637
427333
-981168
-631365
-320489
-344062
813368
876109
300655
949061
-282228
-912122
-623530
95585
-755374
85520
274747
830442
129444
52780
544541
144832
-794470
-762890
606865
-820748
-95550
-54730
-668959
-159815
875253
681678
-732482
894086
-949687
-52971
-449977
863681
-176863
850678
812742
540909
938556
-810789
-363507
-816819
274732
911241
-986377
-595824
-35980
558164
549008
169551
795275
155872
348803
-300275
-898858
679845
539911
976395
361522
807429
870480
411836
-245543
-579498
275517
577595
-728820
88258
118504
-790265
277470
754998
-607083
-447799
666238
-593460
-43623
-369742
964705
-494615
799809
759980
661257
148611
-540296
762399
-171544
999615
738794
-810023
807044
609274
601814
-438500
-970224
-122670
-860905
-699044
965588
257599
-489309
243057
12596
-96391
795259
-321167
310149
-248364
309091
274854
257021
108900
34833
-81723
-742489
494538
-319324
85967
494153
-580530
275944
301196
-971257
-122242
862696
-941481
755088
-998210
-640524
720676
259390
-129833
-36267
-728015
773776
-241009
-49181
83925
510627
-740090
-641222
-232353
368810
393612
685925
626321
-111851
-633399
-287713
-617699
-213929
988232
683497
-185185
-134011
546193
-126665
-378923
547984
232811
-658248
-192626
-897022
305485
79359
876755
-935525
-969822
-39321
575103
-709911
319458
-657251
658900
-286930
-971326
285220
601220
-604725
997508
983522
181347
985740
667018
996163
-148271
213211
-130503
472806
-238805
-897692
814558
568569
-794714
120043
-352072
-917960
184518
-321893
42720
-240379
-31804
-637822
102371
-372905
75248
131045
912316
-323532
526321
909824
-340011
-292333
895563
-672993
-296170
-252709
540218
573327
-779903
-698588
675635
-965346
869982
880922
154697
-482091
962963
-660785
196016
5682
98836
-835788
367861
-798794
-208693
-556891
332252
-296378
119577
-141428
-386555
779566
566240
-490992
-893428
-729931
256300
646791
843397
476397
948204
519032
511052
818185
399953
-334251
-663907
362916
4964
532110
-631403
-896200
696322
736459
-694993
-512371
-820433
637260
191252
299144
-504169
804698
78710
-937929
-686295
185282
-667859
570005
-167928
-824463
46402
-219725
694570
-442547
-401540
94522
223202
-65446
-542563
-771834
-533337
-173965
-668033
-837015
-437506
-363026
-349386
-257939
-725766
841866
-958795
-229935
646563
119916
-167863
960269
-694803
164278
530273
137270
339816
-423326
917546
34385
134128
-483995
-871093
-642671
450559
-413655
-414505
917223
412381
-82537
-919793
974875
554438
-269179
-283064
828672
-427313
-241858
-401263
-780750
878058
430874
-820482
-816745
-404848
709791
320526
934969
-713535
238071
-30647
420593
754077
98261
777923
204635
684606
-636582
121857
96987
280881
202065
71862
-164682
932887
788799
-336011
-494427
-453060
262727
-275177
-575002
-306400
-95659
-391746
288753
-385868
928781
223721
-99402
166852
-806926
-678809
-79072
291335
-900887
-874437
-24059
-537468
247421
-927072
743413
-550515
144790
-421269
-617629
-66412
242721
-112055
480529
-494553
612768
905528
199048
-482891
-486218
-512199
131242
-557438
711522
-968160
609414
904597
-646969
-469658
195931
-547855
-344095
-828128
-85323
903327
-755200
-341910
-647189
389591
236821
-264817
-676822
-520458
623129
803707
-15010
235897
709235
-815963
753006
-776984
-328162
-115752
-334422
-616640
-83912
-725009
-712043
269120
-194666
483889
721265
461240
655761
-364058
364566
900562
294032
717378
290152
-469147
-547439
613330
10395
-924311
417037
995385
311586
126271
-820578
64592
349287
-148739
948840
-985135
234622
-135072
-710143
522579
-865953
95191
6467
855313
-443570
-337773
-508746
920996
-437211
785286
638373
852941
-683862
-909067
466271
326534
-833377
-116692
321919
478209
-990422
501341
-457200
358866
-647399
-508360
373731
587224
356568
663588
109802
490616
-241222
-883732
345929
315209
-221504
837183
236204
341285
622469
-125423
194226
938608
-34489
-339504
265141
132134
543804
-412941
-389657
553383
-911600
153144
-87752
-558998
644784
-714021
-971775
1352
949567
138027
-508032
-291655
254296
837897
-976447
-967209
675079
259758
374077
297548
-865665
-431698
236155
99846
228798
-498704
-768020
-227398
88356
-157676
-674016
176756
995468
238233
617759
640252
524212
645984
-358396
473779
-215989
133572
-817877
-961694
-28531
-794324
-928902
-353452
465435
445175
944096
599770
-986523
180250
-300384
242276
681547
-68403
-985123
-230098
773921
-659138
946658
769389
579096
564417
409640
103307
210400
-948757
-422915
994412
184816
-240791
-967283
-843716
-35115
-896184
-197168
-569680
548991
-253072
-969911
562469
927179
-270294
-195256
608725
661303
-180379
-621374
435224
160484
-674716
204612
-260421
889701
-385748
842887
100101
-334504
-580029
94512
850313
179180
127230
-993403
-855935
231046
-190570
-425614
-219963
556358
-395525
-657495
483536
334182
147249
92261
-4516
966871
470887
-569292
127355
796172
635320
866934
685873
-750428
709820
-214027
-84931
-870209
880486
-234619
308972
7715
-228022
453038
-761240
581408
-972577
18797
137766
-368101
361302
-378699
966081
-491449
713563
-38435
-524579
184450
392273
602776
-19379
27593
469710
-333507
277165
179530
452467
-807766
309321
332952
-42385
-381707
-659334
729594
-928670
-420573
311001
-901246
598224
-551234
-269347
-40474
70068
-303267
468077
-216370
658298
943499
968080
50571
546275
-51299
-921837
15984
615195
355329
-804487
67661
547563
504835
-599387
-494823
-876873
-258720
-765230
-805542
320707
545772
-706788
-81069
994539
23866
878458
64607
720599
346535
848237
378897
290033
816317
-570532
-163692
-234982
-492369
852292
-619788
862961
-952195
447874
410523
552641
848488
915701
675769
-410233
-849529
870227
910475
696243
-836561
-170595
690782
187305
-292137
-244612
-92096
-945603
-396375
-713199
344430
-580059
-283731
-819262
184959
223901
-966971
565172
86861
-919165
13045
-502617
633476
-138468
-586916
309244
451300
-436445
179471
361774
-740202
342910
-808821
950580
-469785
-100958
-294032
438119
-46561
309593
724921
-702131
729535
-558811
-521393
-85507
665091
-488363
-520335
-248049
-407528
492710
249335
-774052
-645758
662420
535193
805542
-774026
-285337
167315
-514227
-942427
358494
-563648
-412211
-742464
142320
-974092
210975
-548088
750829
508845
-818554
-807982
987452
95940
857109
-500912
575605
-390940
91561
68315
858396
317509
422557
520815
-147298
228099
746790
567365
-604587
-767438
624939
753908
-331085
-787273
-988557
811235
-761364
222419
-736853
989465
-268737
-555406
-818517
-281286
540535
-961408
217803
116140
-352348
-690636
-815546
-493952
626874
607012
-973137
-520425
-164890
773653
-953061
230524
-993785
671879
-15568
-324870
884607
-4125
-513635
-876758
-781706
-250487
-887293
-50442
194107
-705810
668273
-265358
-667218
-113925
850782
-19565
195439
-964764
486484
-177688
642249
513347
301888
-522641
287000
348828
707883
293215
20706
-307686
968345
-94687
688190
-545291
28555
906485
204223
141263
-143958
-601671
435453
-475686
132972
768236
410390
-16246
-251329
-394171
18991
-764846
428141
-338761
748502
-269971
138599
35501
-921144
-153519
-671284
99562
538796
-702939
-995125
226986
-248229
33430
133470
955994
-825307
989512
-645678
610147
-486174
487295
378382
924216
-528952
-872947
-469956
490040
-637792
958186
-848721
-889291
-311786
289878
146211
-232930
-863641
474928
866633
675155
771989
871508
-97859
-476241
-95062
-964389
-520248
79631
-974877
-165925
-310223
-461051
-678631
-931841
-536836
-207582
-804788
-6791
-717543
-442580
-48606
-566263
-331870
639609
723615
814342
-593321
859974
289269
-726689
535129
61257
-855182
-562730
585017
49757
-527119
-935232
-870613
-501996
-101157
-180835
36953
220213
-112676
500118
-987369
82537
-506674
-704911
639958
444721
-271174
-691912
84330
-547559
-877571
491009
-687585
411699
764320
847544
-527044
909139
-715186
-942028
-41105
-242305
-877260
88283
255699
21584
907448
-707348
-758204
-205228
792771
-745572
877310
-713903
-450483
517267
730818
278343
825356
-184852
730784
947785
-693844
-956802
359484
-929524
890743
832440
979615
-824443
890412
-61490
-66748
-986849
-973207
-811049
34736
934242
-518396
276533
-270987
-725626
530961
-393677
-439529
-919523
-876410
-708711
358821
948946
106437
89605
896731
412593
132804
256214
483070
23547
88653
462685
199104
-20936
-598806
-867644
-7784
-572012
-678693
-973048
-637771
-197089
303485
91243
77286
-165555
697566
637757
-85077
821156
929046
-726256
770102
35483
363349
666832
-551924
-503847
-76954
931146
519700
-988302
393830
-281197
-9237
795025
-148841
982980
-776987
172467
-990069
-414758
975379
313416
676485
52664
-852139
374051
-309579
62784
195207
-380534
336528
-34692
654950
-300123
-367860
-896975
196030
555186
-965829
-284271
566885
428001
434533
-442353
223026
-714308
-459374
446039
458159
-449443
-968719
433537
863974
707767
-513799
-988166
81817
176622
74618
-722976
796089
-588854
242333
451038
111023
874473
554064
-692947
429659
588235
22782
-3457
16236
-542686
554190
-760738
-256994
-905184
685302
-798835
-354626
716583
634703
-490653
424349
-879097
-478818
-493834
297526
595800
-216810
93615
-993054
-974477
-455347
117970
899996
-901284
425023
329654
686952
-552195
-673803
-296813
-94881
880388
-57551
648126
975204
-372249
849292
-379422
-655667
483994
129926
768683
604898
651108
-725152
-97576
246908
58039
996039
253854
83562
-459309
-628176
-16442
-360593
796847
-686788
-673642
-755349
-360591
29546
149771
-480204
971996
-202103
-505000
-400254
-352812
115579
-55920
-868818
-754496
-287238
736080
896612
-12389
-361497
143520
-954351
-365459
-602626
129212
175233
-230802
-887231
814641
-433956
-574019
-859002
-189304
65391
170545
960467
585188
142540
-241636
-919812
742287
405552
195767
-313634
536734
441272
399128
272814
337884
-613262
911318
-518597
-567612
-454141
-121223
561600
721092
647976
674370
535732
-785980
-899649
676731
24716
165742
-152725
-14817
-249070
989816
743547
-168882
732103
149099
-973115
-581532
-314168
468157
817597
958647
-193960
-795666
869964
287444
-363277
-584178
-833779
-801677
-863087
814197
872693
672646
-971784
973044
349376
52933
138785
-803349
-961885
889715
-813533
781663
-279167
918570
-69239
-252282
-662963
616594
-784126
-845366
575241
21915
-641031
445204
-690642
-4308
861026
-524420
194015
997940
-710224
66707
670585
-682007
39750
19961
370926
-821465
216613
409042
-931750
403080
190704
-210917
321649
-878535
536802
658687
738059
752676
813322
313299
-225409
-827710
-241497
83950
167982
-380471
559530
-638004
-382532
849306
428704
-711947
-832702
-531546
308015
538225
-353011
-475373
-52734
-284760
927708
-862031
504324
249357
-740565
41125
-91956
997495
-206199
-278635
310793
568393
-106345
-930704
-347658
-938364
-311175
-788129
-576367
306294
-938824
852337
594348
-771525
-679210
-97638
766700
-32220
426990
-286035
683021
354697
-148065
187345
-395947
111370
-771531
512097
108864
22271
-766539
-580343
-409337
127117
-511046
243005
188753
177779
454876
612386
-515927
516053
464723
-921580
744529
785514
-19217
511228
-246707
-592228
-774807
-563686
762470
77129
623659
-633477
-811502
852129
878621
297363
-125601
-887918
717021
465063
239199
-794026
-291932
-572049
383754
-837056
-959663
867827
678998
505061
946247
423526
290574
-72971
-65247
-956133
334802
159947
-519819
97272
-762925
-896161
463795
-574426
955969
342415
722937
-169632
454497
439958
-704570
-306305
645932
3499
121647
29685
166443
161985
-102489
-154559
-332955
-156242
-731034
957619
770788
203720
-998515
105590
-636334
-518333
-797139
-399259
-414494
666657
26316
-458525
9071
-250748
371843
-536432
-810791
667274
157264
835142
-329228
-721090
-135173
837216
440895
762339
-317344
-892061
-393904
-48377
-934442
-623116
-844658
-932957
482474
-480991
-451290
685335
119751
134217
351991
-853934
675693
-638938
-104681
47535
-175370
84529
-285192
981894
-80330
385581
-739196
784497
222797
701700
546835
905454
809640
-847069
-142924
875198
-470185
12419
942242
-987712
531428
-509048
697624
-348822
625170
49615
-202755
300862
410678
692564
-651603
-764692
-222908
63205
-782798
696763
-551214
-521994
481259
671583
-820295
28094
577036
989346
181026
-565889
864543
710841
446531
806785
723130
-22042
-702264
420754
629137
922907
-529631
-573619
223769
881048
-881055
572166
-883645
-103963
-364630
-666443
-407201
84157
-188436
-925942
-244261
-8730
102153
-667225
-19385
-716822
-233113
-154842
994020
-786583
-348058
717150
191376
-50321
137904
-179488
-127414
608274
246894
-903646
489321
365839
668520
605676
-738124
-696110
939234
-145325
388047
-249202
-71266
-856214
742068
-969114
-523439
-277317
-685935
243448
567841
-691915
456866
-780217
-974765
-351759
169463
163139
468753
-957952
-228587
-284353
-861598
-739267
-918515
806923
866410
-656639
-889188
805644
198037
498860
-443559
-873230
642647
-701492
-842343
-880793
21191
-528278
362656
-410968
-220192
-180479
-191185
-194957
467762
978278
968183
-63485
-979674
-260405
652162
-841271
329
733648
965652
-133261
-922992
-923536
-327618
275045
575325
228823
401816
217971
527332
559473
337179
-451477
-968805
-300165
137555
-188996
519356
946371
616048
-12882
924649
584230
923634
944975
-676175
575795
-896296
324155
309443
-930645
-809107
386451
-854180
-136725
-338504
721145
-907902
-936688
-60884
619430
622785
-723706
-832047
653981
-23870
305508
-535016
-504514
251879
-918969
482604
176528
665262
406238
121502
989088
-17967
225207
313242
-708525
294562
504135
677926
440383
-632590
-660578
161527
-540492
-597266
-899357
-921062
-974481
-623062
-753109
679500
353068
552400
-855516
848554
-195722
-774485
331157
980806
890778
-262605
102308
879865
719428
-672486
193107
-989098
622077
-302759
688829
62459
64652
-971750
-776014
524160
-569016
-675371
603098
-543497
-298433
849989
-863997
-945366
402388
-719513
903188
-793334
-493997
234345
-812529
-603219
971741
289780
-723355
691168
617294
469753
702070
239371
-833007
390898
-698171
231645
419148
-474184
-244195
850133
-149555
-641098
-693364
552013
-791109
-557360
606648
611280
-276872
509836
817946
229131
-255819
-994583
625912
-284079
295197
902558
-592912
-87509
372311
-890843
-848139
539304
500056
-546309
-229051
-80796
-20493
526755
-230663
829952
885658
75973
381965
-905452
518614
-11388
705828
-758259
-501553
523774
470872
242628
529191
96784
958549
-175613
-658
-634364
736878
-628348
-525206
888740
910957
974850
-657570
-318094
-105946
321937
-791339
663391
151889
-905682
-260636
-466147
-811133
-742023
522465
894695
-500282
-979088
418469
970591
263540
-52341
67374
222088
772046
-933284
587725
508924
-561631
-937482
397663
-650674
-962632
740094
31232
-68578
62031
239893
-405188
-786080
334212
334176
-252226
523079
592154
-729761
417774
-908129
-708849
-163758
-937539
554691
783901
129836
-223222
555947
196553
-635497
64871
634922
-572979
-537467
984248
-535610
-797373
15480
395812
264658
-744627
990625
478578
589585
324801
-773649
112664
-83046
-503409
-469563
8826
-212258
366680
71287
-657568
150580
-798877
119211
-293473
397677
483714
771398
32598
910736
-766069
16846
-624875
-563442
-967674
770938
701217
-712301
761562
179795
877285
86362
406147
-10052
-996684
902738
520386
12142
-309521
-112935
-916571
32912
-962355
-715447
-847878
-255828
682230
635837
-484430
-285173
546572
-250499
731674
921698
186060
764000
692635
-112724
-948301
454196
-932930
928985
-459442
473218
-81067
-456125
375955
-560682
556017
-933567
326384
639447
99346
364030
924000
251468
-891799
606229
-112695
-376228
-678944
-566124
373273
-947270
-644426
-440667
816730
-951792
446609
868430
502404
513680
797415
-957038
-13102
-283653
-413163
-637148
155666
-857146
-570714
-517951
782301
528632
846079
706301
-219900
954281
312529
667405
-421947
633586
-898719
951326
686316
-543145
-489341
503046
-494937
957268
371475
-992533
470948
168889
-949570
-542155
885237
-362733
-179302
40902
-219879
249984
522952
-437578
-221384
369031
-731278
558716
323311
581252
226121
901364
214837
327402
852690
-98848
784258
-636651
-595803
-710679
-679383
775673
-703212
791565
-55438
-652782
-750590
-170202
-15514
70108
870701
764608
-679908
393652
-672970
98708
-237318
-404248
-342576
-914007
-822997
883546
987358
391841
210948
840048
-707008
-4795
-796604
-302810
284526
-475987
-527137
581315
-684422
417425
928534
-435011
-752777
-86981
635098
-882077
-322373
955190
511576
4657
53898
-725742
600409
711323
-639748
777413
594868
-652391
169254
-194185
-812343
462246
801020
-608946
-840564
85546
-84932
-367701
-333140
230647
-950277
-404606
795636
-703053
508414
430733
-585129
-813960
385923
926448
190697
-560180
-799295
-208894
-848857
-439043
-431481
746011
-91433
737773
-448174
96225
200019
-647155
487280
359455
438392
-597653
991754
-894748
632994
-958523
-299354
428630
-661575
-790941
-140638
-246704
-604900
-754715
-320257
585797
-314895
-119551
-623097
-163752
441407
-54578
-417741
-650026
-316805
134085
446199
883214
486931
-66521
242668
-74678
335826
234422
30575
-31180
275899
731222
-602551
614325
940282
256812
-632380
-664619
502097
47364
921178
-812798
927813
-701919
23451
369219
243503
605710
719194
926698
-260205
165393
809912
-773275
-901129
52580
152048
434698
-712999
-817378
-596483
562901
913844
-199033
177225
854126
-942221
544845
-810494
559877
-407791
-889316
747079
-479979
-591235
-229470
889241
652269
-623761
608434
578967
116034
-226174
388878
342760
-127302
-558543
-505193
-692605
-271542
-322570
-289087
-708641
-408726
511881
468584
-554601
569660
13429
-365095
129536
605638
-254411
-123385
-874341
154354
647145
-985101
-193377
-976616
623334
-614411
139419
-602840
774467
-517821
269858
-784076
-23014
577254
-55617
654416
-711834
235742
-754310
800047
-295674
-308911
369707
717755
325994
-500757
323393
-928417
375858
449052
225938
23003
463952
-967440
46388
87286
-581850
-814194
484446
-807384
-332015
-245696
-591459
644972
-668443
352924
299388
-380276
-411335
545078
-580229
292992
-763833
789478
10747
562162
-711280
-665861
633745
664579
783192
-140317
-312419
247143
-107756
733969
-665572
310394
919776
818875
503011
-412239
-426822
911552
-767267
-95264
264475
532121
524460
853141
77199
944231
146133
313366
733709
-843121
-124473
-977572
-508982
-490728
687007
-725791
368955
-625412
521353
-738802
-891443
855782
571592
-971667
674657
74603
-383906
-752166
-13846
-151172
152570
-749371
-619052
-322970
-896230
458148
-378739
249903
-228487
-645031
406782
647041
-622603
897801
-843688
-935596
-827991
525268
-561008
693363
786467
-452450
549145
358058
-424117
223801
-567340
191978
471636
418815
-959195
-375794
669444
-578247
301236
773215
879902
922497
23117
-348585
-722534
-570102
-701545
-345137
-672302
-545232
-280732
-500292
980037
158261
-806929
766503
705811
742217
124561
-718306
-33983
557222
473672
-562348
-23964
514477
61858
-354520
936231
-636906
-581306
816132
-714409
441811
-532454
-436943
871710
-233998
217921
-800592
220770
937190
-300883
200806
95450
-107812
-32691
-198739
-365595
-908131
82955
600422
649091
-443374
-961926
-374874
-928898
99933
270607
-992667
463028
689301
823465
748619
131112
-708989
-688324
2822
57013
529597
202230
-722217
466786
901348
478590
-437764
-206464
-554102
363497
427941
-462233
-553548
28362
-813143
3079
66437
-188016
74182
-833631
-917410
81515
629397
771892
-95021
378016
-96997
195990
689692
905825
-746997
219289
108055
-469214
-313925
9402
-990625
248311
802938
-544726
-388192
230878
-6959
58260
-740760
179899
-938661
325677
991884
135521
492047
-925527
-782965
121444
846365
122014
-500541
-250632
-681996
-810849
-344808
-428993
408440
763247
101794
-905486
-227351
111170
342826
-424414
566444
954634
806465
-440515
12894
-934295
739385
74233
391383
731268
-790247
-116571
805741
-573211
-995128
652106
548803
-495668
-598527
866808
-306516
56666
-562185
-898077
-180087
539609
-803562
592562
-349222
539264
-831852
-782778
493898
974614
-223293
-493208
-959682
-483909
581026
431701
-752642
790780
-684870
-946901
-782432
-679998
705206
766372
-175665
-893322
633179
517819
163345
-929007
619743
983258
610603
816181
575819
-738619
355445
743968
-521397
-150657
718581
255311
356135
758900
771402
-62839
190600
-981240
-272060
505730
-928140
-54492
825733
777067
-288121
-349932
883745
-654943
-832113
47090
-583949
787630
30347
-973346
603811
-393834
-711965
-40744
-649866
-233361
808599
-931286
-978051
164734
827614
793352
-898106
18214
812113
-170165
-476056
883973
775343
-650323
661039
-512779
-255
544784
-167721
167632
-408126
248331
-44738
622221
274985
-440928
-771613
563020
518329
-421479
-670342
326928
-352764
-648392
-508338
-525150
-855041
-406443
493065
957072
423392
-982992
841045
198734
-633315
502084
685955
366430
46868
-481766
-465938
638742
766565
489324
260963
41549
-951604
489351
-395431
566725
-932129
-65772
-106348
-284892
285836
385314
189958
430796
978871
-316978
387868
402262
-299969
228912
-399004
66716
-269004
-713049
-566854
777865
-194815
-32792
416606
-428251
-543468
-322431
613299
-495072
-833081
-782133
-928347
-765209
152096
-34694
-50101
-562069
-649381
-860143
868728
-670510
-177121
256595
731753
522911
-514493
-667252
-410374
216503
-380301
22773
-5633
424885
989982
-589027
996634
-553487
88542
609932
-48558
255462
827800
23095
490253
-20105
988402
-559848
417827
-660979
-419991
286554
-331489
402889
-456852
-599736
-74201
28655
-266987
515426
-754842
352713
-461802
239526
-222403
-471820
650499
-225769
-25307
-260959
-615837
926136
994504
-788038
-50769
484756
191858
-62368
924909
-390316
276653
-495083
896239
945165
907806
-560613
-654571
-166395
468043
78442
-650970
713201
-568845
-112771
-47274
208753
415409
-396775
982984
-609898
342267
-632854
-683763
336770
-420891
265469
-178474
770967
-796900
-253566
-619349
479754
251351
-723110
424918
159157
-283723
770347
992763
-815681
-151211
-658207
897521
279944
229022
-149753
-511304
-355569
453472
-528320
34533
-204261
-161174
350771
-867492
417936
-383761
-45966
188903
-180660
700469
569555
-700907
-48180
846445
724012
-889024
-437279
494359
-896261
-252959
-656853
-554468
-355439
623091
674555
494809
-888213
-681014
-51719
-416533
353520
744020
422294
-295709
876528
-159770
320530
-169438
-970868
-860130
-468970
598687
-561036
482850
445131
-837025
593827
-992148
657334
697566
-245106
-999520
-856902
399456
623572
817654
-105736
735360
-863361
842545
-681173
490160
586564
741122
-805550
463092
-418649
514981
-706346
-389517
654851
-175316
-790830
-906186
-692466
654302
-743210
901361
662154
914124
598927
-582953
914605
742026
816503
538177
559679
-289233
273537
696319
-446689
592364
186478
-860125
333485
380929
602968
914836
-104091
896622
-474681
-449241
-278694
-265511
-355426
28840
-611210
-98635
-69800
-949056
-184511
-470873
-532008
-269906
-728848
-715506
-731730
830832
-4738
541808
527151
548573
134172
-286371
688449
-532344
-905443
291416
-617508
-9534
188038
-92188
541226
909344
642301
-814200
-61817
-968909
87165
868384
-917964
902655
-602489
-449972
-367252
-331337
-165477
-98981
-500505
829785
-557174
-973355
378358
576998
-259726
66806
-955346
-165169
-641778
-572854
825298
546261
334959
366524
455604
-22740
552324
-606213
8351
-360511
-737829
90387
-457857
-340318
640415
174891
328345
-525062
-924090
827840
-695278
-481264
854486
683080
-904267
-405241
-250114
-859612
429591
108108
-432465
254889
-345632
902494
-378588
-890028
-120247
-826264
-496240
888105
-186775
-234069
-21509
355369
425613
-381094
-469740
-246042
93845
-393830
-418202
398567
124907
-563717
81646
220640
31042
831533
361029
-539367
-60360
928564
715522
594009
831057
-663067
703982
-289191
-489330
-792259
-401086
323896
-26328
577406
-320736
-600716
-803688
209525
153243
290157
815695
735041
-311277
-59399
-828677
770370
-838759
202366
601902
522271
663000
-458458
450834
378521
-864449
281891
715455
839533
992701
-773876
-952727
-408386
550020
20946
-830981
-770716
420231
-634669
438809
-426527
655488
254504
-691486
-655789
-804895
-520163
-885420
-643653
682204
716483
878618
345203
-741976
329452
-276276
-606424
-388658
-560822
-766892
-395958
-334697
-719618
195656
-784677
301329
364675
-555393
-278441
730007
883417
295033
385494
137921
603547
729705
333027
-916616
844286
689374
765589
560768
567992
110791
818793
-102556
834515
-787632
508786
-726307
-554523
-887172
-61004
-274140
308484
154319
-972812
-326841
598927
-251252
-596835
482343
-956220
788660
-379736
647328
518365
953291
730713
362651
642664
496301
-76582
210656
-392908
-257789
-891901
-558393
-45421
616886
-284700
400057
729714
654297
-874084
38198
-191384
-846896
711357
-592458
-98147
-885478
889886
-54367
903183
-489851
-407039
421547
-536561
-676327
-215802
-893897
819975
707616
316760
-572934
-550173
424859
-131327
404406
41745
583974
-195538
-228542
238270
-69621
809656
-953115
83483
521013
-545573
985336
635536
-655687
-69031
538718
-145538
523931
-39735
317901
847605
744463
424005
667579
452079
-259236
-905355
901906
-834377
-36681
306312
207368
-452708
-889227
978827
785563
41153
788482
832448
-875364
309495
-713125
-890029
-54970
-368812
40941
-516252
485651
-435128
444013
-196448
-587524
188475
-772444
-919945
-359446
-31680
-825299
-457541
133943
138020
848771
-658689
685313
959545
-679863
470875
697
-891381
303323
125333
418114
590198
235305
-636856
-778614
-723754
-153108
707037
-158882
-709095
-489412
253595
479381
-261855
333651
-880066
706466
508352
-337607
-159592
-353628
-488836
181720
-668315
-529291
501857
802560
471407
610477
105882
-403260
28591
-303920
832045
391735
-82534
-891709
-761373
-375497
-50590
-470468
135092
-796995
-991088
873237
536656
-871154
579702
45008
-208760
-579890
691381
302405
601830
-976935
773114
103687
825625
244520
-285837
-68493
841260
742754
627587
673305
134488
-454948
781597
373116
169555
-268994
902648
-695353
-65989
911560
-822117
-529333
-959595
757586
515676
-168354
-822305
207056
-865950
779526
230121
907164
-116787
55746
151684
597376
987253
-7056
340129
614839
-333751
-525383
-840109
-552155
847734
329447
178852
750381
634094
-887137
661940
811978
-416470
702346
569563
-900794
-466009
747259
306262
-331959
526785
-463617
-424795
-590003
592130
726890
-992628
579382
-280167
347502
194221
386082
822120
354113
833928
669854
-316441
12779
420234
-682347
125642
82173
-870370
709173
-215481
699194
808379
318510
446453
114640
986552
-26763
651024
-438243
383235
243153
-711354
390608
-177465
8480
-261890
-983245
-605439
-439771
370868
-771512
-769918
-945573
241268
650317
-627920
-633091
-267510
-498289
-923919
517009
-799096
884460
-164481
647358
-900
-177929
-379406
-349877
383828
-996172
893276
672475
394436
-284190
-319046
-867455
-267434
75516
-307225
-896566
304005
-77142
-842138
-454728
-426826
-470058
-87819
305665
31654
-11737
-177327
232559
-127277
658193
-120084
871823
-519737
500510
-478054
864092
