-895958
-775470
-143242
-188834
-436278
-315479
385676
-13712
158112
425632
993574
-935289
878548
720005
-21073
-601315
248013
-498567
549634
19006
-10959
969015
-409762
-572738
591879
-464165
-671909
-250238
190430
-48768
-181572
294473
175762
675187
-894361
739485
-640292
491315
-274228
517821
-83053
-280655
582532
-204506
-560651
-438541
194179
687362
62893
-256187
-293633
-948067
-287172
296606
-520805
-695293
832442
-192713
54469
22872
758519
872898
-682655
-65719
548084
-577016
-326235
907793
914299
399537
425613
-168755
-881118
8145
626739
-441769
569604
-179082
-754408
-367504
564732
-48040
-315571
-722441
-751434
163625
-417734
-918992
970913
636735
103880
729432
509632
421225
-336288
57716
844209
337478
-34492
758508
-262986
-608879
-410248
-144104
399266
-783509
414128
-31131
37409
659721
601366
-397859
-388319
-714205
-120300
-139753
449421
461966
-58745
420333
98701
-954865
149764
-391667
466361
813477
666050
310569
150954
-368442
69076
887969
22679
658829
-256135
-578056
875320
-842008
390814
-87271
817714
-7820
514870
-570606
277975
-605430
289642
-272604
856537
-769104
-852271
-44763
-723968
297493
563571
742393
110970
229620
52962
-738077
861178
-877962
-850108
-116144
780867
-106242
305801
656187
51750
-303385
-431085
-130536
688795
-916215
298858
-33230
-521644
-411501
694166
-665108
-180604
841895
290129
95428
139388
-146301
-162180
-749643
-916682
890783
-487719
944497
-987180
-337826
-171648
793687
555932
-865848
449873
-392318
-169232
-981212
477146
-480438
-897426
-223996
486333
-419070
364503
180499
-84178
-816101
22394
-794049
279328
-838218
59651
-882852
-587860
142970
-992070
-75578
87466
-979250
586596
915819
814437
142527
-950029
264310
750209
-119261
283099
227355
400302
385673
-996642
-113366
966604
367862
-932867
-117574
551761
89527
88377
-168912
251310
-851972
-51764
663450
290999
-43834
-412129
-621536
-23084
-825534
-705717
-208647
316994
-655746
-944338
67203
224993
338762
-705443
-374705
-275566
-702084
511930
-308963
665778
579063
573464
217539
-331410
-338160
-951373
919901
-190131
-3137
583350
-899133
953030
-828779
-520668
-70054
-654313
-226384
721300
662682
117870
776963
-270116
-657137
115724
24442
-31842
840158
322358
-519913
-468805
-11864
-940850
-895342
-794326
-272259
-233501
-745698
-352359
576369
251165
-769009
677237
204195
-597788
-843431
-865859
-252100
-69815
855441
-589419
-951946
632403
140466
-609083
-251873
-835093
359076
-411716
487266
839164
119480
-524598
898315
224139
-318923
-373945
990639
-64621
273697
567008
-813456
504688
244244
390739
906900
400813
524881
-345201
-669003
380321
65381
-620948
12724
-794154
-230030
760851
-629246
-870955
-650865
858020
968210
468616
-666579
866524
-307245
14499
-507421
-316607
949878
766276
-749599
-863579
270964
494645
527161
177863
-104543
52041
832663
226455
-567638
-101957
605507
445086
103889
-624524
205937
474644
-495478
555072
332663
-527269
23688
666085
-660746
716443
-319417
-168167
-600164
-369539
-401891
-349763
-233118
869073
-855119
-705957
46936
40339
346084
-120401
-733206
778446
777642
872301
223532
-118469
-752223
-570532
-643826
-247701
984541
688838
225031
8228
354923
564285
-275330
-964495
-603882
124506
-334033
-5772
774743
432850
-136699
919625
726893
910237
-40037
72976
-210165
226757
-148578
-432523
99058
-925047
449009
346835
-495579
805183
-900866
-511038
494021
324165
497190
-151057
-111550
-778141
-115551
284569
346366
550416
-721204
121109
-16735
142097
40733
-289843
52334
-999305
783134
842170
227453
-365445
-590353
-673490
-290492
858656
673346
213930
663839
772480
702892
157859
96645
200082
-993199
985095
421942
-108749
269663
-231693
-558334
548460
889416
424932
-309443
-69851
-864911
742892
-69155
918223
585061
-841703
-447223
994708
-515192
262286
853364
-841846
-523784
517202
930635
-820892
-324940
27279
379190
-318138
12374
-198868
573113
-717963
569439
-985221
830497
458855
439711
-478946
-610996
574800
-736055
319849
493023
849006
478146
-954200
843714
962955
308086
697077
-878892
784303
214278
-948258
963412
889339
79021
342601
-428800
-908606
-856267
-855687
-626569
713173
-840908
-796072
172027
598804
-275018
561031
173603
-11073
-119120
-333374
-162067
-640975
-287574
-318353
-678020
-979489
-621276
-556912
804815
593003
-505170
768226
482341
573852
110827
-946459
665247
254560
-802146
-961322
-32268
-643054
-757394
-860241
955751
-32411
700791
129353
956517
-418330
795979
-205550
-59304
-491595
476097
262676
-471083
854821
705764
-666269
447824
-799406
-898043
-69836
774446
212784
-16295
439693
-532656
181560
478371
435077
538506
720977
574837
494257
-311434
275627
-376391
-354918
857298
-580412
439532
-202006
-72007
-84371
-939331
456910
-229550
766434
790642
-781727
967029
892599
148438
741474
105383
-867858
181167
572727
313702
-340463
7803
-147792
-619486
-417361
-653536
69080
858267
-29926
714163
715565
389663
153695
-486442
-682344
-930677
-425773
774567
-160226
-659339
565208
58048
-692311
457807
-793515
-950837
-436811
-661372
230330
-864084
652330
889867
143720
-495462
-729619
726359
-148997
339461
584626
821078
53624
300190
210741
-792682
813748
528397
-723358
-612025
302964
116416
-271363
-131828
-825536
36326
-674022
-619051
85490
-110832
-280423
-684180
25084
-628093
-794314
-831197
-123555
-523932
895163
727449
815530
479789
548526
-130847
-220021
-240734
76471
-406273
-712337
353114
-18298
590627
-530471
710340
-541202
-356006
-253334
-215223
24943
832156
673945
744520
-852025
-300971
-883573
-646338
-132168
-7127
-170270
-237005
-279679
-354741
-757216
-731153
514412
22763
28114
-409117
616490
315777
943997
-401808
-93596
-586474
-691469
365202
57520
55197
-850022
-917537
-112648
823924
826984
35328
-477048
943411
388990
390785
-63717
-781280
-846220
656605
-136020
-603436
925452
-621608
419327
-46435
-30725
35816
-730658
-86728
634008
175746
326799
942540
-459053
-615682
-2264
-309074
-533218
885089
-485150
-706235
-79584
37803
-762825
-690594
-571412
173458
-471874
-417632
-169938
392107
-21068
-244486
770499
-601741
709079
-260226
434076
978421
653046
68084
154167
-20156
10623
695115
364163
-991642
-613960
830945
893448
-99109
-875291
-186137
938694
-638115
123270
-632719
535344
651397
-50350
-634595
43503
928583
120920
-185999
-673159
-170001
553775
760918
-191580
206821
-170999
962587
-813336
839624
657701
550828
847983
-956259
381773
741430
-55368
506483
-444707
-116674
868368
678563
250608
403711
329959
-799743
769117
-626539
-871161
-109963
187463
-544319
720036
-258763
-783402
-471545
948059
45600
-508959
-865277
-114776
-851259
685551
-266794
-807517
67324
-525364
137115
-426194
29929
-979559
-557826
-291508
271049
845886
-961549
471306
615003
-588087
600146
-494961
599376
-944174
-774926
-659387
-727575
-246471
-711329
318025
244571
-576606
-796752
393313
-891055
-63545
585796
176269
411091
-277090
750076
-558980
-256649
-807750
149512
-985600
-961865
187963
485706
653139
599876
85851
-841823
199252
141678
-616748
539865
414103
136782
828537
-267872
-618648
-748070
-64624
774665
-639124
871831
360460
537145
282922
-916630
287221
723942
-173278
479471
-126546
-158878
517606
-938583
-673172
170744
661294
412680
328922
-139455
-445642
712174
-599590
968461
-151045
-771054
-299412
230307
-519123
635965
4972
-158247
507796
-634568
-621102
-209283
-551198
666119
-485341
275525
145589
388113
-883353
-336805
449531
-556525
833940
110824
856156
162861
971370
-589487
-124965
-628221
-621026
723990
-399274
79563
-45703
81603
-284473
959270
923356
-776678
-675299
-697746
14040
-226496
968373
528699
-950972
113962
-83188
-834325
777157
-633658
-390849
611096
477166
-534694
-226043
448536
-124181
648992
820315
254794
372982
-578960
-665644
-672722
502644
49883
-713453
425999
273206
-388751
728254
-712755
384753
696626
815944
433781
-189413
-267245
599457
-412256
99098
-791393
-801160
-423736
-326086
-27203
-975201
549734
-378211
845114
-195473
994771
-733846
138883
-677951
768798
-811234
-391403
194797
461973
219846
-76950
749218
-395402
-380324
565162
-961621
430264
-702083
637837
-981993
397015
846445
-783152
973279
-479642
189646
998079
-929909
811435
843193
-125381
806206
-890654
-986499
-871746
878145
-797732
-263149
72941
664241
956697
995992
413459
-438705
-384332
-21380
-400325
-954069
276537
-762489
-936061
-326448
-916045
-719213
-353169
-395686
470433
-355091
-325595
281868
-511899
549025
88073
-402552
562527
216328
-524408
764795
953179
548534
429036
909876
544526
-157506
-528829
-839807
821114
70847
-793876
97651
308359
-729936
771204
392315
-449149
-581966
996629
-978716
62944
-328966
303153
551045
-779942
-608774
-851507
782585
607554
-375914
547379
560733
-827381
-23585
470609
717146
818909
941781
877339
640023
12627
-916537
-262326
-679015
-646473
-491123
713300
-95621
-73088
709928
-74336
989856
-619038
-771184
540901
-398980
-379958
689394
-616396
-772404
-686521
930984
788330
-513901
-92601
258939
-796755
-273693
200719
-919417
-633670
-786655
-835953
104004
-465669
-482425
612882
-752370
421954
-460207
957559
-652383
-470352
-661480
-423566
-929452
-60459
196477
759943
323146
424073
-926578
254130
212403
-440478
-838472
-528659
-237233
-112165
672060
-156649
254166
885406
7398
-641831
-580264
524974
971051
-332633
-53073
-489157
-375074
294545
40492
-36553
870979
111041
902988
67455
-129017
226133
-508472
-55595
-519738
703932
503927
-358210
-824728
-733306
529626
847333
110045
-216209
732738
-882557
141961
-847526
642417
113011
-180159
-410656
623855
444768
883889
-335654
-591786
754868
775387
-688799
-177678
-353630
537335
313851
590775
-982403
17783
94702
-340612
193055
361397
-810987
40387
-528559
-27195
-226875
-411115
-885235
-74401
-768699
227777
745441
-179355
-148369
190209
-295466
515978
598423
-540599
291365
909625
281724
937735
446959
-404425
528510
464556
613358
-376788
-876057
-193588
984609
-687043
846800
-543951
285762
-380075
44934
400528
545525
276236
-371696
290966
-903119
479936
-518826
-198585
-4087
-920404
260816
-712723
989221
-457461
-774988
436180
138114
753522
-99264
-248529
-623267
24680
557884
-638658
337637
404684
-182608
-376601
-975392
862327
-976073
570133
138562
-347768
-138902
235443
-867833
342272
-963142
128081
421869
297674
415359
411090
840214
640371
-152730
-21672
393893
748006
729800
770627
-227315
287684
-868032
-889678
-307633
-50640
-266278
-283025
-188314
-242350
-712892
950249
409882
148207
185692
542049
-509522
222550
-329870
912348
-479777
-914511
323437
-639563
725860
-829294
338765
119753
918713
68565
-109621
-308602
-643752
22348
-198280
48615
971709
535443
765591
-216606
-706908
-947302
-266357
702974
200905
919335
245023
691384
141884
915154
603731
662108
-999358
-72832
-977456
726503
97875
361310
-153745
16588
-570126
736635
707986
-213878
-241017
-490294
834737
-269309
-954852
600327
514086
-661759
653026
-752272
-958785
-146070
-832937
286239
-454686
308947
201392
-850955
-28945
202035
76213
-6400
-71463
-825912
-645091
774793
190676
-215216
511428
-101338
570906
-729590
408368
405643
1101
453517
5970
-484813
791758
-341005
-237085
832974
512926
-70022
119212
-941761
-761075
-679397
-792715
209981
522639
283499
-796420
-548825
457587
-441510
-774032
-351737
343274
737396
546925
-85821
-992195
-44708
-680178
8907
-591191
325792
524094
-799434
984788
-712991
-966461
497714
216988
152752
555953
455914
473355
763238
-334106
-4006
46737
-130525
447169
-495677
427965
673138
152587
-228762
410533
-300489
685418
418339
654804
-994760
-572754
-936388
331033
951340
-735821
315820
-761651
-702281
-186467
455337
450471
-630514
-88750
-76174
-867276
577145
919820
179461
-553381
366989
683785
874585
40126
-163629
-354177
-549341
535883
-668759
868998
190686
-663519
-703757
254299
667514
-752417
518479
-16666
-514068
816199
796867
941270
266670
-833648
-147480
-809505
-700923
-570335
-889685
478538
-123715
477305
162322
-249131
-482570
998694
396693
-31911
534576
727934
-162913
-274738
-935586
133330
979562
731929
380914
498040
-284738
866847
314239
-487872
808117
-419092
-321519
-339364
-228596
-22441
90301
-118281
-543903
966587
-640977
618420
-282545
-123546
617113
-885853
844543
151689
842081
-318371
876951
906496
814960
856512
638425
195874
354552
-646314
62720
-331209
-134185
-129163
249699
544297
531473
-978898
-478145
-378226
-97179
-22047
-411640
261845
-403628
305816
-861702
-786516
419964
982842
365173
262045
-335530
242124
168540
-520570
98636
-193035
675305
-546813
160651
-261975
121978
-973534
608862
-628323
570764
140335
-607221
-907382
762109
295601
70571
-649531
-442555
666944
656285
-304256
880428
76249
-321415
245601
-661707
343056
-512276
506834
822486
586360
-686202
497791
-960453
474450
-764185
161526
500916
844678
533203
71679
-14988
925983
164298
-252879
221583
-765131
97590
779028
901813
-246125
-525228
782241
830124
153357
27841
-831584
-503588
515566
675250
-681102
101926
989048
816689
141473
463497
-947496
-697001
-35587
897182
836202
-963908
-117807
762184
200390
629314
-16233
435260
-273096
-237205
337072
480779
237567
119313
310902
-609077
-852846
479319
-112665
662720
154569
206233
-235354
143616
22922
906120
-392887
75426
-790882
571527
-27393
-954680
607619
854801
807504
-191991
484114
-208730
-756732
-788983
554066
580340
691797
-208368
-300347
2699
182555
-153193
-517983
-930111
-490473
636586
276123
274173
-219798
-700956
180292
387316
374470
389410
-41157
-652923
434730
-433539
-798123
242234
374470
685992
-966496
617738
897010
587570
198078
588806
-620799
897731
-408495
561757
-255462
73522
631646
254065
-289892
-92231
-471763
490311
206813
708529
-122373
-418717
97939
836470
-71640
-467332
-597070
130238
774903
777401
-183771
808407
395138
-286762
395976
-406784
-697956
775178
-509053
-106451
336934
235485
967072
-31420
-510450
-322821
876349
17787
-832510
83162
-273684
45117
664446
824256
-118413
-407195
-643076
284517
723044
-868174
61918
-460728
940234
-542944
252510
336210
50272
554554
111387
541220
-551897
-551679
-223295
-584826
416901
266255
92354
293250
-715958
259844
-623588
10358
-695039
-959143
-165387
186548
-366337
191537
-528935
-643294
323364
532983
-104022
263597
990039
-851512
-400194
40311
703043
711193
-418469
-848855
-840486
358236
-433680
576416
-375510
658674
-130335
-91468
-81483
246078
918891
223479
286935
-246497
-589973
920599
945041
-118908
-722696
268405
-585925
173283
-467999
-595886
321772
131808
444425
24815
-156999
-974045
175960
2515
384192
742280
-421070
-991319
400953
448596
-82787
-680530
-305327
-163896
542950
981609
589608
952977
902207
534649
-165932
-820489
-196947
248144
352795
335055
652258
-325434
-533138
96682
699381
309863
122638
-124659
-687623
-493171
-382379
-108693
-484489
-981426
-660097
432725
-661955
34576
-731172
880995
16184
858436
833971
-81610
393084
-331961
97902
-803864
916183
-549304
531191
568440
125263
998053
-334878
-175357
307916
787761
699985
620293
-705411
-682395
-488400
-189900
-663821
-148497
-757175
-325776
886080
-488347
-444782
-97737
-629912
-610811
820654
763172
57228
-81445
959309
-26590
369252
490500
-458150
-505486
488553
206972
319157
-203532
-5268
19141
-583240
289322
336747
-71639
-900578
672926
779865
-657753
-652850
665944
-146100
-97632
-431794
223989
291557
-611140
-12839
-651215
307415
-53530
322196
-323334
-563031
864046
171181
925522
71017
-509663
-278011
-934251
509479
138750
355071
-153775
-932890
454493
-480849
846975
796741
-133699
512919
-349360
768670
-918876
874630
60227
-530016
-138210
409012
777400
808260
-268792
-545934
-754771
-404747
625247
-829250
666271
-884416
-107261
732020
625064
-968511
87090
-528711
-901401
-458417
-9560
945575
-661677
856742
458493
-11036
625411
539618
-136407
-314362
-990398
725384
-905351
787003
533644
-174143
-758932
778873
421111
866316
949623
87381
981900
-157638
-180600
606963
-126149
906491
-921749
-27549
-551926
68692
-81974
-213603
-74567
-623481
775362
-449156
916138
-361045
236482
925740
-635662
331132
712742
897983
-843011
953811
676855
578100
820126
626477
-334520
802026
-531161
484881
408989
342690
391372
487241
-684859
839446
-444068
233167
-374157
481366
609687
-598795
-967790
525824
40160
268692
451564
404499
-400176
164306
302481
-243187
118116
-20665
-665088
-61758
-394188
393
-259733
74651
-514726
-850745
-582659
876646
636496
-267517
716092
-807572
965651
-658065
673795
575337
-256860
706005
101161
783300
-25303
-447276
187799
574521
717030
-509721
-668667
-164854
469615
-333754
773388
-924574
666640
-486345
150078
-848086
-337089
567420
-971440
-700593
-700098
744652
-508164
-734448
-913414
-834370
840889
-170273
871635
-57951
-386974
-153668
494774
800825
-579148
211804
-708896
-247814
-953051
760719
418433
820338
836145
85073
-666007
-13778
236987
-3096
-446358
265547
296312
-146456
10199
788148
119096
96785
953778
-40015
926512
825413
902035
-460462
-328256
396809
-659637
92596
-391388
-368533
844783
-344439
-607815
263215
-524101
-771670
-651713
-190108
214553
585274
806796
768195
-149179
103107
-378262
861020
-108745
740835
-42195
-154968
-299180
-115683
-329556
-397146
423855
342188
999664
764219
-565216
-391725
-604314
-720434
263836
-212128
542781
739736
16202
891069
-450373
-769245
476342
-643577
998950
-672837
459531
-379312
-811818
-649215
-638477
145987
195817
62343
-969697
866262
665198
454159
208449
664862
218377
643233
-726864
614064
922800
536973
-598065
465580
276708
418138
356649
826335
648893
-167010
-817243
647843
160154
642289
-731469
348336
993074
-369946
-505678
188890
692398
-475374
55151
357596
978785
-736400
22457
197162
906834
295594
-188774
829633
-167434
213161
295213
-890727
-368702
-348139
935608
-719810
484852
-881635
928034
-354995
760654
-803436
993342
753727
-173381
-512337
-57383
-480983
12290
997769
876614
-8925
-738631
-100929
-811763
-831798
-805336
-537
997836
27230
-787377
293048
136503
-156078
944910
72111
124113
429762
190476
52146
-925233
-48870
248710
-931892
-295144
-924671
-444228
647474
-405654
568062
645242
-529040
-440864
906611
370031
-252626
-925187
564695
746837
-927352
-408076
959461
365697
728427
-196618
310607
-199462
927495
-259632
991014
-20360
-184865
-57857
-771650
-116756
647000
-696320
439016
294473
-101974
7077
-60285
368986
566214
-153674
-260983
-686413
-78861
-696289
-939577
-6213
-104365
-980116
-640516
-375938
-176734
670091
424600
-249240
-589542
415614
730401
225594
-642243
958752
-891163
-995244
-737569
547854
299230
160458
-445070
-761056
-470556
-878856
85270
268461
-565268
-993592
572173
-504844
196
-532192
-484960
359681
91870
338306
29771
-483530
-910934
440230
932085
819468
-334176
-710159
778220
-225339
-705402
-959349
-677486
593828
201109
-122555
832773
730554
-1410
-81958
-985
433322
-75549
-428813
928478
924648
38995
-556482
284328
-869135
781824
-685902
-352664
870891
754329
-420579
690358
-579848
-130738
468578
194814
163861
509229
517328
-242312
-289663
-605227
-409540
-559109
393363
508503
439907
-173315
-567046
-988906
-244837
-642399
50089
198681
641930
180955
-19496
956029
828292
-148605
710357
-592288
-458247
-869492
276975
-989670
325322
-559165
519559
-157350
198524
-770104
237424
788984
-329212
-369213
297487
-889306
457472
730441
-878212
-787366
-911958
171878
411316
729972
-647167
-608180
686000
-818876
243215
396356
-411163
784968
526865
865812
795299
-147814
-693353
314858
694836
505171
544754
-67741
294155
-784458
563046
-408359
-673764
20518
-677919
-551975
233153
-589876
619903
-355532
-859905
972736
36288
826095
-846140
-720498
222451
-257302
-935530
-250685
-391490
859769
601501
-84843
174627
296337
-579673
-280620
-771404
714482
-65077
791643
-693877
261159
-187840
-371795
709184
-954688
38329
329087
-310219
178424
301823
726069
4519
455683
-994430
-773031
-801619
-929959
-23716
-193109
929811
-422215
722048
104437
874123
-857625
823818
-897282
856858
-241260
894361
-837020
-980101
-293479
-208815
729083
-248166
829515
58170
441615
7939
-640008
167683
-987543
815676
173254
-760573
-985944
243296
215712
-179053
173106
793497
-457005
-722458
667619
-314630
-898640
770338
-457773
-139900
664699
-294793
-120000
-628781
496393
-390917
123053
325907
667253
-435333
-666154
-972756
732351
-653697
842921
-94395
-414270
856977
-851100
801443
-322076
322006
594939
220919
599549
262558
906289
700910
32896
-551485
-438991
-302406
153723
441010
68813
-349884
-949908
-808134
976024
717345
-243466
-690131
744590
-511116
-343828
587510
394490
241903
444487
543390
43345
-877590
-134605
-361716
343330
-535056
900843
249618
-834147
-66262
698134
-273137
631333
-148143
-832128
-299854
501973
-782036
-107988
477996
935309
648546
787865
679899
-862570
-555963
267408
531920
685940
-288106
75310
-270715
-165695
940705
367570
-822366
-594351
268413
427253
-428498
-797849
125386
298366
833484
977243
466238
-466371
479216
684203
425641
-42789
619511
74187
-254925
299409
211618
189113
-433183
-256462
-124947
278712
818848
604338
-886984
759553
-28092
-709349
-834799
-759680
717904
-263296
-557529
-156710
-964931
-724046
-179468
501308
-190417
-700253
185510
-764776
256959
-194979
309412
-997966
-895571
-478971
191147
-328753
264568
-933801
949959
83415
670538
-937025
-157032
-357555
-646374
8170
-117235
-928470
744874
325237
-85180
779944
601192
735352
281251
-589226
-964901
-533240
-354001
292059
271781
955411
294093
376211
-523560
-514761
-952543
741008
-448561
997417
-175577
-778024
-939608
667392
-135578
-585982
-324439
747188
-514452
-579566
72424
400369
-799623
-326385
135721
481628
84390
170820
948389
730390
-537121
220170
685800
756972
-403620
-837760
-757789
-356162
903249
-206350
-358745
-272328
15627
-298353
-604937
880049
115666
70624
627236
601215
491059
-300340
1583
691436
373275
-862697
173064
-542335
308124
121453
-811946
771003
-658378
873855
527975
-61998
-963906
770187
581841
939344
-436164
-776905
-332984
579464
-75257
62079
459513
-959592
-867297
86748
641623
623762
786409
-356794
315198
159683
-219491
-511739
617348
-911367
609715
805403
859637
951337
679257
387611
-110661
715352
157797
-528821
654696
721634
-305726
-678289
301098
619017
383791
-239390
659426
516494
847359
301049
140255
633767
944255
-544547
-206551
-275236
-56286
-589203
-186603
-446571
-783800
-326967
-495235
895457
-939356
394104
610809
218442
865283
265504
-59925
-440443
587215
-758828
-821426
-28994
1783
838000
-512501
-150859
139049
627755
-517093
83303
-916793
276357
808068
26922
687155
-378536
580351
903355
294498
-914884
798812
355143
479220
409620
-426416
344503
-324877
513660
904060
-737662
754833
-917366
233344
-243385
920635
720843
605756
59683
348598
-911338
-857014
431805
365020
951054
-541273
52174
-427483
-960922
-44472
867016
-875806
-245661
222158
603414
-836042
795743
-52084
-160918
309402
-148024
101420
64234
-65390
-665237
820849
-144755
-944394
426605
914928
404204
515268
-942087
-163991
-119713
-991033
294737
932461
-418515
333815
-112011
-551500
458009
642329
670659
61423
806287
466401
-990661
-354631
-224197
-138685
746789
840038
795926
-918448
660886
-348830
-862842
87491
-433902
541363
-397242
-375988
-622629
483045
-367021
672108
415506
214464
5923
-696506
662965
-536069
945823
333623
525354
752110
-199976
534693
-602522
575828
-603992
-855733
415865
-808066
-774181
76751
-156895
-637023
-835759
409204
904340
-233000
-966785
-718289
-749955
-333805
953820
665551
880659
-40258
969046
543624
423674
914869
-122753
-50972
666978
677271
-516279
-935544
253099
-120270
-791277
-331037
71664
-565457
745714
914769
-202479
909956
323972
-298139
-323045
357188
-16428
-73000
-976618
-62608
-407449
904042
897134
-438404
447665
320808
-523536
-675089
-730165
-856558
-997818
-246443
-792101
255281
633287
-583377
924245
-295050
-148834
669959
-380281
648687
579914
943691
-649453
-743131
300879
334120
183870
324261
-728489
776421
228303
-831355
-661983
-324033
489453
-185519
879
759289
-42076
3061
-487155
165824
-741658
-853869
582447
-817413
-148918
-566387
852546
470801
-917700
432460
414492
-567152
689329
-284630
766968
-126802
-960369
-961521
-350382
267934
-792876
-12365
943902
696578
802117
-55220
455867
-239959
947842
968712
925865
-793816
-885157
508312
-611229
-34075
941925
-758684
-563274
-975776
673776
851218
-542928
363104
-433412
-775960
-763698
-393781
-737481
-114079
874154
-530356
873557
818055
-833778
675674
-237166
622089
-564286
-289324
590801
-638421
-83140
705645
869891
305631
-328430
811815
546947
108296
836040
220723
-40486
-706888
-416173
526102
-482848
-179871
-867680
-220328
706050
-993527
249317
579607
824529
415539
255280
-412638
37628
690994
298038
-371572
-947428
-785103
-665928
922463
520529
5643
734278
67476
-886062
570318
-711802
73452
863430
-127975
-400447
-619419
692154
-268126
160254
398204
-261652
-590430
-22190
-437124
825109
-766910
150239
-137264
924084
-551723
491165
976657
-336826
825238
899120
-816297
-169120
633397
251179
-55181
203714
539377
-981730
67144
-588599
-382176
447726
-896445
349699
-392021
501760
-911954
17549
-520430
-349077
-157342
-287340
801162
705395
-363256
-750562
196560
-386600
-87387
21797
-487480
96316
852678
-854084
-652506
-202504
349631
886872
-184233
-583225
-701727
433591
864501
-598172
-216710
-527521
903589
-128664
490029
-616842
522260
-667313
95819
323421
-961919
732563
572860
234642
-654037
-514527
-743561
-141517
581789
-890884
4400
929284
-93387
-645969
816156
722380
-229194
-885572
155971
-364694
-483743
939261
107785
-580155
-189403
-402186
-196996
-667144
-69499
898823
656278
-31417
631385
229138
-796776
977348
714611
-540336
-164169
296400
-431220
840231
225684
475394
-805739
41839
197774
-34933
156267
-646256
600373
672524
-706995
-291842
-907631
103603
305972
-104627
436460
-763527
-205805
92737
205056
-574420
-678125
408281
-597072
-963514
867945
238759
332886
-563275
78989
-441430
912119
273251
600409
109893
-761683
-243324
463637
838691
-570800
756643
-453152
-478431
-139755
852821
416942
-703296
-910707
-788863
389442
294350
-363283
711317
-297369
39646
747804
-429424
-721596
80689
7301
357394
639260
-80580
-369356
239669
-970688
-131038
996345
492950
-292348
-574455
249592
254501
-52886
-890163
107321
-635944
-593459
196615
-424806
795984
-509036
211912
507301
193596
-748443
255104
764172
-470039
-664207
-228527
887355
975053
690893
-482001
214721
720206
386961
211066
213156
-905388
636611
-537252
349113
-416275
-427415
-543567
-52218
-20874
653049
522976
-224891
-855987
-265113
-717591
337609
-13556
537514
101780
516406
873307
873253
403760
848359
564146
921759
63080
284352
308719
-725855
-502493
403332
910756
-39745
-247556
-505519
532840
208878
442263
-488034
-138073
-34761
287076
5940
700126
569486
-656452
-313430
106999
445329
-797025
-19694
318582
606736
-171336
-117272
528495
891744
-832921
-162787
-834112
-335413
-759455
-923356
624842
-7010
-428874
157682
-798133
-986612
669649
63794
-21373
-43275
-930266
-321247
-473790
-586717
365323
633210
858612
568299
-386485
177194
175034
442180
-940079
-296472
333923
-772999
540742
499812
-108412
781287
576457
-483570
-225724
-852418
674113
-23856
-839029
343761
-960062
139599
-699515
-890327
818352
-173304
-477044
183675
-540094
-618433
-248027
73421
558762
927007
-484400
618684
-369466
849524
845685
-828725
349336
-262727
952563
-74207
253703
-273161
73376
-72185
702983
234347
-728424
742922
-626055
-427939
852595
-807703
398758
-624450
375972
858664
-242882
-872056
-67916
-684120
-945049
447685
934564
-314515
297209
780248
-143239
-353455
-482480
-190676
572338
771224
536163
-354287
-300962
239146
880060
-29386
-17932
-745995
542676
-165338
-553698
-58566
210213
822275
-199903
967332
950219
732182
-716789
-994831
179866
-782226
-309345
-522925
998022
547417
123620
-484458
-643260
-304043
-713235
892904
341671
-14196
132049
221731
956419
-885884
475736
499094
-51221
922039
-559473
-841009
744313
240625
-873678
694532
-27194
-590466
699702
-847328
-372692
-609643
-370253
-374670
937774
753367
140872
-705486
-550676
427638
-812582
790995
-586559
319467
12725
-630141
433584
-511539
868954
-617638
-589500
-690519
-458646
-845188
550106
-332323
849345
-477089
77211
549047
-324416
704520
939404
305331
-670151
877178
58698
470722
-828308
508023
-101640
-640890
299017
311801
678577
-688258
681661
112161
-199796
550614
494523
210705
860096
-964123
365518
410201
-296446
214862
933113
780766
-236092
-391304
485285
-296689
914027
815135
-419511
-27275
285857
-247819
-519253
-815784
111291
779765
496018
-210132
-908493
177678
902030
-108288
-271708
396552
-897584
-411613
432430
467934
998589
-864016
-317205
931701
916750
446704
-459603
402035
-849985
-545576
217169
-269496
427149
-496974
482686
907897
-312758
-406023
687661
-816741
383846
779169
360938
285875
-329120
-910771
-317573
-226703
-322383
-885144
-758770
-323795
-749160
-75974
-392095
-832410
-629270
148302
569625
-479255
602726
-213206
251250
29875
289820
-266064
-62229
977062
327913
-374568
-839679
-288242
-595400
521259
997633
75481
610488
-319941
848778
-711896
-205085
-909992
-35690
45756
14035
572215
213346
384765
-279483
-217030
905511
-676757
569765
156760
353119
-140416
890697
-709111
-163354
218609
-83678
-3032
930368
320923
-481774
928000
-603597
-871286
-391941
-754819
-583181
402975
-664810
381129
-551270
349225
-46656
662077
-266010
673862
-554953
-360500
997106
-985189
796261
350224
-125604
686957
641114
711042
-94435
-442565
-291991
-164068
878358
226236
-236068
-725239
354950
371991
-480057
771770
-225035
-144867
152898
223696
-795642
-893758
-114228
-61652
780104
330819
577848
777209
345631
374108
127432
-779974
61064
-231455
931069
966630
325981
-360922
-197438
204338
865315
566494
479100
220264
-61516
999043
-7966
713450
-145824
-855069
-62854
58534
-748827
822919
996883
-968723
153737
574731
808486
-500632
-51161
-64083
-280606
-990098
704463
-349537
976533
30443
289541
-220906
-765219
154855
-654413
713881
-624881
284072
712923
367154
-2478
-432901
512085
934668
625634
763259
757586
622516
794536
-88677
197246
603022
410691
-853915
-461061
-869915
-844013
-756599
-219451
-867480
273845
-929910
-88386
508626
224946
257202
222506
600066
-458726
-64571
-32781
538796
502529
-520696
473464
128162
-757438
231049
-249322
-962902
-857628
947925
640120
553064
-905991
-820942
683150
-750003
-577540
-536302
-617483
696305
-466211
294132
204930
758735
-448667
-572564
358800
92608
362866
-673982
-368597
-134606
-194678
-895134
993556
47885
335916
-255767
84984
478289
-307843
-274897
31352
-213833
-95838
-285498
36164
326622
178201
418681
22927
711990
-287188
-772143
470724
264146
-344707
-170476
-643247
-981842
155543
-11843
-116447
960866
93024
-122892
8750
-571061
621342
-906266
907229
-686501
-181162
-61420
99666
723000
653083
-864171
49622
-168717
554511
-927452
-456728
-732677
-699595
-986004
531469
-44301
-156480
888223
-26143
999063
-123621
857411
959929
969403
-265482
-31321
-601658
-644140
62413
-694430
-330640
881251
244151
769027
604250
-102767
904856
-346128
728516
459367
-273580
-728213
726690
26826
-714216
258159
982525
129304
146381
-43618
128367
-977241
-186208
88295
992163
548311
-943027
-609496
904172
119387
-303926
-426469
637
940226
-657443
-395113
-162542
-752587
258759
-434027
706781
985180
-162239
433470
12005
123545
-308371
-5470
-747151
838010
950913
381217
860770
-235295
-530488
852933
-686984
-473514
-756564
-782813
645873
-60489
-209281
-353491
-120264
133277
251397
717195
380691
-489845
-716833
87471
-504665
120929
-479059
507341
-755526
212570
-498130
-502677
50580
-547217
878541
-88651
217488
-651948
-235719
530504
-125461
7718
747692
-479589
947230
-461590
166921
-173034
671687
-581682
-455840
52377
-71527
-172672
-860153
423809
948258
-339211
-68851
-807269
873359
433020
-309945
-76062
885803
-431405
835288
103291
-83352
-400432
-366206
791188
607287
-618515
-688401
554517
-80105
478520
-618518
-408418
896838
-74357
643960
-174689
752971
783808
-750881
701229
-555404
180269
893960
-682046
-386712
-415986
241892
-500909
152610
77179
602382
-930742
676748
-763825
860446
284035
-382339
-827956
-161449
537557
650565
220034
-870862
547403
-854324
773099
-627286
898648
556906
-378166
599876
-998499
802103
493835
-680545
-584609
-922151
561348
-85518
230460
-361473
-483137
299718
-684725
-246961
160164
599310
370700
332208
-562140
-91743
-17227
657895
37396
-469825
803571
-189506
-97110
702218
-632601
524724
302094
-631100
326826
-204071
-311644
742218
-126222
-750297
-343301
-895763
-111770
173563
403956
203505
926602
-435881
-197185
297302
896328
240676
-794442
-120900
-101430
242954
409276
-297860
-946552
-687835
-595642
-579153
836889
706452
-210253
163715
-497619
478104
-94068
376159
727807
562632
480397
-383963
-263806
-115647
819543
-337204
448473
-377643
960098
344800
863034
-834344
-776100
-238397
408611
633177
463744
462059
945343
868103
882906
782231
574555
-327347
-54054
-923065
-849244
851879
453095
878564
414511
-66509
-505400
-849296
817845
-685857
-186499
266317
-63499
-226402
-388883
-200466
-60745
-164982
561138
-652135
-531806
24881
809924
-586464
-107017
692830
-804233
-532462
-634517
141714
-455527
-483761
-6407
997568
-605197
-591897
-68941
-110596
-441192
-251097
203547
372309
-984780
-859952
-854093
-373663
-60418
85162
461355
-499281
433027
929550
525601
242951
-656915
-581416
-64220
-461147
-113878
301264
680568
430595
817504
-325840
428163
-787694
82263
-640779
101710
641072
108125
-694743
13380
123345
-554695
159288
749682
384888
-755551
211037
885608
677477
140586
411208
-79573
483672
829793
856208
-977475
-284086
157471
703093
-853491
-25026
-622748
574673
187281
459516
933894
-711009
100587
42019
-405752
-886033
-834637
39554
273255
915045
-575559
517704
126082
-689952
195180
-733333
721257
-884393
750340
551049
971815
772865
-733037
129286
475957
-586527
-895741
853210
988146
291541
312725
922040
580532
-586688
-35942
-825221
-472720
129421
214334
800535
44466
638776
318239
-829453
948824
-486581
-562785
670081
-370973
-812446
221130
-399159
960419
488093
730128
436376
901566
834388
289585
889711
125928
-397690
811750
-293541
15622
-224193
-118761
542902
905229
-904428
343437
-50306
734348
-338325
120242
683172
175095
557457
353253
804122
745011
-425618
-595037
705430
-937526
-864910
141805
964041
969478
-568610
853751
95405
33700
665501
801865
-950679
-558692
-316897
592224
-653464
-221324
-64340
296231
-486976
597336
-583527
-803804
-227570
973930
549449
-423449
718941
-876170
-18485
424371
-813695
116605
-433824
-849655
86082
-2434
-995904
-818513
-968735
669598
983353
-919413
-889095
-333545
672811
-542558
445132
-391529
753674
958156
-794194
-829854
-845648
-21763
-855924
703801
554789
863017
827632
-463697
287387
-986064
652908
853564
-835718
-261010
-148871
-831622
-79522
-117605
837977
-96170
-37018
948882
570286
-364207
-593676
15417
244264
-840002
-26427
450071
-669856
127925
-571693
-525780
-168274
983097
-662763
-340643
-480601
624625
-326706
-827693
478188
-162424
-88702
-670684
5955
831776
211711
-156069
-264394
-825307
-207187
-694108
-189514
199138
321310
-945250
359136
-705118
504821
689281
422808
933129
-836499
-745466
916225
-499262
-86109
-564376
-874637
587185
-392069
603552
-575240
519230
932868
430715
351006
144579
-725354
-913389
319273
67459
-607496
-870241
-733404
713814
-815491
625732
-991304
689331
315012
431505
622459
478514
686039
538684
979253
-400071
974309
-895385
-812886
-417760
708167
-388126
-898531
641035
-957411
452475
-214386
-682764
539087
-895114
384695
931591
-765355
651291
645405
-580845
277023
654101
-891515
-407965
85605
730945
-929452
-228357
269629
-950200
371573
243937
-845584
558687
826177
862583
-829439
927646
503618
-786849
380121
-710769
-469613
-80792
-605882
915082
-149201
-371236
566373
-503797
47919
-156604
-849696
156404
435431
235909
-112651
505980
-992448
-843023
555781
379125
400914
710197
-62188
227091
572780
108373
154737
76397
321525
-465142
365629
851912
454066
759747
766994
-695136
-611490
333366
-198932
436430
-823238
-48628
-407166
612194
-812719
480183
118173
-805167
637160
-326046
573959
38074
-615850
-488230
-734836
956931
620144
419902
33328
-58332
954760
-601044
-206421
408825
-841297
-439427
713690
-452786
893939
-485242
983644
-929299
466130
-423523
682895
653412
-943340
-198933
848245
693820
475022
422204
-268106
859173
933974
-2941
816103
554118
-583040
-150570
-504215
-628281
248387
289365
780545
407091
849938
494235
954305
743877
-991008
937948
814578
475123
-485575
497472
128534
-428915
-701461
-23221
-735095
773562
-601018
-3201
632734
-667044
993859
448837
887074
-589182
-701734
-617141
-217462
546654
672225
-436917
-46256
522162
-942683
-91951
266039
-933691
-154003
80616
541433
360422
-421912
-330034
931508
-123372
646746
-803588
-349811
-954273
193212
-717078
-621317
187070
731760
-734243
597889
-969975
-351384
-619574
576680
-679160
-56491
-469576
843003
827
438473
109041
67137
-715531
-810343
-391431
644891
-232254
278536
576399
644375
-74719
772812
-705437
-28991
-33977
-422514
349692
-846907
-690755
615450
750982
-660729
-735935
-868592
915952
-415094
74918
-553625
-572091
-924255
884848
536950
142882
-830683
726608
751452
814209
-505646
29987
390607
-861272
955269
163418
-566708
-73723
-870559
10779
-724031
-717466
320025
891419
-966484
659296
-844516
-835075
575248
-259609
239843
-978377
168300
315589
906472
-294750
-541530
-924212
-568143
-790079
889997
-73788
239909
280604
64940
195178
-555979
498232
-878545
-426538
-490990
-602576
-144003
829036
-711157
-110487
488331
-555672
54438
63579
184720
-705719
85202
-646981
609870
-8327
58269
-931660
67462
490127
-721738
-42542
-583662
518171
-761939
481279
-286652
-317917
-20490
-165196
255546
488521
232229
-888458
317556
521073
1056
-194113
965401
-944506
869467
150120
-650225
-45332
503140
959646
946342
-438592
-972014
13803
-948465
-693752
971262
-532127
824420
-790678
949152
-462232
-108594
-71338
372572
-853049
-582817
-395200
-741507
734740
-874128
259549
-459373
-908727
315044
-589907
241393
664820
364762
-255468
624465
311103
305941
652452
-675094
357476
958700
-703833
825350
783119
-494510
774502
-679114
396896
-296837
693458
543847
120347
-701742
802341
-144914
-575870
61890
395713
-484597
-623067
805807
756797
-958248
170568
-498671
666218
-518329
807270
318669
-193423
164746
277369
102745
-9905
60488
608235
-235404
381374
5130
467760
74832
-451023
-411894
373091
-648682
443193
797221
413209
-161095
-687376
790143
-355288
-930580
831895
815281
-429251
498113
-703049
-621982
-183218
103529
542764
-905850
-793726
-467141
154639
814509
297455
-463988
-180361
-234786
610845
368617
353321
-16065
719935
-203487
-218844
133144
635419
93780
-76714
-719870
163200
-244819
-904590
733950
-746707
-607638
-888033
70076
495892
654732
164227
702166
-812410
-681135
516675
485046
-145122
-663687
-749741
-534278
704930
603581
449658
424865
-599907
-769186
-441991
-964489
324594
481295
-684359
-512206
-763525
-588948
-778257
-510231
-196585
-666289
559846
-700694
988443
-275928
-998528
-823967
42937
518147
661079
897815
854461
911339
-636463
559391
514919
813196
-15744
915013
-955991
542265
950524
368603
23560
-733835
856398
260036
-322783
-921860
749805
480632
-588149
309651
779939
-599706
-966278
781412
-423672
76659
299558
-762593
-25526
154019
-851254
338012
-286591
663666
151207
697665
578678
195216
239930
529201
-436181
-736511
795366
-579784
523525
-527417
-501644
273330
953216
-89792
-417020
733154
310503
-383298
514565
886831
693362
-185877
-875762
-332164
968142
-727016
-994153
-318449
936650
157054
-620785
515327
-647730
619145
44528
-83911
882635
-160106
336305
406159
312477
834662
-320512
265692
-255130
262469
-1155
-944628
879171
-486590
942204
572533
327534
-933559
-759631
295676
-660575
-753784
977227
-723926
403271
-643558
791402
755541
975588
-164070
-328371
858222
675824
-992066
264380
-11700
842596
943869
-746009
-412534
206337
252837
-357162
85508
766248
-414958
-341959
93781
-348517
-101590
-610544
-9092
144626
-633318
266983
-452104
-276875
58385
-696563
-301288
894315
-24934
-443067
570138
-16999
821313
-441562
-174403
765182
-187571
413063
-28481
-934734
-944099
-942974
831514
-359057
-284933
-74705
292426
613478
314751
-716666
-241897
681434
550318
306000
-595442
-391297
609437
103271
-496983
-415497
660204
-926845
567504
481517
-368407
-606900
246698
444023
806163
-781784
509289
862064
-724757
340803
-496993
-9690
-733903
795433
-396212
580849
-921233
361891
262283
629085
-332109
666842
-762213
-722672
-229888
-259195
-138168
-569685
-186039
-570665
911832
445554
-177564
158530
-110423
-371401
376747
-601135
-509337
651990
739669
-6330
-357700
-994235
-210897
246088
586614
-132130
-392021
-151103
-503046
275871
-484262
-265258
553199
285850
475548
-584970
716166
-710492
-155634
627998
735063
666803
-213472
-375361
-704599
-836726
23505
-213935
815264
-236827
779735
-542436
-231061
-431163
703652
-644447
436708
-688369
204450
933662
587502
720188
-331596
140700
6038
-856048
555731
-277796
-566540
-599903
-649799
-831478
-933101
136729
-206838
-637699
300004
816667
148366
115267
-420160
-71900
572831
348779
496938
276483
704332
-66355
588114
-91218
-132693
175615
-371030
535712
-683685
635009
679664
872047
-642788
-886876
-727857
-292586
-718354
-660958
844144
74809
-298657
144147
-108524
849710
-740586
471316
-222190
832246
-179905
-725252
108729
-475573
208393
-303158
433210
-924300
872458
-937821
611413
-811227
697188
291076
-939181
-945600
404200
-667038
-238186
685847
-327995
-394042
-239344
373349
750105
652132
223058
-990481
123448
-999132
841765
943544
-724384
-49507
-532029
484010
647336
901181
559710
519794
963360
171123
708567
660548
-537802
769386
714948
866399
-897652
-523239
552246
-225646
82720
-687099
-852298
-167176
965034
370761
-157656
88481
371630
-315892
32025
647246
634602
499996
131255
281938
401176
-309035
-198269
364535
862088
-489703
25082
-675714
-720317
-259970
-809315
-617968
216792
742931
156386
-700489
-944168
304089
132336
-979135
-325150
974680
109347
-953521
-341212
-858629
693725
-706610
641367
-175020
575328
42543
515946
-622942
-592922
378033
-112644
432160
702320
167040
-827810
893005
549072
388982
635936
-294543
688493
691768
-990455
-179172
712633
-315604
-204492
-178021
-269125
454296
-36649
-575401
747686
-395282
249579
323013
647261
-234476
700072
-945662
-856443
-412572
486499
845878
754468
658689
738882
303539
47670
374817
-991004
-263837
66585
-981458
556992
-220783
-297062
-647501
601197
433813
806795
-435452
858413
554481
169266
107992
-122506
-183474
873517
-422435
-129135
-982926
164993
-642637
862952
-80539
-983948
601834
-777001
63723
-23350
-768004
799886
-956765
-749462
356877
-177548
-46523
709376
-576351
-612710
516171
-11803
-754298
70651
-842538
353694
948145
-26011
227210
-474290
844855
244284
690704
-797783
107236
-389836
-781730
-290931
-166836
281993
685720
65160
81879
728955
315699
-561244
-448593
-730824
-851868
-24944
-343534
664303
963254
-97832
-265046
-879284
-744138
-316901
94705
483072
208809
-60441
-272644
-100488
141777
834592
509677
360048
-456340
-657160
-357959
-770621
408001
723920
958335
-276300
-837324
-490259
-7124
-689192
484797
649342
975112
448051
-448490
-289935
568767
-192628
393164
-336528
-709556
-398027
603032
17801
501485
-255191
-147608
11162
-895144
396053
354002
-253103
625433
-237997
-529183
583767
485703
-366507
-906492
-521421
-55698
578305
-872080
-80587
26356
-320569
629478
-404878
486803
22642
258594
777247
624615
-138374
-204952
126100
606435
647440
-862739
711291
43493
491263
-541812
-331074
-746735
-70994
-747307
738969
562500
-653799
-782453
-493199
924507
-654532
426214
-49138
24899
55692
545984
-488298
-921667
-195422
-711051
702948
666204
83997
-170953
272638
-268564
-33692
-16071
774930
-542429
442118
-556145
-289163
-628876
-303452
-550195
933624
42750
-332647
-559576
-32744
12821
866639
918118
-962280
-77670
464102
-450578
664
-731320
-161629
-296389
934885
922368
532658
207523
-346196
-501034
-808549
-571267
-43463
633570
-127411
667375
-995307
569138
-882820
938317
-388113
-215467
-621259
579144
797355
-754620
497262
835075
167711
-38637
-615504
-831626
230044
222867
-128015
164928
145235
-595357
-627550
799039
-96390
-436098
-772229
860148
-802529
100361
527522
-797835
-330502
644702
-859518
281386
-570765
-480776
-139471
-773411
-235396
-642210
-938337
932315
319154
-553840
-899312
-450802
669028
-27326
714126
-185738
377318
-913424
-386700
-719073
-349522
-158928
-858926
-152050
941433
668597
50115
-389069
313299
190597
892317
742534
709822
-247154
969123
-525575
110637
-969214
-593260
-570209
-523054
-492571
-21011
-854027
480103
-306885
-39765
-142579
-220309
573536
138348
430170
-585393
279423
-721881
-643961
-51981
328235
-33030
-738683
-481168
-140713
-996149
-771347
612133
972974
-296921
-277231
-996240
109819
152560
-519294
617248
-868451
-373320
97351
-175336
586916
954772
604355
160451
93120
34525
575058
-627458
312645
931098
320562
-359121
-101933
581880
159712
757354
585731
388365
369486
558705
-908556
-907745
562465
201263
244815
-956829
-181489
376364
-330148
915862
-798972
-743232
870634
805384
417219
-36247
-160092
-7723
336296
-847448
-76626
-343142
-206568
821442
-761262
953144
578795
824470
341509
-51719
383174
432953
40537
-54361
-365785
-714648
-11189
452727
661717
658664
368589
862745
915432
239222
668128
332650
-797025
-491965
-675073
539272
-339412
248301
-803871
454020
69742
-565132
407163
-351463
-740663
-251328
596819
642512
-818376
-362645
-411850
-184160
-77293
576962
-731434
-415577
235625
637155
-552833
151057
-123623
-884705
-516293
79352
-376670
-191366
-381377
283919
-943065
-185247
-262062
126678
249621
-854899
775215
508958
-106227
372034
151469
75398
-990612
739620
891238
-67904
316582
-840196
516519
-447794
796959
963687
703263
-326664
-921019
-813031
752688
-297688
-4396
-628689
986232
52539
186064
-275831
-820784
-564315
-130729
954432
944643
763044
326465
96112
-161559
335854
-164269
-270321
-732051
-847688
-110517
784469
-295481
-313558
748155
-592218
359778
827137
-405248
112466
-470551
590356
483777
-484320
-357105
-330159
239849
-177889
105526
-890881
-223458
50169
872164
-896993
-853720
-289396
438861
-17988
440283
706810
134325
-670234
491278
838844
16208
239433
-753374
-624015
66569
-158622
488451
596018
-568266
-27772
-888303
74629
642069
351547
896740
-252405
460667
-326718
797764
332830
-223710
944044
-956566
-784850
-73945
483718
921961
-939620
813484
413238
899224
-170308
-347329
-854150
205677
719240
-12772
-305872
315258
418963
666357
426956
-506409
308426
-221498
-609669
-943980
-760832
63614
853784
571999
839904
797828
615433
-944947
-276117
99151
977014
-215737
-87365
390252
-316513
742327
-957078
-170663
-51996
762163
816565
642133
77420
235527
308489
-495624
729119
-383086
282878
-880551
-327066
522047
183064
-473282
94046
22967
-675455
-290521
78020
48428
808630
55034
832691
-278736
-554714
-483823
-536409
-511791
345514
411595
-749628
162079
53727
327793
-602394
-637784
832169
-873275
-20870
115047
-753825
652065
-362907
429239
-821218
731140
-547795
-496672
-559382
530226
551756
-750752
-414740
384447
-29488
30546
900625
434103
518756
246139
-154302
769128
-591782
899425
96920
-194175
-738360
-70912
-67450
240771
-955866
178725
-107164
-318772
-392037
71619
-587633
60169
574947
-147014
-409606
126703
102234
175654
-488850
-927254
-793800
-588226
506850
724956
657914
-647453
494084
-933869
-748028
-408997
-128044
-486387
520092
804507
754384
564226
-16769
-352780
-754546
591195
718839
-342178
-348637
293785
510808
241757
-579512
-386959
-582589
-68362
-314213
-376388
343413
-807363
-651432
1326
-454816
842652
67457
-202844
-566346
939414
310770
953746
743920
65154
517972
-272849
712374
763427
-681655
431212
-578752
-30292
-275003
932057
-788535
145485
-454902
-371123
-922878
230886
252489
420535
423523
601057
-578139
968707
443708
489319
-234137
877363
428732
-923368
831109
172652
141786
349081
899803
-145840
112507
-781853
-714629
533756
187856
10368
465813
399321
-844148
-989090
-971802
-767025
241796
280687
653511
-334682
-118256
-924629
-365975
-674548
564690
399889
-797185
-6578
476522
-966077
-833927
-381692
383005
-934125
472468
-504489
-715977
757839
-970733
471879
-231793
495080
-128800
-75940
505990
-100601
157036
-252214
-819914
-189454
413104
61830
-114082
-952871
387283
-549392
447018
590098
444030
-76461
624021
610104
541847
7025
675980
14315
502537
960003
-227846
531805
431882
540361
26885
-696918
-535579
-467125
202481
621457
280661
382567
-567998
-306235
-555603
317921
-259106
831680
768529
-812089
421778
212558
111451
45798
-177338
-346702
-947177
-501359
667613
555361
-541356
-560233
87165
890527
980128
-885951
-806392
-555451
-353076
396090
-933995
927586
-221343
-501992
-378650
223055
815929
362244
54734
584457
550156
-523488
-202985
-338394
522310
619677
314905
575134
-881682
-17482
130494
-423038
422285
-782341
-532512
402413
-668291
-338904
846962
-21366
-942814
912967
-93781
-164157
-589026
527569
-941103
-773097
-110187
113632
811360
-560032
590144
-391625
101575
112454
-771949
-583520
-312413
-653631
398998
818082
-76668
-178717
-964260
390820
-776305
-632550
-948084
-929343
346084
-890898
983624
-747698
-55054
-605402
779872
3844
-378498
-330315
-882525
-567139
109653
707620
41237
-788772
-179927
269288
-372292
507661
615658
-973294
325743
-461011
-152011
361484
929810
71685
728934
981726
142342
75018
-909172
125966
327320
35774
520565
107192
-960383
-857934
776877
-842907
-425072
-113470
864713
616165
97758
-315214
-114548
725467
-807553
-498890
752173
518191
40100
-399838
-120326
-30091
671847
-391392
-48365
-185812
683626
42463
940154
10946
-921764
460719
-881863
-882146
602785
895015
-725053
-822288
-218456
-860340
793877
879303
-175553
-320671
604770
16895
180439
356942
-464915
-779461
957104
414759
190448
628951
-976634
-857918
-556862
706992
184546
-616708
-282063
262783
844011
-163925
380637
446796
-268911
655585
624508
512634
795246
418384
391937
-380308
-902287
-3294
636588
278152
-646353
-828328
498692
-689249
586431
-310861
939703
609798
-168778
-617160
316789
-984232
-233867
-965274
278551
-389856
-129198
-340812
-943060
601891
-685227
681448
114525
-889982
99832
-493539
-270289
197545
503167
-633702
-524303
856815
-462030
974389
-832434
-875599
-336472
-892732
734200
494751
-509891
50989
510519
256243
85715
-210930
866388
956517
448258
923328
558408
763031
604775
-327067
873050
-295393
179394
-397240
902152
-317439
-30941
-622152
-460624
507030
-647763
-293057
631431
15765
-185789
365631
-489485
304321
-583381
-978966
-439436
502334
-189896
-573049
458851
-741638
-649722
17259
-978608
955054
690192
894442
-340340
-130415
-502798
-438188
552147
466261
-60339
-908478
-26709
291898
-201535
-395278
-692338
612677
970353
-181822
-83002
-613029
-160787
477562
889305
649317
904513
348156
907679
-745209
-634586
929072
-790155
-944395
823514
-130494
-74809
-679285
431318
-522663
786977
-629022
-431140
-239733
662877
367326
364989
970540
-19997
335341
-211283
897001
722312
627930
374562
611617
277247
279075
-40228
184926
533866
325186
113998
743712
380792
-62489
-386783
-694018
258226
-955465
-216680
45203
-584486
352180
805470
-921610
-280494
170459
-951071
699509
-494200
-162353
596509
-771889
-534423
-28930
839729
742824
-749855
-200500
-72250
784011
-875314
-958253
527722
505479
-20742
-859061
811461
-762516
-814526
-405219
282688
-399012
946962
88158
-320622
-333533
-741384
-271693
-634025
-235584
565954
962485
-7472
-968470
-66445
-167744
774355
183700
631757
-297895
-32289
756444
-256148
-504568
261922
723111
-363629
73383
960596
-178154
668164
243284
422834
615125
-668559
-897788
-718409
-409942
-169481
-352433
354474
-603527
-389948
-652998
-571996
543607
179259
-797641
-272694
-188985
-95535
695017
-432542
648318
-809551
829380
371429
-173179
-97238
332024
648667
-429075
-424693
71501
-813950
-93251
173713
-532358
496807
-995768
115210
-148719
-599294
725262
198283
-171289
268868
-622459
31071
996175
188557
935536
691192
756015
583853
881642
585395
-44719
-291538
-511844
-712695
-642871
59082
-137387
428631
245133
769362
-397657
712775
266168
-393424
-172016
-882551
7282
-446755
315733
835994
822114
693275
-132936
818289
-118169
-197401
509480
-362155
-613548
391121
-776760
341733
-900417
-288604
629038
-543288
770479
-508350
885343
15611
-738988
-512314
-271614
527181
94263
556371
644630
-898455
-890384
-39638
937539
931730
-346364
-195398
750018
535468
607202
259498
-826687
993654
-349382
-603447
335386
-249799
107950
-35576
206914
-121571
456075
92257
894041
717087
579943
-377574
244267
-325794
-821204
-111103
-224249
-711587
849260
-286711
-779858
-497104
517892
970161
-961637
125093
229658
-788324
118747
880277
-391771
-545868
-369523
716180
418557
837391
-405392
-125369
-70352
-511352
-408282
-490409
111074
835986
183797
289871
-275118
959548
578284
-425858
-327164
798427
77038
-809272
768587
115401
315821
-1755
327078
-565433
-121479
935307
-111300
508998
651486
-692744
346389
-753907
181888
-723963
-265259
773607
-214372
845816
609592
969425
135687
-665526
928972
-286030
-91384
-398192
-487603
985654
-207464
-719017
101055
-891643
279229
-571868
-457075
-842251
-636561
431625
666748
-985075
738882
13137
-738982
-79230
289174
-4240
-305624
-925199
-158424
-696033
-955774
977263
-361559
973199
-308767
547058
-424993
203630
532711
367544
484614
-366234
475901
-236158
61898
-981175
-78408
425337
450451
-411661
440262
189332
601477
701281
-889899
-109350
-302959
-195523
-34548
538617
108445
9678
515880
746887
-17123
-792887
293944
557884
410743
-173345
-74573
-104643
460421
-598673
659200
-477682
-579847
-419209
947656
870604
169131
387917
59935
-229393
89198
170037
661257
786239
974515
-373291
324856
82959
636387
-159265
-170154
-380736
47848
-876211
-822853
-541409
-49556
102574
353948
-589136
503902
13147
-66817
924055
593939
-119162
794658
-236931
-731245
-145407
533676
357953
-975370
194933
144191
999145
821642
-530954
82104
458029
309782
911950
-922708
-642371
-964262
-745561
-183779
-13817
357014
-829831
397048
-139085
183316
-669770
-215030
-222745
211069
-420373
540324
479824
434221
74000
-162224
458851
-731068
981967
457995
-909426
-548987
-459901
548604
760795
-547952
625896
-881576
-512213
880336
-65355
473971
237350
104814
-128982
-901736
-711870
201249
-116766
65385
-587683
462862
-394291
892142
-102918
679709
-270083
-644067
948642
-288116
813928
-960785
162897
-645973
587819
-76309
-193925
213715
42115
293863
94051
976761
-232167
-668600
81574
638852
-570336
369705
-159899
312899
-564911
252418
-224239
40799
144560
672843
-279493
874477
-971224
-330852
-413640
842705
-291636
749258
-803269
-703817
-327052
2807
509898
715064
-703331
-396052
691824
64503
-64652
-226602
-296646
365013
-856898
543455
-322088
-421808
-204127
453673
618991
940433
126516
-660502
814910
155292
8647
-598730
-2004
717011
-849473
194727
-986807
-176525
-802467
523092
-461461
-505797
-872961
-769638
558706
62388
3760
-737941
-572600
146862
805515
105312
725054
-398612
-441016
344045
-458180
685501
683543
-643270
-159208
-307811
-242000
838789
-590800
-91473
33515
-577606
732003
231049
945486
-729459
725252
-927475
-499097
283958
134913
504664
546017
562313
-348474
351532
-332375
-623420
952920
226610
720625
-505260
-87890
404167
-148530
752903
-903644
609471
591691
-494444
-482003
-374794
-72049
-750000
856255
-126564
-479459
581507
-54039
21445
-134536
-919127
-473892
-588519
643187
177635
763013
-689188
554215
715933
537422
274839
-789327
-550468
-320994
62144
-797566
-224638
-328386
