231833
-86523
-573298
-756073
-915946
907321
489642
-382501
701517
738522
-92139
754467
656015
294182
-971768
-293322
-218512
-633786
985134
-291879
385354
511869
-51461
-570772
726383
-321451
615985
-849409
-577040
400908
-152552
654793
-685616
274150
898721
-601562
181470
388362
15937
-117014
126883
923799
-362548
-217103
217980
-334315
489576
999468
31899
474710
-292411
-582747
-13422
656129
-153519
-287040
-665323
-537534
-136448
-242362
863374
711001
-587569
-822243
-14850
-688849
-423804
-833380
699513
592133
49607
-173604
515932
687060
609294
-266089
-647256
98869
-266621
384644
-426422
440969
801897
560156
97097
-351623
-726884
431774
110844
136668
-810589
-25783
-152332
-398158
151975
832819
-87006
728172
999439
-387493
320305
49046
438903
-163764
-263895
48196
570148
88849
-852935
-696474
-526508
-279357
744495
-724612
-719201
-158408
-76234
-446085
-726635
-965391
690584
-537223
8827
-461748
64620
-839198
-628930
977614
888974
-629491
-409880
209278
419555
-970977
-954487
-844341
77219
615661
244508
224285
919188
718001
944928
663683
993390
-774273
-494726
-82845
-220358
-221360
-48235
-529774
241417
960593
8478
-693964
-878606
379549
-716350
-989633
750058
-126229
219645
169613
-97206
265159
325272
980014
-119181
-430220
204298
-199993
-712219
149226
-536311
-718830
374953
-31037
198326
-845405
747603
-849910
-375178
-10980
-889318
633300
295057
-767923
12848
578707
-757556
-237094
-547523
462090
932519
355271
-272752
257791
335285
608068
827572
-460418
-591926
-884648
688808
-128237
-603478
63761
840727
594848
218357
588329
744939
843179
-422651
855622
476478
872406
-912302
-510674
451113
-669857
252233
903591
792233
184752
258862
-480520
-557458
-405854
-872453
-729887
133728
-464379
-614534
-177464
407385
-218012
886297
248111
-623164
104654
-163560
-878225
-52168
413789
977398
-575690
286195
-934905
-86364
-262693
-604761
-834131
-359103
-812529
350621
899759
-293048
793164
-506095
-165500
-936723
627633
370121
-551257
-549831
-222494
230732
-663534
-974384
607569
441120
-137944
729344
-611049
-724155
706742
-186739
562040
771837
726898
-700653
-832925
892767
-59756
-645453
243388
-159997
61499
36551
333908
895999
99828
-38459
266120
548572
411711
-956374
-220697
748177
-930758
-613129
189297
-68701
-883785
578249
207145
822957
-608491
-230816
594794
-881593
68531
761870
-988826
-991225
-883583
254562
-151221
177916
-708888
-817313
73915
390941
144229
-659965
-60488
-444061
-616339
718816
-695884
-547096
-894313
493413
384203
-778098
71661
-408653
-955141
463171
360532
639654
581578
-570937
401524
592753
-562161
517941
-152686
286618
-304143
138427
469305
769772
-470632
-386466
-890193
468880
169473
-506532
187696
473590
-53627
293383
-32997
-669425
515286
-961336
-78077
560145
501836
-717545
199799
83413
-288482
-398678
-323835
149358
-880738
523480
-564025
-184881
-338094
905281
-415109
191274
-481186
-305302
-339846
688288
188167
847851
161878
-865461
141233
-871120
-534885
-343482
-832456
387038
-783337
669380
669494
416463
-247207
-618988
-982216
428959
530370
-862954
-47561
966346
-47834
614346
871626
537057
-194380
-609560
-768246
465775
-921272
419921
313625
240606
554461
-545142
369486
-980425
111376
537031
406614
328040
206411
76107
-255497
959205
457119
-237713
388164
-12511
-100666
-659398
-46166
851500
954949
-174540
388556
-239432
215900
620311
-773658
294629
40232
539967
-464766
-405308
994825
904721
-385733
106201
441752
-979120
-565759
-351838
96988
178744
-392633
-445893
941031
995532
541596
-159635
-663866
-504570
-308136
-708918
320890
-919580
51650
-463210
700732
277992
831419
-259037
-182042
-633348
335655
-187217
-728628
949923
918985
713125
970804
-646775
-638714
67791
531970
-31346
621898
473000
-35815
163493
-686635
300319
658923
5229
591401
-20187
85650
-356950
516603
-213619
921043
348021
527344
-260999
714674
-137001
551784
986047
-187078
470769
699171
-216275
823994
-939543
851517
355963
29111
473414
-171037
993297
-363093
142328
293616
-704170
-852443
-114983
275643
233208
528068
-207754
-980412
449110
-859733
546933
-811889
854942
-590068
739896
840988
222854
210664
540158
-993421
34657
600616
858096
-609380
-370273
331510
219584
-376977
968418
-638088
916640
-735753
-490531
-198344
539891
742677
-670277
-667863
762266
778834
-527596
309198
966945
-672655
719131
706840
-831667
-58015
-82497
708492
-51435
952161
309107
-193340
-657219
938834
-861830
562365
-438143
-893413
924277
-521504
-629165
-566254
280153
910727
-823578
609876
-757137
938689
388710
-284732
247887
355654
42614
-32983
62494
210948
909002
979998
-80561
-142433
932158
-771455
664228
-725062
-832621
802398
837303
-270764
908986
761580
207733
-720179
-804675
-512115
-809453
-628252
-902239
-566589
-689564
486471
148680
558323
-157875
-808707
-474660
904620
402242
-565658
884617
-678320
291909
816775
-449774
-43864
-908288
-282395
-241466
929016
446842
-332481
690595
-345426
-52660
885920
142460
137888
-742332
240221
571299
-431896
-273308
-280022
-873573
568818
-88728
-348232
473437
-686487
86110
358053
-364806
-621981
174827
185420
334156
266540
903025
-907311
195556
349867
-239791
-113850
-995560
707550
-227930
146901
-154563
29739
-612879
-583264
597843
113814
136714
724271
-317369
-952014
-623962
-843932
-638500
462149
514122
-3306
840168
-311051
-817887
174324
955489
-914862
267013
151044
435006
-972779
-962806
439447
734771
-190735
-413653
-419792
839004
-26531
-3056
436847
-912718
-866342
161118
-230086
-818355
537156
-74017
-456855
-695
-559896
539839
-160527
129053
721953
-986204
84542
807092
280809
-764415
242098
308031
-727220
-318456
42802
82046
267891
623011
-78950
-758641
-380046
-642104
-671358
-246387
519014
98557
-64742
56170
-975461
478403
-944526
-535357
18242
-105052
593697
-259805
-91256
-321762
-452713
-810447
-86176
789385
497584
186604
-529072
-459614
-731350
738820
-836604
189700
980180
-216649
547597
-691179
536964
66611
407379
-527778
-877219
431918
950625
-821744
896562
-31133
73204
490258
709062
981948
-831505
-743652
-828500
82320
-954267
669085
-731077
-483339
-790529
-462426
-744519
-627132
727274
-764340
156220
274871
-455519
-306817
-658519
951861
165406
-535737
383778
116030
-357481
280339
-915104
715723
-229403
793959
697670
-60907
-949693
869171
-978588
-903960
538255
-709664
-387298
747727
-172090
-131817
-879406
-444816
103843
276814
830056
648325
969998
-828464
600186
135403
-364200
-16037
-748567
278319
-735698
-663670
-5959
34899
-869712
-308289
973993
-819404
-439119
995405
-723364
-900864
-714260
-110661
846863
113651
757523
967457
668836
-138634
244271
498891
-490309
214268
670428
-890124
-650329
-693773
93839
-398896
584546
358142
-62565
-421413
-606959
67723
270298
-632967
248320
831179
-637563
524957
930315
-351822
-585705
777178
761830
-828183
744635
430665
33183
-11095
-70445
542874
-796827
-400017
652750
-447156
-93790
-253411
153949
-509244
-895270
-908617
69343
-502229
159107
-660360
-135196
-592574
-829182
227242
932383
-898867
875421
-653322
878311
637250
-481504
622946
67915
551679
-388150
997471
94553
-184976
-402547
-252697
367869
503664
493892
-478183
994420
598623
-386799
63762
-903607
772309
403403
-38802
-820266
574222
-811561
-887883
675355
-936140
-541204
553666
701111
-22708
176611
-230975
-471029
788462
-233504
623524
-396515
363949
-629174
971355
-132388
864719
-506828
-137968
463341
106373
925795
559735
-121319
329197
-479068
58416
-96582
-290628
170534
-421227
-226768
629330
-867561
-525658
-393379
309051
243368
135592
97513
-990137
-240884
700998
373813
129943
672353
-758575
-5339
-834476
103457
-541998
271897
29251
-982264
-849422
-641552
-461332
208995
261867
248041
-620472
840640
-978728
-991142
973079
-504385
-384520
282130
738984
751073
-620358
748848
-489812
-919360
122660
640131
752993
364085
-365208
918517
-532458
92794
190414
496794
110530
340992
855242
649199
-450014
117108
-102761
-70485
-42252
-81488
-61627
-69173
414128
553853
-787044
153111
304925
-407401
-98042
815114
-326761
-975382
455245
-573768
388704
-909964
-655252
856246
182830
535163
353040
-706640
-123846
208282
942559
426141
-674610
-160203
-644344
283138
758309
294029
-786035
172437
-152118
-573078
-674453
-847193
19521
227506
967921
692760
252125
423166
-881009
-359172
513202
-536260
-502926
-303968
998903
850114
-10608
-124943
58395
-68049
-698802
383785
771748
-343146
-333077
530057
950884
-119111
-297507
-201235
307811
28041
-48427
-672669
-744453
-80506
-979909
507672
-657341
-860917
-851501
855862
-397177
-354427
-448107
-398274
-504313
541286
476783
554082
-526764
777981
-62133
-755016
-565165
604791
775042
-614282
-514321
-522465
184484
793490
505577
-863944
-879179
761124
55551
-859088
268796
398210
-720005
417295
254071
-117181
-937132
805965
484545
-441445
347250
-38673
-887363
820487
-260692
50504
-934530
174144
-344705
840513
559862
140974
-681953
-255654
-65536
823624
-119598
55285
584748
935953
196197
-146457
334163
476192
-729162
-411766
-640990
-666294
-605802
843556
-107738
741448
-195117
4899
561935
544191
-944597
627405
-281665
-289302
467918
-721804
851672
785965
22543
-213865
609589
902945
841421
194336
838898
37617
-952122
173061
-486191
-681284
761295
-127180
-347577
-844508
-283625
544685
896941
521258
-450417
458875
65449
-395014
86280
783784
315685
-445803
-938020
167356
-659838
84523
953492
949751
-12532
794912
144086
-173634
-167471
191965
999427
346338
510682
760721
-780843
-836896
916214
-64468
707789
813154
-543211
-742628
272029
522239
-137641
-641691
306022
-821957
-87493
368002
345400
252669
-547476
298891
202419
439993
93803
-653495
-733642
926333
538471
-734216
272670
49152
-973495
491828
212256
942720
-572641
-79955
755873
-115851
177417
27902
-593613
-960224
386211
712410
-782181
-701283
80411
563219
551387
532936
-137890
-246194
-27072
955914
100311
239287
882246
-361218
505072
154916
687934
531578
-353257
-99810
474297
74103
820236
230170
958252
-2347
-741929
-635361
37429
644283
-922952
255248
943001
157460
-181534
494387
-309604
680577
-751808
663325
636490
348504
-97389
518735
987286
-592317
-326350
675219
939261
320394
-424591
413557
-605504
-604356
-356274
-647253
393297
-98203
-282613
-569274
-453920
-205564
685974
-510920
951896
-495560
983467
-357709
-814984
-768342
-694385
821507
580162
208227
340241
567447
615910
-986109
242666
555170
334285
818075
-31273
728781
-786281
612453
-918472
607017
-485750
-201084
-962258
60330
593352
723717
549410
545248
-771844
532877
-812461
-586827
764536
-506845
-765321
344697
701382
574921
-87856
317291
588813
-845190
-127539
-76902
972886
841188
-348121
-813396
453641
-266593
793622
967891
532324
831364
28221
125676
555080
-422369
-329077
783237
-889493
-141537
-803591
875043
351618
-568911
219740
52999
-993991
-868117
-629710
594822
-713306
242751
-482081
-740421
83939
169798
-553816
-462421
903206
-760195
-494531
435530
-928832
533691
-438795
626249
-888679
232129
409485
-778172
-909409
605895
-903129
442210
-963017
316611
-504792
-957007
448495
-134501
637816
735189
-891750
-844266
994769
192189
325533
-559048
729769
228739
-319243
-764762
-335732
-248074
768929
225474
-621825
880250
-542398
787661
-897922
-451806
393555
-801050
990404
430539
515562
-514388
473532
-35944
351111
111347
-300755
459362
267082
-305987
-348450
-407385
134966
-618681
821354
815724
-383443
-514379
-432351
-614515
711096
-54176
-734265
-831303
-266516
-632186
-283108
-872961
-433236
-292705
557579
-917675
192908
31110
46382
-455981
-857543
745627
-996620
409540
-560360
-345070
-997846
574607
36249
823508
390330
652807
-690871
957979
-961709
-979776
-96197
-695973
-811078
637288
-328159
-94186
764328
238606
613110
321906
320931
-193983
-646985
-632687
350036
-504527
-887061
353417
905013
-447420
-991653
907167
-872814
44597
730675
517516
-302597
-960197
475495
-264305
-939973
-620702
39722
-751051
-983415
711564
154764
780913
-49831
-232127
102818
-728900
573891
455834
-361587
-76073
951308
-248647
-722657
856321
303934
-714310
763487
431120
330287
494161
-51364
-972311
533965
-575870
-236616
593992
-196572
803107
842942
-179986
514670
-2295
-399073
-535161
765579
703746
-264061
339469
159579
374353
-736605
110887
-874295
-459261
-32793
429639
-173571
-269306
-139241
-843285
-775145
809395
-815595
758820
-766475
-52210
352812
36954
-249104
195754
856968
-734434
-806541
-542106
-269595
959038
-838361
466345
298507
321219
-159303
561903
-567894
-33597
-897359
399313
-603958
-70930
-869994
256801
85786
-645138
66196
270192
-886319
299721
-782019
466494
-663325
-31122
-337753
-806358
234444
-144294
-348463
964850
-185256
-186823
431194
-886750
-865604
-728109
675153
-433498
238294
777795
965815
634336
-293135
-904179
-108863
792652
-549317
957333
62843
-435635
257054
280825
-969141
593729
-750298
-306894
787372
484147
548813
-561092
448996
-636443
252085
-119810
-523192
386482
152081
-848040
952984
-609625
929756
918798
-975290
-363380
-985381
-84153
-570729
-534697
-126820
492114
29669
-869767
-227061
60528
723962
22641
753635
511333
-493212
302448
950242
955785
666005
202327
-164026
-857188
-411192
988055
-705227
-458209
-621571
-775472
-539411
-596860
-138852
-524792
318988
290419
-59488
-807833
-217467
970181
-677600
555472
30708
-953638
-421887
-215658
557695
84902
-913211
507936
40686
752794
-289738
876660
895607
299070
864715
-809621
840862
-756856
-585093
-698550
-353715
276056
-223342
965273
-433525
717170
-842561
349008
687350
-520160
-95520
-281942
-473798
482594
502400
-916104
-432505
589190
591833
608181
341983
-697905
484841
237590
601165
349555
427969
442027
592700
842877
743477
-761016
118932
-479866
-795744
685408
-762696
-638304
34415
924655
-158464
938896
-357287
367739
421489
-854888
451636
988985
734302
43468
597166
76285
345563
82006
-686126
-53272
-568440
741844
-611246
-975741
584721
-867770
-736756
-296347
-347635
-532500
-610940
-110330
-170804
423476
-185675
670733
362371
457038
38471
-216140
602151
-509894
-227155
336453
533575
-629990
-587263
-120862
452016
-273388
825866
883577
-531544
-785380
907837
-946824
-653149
-828920
-243171
-783
-361419
145889
888888
467777
-430635
-296788
138510
931737
-839750
-823019
-284404
762401
-332913
488442
98853
-799338
858452
511591
79800
310468
-761797
-94335
194044
-293341
120286
101881
-240164
467137
272961
516666
-533646
911542
-337445
-644759
379319
231920
58453
-482171
163656
218703
-305190
879253
-18896
361898
367694
-920043
562560
226145
591548
-357641
-463388
829752
548025
730657
-463590
-331690
-167463
296247
-864553
-894502
-187088
-398199
-982961
475467
-42958
396359
-292614
-984505
914188
871043
234198
-391002
750295
-784698
970896
117988
-704741
533455
-655868
886808
-824187
-119255
716559
723838
-388599
-747031
-607852
443939
549216
-472405
549437
-637872
129396
566477
837595
-913562
-37164
-455019
-898067
-122976
-583977
336132
486022
-833683
551434
456917
284305
846693
-9628
628438
733501
166186
-490817
450059
-109976
120584
703028
282172
-435477
252244
809768
-886041
614372
-60836
680436
451967
25602
-356728
996948
127535
520296
-587030
-536334
6317
-420712
-984901
-536766
863593
861793
453606
492031
595294
-380209
-998787
45352
509816
121798
-251620
-208013
686321
-999376
-398246
800281
614996
540918
480717
66963
-433480
-876012
63910
694055
644284
476881
-842280
-349400
-943832
-827180
113835
919761
-965387
-432560
411792
629907
187232
413005
-324741
-302953
-465197
423639
489035
-778877
424263
-909211
-978596
39259
631708
502121
-893779
-801773
626109
170132
892282
270392
-352988
-949998
920993
-296820
-777177
34827
-377059
-742564
602268
-965268
887344
-210500
447737
-437398
486547
982541
986242
-24419
-796337
410505
66371
-774933
-550237
-301922
727189
-444015
-103695
353297
726118
-211413
-376311
-626871
-161411
-455318
76309
61413
579509
699250
318849
181777
733983
206192
971277
181720
768795
457824
164260
755036
-566595
367923
165540
499776
592991
615304
-802147
320180
-828711
94159
-326524
897407
882746
297166
-729465
-278665
841848
346845
782749
421357
46095
101597
-396867
-219923
-692211
-425590
961797
-923416
-967767
126056
831620
-534362
-506021
-2840
965414
-913030
-387537
-836733
407150
-216248
257427
-919374
-318841
140173
377792
-48306
861509
219639
-701462
644257
-359005
344634
-254147
244129
-875290
53643
818539
-913494
130227
850773
212563
-38153
-683590
706542
959007
-718176
793513
-428530
-554909
200662
355222
702519
281288
-963620
-157309
-340921
-11925
-295801
878719
286614
-651545
-480287
-368753
94309
763843
-244042
-852049
582382
-157536
278179
433154
-944973
-759975
749564
761569
-800968
-968612
555081
-229498
-523520
-244257
-874276
-821002
-962970
-837895
21689
-303890
150181
725888
-425172
-563206
-925657
94542
68042
168652
-141615
824000
316603
-559234
-333536
-405218
873920
-278509
-165192
623484
-516940
33840
654872
-961859
804343
-868648
-206116
930068
-689650
-169086
-907828
332039
527025
242353
57927
-898148
679148
132270
196395
-252810
-699079
-945221
-428811
617525
-504455
237654
-787693
-630535
959145
47115
992950
-557796
-919045
647821
-519655
885298
779174
274230
815365
-910477
-894856
907538
421563
632169
149891
-520510
734022
-170962
611760
-69584
576229
912682
-14805
-852583
530207
480741
385071
742515
850206
344216
-210371
843155
786421
-129416
490976
-733235
-244118
270149
540996
-428753
359673
646140
-521216
-218765
278308
628675
260726
12329
-542287
-127514
942746
-966059
-214832
-72060
-818641
-684626
-591319
566431
-942111
-741113
-89354
-152482
-897959
-302934
718103
593018
-36168
-526015
-136833
-495173
45232
-777161
-849034
524016
4075
429275
152691
-735200
-558396
610405
137287
-615651
644346
922455
312290
825706
-762171
720971
392136
-704282
979859
-697219
143236
-918101
-153
-138661
674918
963680
335324
-461916
-531494
-619445
-239076
-380527
904572
765000
-951252
57262
-970200
-509648
-332334
167087
-125298
-687988
89542
-813008
-862283
327371
907963
529854
623089
887822
832635
-233675
969721
-167518
627665
644639
-203839
-37012
-817277
264668
343544
-56352
884142
248115
-291353
932890
-694623
-261552
-576758
-26956
905536
297944
285057
-4923
484936
422775
-677553
392899
-47372
945537
280721
-214737
-288139
250442
617746
-660475
-104920
-586093
302514
77803
678575
-353943
-978549
562717
894173
-269902
495607
-800450
468547
918849
172595
374082
216793
-542348
-630842
-298271
880427
-308395
-905372
-166945
-362858
375349
618318
349003
-374210
236063
688529
520871
649970
-8958
-401326
328545
637100
-379875
-108738
531273
350224
-613132
730824
-181230
-694284
-96582
-807149
522510
361070
-437990
-775761
241497
253616
-681132
-925449
890758
694217
692870
239760
-679993
-71067
-71711
840878
-421097
919332
-560449
907448
556432
59677
-201291
87704
-590100
185578
-181473
228670
491294
721946
421522
13804
83016
983532
238044
-675488
237147
556912
-600937
127904
251128
-908067
-632336
571136
20866
295953
412014
599769
215285
851565
507217
-228284
-88759
-694074
859420
321142
491504
-322053
-450189
-17202
-600107
971333
996602
482909
954864
234645
807421
192011
-208444
-793516
-680086
-957316
-701583
-312421
613821
319284
983533
25834
-80948
198817
-122601
-573731
970533
788641
-267805
829953
109782
-776302
-492101
659593
206496
-92208
630926
203098
-609299
585790
-562257
-801879
-222200
229300
-595395
97715
271985
-296977
785294
-114195
-977694
768827
911639
-58641
-32357
-210963
367628
-61825
-422323
-900178
-231872
687459
-676479
276027
347052
530018
-816181
-22023
-266885
-425480
-436234
170859
-227358
341567
-599842
177248
-560719
672143
880272
-775425
-442052
902578
993402
-530414
-156063
-38956
258624
-788436
899220
836301
-688613
-332653
523760
-365092
943375
-129189
-835074
-872806
848789
-101959
-298285
-587446
-931101
474357
754122
-530942
-348395
-806598
-858799
-468124
-582022
-300851
-565546
-588621
168735
278391
372424
-572641
489956
271643
-736341
801343
938991
787420
-563749
882366
-341770
-398823
-990441
-492982
499219
-288726
-80427
568119
-814369
-326305
-962824
-162764
-132903
-821622
369112
285076
-122473
803566
696455
-953738
81957
68878
-526379
-428088
-659479
-262719
-626745
-720488
-475300
-190493
-838123
182931
410685
-828564
689950
-90097
-117289
-390478
-521978
68342
283218
-484801
905578
-849686
-306423
274690
435390
571104
78256
131845
617367
-839788
-799277
-909013
-267875
-458755
-171732
105380
-179243
352969
914887
-17366
-464101
325572
154071
-774152
-764525
-963219
-164629
-286503
105124
-881412
228696
10701
-731097
922274
-714609
704294
493377
363647
-163862
110743
523860
36861
201731
-744016
578107
-970001
361365
-601137
382968
276252
381498
918867
-398177
-464432
-855286
-162702
-427650
-19914
550795
677474
98674
-220509
-311825
367577
-298236
-26434
71870
-804859
-662787
908008
305885
861074
-55131
-492385
-882943
-477025
-462385
478422
-78161
920583
-245327
-696664
839450
356497
-161095
984165
-806206
411255
-35750
744590
88729
-937077
-475919
776904
430501
225845
-249530
-497630
420987
87683
-589622
-273129
-51244
355248
234487
65814
878224
772102
-455764
-199938
692685
298910
103399
532135
-344594
942305
516299
-150799
353559
-519452
-406209
-557712
-456528
117872
-780809
973973
-656284
-30339
-523657
764704
-942656
-113279
-508426
6101
-758032
726061
-928086
-879808
498163
-383849
-79746
190848
915061
-976347
-277018
-429533
965958
-760720
419668
319517
-280171
-986542
761805
263301
131330
980996
237274
475047
-49343
713617
239750
8001
-399662
731325
-985898
-157693
457386
-913983
-37501
-44452
-297832
882753
-853605
-382771
906407
-130623
187696
872364
108658
-392637
191880
828487
-379178
-46315
91788
752152
-65320
-670938
227199
885338
-957322
-533051
-106661
-356984
-801727
-92559
485323
655659
-6542
-552178
-388793
695627
-669425
-242397
-687145
-763019
626981
500552
-890656
-264362
-892086
301225
-435875
-271263
-745090
655913
-519111
189590
984975
708088
74928
-972347
-824963
968267
-329330
-626690
-124292
-844007
-971031
869167
-396185
-359824
564793
-65610
397780
877649
171371
24760
378200
280716
760398
486115
-418059
-675478
-785149
-163149
980436
-304260
-973559
965410
-596172
101369
993064
-421135
69636
-336267
-47824
945344
-180274
-18855
814510
423542
621322
379303
-642069
19101
256952
529303
-956140
-364848
-189982
804258
-878734
391960
-871220
-663882
-771189
-890785
31858
-744748
-925375
435687
356622
-932312
-985449
-573742
-268579
-33273
-628399
551148
947873
-813889
-25311
569194
565415
332620
-411706
-177634
-138077
-367845
457518
671942
-563588
578785
63901
-434807
914903
292712
-325592
-53239
547965
-250967
-617553
-95414
-183278
-603001
330845
548143
363727
702446
99291
311599
888558
-926021
-119208
453973
406600
469087
-723661
-731477
-898759
733858
940465
-462346
312642
4365
102847
227545
-702923
777256
-825694
845042
-473711
-443246
-250372
343011
-46247
-919528
-108846
-682520
782919
990445
629079
671477
-935576
-490129
125449
471025
978958
401788
739548
-919801
135645
680012
-382147
-551713
-315623
720700
675832
-18546
497956
850139
-173505
-975756
-593108
576124
367255
360646
656596
-741592
678126
439514
-751147
307204
110991
-686723
817075
-763561
784303
796033
638228
523850
876232
-226128
203862
-505916
222159
888239
-785216
-102009
-130308
712740
-251871
696188
736984
155021
272311
104239
-484333
-71094
362648
-806208
-631580
611501
500996
479411
924779
318071
715851
709081
114103
354078
232931
-9665
-872051
-563208
484419
350109
-674970
699204
-751900
194723
411944
-3770
-109090
148928
-848749
-836780
-746834
-333082
92127
615814
-139290
460548
227314
-638294
-60042
152093
679778
-344191
-138827
-206119
-990114
-905897
784216
-862164
-469104
268634
487946
-144074
-32162
736046
-949352
-620219
-267725
-58441
528709
-116474
104779
781875
550445
-803094
397689
-588846
657454
-374997
-227139
-402588
777096
-547362
253221
-361731
246519
263108
-267628
30734
400944
263268
-700632
-111111
-880806
267207
-375065
-830157
646988
357211
111402
175696
-759263
-783819
-42429
791182
-586912
-644741
-797665
-929459
-19737
-24803
-332047
-242642
427835
921175
395628
-325646
184282
-872001
705089
-414774
391268
-995543
474116
510463
271664
-900950
680306
-81349
456261
-208292
-905653
696999
7889
51918
488180
420978
407178
690516
491519
-612559
-334288
-840528
144800
-906453
-919354
-459573
-232099
264929
-331573
-527011
850155
-940305
-522553
324270
570158
749111
423320
250463
-332239
-120419
-957830
-237891
-423420
50060
814028
-935241
-528963
221206
755275
962557
608647
-579013
-877972
-246554
-485466
-797325
293874
282436
467604
962301
755425
317758
-978005
-767129
-357973
592153
981983
-934653
-157384
-350256
-55071
-115213
411853
521509
934848
225880
586269
-594115
-552914
341544
-631559
-944268
762531
-509530
-190821
-722935
-306855
-896948
559501
-839251
-934647
314926
478508
-912651
547798
-879465
679502
529780
-814117
-477882
-820477
130812
406905
591377
-347679
341753
-182743
-761410
747638
264343
580134
-883921
320075
342665
-393450
-870746
619730
299696
-767694
179230
460445
-702340
-505844
-61048
-614991
-958047
59487
-935490
571733
245370
-413371
751257
-623818
993535
342633
28504
335287
-840111
267094
82924
424232
-152772
199004
-255693
-810108
805554
-126439
809623
105249
105867
-11147
-434307
403527
483009
504646
788537
524962
-435867
853047
96695
809503
-560324
-152049
-814315
-566790
-809416
214190
768497
-649527
-518717
-148579
774705
328512
-949576
-480988
518405
855978
392573
328028
-38773
-501560
-683120
526921
901968
799890
31566
690504
324852
595699
543551
-578454
405202
983227
269498
590888
-583564
460082
-194923
-815067
810555
286361
36354
585260
-385127
86779
-895729
-866723
-57243
496845
461305
903984
995285
778186
430904
897252
578075
-537530
587755
-97074
-941831
131305
324473
463372
114531
-406030
54259
530968
-945948
859337
715901
864608
145697
-247745
449868
760571
839034
554139
893848
-218210
50984
355153
-314227
46268
133339
-883323
-56481
-288587
-420853
-468727
614340
-362684
662579
-61187
-899312
-222890
532783
154947
-691923
586836
14283
-976022
451443
-840020
-223767
-98690
920551
-384734
-544551
814399
397056
506433
169552
-917171
-447300
-697110
-800493
496219
14303
-221346
-972508
-371357
415971
690071
567456
516659
-532819
100239
-328394
-224742
-312926
685890
-200764
-861483
845870
575470
39827
766421
-809265
495276
580820
587792
1709
-249629
670621
554409
53261
870129
50628
-932436
-351218
78121
-303793
-935247
-231808
-736337
581413
235373
363902
-746982
-989369
-949024
938908
-190133
-810507
784778
-614664
229321
551199
-423928
-275404
132018
-836137
726306
882389
834485
280714
-64350
704613
-668658
3214
-646605
409464
699422
-581851
-822345
963085
999562
413029
326987
-747421
423660
377963
-808513
-766473
567457
976265
-381136
-203223
527463
194936
521374
-340519
358800
247679
-458131
193285
-471607
477519
-102103
-140264
-519267
251293
-730801
-819846
669442
-553145
-856762
669003
859884
470226
921583
283543
-151811
-886931
517071
-584355
-910666
-864066
212423
616798
330870
-266204
-723722
-310331
981476
-181852
882954
-490131
-704333
-219149
369605
-223600
-967857
638805
-43446
701586
-914341
99793
370589
945544
-429981
292171
229087
418208
405241
-253843
833853
494575
-117909
46276
111373
-787040
780072
387651
-97370
761548
-794201
-214416
-728584
-498534
566435
641022
277867
598579
279826
-765579
300165
365485
334214
-329247
311029
904233
962925
-459885
322441
368165
286272
156293
-137260
-831638
-797432
974113
-618677
982641
361764
283954
744189
567563
-930463
-984396
-930971
635973
656626
346896
234552
-63549
581317
-465284
-698064
-84469
205470
612966
-180236
168394
-846920
-857796
-463442
439353
298498
399298
607716
501067
373410
989039
483707
-264826
272993
227896
-697264
342530
243500
-628235
-21497
-99874
718662
-786946
836578
299978
-252229
-861486
-784491
953241
751480
35273
121634
904560
177477
658192
343912
-524025
57490
-48373
977042
-569100
-59334
460749
166074
-786342
-311356
468810
556189
932144
840576
-465309
-167730
559238
-252255
-331153
-140785
495517
-192639
74724
448757
-441160
-890003
-429610
-536600
287474
-771418
807313
763450
286072
-241061
740491
716972
699606
201239
-116955
913265
889884
-648145
469453
822028
-807569
-995856
-345703
751669
-248110
323144
-389116
-752594
-869496
685608
696163
-310655
795606
-733447
152745
83080
-504865
-39943
-153471
781208
718997
-412981
498179
418603
788259
-618776
331867
678142
-266920
-198680
500169
-74489
-194536
-845534
-322820
557355
477610
288064
804761
608115
-26328
500924
-702541
-230723
767477
450205
852357
-737389
-589739
-301115
-956182
-870742
285905
541998
547861
74163
923223
-120272
-247695
-343698
681049
-747526
581814
-513488
-593060
-741007
-956133
884551
547057
848628
492665
-479272
349552
790125
290005
117028
240329
142362
379640
650591
841247
423459
779849
127151
-34543
327710
-798687
-111321
-792562
-46381
544981
888487
206093
126794
-625001
613033
385787
-581134
497583
-67156
-732506
-9752
453572
617046
-219628
-256423
-265926
-979300
885939
-886287
671292
727185
537173
451141
-145664
-497371
-221150
55650
391308
-13712
-990732
-63711
-125225
215361
-936918
249774
-171606
448870
668640
-674024
-618287
936135
316225
835286
553180
-903404
-421138
-712747
-882703
-535200
-599033
788589
-808015
938140
239729
46321
-559231
-981421
-898030
832077
4868
-888762
-231634
879643
326600
-168551
129416
-845007
-719682
-201944
-519030
-337968
-265810
797195
-502683
-712631
893791
76180
-425377
-988912
540981
-24409
799677
732966
-86269
39406
-220713
354500
57985
-118742
186577
-937148
-7504
954943
942496
-680904
-213609
71911
-525911
66710
869967
-44941
728743
-395843
-247746
-773940
-108473
-353955
302240
466150
-342867
-156780
-558259
-543190
-423814
355472
496216
355474
-290028
-445799
-763269
896549
-382946
229227
851492
-440451
548324
-362117
631461
-977588
704593
501428
-22528
433335
-894416
729726
659395
-2889
-624230
-38365
-536739
32904
804856
-94998
489714
-618958
-739526
-14070
736516
-29554
540131
973247
-133005
-842815
202474
-281513
-283265
-249203
356370
-651805
-226790
60963
849624
750682
-505702
955208
480408
-846307
-47682
856178
115328
415580
-110918
-79816
-679418
-621205
301226
-418944
364725
37741
551503
-95144
10987
-581502
62042
-786540
136985
778777
-35742
-506645
-873028
737468
554318
976596
488149
-951385
931804
-31444
-797692
-115878
-175266
317637
-700299
713816
-762180
-379717
-907389
539046
201340
457337
-423213
-247157
-637807
587774
171341
424235
801235
-691674
203012
-234508
-198319
329984
-497041
-644001
306580
991109
-595385
238383
-40335
-393076
-877496
784399
924561
-577794
498215
-837619
42490
590827
701428
-756171
48163
-721786
-3328
410357
865988
-831987
-165409
667223
-523661
-962398
-567286
278021
367587
-64326
634021
-325833
-73218
-961365
912551
886447
-354440
-964945
670846
-429880
-542739
169061
-267498
499751
-240113
-566071
743581
808051
-287856
-259747
218407
-421868
-91734
-947002
-754646
384606
-909399
-321931
-337373
458188
613743
-703353
-867645
-459475
-664717
-955095
-573028
-19157
-920040
-902182
550964
-462778
266879
-716535
-963028
-973234
-282605
780554
834818
429539
-479194
53224
-992330
429072
106222
-746975
-186322
196824
-68906
476305
-344988
-455163
772953
-212633
85362
-891764
-167728
512335
89079
-87767
610153
-359957
449455
-122968
-76491
486428
-96201
640904
266981
-261384
70443
787787
791841
78114
216859
-101937
331139
-969464
-905114
-737768
506842
-250102
-192931
279795
537266
892432
388031
-630463
404767
-522890
281771
14920
117153
-268775
891953
-959339
-782348
-204249
681566
484633
534368
-247992
272420
326209
830122
-510722
-775728
161260
-480185
-680842
423493
-973344
69057
-769438
306451
-393677
-877006
-305518
-24139
527761
171592
-742369
-457320
-711256
-11144
-565368
-670594
206509
230384
-989029
-308859
-235248
-237020
963562
-909039
-406898
-547161
-684767
754362
-27345
-365608
177855
-688
703450
408417
-694237
-690228
531411
245
285633
59172
-828164
543264
601852
-539419
-467880
-963516
-210013
738629
266869
-199041
-570230
-968379
563939
-606669
-877418
-842959
-153829
-562185
911404
818826
72207
89258
-181863
-224344
-502325
123900
85428
-970915
-875855
-628940
88258
-704019
914325
-309891
-243437
-553556
-273406
546551
-814927
993464
-652490
-385157
-974916
911450
8174
-852334
-931510
854345
-414518
979894
673171
657689
69151
-508693
-566655
566826
615208
518773
595912
739353
889834
-315831
-964666
804159
374279
-208102
-749397
-899127
-661552
-564324
-905664
-314042
50519
-880579
-402593
-941307
-732912
-334102
913039
-147430
-354209
586209
-489741
714942
-922484
-56396
281768
692725
-537623
-122320
432077
-647790
561850
467412
-843631
-63871
-740690
-593028
37002
-402242
-157352
131339
283717
893168
250761
881125
951861
517849
-452978
864899
-629581
192814
451107
-119322
-92244
528624
824282
-810476
221348
-713342
67204
-346575
-361131
-370946
-879164
-204762
565183
-619854
202211
-397815
-22095
-955142
733525
-738378
938026
-15715
-857253
889886
-497866
-310230
754785
-127447
882584
205891
753231
-209661
-265485
577513
-20137
955863
864171
-952933
-390713
-496960
-323879
-269876
298278
-758697
110271
-499511
-156511
-911825
-454653
-422987
-650202
-516627
561299
-507455
-626741
-936567
182316
-871957
-64013
64899
333935
-310782
855239
-931551
-733270
-164899
-975689
-869099
-117831
-366401
-366059
558290
363723
932220
799594
-526007
-567292
-356917
-437831
-21944
220096
-88033
461429
-218605
404513
834689
-155172
-413172
962733
780816
651727
296667
-529967
506966
365117
-263237
-657933
389429
-132336
224236
-976973
501606
-217474
386750
433825
-417881
860744
866534
225202
-577088
-155411
-554702
334879
-693983
226694
-260608
-859294
-928478
326220
-896562
852338
-22053
400105
-677630
-515088
-234778
59134
-173021
-845349
926799
-948786
-822322
428404
-166260
564429
-137771
415860
425173
-271238
-358938
848085
573351
86361
182964
879369
-686945
922356
-979926
-615423
248575
-876488
-763085
-773479
523618
-440714
-288566
-711160
618420
538413
-556509
545219
589628
-378830
-26377
-576633
-814401
835852
839228
610772
-435386
-519710
458857
-862035
566651
-358180
-982667
879706
-435825
-962592
-735717
812751
-839079
-498802
-960729
684540
60484
-249294
973381
-321097
-710882
-583129
-775878
878746
38042
197745
-697887
223642
33597
-858659
-165586
598211
-378369
-706730
736176
-811719
-64910
753510
-932013
499266
790919
-667730
312016
951840
-166532
351288
636380
893953
-898007
609760
-427144
-608889
-973369
-203022
-730143
64673
994723
-428029
-711686
28319
-286688
122728
-373470
334943
415999
-637295
523225
-648912
-883785
591213
850354
907134
923483
162369
858974
-243049
-486343
495353
-349097
-384350
105113
223760
6761
131744
-979263
276619
-803584
-984541
848590
-515269
43779
-438099
607460
670309
896845
23458
-966986
420069
374547
-850771
11281
224901
-943637
-65236
-612730
915337
691716
-99073
410690
-657381
516577
-484198
566379
-476662
647546
587116
799957
843963
602576
648546
-671306
-353645
-789554
936154
-683337
-892709
-40388
-650322
527360
-665842
-501092
-461359
559059
-444729
473405
946330
-529392
165121
-152744
881299
507740
-636168
-602900
74118
-112830
-955354
-338767
-312874
888610
-736191
-664328
-782697
-89836
-453881
-846543
226828
-346590
113070
576506
-819231
447228
-924587
-280589
6287
-369315
-807184
-47383
101294
357937
799873
-17408
-134324
-836296
379693
939794
50875
424339
-398973
738002
312949
-135164
-926327
530253
775001
-380207
683710
1828
273203
-203221
-421667
453973
-755993
-346253
-826617
250295
284433
-633801
-797089
-614274
724137
-997216
368318
-410188
-833511
-251990
-470394
217364
-827651
130633
-44634
485298
995470
29040
15551
770470
648833
-300740
-227702
-77965
496040
350632
-623993
740048
-995622
-450610
-9657
288811
-84410
193255
674538
-360274
196039
42855
229539
362528
790865
759145
-420108
963215
-110222
535258
448513
-114752
-435703
-535937
-344283
-786870
163323
428016
135165
-340637
-221353
511173
-600589
-216975
-939438
389754
-928164
-23847
-416991
746374
615879
779048
-210771
-154583
141575
-419906
-395438
721467
-456692
494340
256725
991821
-620413
821023
-544117
35305
-965848
619207
-536680
169318
-721430
241967
-319510
-322019
-975008
-258947
-932265
-903171
717206
-349256
843204
333085
-570208
-367567
-821498
571367
212527
-216936
292834
755835
-722596
-450441
747656
-343009
-629419
-796461
692297
-595266
822746
-844383
574052
-898684
397585
-745459
-220702
422577
-4406
-152966
519407
-287200
497779
362611
-954116
927571
995044
-775614
498937
207570
7451
-208229
-36595
284855
341330
-288939
941847
711912
-85400
634144
-883355
-262654
789761
690697
-161338
187345
945239
617961
-390078
-59168
-535006
-870671
653633
962773
491940
699517
890343
486983
923904
389280
-305447
-68645
-818949
657959
-783791
522382
-630981
-841944
234293
283620
792200
350939
-979035
581960
41635
-140372
-230695
-13127
-522412
379227
927706
-57417
508556
581339
-94645
496
280855
-204302
-512521
204759
-815022
182032
-863886
-633971
-160009
-647676
888411
209010
-489620
122704
-507370
-697420
-526358
-486405
884540
515278
373224
-346155
-497850
850812
-966929
-570144
-206605
541628
-988806
698751
-457877
292050
-505552
29603
-503191
-320574
-788365
-367077
45456
51626
-14753
-66133
-739364
495628
-943430
-246734
798208
-469787
266862
682748
-954510
-359915
-663408
-452359
-509103
-630336
-22502
284292
911292
-11308
-16958
-546585
-719258
477490
483018
-222448
-843084
694654
410475
202373
-253721
-604278
-863761
6916
891350
-807190
760182
689558
-276976
27044
372305
-231486
667129
708897
316155
-841975
-921440
-706348
442317
989853
282345
-574642
-556733
563088
902849
926286
-659361
-940235
620939
751115
262139
-632782
-853163
398378
374135
-961813
591189
134317
727745
-685788
-838640
100049
82727
828489
-191055
-601118
986515
-112495
-307466
428831
-122643
974880
854190
320625
537968
757039
246911
878607
816804
-132150
629722
78942
235069
776559
-522680
-390797
814746
-931491
743520
542490
-617278
904880
-357462
465449
733369
451484
864331
719883
-661011
-443135
148713
216346
-468255
2903
-463029
-930288
-240059
783882
948320
-423255
-348269
578041
655688
886800
354600
-866992
-503997
169345
-798482
-760478
-288165
-415760
-855599
354374
-950311
877771
-194143
914021
597653
144846
-529115
-253634
-638808
2630
749269
-101837
72343
-490790
-317955
20662
85956
333777
-401298
-258356
220577
953302
-125348
716580
122647
76171
956102
834483
660411
-899497
188856
710101
978275
994714
624121
575927
139560
-904995
-677708
500752
97636
-928439
-601085
-830022
-419228
80961
190640
666728
-585263
789343
-591629
635314
742645
283024
351894
-134709
-640806
307996
-300227
-980395
408500
888630
729706
386774
883343
353826
-37300
22902
448832
284993
-476346
-453532
356555
-77431
-283554
937327
-996471
907087
604055
-581733
696430
-987575
-946419
439074
295450
405475
-695636
654645
-286529
4138
674250
-878030
-107233
403955
508744
-223891
-242219
-528556
799012
-793387
756438
-677335
-246919
112992
245235
469528
50318
248765
376614
-345627
667032
73043
-333201
720613
-487883
962249
126088
-183518
616893
839559
820620
291143
961530
-286614
-304903
470274
489496
452879
941719
288507
659492
698156
611173
-587428
-188853
-143593
882100
861466
-894829
258714
-484162
772204
-668243
182637
492817
-156126
144886
-381096
660356
-238221
-541537
480976
-947079
-580007
-805638
-251981
890267
683858
-799103
831985
-27635
860390
530140
-416462
-727038
-658713
439945
-844938
-797248
545117
413776
-281409
317320
745534
901229
-189863
-410592
46114
429041
-750236
807893
887505
730740
860815
-692503
925102
-391167
-802237
608960
-190269
-970252
-418676
-329880
559888
164863
-56918
901176
-395192
98144
-896072
-850076
-488080
-177481
467245
-742546
-276252
-722619
-153138
769863
706423
96626
577755
593928
-172635
438570
901425
-247533
-952598
-900812
-638574
-142867
-871064
-57249
527254
688825
-892387
-529665
590000
-287579
568480
693929
-137654
-919601
-483553
-670410
-662146
240196
-393028
184716
10058
-686605
-718659
-412187
907323
108707
-973618
808747
861174
-926216
907936
-777401
-69082
-963128
165351
-541829
725697
272964
-71493
315697
985385
-503014
9625
-152269
-422614
526073
177322
-84760
-233732
784294
-900045
776327
-902311
-618703
-635861
-994989
490005
-609479
813759
351178
-535694
721694
573778
395224
758567
-260872
853396
484263
-987908
-218098
-200040
997478
278888
809586
-154792
856275
335659
-977471
-228486
-898073
806824
-128530
878254
904513
252768
-757608
909525
-257228
-367087
723283
-906051
97219
444977
667728
-507557
203543
-593144
-654162
-312194
-581052
127741
487766
-583575
-593372
297352
261633
-737098
-366990
284163
34417
-265063
90986
905887
-386810
-4502
158654
-144418
-94978
901426
488496
-371695
995376
-414285
-926718
663104
78158
276826
-930041
423997
964632
-511092
-448263
452398
-94667
-41634
-250251
-833034
221269
382760
451130
-744315
-882304
-457885
-838429
-269114
537614
320226
586469
-557365
221651
74964
70941
217027
660679
144224
-119870
-261163
-578951
-49910
-837166
-614319
438998
-285429
838080
-655669
672938
-412171
-488702
-105794
970589
962428
149891
-911716
-495458
311462
-180829
-957845
-368312
-594361
-515209
853339
480603
555733
70366
141282
-300044
950497
880119
121006
-99414
-957048
506687
-660416
-242476
344766
-316084
-569539
932596
195214
324667
903184
157642
-525443
991468
662185
786020
-189362
704341
-582293
216278
-810868
-728954
-303120
744865
341413
838162
-555179
291909
718281
565827
-807505
761233
72514
-467920
-481244
-582720
215996
-50782
-650125
-588790
-726116
-746942
568852
-251558
-755474
231037
-465539
55165
-64623
-47831
-728558
124509
223216
-31677
-130626
-435372
-193516
314196
856538
-475236
-119977
-950968
-714003
952538
-418888
-195246
-630183
797108
753972
-280307
-791682
-972145
-27248
777170
-223703
217278
8206
310759
-727557
943584
-737072
-456115
68093
486144
512209
937468
-949229
-681308
251663
907309
-156543
-868315
956342
129455
-915778
-462547
934209
-545960
-665439
688180
173734
-457121
716036
-853515
-679951
-507668
363764
328256
803092
636207
271840
-933981
-819908
-660068
552164
692301
-722601
602936
-989007
529062
510245
-145549
660748
466586
983906
744971
-995961
918114
-800989
-661399
606294
372745
-118520
322329
519230
201530
814662
-117006
-470214
617753
-480799
801626
683773
-300706
-858442
235936
-608406
-581043
-161128
-597412
948020
-650884
257040
608768
815702
240945
353739
819742
159059
552750
-841658
-234648
-74506
39823
-912320
-555276
-758648
902342
327718
-228861
520095
846920
-427236
203867
-453787
-285677
-560197
-62192
133281
278675
340396
81300
627792
-402565
-309932
443493
838381
-956194
263234
-2560
596556
421576
762792
-477950
-538602
850473
-33226
-297249
752814
-705508
473890
272909
-858589
-953346
-523224
-312376
-239022
-83421
625432
894259
-804746
-34172
-24442
823046
563264
665627
266539
401645
709433
-470227
-600916
305988
951350
-838125
828038
-587252
-987653
-205188
115500
765162
89305
-410610
38070
230716
-363955
514846
918341
397023
-568575
543773
291281
-373320
-490399
-733161
-550274
-927135
932466
716265
474510
641898
-753962
873594
-52114
-802613
-964531
-224076
-389864
-952183
570736
725636
812980
-339959
-684975
-148951
890757
-48930
-634105
809098
-651908
-202680
352871
639373
424001
862472
906213
873727
935337
838678
589992
409847
480576
836031
283441
-571539
-966583
318910
204385
-356446
366728
-224879
-630811
179707
435162
-315786
-969245
325919
635284
-603349
135017
983377
193972
-512113
622750
-382028
-649641
528962
-508301
-714304
367640
-918310
695543
-151785
917721
-21016
276676
951139
-702107
-518939
-405308
664622
256182
-36118
-155672
-308656
648096
-124916
-982738
283380
271735
152279
266757
-534294
640167
-110494
83679
990527
-581532
575378
-723778
786108
657069
971766
-365678
574789
-49251
910999
525928
248643
-607941
-879380
-86736
648242
84502
757592
-660414
-267403
-367325
-643152
-984023
904411
509128
282734
-629883
149295
-827761
453796
139821
-409293
29173
416044
-623185
-313759
387809
11137
-738970
-661442
-77865
786959
587201
314195
907579
-499536
-37563
-7920
-741944
302023
724678
-109268
658872
740655
-204858
167999
23388
165259
-682706
195628
-380946
457115
786336
648228
-126842
-836850
-665531
-739033
174288
-404500
-400475
-903578
-617542
-813275
410618
-709964
-312810
-626946
282116
-54754
675077
6793
835979
333949
-252552
-368880
-498053
770836
796380
-180758
-33536
-584567
-723643
-247200
-936339
149516
-84050
-601870
410483
-909763
-6370
-989993
-813340
376088
-803267
597279
666125
-116076
970333
-51760
829171
645410
955034
665149
-20642
-297519
-703731
481306
-526683
-907352
-699452
439781
-491918
-423095
-807420
-428257
726421
108531
-30126
136903
198769
963505
146911
385430
339592
343645
-17292
5717
-772432
-46959
953957
-943261
-401549
908991
721888
577810
-388529
-981844
59116
84788
-889195
359664
-475431
-381113
936569
-282850
190630
662989
825682
-839497
-200108
24450
-875992
946803
-590120
463601
290448
392588
-530683
518017
-654371
-576726
574756
-55920
-667736
296644
-478111
-56265
314801
581005
-971477
425606
-59331
-446907
-955508
-122763
270243
235123
-459775
95924
395627
340118
-879626
519635
286920
-469746
-16765
-422632
922843
452552
-904616
-731529
875826
670141
212552
-791911
-33216
734442
151825
-718415
315447
180349
707191
-743885
733442
751684
133352
3685
-13194
673578
-900391
-617568
13695
-780017
902067
-699385
-249762
-114698
-122017
-326920
-662147
-26632
-58448
-786321
-356492
-845896
-578232
610293
888546
573594
891878
203992
-246058
599068
460108
-512617
350751
-406541
491068
-662443
-732963
590678
-280011
280732
810661
-377944
581347
-439101
507358
-540670
233980
845212
432698
-824469
-941110
-923794
-670364
-519341
686499
-781819
-945748
578376
422174
-191806
177444
-117719
295578
-471806
475741
-213354
-134248
742778
-622677
585741
23510
-812016
-792203
-395144
-251117
715156
64187
982863
560368
-503115
-841606
619258
-426909
-511970
-900084
-740411
-293788
-845831
837966
-871614
-37636
15409
10668
-742059
543603
-513592
44587
-590646
-770814
421911
995096
252696
609895
-797107
857553
-641223
918050
-78261
-658360
478417
418625
-499965
97674
991716
-11935
197591
-748695
694278
351760
-910730
822665
-685877
104679
-166668
-427935
-351718
319740
616653
57637
548926
38563
52733
-198378
-351542
255626
-340826
7236
173676
580914
348876
-347908
-462
848911
749767
-8747
-163024
-52643
242559
-468746
-700883
331829
-646082
-386759
-563492
187250
185307
84790
-493010
-198041
-857573
-944084
840523
195160
-142462
-511020
-549214
516712
496216
624462
97625
-154908
-723446
-902838
-305998
-973680
88416
530979
-26322
-669026
-937768
272796
662804
-583850
886037
-900689
603401
71344
184102
-889610
873303
326529
-833694
713826
-478312
23844
-797195
-27525
-459444
699022
-403064
638181
-455887
-126510
735344
238116
-100189
-176240
-230906
873489
154735
-168673
146284
-182462
247478
32321
-83150
-149122
-896336
-899049
-38732
976968
427480
127575
690793
949168
-848581
893599
-78357
-308025
592620
518579
-669844
-863267
-607931
-934500
374849
291880
-110740
-856057
165368
-956006
-24730
-688348
-138467
-777252
343973
778383
73626
447637
879334
-965106
424604
306813
162470
115397
255981
313889
8995
-822377
-994137
-398385
696203
-663980
-261652
-911728
-598480
-886803
380153
290780
-742860
-454479
334775
232411
-142827
-803692
455159
-798855
974691
-471215
648783
854024
-436321
73387
160837
726150
-811217
-583182
40038
197778
-405559
45902
799393
-709356
381922
-462259
-621084
783442
-349062
759069
74222
-91921
-695411
-591003
-859511
161763
-394695
595649
362908
-420005
-875567
11690
-565981
-311887
-914924
594856
-585738
-726140
-988327
454300
471638
-393885
-499799
271031
-103240
882124
808773
275676
665565
-540290
34745
-260213
367789
339335
148784
508279
-498903
754089
103927
864006
-665916
228360
-124304
-231897
916474
-39227
-637041
-669265
234633
-625367
785036
-293729
-19252
-714764
977303
877509
-832640
786075
153184
832926
-754215
-812071
-427288
613574
527265
721497
121853
-971639
475585
-774220
892367
809669
454141
-231938
-422228
370614
728835
-59269
701349
-36532
315364
486384
669739
-703888
771621
647041
-826380
938981
433115
326805
771906
678900
514735
-655382
292474
41999
-933886
-585673
70360
541700
-359893
-37273
351368
-905753
730790
929140
464861
459625
-130129
166209
-576908
-814765
-347407
-907170
-518653
-575787
739872
-345032
-636806
172986
981773
-864900
-148114
496507
-520281
-855640
-461494
-454167
-441313
608866
-912468
198794
-428407
438901
293041
-697617
368041
-242099
762008
-762089
924111
-814900
-576854
-423296
-722069
-95506
918
-982198
559462
364113
190789
541235
499213
-957326
37742
978932
-812966
576248
-475235
-254279
185114
-387703
944516
756707
-948803
237556
-940911
419238
995458
821098
657150
919569
-993803
-919704
-503728
-715871
-15210
497191
-698069
-455749
-138697
492720
-914515
-639485
535395
123228
-660553
722430
-300525
-135788
-531850
884589
476510
-587334
641296
527707
650222
700386
-53055
645680
521484
-395906
565249
527681
-315610
-938479
811810
669181
558712
-886259
-786569
-579986
606462
-701083
-219470
141856
422145
119977
-135715
-878380
984190
332436
-993792
460699
745102
647505
-11595
395324
347890
935351
41004
-130626
-460555
-393748
-602946
223836
-332227
-791136
-106984
-773515
-677394
106448
-353501
929068
405365
427029
70924
-172490
-452994
935209
-50870
-468805
267645
-44661
991895
12747
-397156
-19700
-591929
950735
-84350
449075
-179892
455095
-944673
217163
-321069
-276899
426028
571947
-50414
748634
-321606
596086
677702
-916241
23115
-251375
-88731
570121
-316166
860400
-898684
951479
-184261
-906790
-35774
418583
73511
372297
369317
989161
-178629
-810576
444256
-123301
406588
-876814
599800
-167385
695134
-450614
-418752
-626473
-854529
-741050
-542714
168586
7575
368556
-261293
691409
228956
-159977
642888
-955306
-66766
-392886
463278
-993256
979411
-167405
995906
-199218
22020
440161
677481
-571393
563348
277281
261222
258481
826667
842470
632008
972138
-898581
-910706
140723
108995
457851
879431
-199596
-313194
-280547
-556708
-268499
652688
50406
-805222
659432
29816
27374
655337
830599
-950607
95498
508080
-522000
-341154
-214640
739222
917327
-387973
581692
549335
-415836
683112
638630
724888
-207894
96480
604318
592510
783287
-676229
-964198
-485212
976459
86208
-290434
635891
-883976
736941
291228
946623
786334
-613274
454702
-735667
45572
-759938
-996446
-37101
-147911
585246
-487767
436254
268357
-849137
161141
-939537
247343
-234541
652973
30630
89231
688776
545418
65689
-225017
-745016
-298421
-108993
991925
992808
-162370
778258
-620467
-707668
-957410
425105
-467605
-953855
-611997
384484
631391
-99763
-179263
-100252
51100
981879
-39789
-701557
-252662
-386816
329073
836569
-698041
-125509
-97742
76943
129475
603838
967951
121399
596645
-194420
-100343
976178
97913
-57752
401283
630308
-11607
789286
14791
-380216
-310478
835529
519533
740623
817408
-520256
-960935
-435254
92929
368139
-598686
394888
-757371
303572
-528169
372105
-92591
-560219
-506496
-495947
245361
393161
-519769
-656727
-664591
881514
973582
323802
670800
-11628
943587
-639678
-176099
463119
-899056
-358691
942863
-859990
206055
35791
508149
607369
-569321
750779
-89059
-97490
122883
818351
342292
616387
-677597
-412348
9548
-197365
-69074
344957
-315852
-95493
-331241
-645053
892880
-387655
-284730
-283219
-924537
-183786
358090
-981674
-43776
-435856
54117
-535627
-828487
484797
-784849
