-662060
-942825
545621
-270700
-524321
-24839
-495970
15813
-274880
703750
-410987
-48053
225093
-544651
361585
-820498
271877
890072
51925
913575
825360
-413469
-317132
122803
493771
-536172
-871206
153372
137934
179365
721892
475874
236540
267513
-794826
712219
-757326
-290795
-271968
-32206
-587046
317045
919742
638047
772395
281326
817550
44272
171398
-130525
-42154
-3242
456006
640715
-880439
-50223
-895458
-751645
-896852
242476
427720
825041
-281650
-335741
92554
-76475
-623522
335228
632730
104510
-696978
-954317
-578446
-777237
683731
-806052
504089
501280
238220
-324513
-629246
-803935
672246
826761
836780
791807
-223463
941322
-959839
-120315
183798
467882
-295274
902149
-867859
797281
-174327
-491381
132508
-541598
613129
435530
-495914
-965318
658293
-812184
-771370
162382
689097
466851
837870
-940149
662916
510115
886612
499696
301921
-336851
441018
342083
542834
-375184
-190036
-752440
-473036
-57895
-955160
352637
450725
177349
811040
63853
-387122
-684874
98535
-728829
-497058
327166
433554
-807961
-205983
271423
-748110
-543067
-218462
-861498
956629
-916541
-198349
397647
425542
-655515
-977538
-764494
-407955
-450574
177612
-363114
902064
-371664
814235
713103
692190
-572887
-971772
-209276
-301715
-468829
-882110
-868162
-276790
-88093
403262
-24900
368840
-815201
113603
325469
-731742
915254
-276885
693801
-740262
-254423
929308
-148216
295004
106919
488670
197067
735256
302905
-89830
427445
730018
-61601
-781831
-571698
469570
-663941
-439859
-807220
247967
963403
167881
-383193
-851798
-718517
942277
-583539
-803264
-334609
-889739
-543526
410969
-960432
308258
-294027
146488
-203072
903040
-118257
-900168
-186791
-690813
829851
751608
-472643
-741848
221178
-136583
-181706
413958
-888617
-218303
-418161
-271809
-70101
-136678
-329533
346360
60059
335859
456622
516533
-253172
496191
-175209
452801
-357322
621720
355840
524422
721552
-830951
833610
551402
920658
-639034
809555
141836
224383
-372152
-444207
335767
409545
137633
-936043
-660556
-999046
-265576
685805
61013
-929717
142427
-422454
-182889
-361383
402338
-730089
281295
24057
625752
-194284
-254391
794801
-360675
-702989
715458
292
-893435
-142707
-775326
-265586
413087
560441
-856041
-449281
624398
-516597
-448326
-641178
-830792
612687
-570895
311635
-809767
246217
950252
592571
516128
231547
-383373
141879
-962737
362237
-63321
-323411
659248
-347863
676881
765813
509431
901555
-499773
-77482
461995
-355814
473238
86393
127590
-975089
445216
296798
637598
874322
-391567
827831
120538
-441315
420402
-363335
790232
-962971
778544
827496
399266
-284777
-495916
58513
367361
-819036
-175674
-123208
-917481
324553
799310
544515
968739
272547
-369093
96329
297458
-923878
-606874
-64944
950444
1560
-237113
70982
560245
-816712
707647
350477
-779683
486191
177972
619583
-798586
682056
-321904
568775
863021
502422
-554434
945540
-173026
-755125
490054
-204287
517423
-879039
892042
-185120
-802916
-714832
749937
-852472
286728
-487177
218510
-153027
-303888
-73844
-802551
-83571
-587653
375422
-463988
-386239
57478
214108
-817465
-79502
-283470
-371898
-133962
543504
-127022
-643909
-660784
-609600
-522947
-768742
205281
-325863
-483574
-44783
-178335
803155
468041
-959826
-349873
-835848
-33670
-152423
80582
378678
-777001
616594
992439
280477
-169298
-825026
-799025
547232
-196924
67013
90736
676055
423105
429953
-933545
900158
661211
271737
-425705
-822363
-773047
395960
980792
694995
436134
-369082
859147
-597536
478496
-60272
781142
701495
-443678
773580
-18028
387024
948554
182947
-65744
-248370
-750040
-975008
-572315
673066
454945
-505860
573224
116156
765877
-852482
293793
992831
543478
274584
687825
-20388
905503
546972
382076
383998
-513301
163218
85493
43022
-63202
-932536
-569954
-114648
250412
364302
636982
500373
389294
-935333
173438
-155761
-441193
-253338
960395
-675316
-105819
254187
-682485
-562342
-471229
-994660
417271
-565727
552312
-200654
818272
-960989
962565
-96236
82033
-100638
-28771
512079
784714
-778360
-123619
421695
722014
-734325
486363
-104548
109914
-954830
642114
70308
-630146
-463706
-675505
-312630
-26047
-146734
-307290
-608777
287540
-754979
190570
105811
-715967
153134
-990425
366067
-947505
-19195
-121854
837209
202445
754527
258904
-75541
-979799
-254734
819911
130116
-209564
462024
-799576
160291
998319
-475081
847661
-27729
378186
-459629
363495
-334274
-214607
-445936
771538
69426
707199
781113
-564508
759694
-238083
313638
596903
964363
68165
-144194
-111179
88367
601073
-291268
-781518
-608491
-829245
-581094
551801
-830926
-56174
399462
141345
-677988
939833
-495160
-12262
-274775
58904
-240725
794651
-233898
-459612
-769857
-474204
302305
543781
-877302
266668
-388054
-21495
-844511
700313
-420422
-135779
918795
-28913
34977
-662299
-477112
204051
281527
922350
-654604
603539
862182
-149764
-408723
-412593
909141
350552
-617943
-324757
890940
-387800
201040
193245
-844019
323738
-540087
-232073
-697757
-384598
-531760
-118179
479624
-612966
852909
-485399
-275264
-624203
718652
-993738
-701854
-935952
609802
-839672
-85716
-798922
-252265
-176575
551631
129793
498668
442570
741994
-300293
-364185
897976
-976555
95728
-334098
-674311
711131
134143
207511
190755
521177
60420
705356
-754088
436217
424007
-747825
734363
488056
861978
894692
-597661
-936945
-357574
225765
614687
772219
-275567
57256
514213
424141
693072
412188
447586
-211201
-921910
773276
-500071
212233
-19214
690685
-266590
-958795
396040
-20678
477422
-179953
231498
211785
-691898
93475
106477
-289559
156531
748903
936207
-228783
521122
-339361
828474
35334
-915221
521545
-552478
532366
-689656
-474388
305641
-189726
737845
-713573
-499042
-528746
-672367
896998
450577
805056
-282956
-317926
16840
25146
775550
-876683
735588
-67919
872221
671794
703299
393342
-667567
531772
-571324
-582787
53317
-123801
949579
363661
401811
255220
-826066
139655
541648
-325107
610910
869281
-428110
61486
674336
288935
743561
-308824
-685920
519111
-185507
-950332
-548809
-313287
721462
-845511
-919945
-946105
686262
-491268
-528892
-260422
384931
-579314
-896761
-213259
675907
-722826
926397
217554
-47933
537306
86835
523957
-401208
-238830
-187109
-657647
452346
126972
861464
-733161
176640
-687345
-46448
-101898
-532856
33607
-48003
-846594
542340
423105
-107016
-72730
843792
-3777
714011
519699
273397
640408
-262747
-774536
177714
824088
749421
776506
-414743
-437688
-881141
-962397
689285
980323
-695558
-134076
-707022
257995
764026
-239877
-708398
-283977
-86471
833942
-860873
806513
-238789
982919
-197264
-524778
502618
-923867
-884371
-760130
-698403
293344
-936043
-948982
69849
-350785
-386669
188709
-313182
-697385
169032
-8739
168540
462010
-750744
-67434
-777868
-459141
648589
135661
-625200
787717
-57826
136012
770636
744911
611235
273253
821044
726864
513123
-877359
20208
577080
-826340
-909944
-773706
-213009
278766
-86887
89607
-552203
904375
-741854
909807
-846369
190713
-868062
-305510
-160699
267600
69290
-372982
-790227
-794698
-602347
954685
816537
670906
775728
543401
184028
898370
-436392
-238892
-927971
-346335
-12597
-140979
932431
900516
948629
-619773
804891
-793225
-709967
958522
397488
-578028
-346989
-763211
689572
722302
-136193
899346
927604
261460
854030
744140
-67635
629758
287540
-883607
528128
851148
-122499
600158
-495188
864904
-540822
-562758
765420
-592194
-182530
570310
-385418
107503
528832
-987931
529475
-818158
-751142
219047
904144
112666
118393
831747
-625875
-27578
575887
306491
-397820
-136574
422885
-869693
-285426
-699614
730466
219387
-834710
-810357
656629
930710
-402550
-525902
501020
212033
581602
29851
224102
111077
211694
472961
-669877
115837
-414374
448517
-52416
-40248
-579062
-476530
-733757
23119
386897
689128
153427
-898530
989515
-116108
320857
-845196
73536
-22514
-914487
670987
451585
586534
-116981
33186
-383616
-892880
-855737
828079
580082
-525613
-56084
-834292
922904
891500
125460
-656158
-585030
391704
366961
801868
80832
-479612
903338
70346
404280
224195
225150
-522185
-798320
310664
-851198
653266
-102803
31821
-313548
513582
138942
-169285
341660
-280977
305102
-714425
-115268
228005
-822925
-989809
571847
-407954
401896
-61192
-606087
-517273
459196
-702750
553073
-136525
521446
-221778
341291
723127
-911114
490094
376392
-13916
-478086
-937156
-500335
660857
-106441
841326
-620120
-801339
-873099
264612
426666
-696023
274804
-1487
-103977
-323301
937322
289936
159426
396517
587187
-287502
-740008
108632
490721
601284
-168241
579607
91377
-791850
-434310
613292
-729006
65356
274148
164554
-93318
654028
363215
33583
-81361
-210119
337560
-806558
788395
-766417
-129859
725716
523519
-970433
122232
110706
-257935
382225
-780662
-767214
-16492
51097
812394
-925116
259248
-621916
688176
530243
443440
-37677
-305204
-649878
-383649
-941989
383705
534990
-152107
-278735
728433
-363713
-45151
-401426
-637997
-521632
-371859
484235
589074
370207
-133541
808412
602993
849968
-140491
415386
924852
-881244
793470
613028
648999
236910
-424649
-656205
587032
191702
-598193
-29263
-273308
249700
692003
-544876
885988
-353149
53698
-752010
125220
681839
732225
-285707
52046
-401316
-477295
-344962
-551348
382214
-929576
-626497
500971
863895
986532
149970
100805
-438118
493765
-312164
753585
895572
658574
-519724
145272
350577
-64600
31259
997428
989099
279249
122648
670938
11474
836941
-277017
610159
-640354
378022
-941190
741861
448446
-567686
242831
312340
-581155
-607199
-586856
-19272
886566
100981
-265688
782138
-240445
214588
-72590
-889869
-850012
958669
-892441
-860913
237917
230207
810025
-750609
67148
-466992
859550
426794
911030
918360
168655
359476
-649327
-588514
-328184
-230481
-195713
84961
750247
-309147
-814058
-515441
-527010
-54503
699148
400401
55629
849136
359069
163188
988224
-403014
-606605
798248
-153623
460544
-668744
-294074
-112663
-757714
-375715
-944008
601762
-25041
-532522
-726423
744478
271765
358539
494725
962618
544481
979284
-564392
-510023
678431
836009
545607
527567
195077
-291205
515790
792063
102190
314038
-361560
-437267
645295
344366
450071
887581
968652
506063
489343
-56389
973541
762921
-311912
245305
121459
-817187
207923
-334061
-837903
643531
155917
840529
479539
-298477
368096
-325384
410318
-116114
-533321
-487492
-802077
105119
75241
843218
-550516
-474688
730799
-581864
-968626
220141
361747
-995085
-16939
-950165
250221
-895481
-767351
-541857
-229542
-605254
-898327
926376
-764725
581212
-372102
603371
-744172
-961784
-512744
-277493
-449276
-314820
827626
625965
-471602
-722890
-848723
-740804
-304753
-817349
479337
-943007
-812433
-537603
-893171
437788
-433083
-660522
895931
337376
-265776
997604
263751
-30500
578816
891650
-427129
834644
929866
60127
-442849
-519411
745308
-615223
-893446
-726295
-338112
-742169
-467099
357135
-559517
-987762
414129
-371949
-525364
520958
-934162
41553
860436
961769
-621072
-405340
959373
642680
564160
538189
534329
-862970
372833
464195
197158
929984
944785
-57534
-685239
-948662
216171
-23351
-690830
749073
-666216
-250346
761311
747913
377706
-764054
268871
443544
277500
129307
405313
656429
723967
364686
299108
288127
-97126
-166563
425158
-724294
-702368
-377684
-794310
-757584
564782
-479549
-706245
-219048
497101
-397074
-469975
830886
352581
-708665
578799
-269714
-472718
-152331
-826171
804783
976976
579143
461211
700943
-56172
-239681
-10930
846702
593757
-585773
-877592
891389
36543
-671902
-866196
-398675
-151450
-572440
382278
-654349
30486
912303
-823464
-616934
-796362
755335
113352
-269079
-396996
287182
-464297
-420020
-133676
996915
-719078
810153
-242767
269992
656854
-649010
684220
779263
-757622
-279237
-892639
-623817
322088
-44089
-196256
-295634
301563
834230
-383332
478099
-782704
-179693
233434
330649
551228
836439
-382170
-913069
-583582
484155
-916155
-302659
294307
-158921
967334
-48839
192069
651553
-269576
434448
-627684
-162215
810632
694405
793697
-385625
-601230
95259
-551395
15439
-426642
-334099
835746
806793
996550
386973
643231
-385620
473904
-940352
-901465
557750
-243010
392843
-601172
-275677
-655997
590898
-624124
74427
25346
-251807
912213
-164023
-557403
705909
450353
-158633
-198833
898959
856806
374526
-435140
692552
181318
-438590
79524
-175452
175790
-446572
-115803
274325
-888823
641187
-332832
-489994
-634490
11171
-899097
-258613
-914402
126250
489580
997811
962227
932178
703720
412580
-226455
-495114
311539
-369649
879412
876399
-677098
60730
-562192
402427
885278
613599
955855
-230525
-112076
-932968
-589338
555092
-422961
-223828
-433738
-322058
517560
-348139
804192
7140
-350328
766419
-60683
-646609
178999
712862
-141722
-509463
-656788
-262310
-633065
-333885
798420
-195256
-931459
683698
-581658
-975604
-546828
306266
-908572
-136166
-138643
-331532
640007
427620
346411
157566
-920519
150602
-835294
-270846
-82979
104023
82546
-903980
-183115
940824
-413443
160098
-321486
-46507
826213
-523067
758238
894755
-839369
-823421
919151
-386197
482846
-989421
477638
-655797
-320953
117644
771824
-974543
-724790
851305
176060
-560084
-419541
-906919
543940
663005
-810899
-639175
603828
-224341
520923
-717658
729153
347136
-240724
487391
241891
-80093
663971
161041
533710
146816
171621
11347
491020
850669
-871009
262843
876127
-595799
114148
52186
-155882
694607
145268
-611942
357611
334370
-251117
-38561
-889971
-730194
243782
839183
616942
-996943
326573
-141167
-77036
-9457
-980126
-543326
-862641
191495
468022
628379
42163
597013
-108779
-81710
-998786
-994631
970477
-154668
699976
115744
233390
57587
-549886
982274
-980974
-439857
-747921
262808
-600675
869022
265865
725899
-272146
-811171
-283559
-252272
-354497
-146200
939224
-886476
-517822
-18613
710538
373400
899677
711752
378769
870153
-442916
78745
-14104
790475
-863669
436010
772748
-844643
996154
-975173
418166
-604521
893849
-315969
-878623
-378297
-127140
-162182
369431
518363
691619
308655
631888
-826203
-709959
342425
547197
-810283
54177
-74034
-940131
611262
-995290
45766
401736
-858959
-518224
174484
-703601
-522071
199311
714566
-126591
93160
-601404
-5214
714864
271456
832605
84295
-210181
524223
-607051
-578293
698021
-317010
764133
245218
-127293
-181691
-828817
-67423
-570429
-824107
978343
831307
-683065
-539881
5791
-386666
-61951
-794898
-672100
811458
298263
-273504
-193757
13126
997953
-361153
-902580
-212229
-836930
-509631
209479
861092
173359
-26389
106309
-953934
791921
277492
-21356
-778509
453385
-43013
-947202
770320
417106
58589
-616346
-644846
263691
-288445
-833389
-438047
438051
-27145
575080
436003
611703
672500
-776226
774774
-837132
433253
635865
336228
-593137
-257827
382295
-801216
-980336
-639062
-579725
473050
317925
-526927
243370
-264969
531662
627025
90186
-204647
-661421
256798
357307
776630
-770348
-67614
212633
841356
-395115
436408
616129
-232246
-130340
251993
-896018
276524
994166
486278
475308
-986170
847216
895583
486880
165141
-631344
-269750
900173
900318
-642726
-9642
-304329
-304147
-752844
-947023
-527517
-523192
-14636
685117
-681836
590250
121524
934293
-641996
991184
186286
-538014
267708
180451
948265
-256985
194282
795481
-361402
-318838
-39378
7254
411412
-139206
-92428
768686
851153
603243
-535461
-901692
656221
-62977
-424883
-358416
-377860
-106719
-768166
743664
-172427
-410162
734848
-986142
51825
2555
194310
89
745571
-611408
-204431
-615832
69754
756191
391423
-518835
-383015
-701006
-750149
-531863
902237
-285609
-433554
558458
651415
141563
-799958
-726446
-965157
-568124
-982783
-137583
21715
752066
-123724
-926461
-245379
-929415
73629
-499809
-540823
869198
-115640
528932
625389
-724218
-989904
-757627
-425224
-740052
-289489
-522987
-25661
276957
-964530
-374247
-581481
-764488
-100693
-546637
-332611
-83475
315780
689104
-331409
-807945
762643
423212
-737359
-163728
923403
-278181
-294531
-192237
-749250
-669142
83545
-739153
-426768
658322
-479205
283743
-864666
495135
-439300
-829195
-879113
-20780
-593682
20195
432583
73707
936721
-251637
-237189
-394689
-59582
-474546
-971478
203060
361726
951926
924879
-932805
-240312
-824372
-601947
843234
-563525
-28715
501555
-42729
-744972
636890
-547595
-184271
807696
-426707
794949
-785987
593489
227531
287721
530209
975894
-949469
-864481
-83688
-424015
-835958
-880629
937712
-884032
-955751
-995094
-124344
-780122
-597041
-281110
-343646
374245
-779555
613625
629274
857335
-933971
-554998
665030
-360678
-760050
879044
-767190
467482
166764
763020
443376
217296
898540
-640313
793281
-937419
-520941
730993
-821451
-476691
735899
54206
-256813
-861142
773097
399541
513104
993542
13165
142377
850877
79195
587380
515907
718518
827331
394950
951329
294812
-438286
714348
-261812
779010
612887
97875
572291
675469
576935
303283
854019
-899757
39181
-91775
-156570
178040
-318679
-757029
-308857
-325138
256137
833521
-474261
-664669
420900
-958355
-946152
248231
436596
-994824
-456957
998310
719525
281231
777319
332412
-620894
349609
7880
956041
-347108
-138101
-943717
692073
770124
-100286
-129888
-548555
142685
561256
126308
-601179
394776
652047
-265848
-184324
693693
-211999
-936094
130288
-206822
-393050
128597
-487297
888181
-94084
845115
-732713
-744475
-147005
-776673
-91583
714894
-720389
-399510
485018
179325
470603
936463
-677991
31858
62770
-279169
-573366
-285184
454984
242311
-591492
-757016
306218
538796
36163
913168
-332607
548866
801349
573310
393981
-931365
828835
-753025
-708038
-262749
961870
-428427
337742
446887
750899
-191656
383349
-927092
840202
-553882
-206261
-733164
160935
-751278
509147
569443
-508293
-184636
108239
527871
-271469
775633
76736
-470121
348942
-529283
-401485
177776
-282308
-109523
915028
-320439
462051
252769
-873553
212950
-938887
509797
285858
901316
955915
-920404
-831849
116849
-671681
677298
-313708
-179973
-507338
794531
-652103
221194
570164
424634
751073
-80895
895351
-650412
-903119
-386958
240065
-988091
292604
-297884
264679
419052
915066
325792
-71152
200924
227107
-115237
280521
395258
-998389
608840
72556
-312096
-571134
565218
-517565
-223236
-213588
-947402
-798603
-462515
-28296
-903252
-112927
68585
-290209
-872863
80495
-997606
-170746
-654827
421447
-255680
670966
-649706
945244
-101928
235057
225764
-706670
236669
-165396
365887
924573
263471
-68895
-592993
-959766
717517
-540394
-758368
-744999
431310
-661620
142074
-500105
48171
269212
580390
50566
-901534
925564
-527988
-157214
596529
-177694
-211970
-505399
-942637
-986206
-212069
294033
-151602
-846182
218606
-888131
84923
625613
-847897
-197560
-914781
-606264
57441
516529
-267884
-800485
-983577
780288
468727
596814
-169147
567194
522377
302865
-590021
118905
-874829
198010
613506
-817466
211804
-598563
476568
-939798
-444744
-304827
-827929
640180
-679214
-675825
-557381
-593995
-282089
500061
922534
450027
699576
938958
230314
168303
535771
-938833
-264503
58147
364032
145476
-822948
489203
-656514
790559
671738
555290
-808004
148305
615492
-252748
843478
787564
-612569
-835736
-888262
-169949
-429731
-170351
-669889
-507197
-720324
-970313
-568240
509991
197991
967532
571158
933488
25679
-64811
78964
202732
-575608
422451
-6710
-903870
-22260
185286
244435
-406768
932539
87913
-619204
-680031
252177
-507466
150021
822447
322184
480133
-684751
601860
509820
-252990
111850
-292189
-285458
-316992
-358701
740221
618197
720264
-57047
-957411
142714
936243
-861281
-879546
121529
383155
-286313
54067
-528932
94483
374037
723246
587017
-475943
545692
-90800
-995811
860942
-488940
514010
-392048
622911
-778179
322494
-694082
-136880
62715
924116
-416617
-994333
966705
726098
941911
-894576
846552
63439
488580
-439762
-882495
959648
654721
491542
682894
241738
-984401
228585
-849062
-980212
89527
-338002
533798
697479
-715092
755620
19973
-409173
-381261
-917312
-485058
202123
-911645
-518353
-71779
-969734
-412928
-225228
93705
-924349
335011
211210
-964701
-10269
-297248
718193
-768531
-281649
-53222
-617593
-261860
-963696
44406
-728062
733784
329315
-972443
-246243
920142
-353704
-163555
-564916
848420
-75200
-83268
-223360
-44934
503804
551413
-951229
579456
-113577
259982
614755
876155
962734
332947
-892377
-318915
-720275
-509969
419225
-683970
534438
691163
-950187
-136248
718720
-196430
-216106
-634984
640015
218979
-786565
-435185
-864290
-9924
519882
639514
-458512
568654
218969
427912
-171365
-166276
304066
-208632
-833329
411690
472454
-553604
901722
-108322
-237574
436159
-417160
-187760
-700089
-698440
615810
83806
-333424
255825
-697216
-119988
820641
-561506
870088
340523
-921992
-588424
-90824
296978
839488
737811
-869299
143554
-470821
-702627
-444757
-998367
-256231
-543035
-106689
506196
893125
476152
-681565
-806965
777712
934246
276841
-555713
190071
579626
324300
10711
-981881
194387
-648766
-903872
605964
260410
393106
445452
-1779
523808
-410995
527401
821181
144249
529034
-435051
601214
-577655
-928855
494339
898497
-610420
687374
676209
-676174
-35785
-879504
513897
-456160
444796
-475392
-438040
-360817
-124158
-341912
-754854
-863748
-948806
690598
134474
575002
-720397
-338125
396183
423853
-809091
961133
25067
-386746
-967723
-480595
-488249
-578142
-793222
-812041
-254316
170994
-691545
-740419
714834
753252
-215811
-723206
-607566
660032
-65117
-362419
796285
-13923
-671821
-69241
-438921
-392218
592635
957262
-968365
783544
918395
56702
-603202
950672
576107
-91451
-627471
782885
96509
118214
-46121
404965
377795
-331287
158216
-838016
-54493
550651
822016
880390
-811769
618301
-133533
-483590
-450941
427546
124193
-858307
384808
155828
925238
303202
-787471
-677965
253874
788636
230585
626403
571521
-672907
-255383
-474601
732059
-877589
194112
-109725
-715605
-860381
-559075
-893589
-979992
-370844
724712
-113524
145567
-726229
-685979
-730241
-584535
698830
425588
-659298
2032
638118
-337262
-744095
426754
893323
882308
-1725
-779584
-373076
523674
952476
-250664
-282214
-157250
33731
-142594
283675
140143
-122586
912832
-135146
763891
58398
138626
-922088
328158
554091
776742
-246254
894794
-221227
-608137
-442468
34678
818617
-549146
-83014
-183109
-328729
543911
-659435
-376253
-706754
58352
466497
326978
915758
-249828
-532880
-206828
-336997
331975
-442938
721402
-529400
-365026
49559
-975309
-588284
803306
919485
190489
-804832
-522984
-774833
-986215
-72129
142153
-169323
599143
-313937
171243
-777111
-20690
-770406
689387
-693713
-854648
-560442
-226593
-61475
102562
-894618
495587
-176037
-424018
-869439
873523
-399327
-457723
676828
-479843
732767
871997
-2826
957935
885782
925046
100087
-283541
524188
786151
887702
747078
-234539
-882704
436465
71748
-737352
876024
845156
201173
-21415
950538
-303240
802549
-473480
-172678
676071
127193
369600
352899
647351
102367
224895
-355476
60301
110677
-430430
-839612
827136
-906243
946539
714838
840836
-288000
832134
277300
783749
-905218
153323
628904
295956
-868092
579442
992717
934457
-894039
-179962
610528
233155
-810362
-36574
-119495
292005
-811679
525030
-647695
298999
-905400
-487307
126134
-811643
-540768
-159028
-970808
171232
-326895
306493
-45020
-232112
-540185
-416116
-936157
-408277
-836674
-943441
-473821
-730712
-123402
-863293
502443
66236
100134
-617052
-641759
288455
907979
-289454
-412547
-997422
223240
713588
-809064
682472
-445440
-779871
-146296
227666
526622
808685
995554
986438
-607432
-940603
-421840
-444105
-884044
104340
-174817
-7445
241048
-672374
-941209
-658819
-289425
-582968
629637
-381446
127578
-782910
-378867
-649182
930679
-187931
-966711
-514762
32199
-113006
712904
-441180
-304322
708457
-454742
88247
767854
123418
644143
883811
-772242
-530675
-123634
468806
-203048
-64843
809988
507527
352189
439624
-873920
-520233
656714
-252787
-169415
587392
559283
-136125
-927371
-408519
750870
785534
150302
-553452
493990
695560
534796
261844
-181022
178938
145655
46737
648264
-977980
-484458
-554785
-42822
-674470
952742
-690633
765154
-921178
-210865
421867
-173964
619721
9259
-614682
-516404
81888
-23200
-765535
-132578
-872899
-318986
-638589
822662
-784191
623256
-358361
394747
-231089
688376
43010
-209068
-796082
488225
748110
-470552
440967
-942523
-705398
519790
-153388
716469
-654175
-533668
-274273
-268856
-50071
807616
707945
184394
-324963
835046
865408
36449
657708
-918783
-340295
-700654
475964
428616
987722
-481026
-780453
-808360
-992801
967658
-278911
448166
-974866
15691
-32044
-128253
-267841
313782
338080
457887
-955074
-711992
265503
752871
472403
940541
587917
337811
-23010
245624
419028
636696
544970
-105009
65311
532692
413965
284859
724333
421164
252517
-554579
-130670
277652
461112
837287
-850602
-806729
151068
487478
651159
195994
775486
-83339
-51135
247888
-142798
-463219
-414302
834193
782405
-995275
470888
327375
-100283
-463802
-139933
-686318
821058
-415601
734847
73575
29821
-395823
-648774
-509068
-558537
-499376
-315796
592531
988102
-664638
-211475
763587
252024
737390
11475
-890775
-725830
597174
943418
-943425
601899
414306
383951
-498384
950505
-755983
-184702
771562
-171583
-449855
-154864
858238
154322
196362
-650831
595786
696987
33373
188316
685088
368736
976842
448675
-379241
714231
-539850
-270015
988402
-942677
-326597
-955023
659223
-912292
428928
-839162
-961788
672946
-23863
809775
-498638
526282
-345090
-640401
-319396
851273
-291231
-723611
548260
742143
464706
233348
110879
441547
-317978
731638
155778
142173
-538378
144180
199496
135026
189158
-141282
222734
-381915
19557
260946
-708969
995694
70720
-207607
521975
725631
151993
-797421
576904
860763
-521032
125163
602906
943674
-641489
-286216
385221
40534
-554579
-459001
-817294
-92956
685180
382202
-957931
-125663
-759080
264804
492422
260477
-474251
783453
256170
596470
-424154
-221855
322101
727840
-19276
-100996
588602
459693
-975833
191507
403367
-617321
905291
-211413
423213
-649288
329587
605919
257757
14766
-11879
299827
889103
229041
-435370
381525
-510482
90380
164978
745688
-313151
740824
-476167
-991051
468663
504558
-92046
57265
-35750
-67878
-751229
-632384
314801
-845938
156204
-261987
-495225
-514210
-656068
762532
500556
332053
62358
389659
-438907
626989
-228817
50611
-282632
936161
-203701
404217
676985
320133
413167
145647
-175310
-678879
-797088
788941
253244
-548317
-843443
-431955
-394254
312762
306059
110521
798553
649991
-126948
299108
-17957
935411
-311233
543137
562399
459950
-406252
-720234
396111
390047
683984
73095
-289820
97151
-781258
534870
418273
-578346
323811
-328484
-126662
480369
239562
479084
-206870
-454380
-410396
-408318
-804390
462656
890791
177654
398067
-420443
-279210
-39535
-960494
314539
240232
435618
-295414
-75785
-491288
414766
-978634
-272546
-50364
439639
149108
-726554
-888845
-977555
753815
350717
501530
-453056
896337
-908867
138627
-908053
553790
29417
269601
-48144
608974
990392
912322
648481
304930
152553
84098
-990485
-923232
592811
424281
-901866
-679736
-626084
537774
469373
-352637
648929
491819
-598823
-355
-6651
-51878
-104019
84482
-913252
-12072
-361729
116165
-742471
590128
-274861
-752080
502449
-626380
552850
-344998
457719
562366
-268229
50530
-13353
-170094
370795
360563
-632321
-159832
-992075
-983393
-668014
-590897
16253
325336
357225
912234
-590183
443974
-99838
48089
-439861
157691
-361784
285279
405612
-859335
658900
-41538
-204332
116618
-479173
527439
-832853
507474
-642656
537942
-131963
-274977
-621891
-124037
-258369
-289904
285066
757884
-964569
-357709
670118
-554751
-913736
-429721
493338
-353596
727971
-868446
931683
133582
-727781
590582
-907956
67887
-292800
-387129
-404674
-125652
-879655
-47330
-587710
-11618
677693
-209600
864345
-580676
500497
149411
-822793
535929
791703
847326
981178
877968
-582396
474516
-475629
-854425
606070
-543947
279158
878290
-953365
371202
-53823
-246165
984074
541503
628184
-895582
-505828
-959527
92801
-828135
-169127
-42854
-408811
-668631
-893444
-231603
867298
898259
-384278
848476
776226
33327
322991
-699403
178902
-70939
-243350
-541940
-192650
-196714
829262
753527
557122
813335
295029
185305
917754
789202
225779
10554
961067
-943349
967700
-447744
-611979
-925744
320653
-744681
972515
936375
-896206
748741
-30298
426786
-950663
-851397
-644154
-194012
-393337
163196
609275
-564075
-83277
166396
-750740
-788248
-648299
-832987
-999047
577480
177567
962021
634131
145267
-485724
-977848
219523
834930
-722529
192038
771305
-618734
-59221
-258994
808052
-9884
-110390
-836102
796105
496274
327094
405379
932200
-756183
-428226
-818541
-544431
-76525
-651528
-543477
-499045
526040
-581456
-864915
-328694
-67179
-842762
890830
-232250
-565291
82867
-460945
-184024
-976355
280062
-375973
13762
-830329
-212075
-190133
665946
-884981
-784755
598145
-641164
-212980
779604
-185594
710496
-871924
270930
-788550
654116
689474
-653464
-674578
-377706
-496226
-783748
390045
-61517
299120
929100
754459
322765
209161
-621514
-663473
378832
166412
146394
44778
281431
361640
-357078
640268
-851341
-577475
-545326
859155
-449398
725604
-929395
-795283
415077
-582859
-469860
-962630
-79085
-253608
427415
859399
-954489
356515
613858
368277
-434325
992345
704805
944508
158756
-148802
-10715
-559813
-787163
632207
-919545
-638503
-945268
-464871
-779348
-394666
-739268
-708743
-189948
675810
-291601
340193
713180
629315
-913415
140595
488714
-867903
-502891
102572
500375
62785
94916
205179
7292
-746328
-943623
996577
-306140
-730785
628784
-225685
-369288
683517
309445
-148636
-711150
570178
142622
98903
245987
851021
-560905
-40833
480336
-474319
-900238
-30951
-342222
-403129
-928380
-841848
659656
166537
363332
-333052
420210
419709
-336475
-885931
688924
-707692
-111615
-680364
975826
-802170
171000
-735324
768008
-686378
363579
13995
-835358
802675
973162
644979
-671645
-927076
-385973
-13866
-330205
-314352
144287
-670549
852185
-492382
-3600
272394
927328
659925
386464
616251
952234
-725152
935887
928059
-527322
106887
-807266
-759314
420509
556314
254681
585152
358988
227842
230130
687344
300767
844158
-326522
970562
-470195
817765
-699987
-618011
-674617
296413
654384
-747290
-43662
40847
868961
-91429
315696
804848
-163371
788374
-88266
29364
-970941
-667757
-414323
283741
917396
944666
-488417
147525
632009
812350
-8317
-694514
782912
521488
-876749
-917076
903478
-551366
379338
557861
-298656
-664324
-401292
-429695
244247
914404
-624848
-919124
702778
286887
110241
731838
619131
695918
15578
536526
640583
527161
-315949
272592
339510
675734
578079
122421
197221
701330
205346
100699
-850037
-415316
-341440
-148693
-79640
257268
421612
-835394
171672
796765
-754517
-125551
83652
355724
-393714
-297218
51642
621864
-760692
-307775
149025
-76641
964817
-511466
-400907
542895
610955
796315
244224
-183700
-102987
394188
400984
555573
-754506
-678656
-187160
667107
-514049
984512
463872
-268566
-141039
-452476
-912842
465247
250306
138800
87111
489615
831025
-763865
-587027
795842
-275330
12066
338736
-664376
-191620
-417040
151925
705394
977148
-447091
260966
-777358
-125747
-926194
889750
360205
-941682
353621
-908362
-82720
901145
-821203
-617473
151451
317598
469638
-358935
148623
705774
54039
-55536
-569557
-933895
-716800
-233932
-125514
-133840
917994
-420121
-156692
-529097
840846
65950
345157
914653
-44301
-294639
972972
-690680
-203000
-109749
-789535
-24203
272778
361917
-706605
-257585
-997019
442018
-551811
57021
-613518
-121367
123126
-330318
644701
997612
535843
562695
-422509
-620850
-966403
-581664
445100
378754
-667012
-599201
-915885
-694041
-289881
-118885
196211
-79415
856912
-531012
-717499
-849694
211404
-714518
592325
659593
342503
978807
-461774
-534371
-351512
-817074
-536760
-815669
745622
40731
-436519
779219
459068
-991420
157973
792057
-590621
242088
-901984
119499
-876798
294227
-959917
980115
763215
-677415
-869579
-25381
-391932
722746
-365788
950571
701553
172438
-583800
-649959
355365
-120560
-465628
100986
920172
97853
-119796
379240
106434
-961824
171296
515813
280265
269312
-364688
403467
-436461
-324604
383581
-673246
-2019
514003
301373
606049
236748
935585
556620
-61699
108023
972820
288342
-536613
-147740
822714
564373
-227568
-79433
-555424
-848329
-973000
-517247
322967
542814
763018
-407721
-821875
166485
155818
-146478
-449935
482573
851503
-935933
-216055
457552
300816
-280470
14172
-760884
827553
-13009
527459
-709061
839252
350172
855312
-388316
-729262
-700112
-236645
-702262
-217359
-913678
840552
-454341
-321398
-981323
712144
834421
-127801
-737791
316993
-276298
-673723
-899063
-818746
627093
-179533
195426
866210
-351980
-817583
393668
-61041
-978331
-256160
-205729
-366647
14578
94159
396709
312317
876801
483031
152869
-577540
-838368
171547
-865397
996053
-956254
-603187
313045
-232551
-276910
413983
-51297
-649817
-765550
-855871
-783608
-117530
-673453
610060
821430
-651784
-646101
-384299
-18431
368478
709861
-621723
-319205
586661
861309
833664
-990879
-977059
5211
-856275
-981007
48957
-459462
332039
816406
263629
-253978
-234891
613812
-19528
-90762
830204
862943
235786
440264
684373
584002
794164
-699927
-434429
162642
-990067
-56151
843437
596595
-194842
677101
605716
-171901
-317688
749442
-152907
731269
-710021
-820869
547675
553608
-74846
-687217
167420
905626
222022
-2377
768569
-542193
-562113
452941
-958191
-767950
753015
-392620
394693
762948
551230
238130
359543
-643613
-84770
-34741
184486
597542
-285300
-968421
328811
4679
-789289
-123515
-441713
135865
189269
725707
41491
-588710
-276670
-189941
-130902
161217
-737000
-89093
393268
-983985
518288
-212039
778964
69517
-973910
138506
425904
-58679
-896236
-389610
-461137
-181536
-358031
867674
823144
-147320
-255841
-618569
988546
933428
-892863
30036
-655282
-169532
840096
213816
991686
-896904
-875278
384954
-880889
643010
-827086
898075
-287473
-800996
36580
-861569
