751979
-76159
513187
-474660
132576
-240107
-109984
62479
661935
852017
490899
-676701
-794564
933709
-565702
574631
-548750
234434
108403
-710278
86891
529577
-351882
394683
179256
-337321
11986
175253
202696
19414
-466758
-45325
943255
-953572
480015
75830
-193678
-629969
-861691
-531743
-777953
629208
-208444
-572517
562917
225855
-997886
-985833
-539712
110518
-696111
547179
-359905
-47993
-58139
819351
614686
953848
-5397
-182618
-26739
527845
772057
-83485
574274
252072
992346
-619405
622103
-869345
-151148
844151
759863
640409
-728366
322780
-133737
-726251
336947
326551
384268
640836
-126270
-975637
-407157
815592
843714
-792471
769439
-161683
24911
-257301
-633838
-203032
659215
940436
-950960
651561
-678969
671144
782216
169884
515295
542079
-189708
786930
-135142
676555
-939322
-798196
3106
444947
842641
876837
469310
-564517
692428
313023
-356987
461866
-848660
667924
-795435
-482498
-535108
863781
-542062
-486067
515342
-221031
-814924
297557
948853
700371
-160364
-240856
487300
704495
-564301
547979
906300
438806
-7075
748940
315642
-537765
-815577
8069
775258
-172564
-530065
926599
-504640
-325499
-555900
-39747
-461718
-97962
474186
-946377
681008
659262
351181
629860
359633
-809183
-610996
-153067
895312
-175297
-605089
801611
-736492
387837
550550
579151
850072
734974
-412780
625330
-437591
57155
551928
57769
731657
996029
-981979
-730062
-101934
492208
-676438
-420927
151469
674743
-791067
-488898
865560
-402063
358035
760871
422641
752946
562482
686150
140783
113031
265300
-9146
-151996
852520
-383816
410414
-90325
-831889
-531817
-358669
-835860
-513795
-88730
62207
978413
234832
641280
129881
-90425
850214
640984
-224865
-551850
-982
-463994
870792
-248036
-901513
556941
892747
211519
-177759
-116399
-940477
-325239
499785
469937
584436
667897
938120
-774233
832037
-575676
137037
-105757
-597264
-628132
-464477
532618
281444
-614264
173601
-943422
-166113
-827381
-407416
-295321
-75417
-308929
-738381
-182671
902590
83861
700931
962114
758622
200715
432050
343057
-131389
370170
568824
-299352
794495
-294139
594891
-802769
77730
-869586
729849
-640827
-483850
-96550
-584249
350038
76069
8335
-945284
-999349
699407
-683664
-182019
601997
400197
-481089
564110
158818
719627
-3840
-498125
-411762
-633671
-929301
288886
-839177
-223440
-116223
-641946
854290
14191
-912097
-786538
530341
-8646
-370786
-119621
-932578
637550
-64905
-931926
336957
251431
-113944
-61047
-348372
404968
-496937
810446
124595
499223
-687679
712833
865552
-616980
1718
-973625
159580
885496
-615570
13870
-100314
-527666
227333
-569973
463688
856547
310406
531111
494097
-754499
599186
-168947
496933
-514759
770006
-851440
890210
-726932
959007
14804
772292
-728673
-272364
637843
-345652
729355
664219
813929
614851
-951351
-172202
-485464
-479017
-944870
-55437
984671
911678
-745031
515782
405774
-499529
114967
-763174
997404
600209
-993168
-854037
490418
-720100
-895030
-494778
-947809
-623703
232859
690035
30646
-37786
354254
-155426
-422936
402903
672372
91600
923886
727503
-963837
908557
639181
-708867
424338
44954
-208396
-460695
281781
-210993
-860487
288613
-65029
629931
568514
39941
-864847
620706
416239
368012
310741
-553116
-669775
-335006
291459
-92711
-932103
-36170
998890
991784
-308667
-964947
900340
-669487
-673814
324678
375468
117790
863983
-342752
906798
-996505
945861
-158231
633427
514375
881711
768580
135080
297950
136592
-554180
744834
466817
110814
36292
-625894
178711
-999878
-627005
170494
-308544
-591951
70834
21970
-265765
-604488
-602563
852026
-740506
54686
758824
-737010
547
-399408
896418
-485079
-517698
664998
650001
780252
-198411
-904180
525086
-731594
206635
-438622
-357487
-614655
-438499
15509
555840
252957
423558
-373326
-725073
-842208
22186
-327636
-990182
281681
727051
768642
544672
-272403
-630767
441089
242518
-148464
106086
-107482
-368212
907676
-11661
-843126
-823918
-805027
-281747
-181405
-419681
279754
834104
-863841
-467289
257661
-237167
-192362
415454
785020
480003
425272
66701
207054
193913
-388628
934651
563147
-947540
177169
-585317
158547
-930313
46472
66222
58026
203347
242305
252999
921600
-939101
833319
201354
895004
969478
734066
152664
-267689
-458296
-431882
-482670
-978293
993390
584031
228761
187303
-804598
163411
-249550
-752137
-659420
165133
406410
-589733
-788395
-527368
468293
414952
714937
-278708
336552
775837
-445390
-462095
670840
-475912
-728030
-176496
256399
-186326
391622
773729
-164619
385012
357760
-935858
-427685
553163
227553
322765
801026
568134
-512102
207436
978401
-300497
680069
446694
-885546
395006
-832014
451007
170842
-277403
988912
-158318
246685
-739118
665187
-496917
74557
56809
-723188
909938
-558180
634573
974081
14135
187735
201633
-663100
-11239
-230233
-175202
-803804
-251833
524301
876265
-805139
638756
271271
-637153
89762
-557888
85444
78674
283795
-667872
339556
-51019
-164788
-585888
-994211
112025
-675950
-552390
-253403
-701870
461746
934333
499764
798646
-76907
-730470
-376556
119290
17698
-852256
-4445
212559
786501
-733175
575406
-123737
-291063
-339150
954937
992733
-7021
294493
-58287
828191
708606
-52497
-59784
-967345
395113
686814
-669214
-143141
621146
830550
-344495
-455761
-899920
278949
663529
117778
426694
-340917
-669663
213194
-74092
905743
-910543
634846
-433407
-955606
627578
559572
338887
-430709
387763
47492
516794
-672022
80148
-88093
-985209
410934
768766
635938
241484
-575730
-819824
341564
703219
843706
-540658
129913
-497211
-210321
-656893
428697
-304578
-567436
63543
262015
-523042
-308880
-178414
815846
260411
-790651
-136663
-222795
-462673
943486
689112
-447881
354419
457878
-811943
-404097
882148
-631766
937467
585367
-788061
-603191
-284721
-285272
186488
58386
-856575
881911
490951
206968
143926
967909
898089
965513
783754
158499
-825139
-352909
935705
-287812
-409423
624816
264308
944996
82693
452365
-459102
-35159
820599
-521635
-449792
-967463
-124826
265487
-252734
-938338
-676127
-109309
943574
814824
-902342
87499
782732
995747
53011
566486
154246
227873
-786423
89951
940061
-195846
-285234
204368
-250850
797460
-343267
290049
-237699
-522669
768415
312509
-490131
-356411
-422004
257135
-294748
-98131
-852174
-351175
-283308
-754515
736324
-500576
-758769
-210665
-934090
395478
-982793
-720512
-514572
957269
83643
200195
161637
832794
-2345
818370
122842
759956
-704299
-108743
72465
-194430
534846
650461
-937295
-759903
-447671
-789469
-111077
269022
-543984
-374753
768447
-302752
414582
834358
-907274
431790
-886155
-421846
389059
197488
778350
-449305
30281
-223996
-630935
-846877
-464040
-335234
44381
608425
470337
-420774
258885
533042
-180676
811215
743573
708247
80237
-800412
-666507
-151317
-103163
748076
-316960
-10437
179866
-203114
567718
-431076
994374
346067
119620
24655
-877929
488685
177779
-341968
-846549
-777841
-733544
623788
-198614
525342
156829
620711
336557
-99598
328958
-583207
99990
662452
265477
996828
410528
948518
-13610
-409607
-254597
-445893
159318
-260223
900174
-721063
764433
-977755
767622
-57788
-319723
921074
164372
-53266
544861
965758
-527924
-298310
586469
808634
602092
-84574
-774573
-297918
-422122
490904
-301091
988406
439422
685299
-421201
-815176
-760594
738117
-75399
-860420
-982947
-310966
-838175
784676
631246
-157897
705749
-204383
788837
250610
-238625
-739087
952300
-652157
-930454
554392
263270
-705027
-743526
841149
785878
-44617
829554
225299
-359318
-591648
410123
-119912
-853532
-665276
19669
-836478
23758
181494
948198
-344996
-976404
653947
450621
812434
-95444
-788005
-926654
-143144
-440161
-857107
-588753
823110
-562133
-332279
664258
-776256
623105
493812
449043
-736213
902164
-140834
143876
-951368
193891
-836456
-787846
-782351
345038
-839649
-127347
368635
814298
-676726
181069
-281147
-464730
254416
575710
95110
397309
986957
-81781
835176
-345322
-417523
-941080
-722217
-923712
507964
-458430
978452
-632871
685446
-972916
561021
848991
-760762
778670
194028
-600411
-348678
-437337
-786113
-25403
743733
-67259
509867
-1852
-491550
-395024
-604543
-504593
523196
-769367
150085
-894328
-710447
427868
-818040
797517
969439
-839588
-835354
654884
-812504
725667
503874
-573265
504336
-302098
-173675
-844342
260566
40212
130256
4298
972954
-359878
-997554
-518597
245099
-602097
-23189
-231706
-371464
-873104
-126034
-81910
554765
55927
-284394
524203
216340
-119747
179087
403836
-394081
-317039
830572
-889745
380864
-343104
-734086
-358571
697108
396170
645728
670062
-963709
648174
-848535
281390
-953923
128276
-950316
-325387
255172
-76350
592703
-190064
979578
-691691
-665862
195917
188562
513226
-400247
794482
-803814
-569676
904737
577050
87220
-829350
-781521
-215672
566820
864208
-545611
603112
512382
-394146
-115498
558459
734131
-65814
-766928
-10698
857837
825776
799239
837414
-865916
-866623
33331
322647
646603
633085
117128
842789
-936592
21865
419839
150629
192516
638319
934958
-240664
502526
-610653
-637553
14907
-4798
246950
-426635
-270668
-818865
-193562
718635
-961028
-367787
517873
876387
-233702
651250
-90283
-911056
297853
-457199
206073
140642
-393790
-772062
-439520
756840
420454
-801202
691797
-820211
701325
-918856
-457763
-283769
76346
789187
289597
805678
970323
-903966
524313
-990706
-271753
42185
885681
494546
-306565
-204602
583490
991288
338199
-210437
131929
944410
17501
692410
701249
-562045
891209
393046
-382256
592533
474190
159982
-691237
-449465
-50832
598361
-643787
-80510
694396
880527
-71216
-577357
-77289
-185535
917189
616147
609863
500679
607435
-51939
-709759
-260637
-107529
307743
-568228
-406281
745699
-677019
986766
-636557
915514
460955
523425
-775723
-988510
-527408
822638
-632296
392083
517033
-751770
-679133
939676
170942
135332
856865
-212912
-254806
357543
-605478
693256
647785
133886
-414274
-44472
565659
179446
-298774
888640
166211
64669
804153
-372834
-411907
-971571
-361343
60686
851068
6362
-547232
368100
254592
-226365
307776
-574466
908967
164640
212622
-345839
-477817
607145
-652584
-830033
-258969
-66858
125495
-693311
-887412
826721
-804671
278800
-108610
999483
905966
479483
-972089
-455377
-459831
878980
550985
-7063
247080
-194423
766573
-445145
231111
675539
719496
-556267
-670301
-758322
-949122
-322884
-588354
-208091
610259
537141
98599
722847
363862
293928
1646
-744749
293410
-92388
734735
321322
452235
-725097
200301
3219
267840
-552620
808796
34412
2236
39907
-290049
-278268
483640
39651
-36589
534518
716768
375057
-673574
327026
-87802
425026
49872
-723940
-281047
-948482
-468689
-987637
-40870
-733955
333686
-588636
-459052
-466014
414584
808789
-18633
223380
-156799
983604
-736714
553153
-294664
746927
-407196
668748
281444
-690429
43805
607871
636597
956003
32896
-313531
-767938
751850
-262013
-236626
764213
697118
29420
97899
-891519
570368
631885
523066
379157
-386748
-253554
-777642
-403144
9732
775511
302193
-243341
-631685
-29060
-961898
-322114
-985256
645974
-685517
970748
-321131
953
-797190
-569281
738940
-33816
-805068
436057
995605
292831
544539
565972
-75284
67605
-54871
537969
814051
167487
-865176
-176217
-57002
437018
580442
311313
-592043
618545
989199
-577298
264518
-696318
-606550
943388
304635
-403740
-625894
43575
562445
-430961
-520369
558049
861870
-975830
124021
-213415
91775
-930850
-675447
-94174
236637
-540622
729609
-820365
896396
310051
490948
-695647
-71405
480147
-272944
-806887
783829
120506
-863500
88464
716767
-489393
-867962
279212
79646
-388330
-162739
-58485
-364159
961282
728101
727616
-969568
-947346
-366558
267069
-487967
-636950
446705
-591571
673102
-62348
-287218
-398303
-582202
439838
-205190
-798373
-439656
-68690
290092
-722890
441918
422130
556322
-478437
-966200
-606417
463079
-330359
-645136
191180
-602743
-614703
243834
30699
652367
755868
393750
99071
-835704
66851
-963278
-122921
668548
-545479
-683083
-536643
-343851
-122739
394668
946241
154372
-163414
368370
-289306
358149
402171
104277
-178772
-928189
459142
-987593
-530932
844439
256242
499768
496805
12109
-106483
-404125
176405
960369
-367402
-946516
628916
87119
-629599
-907727
743269
247662
486942
689509
-597967
-676473
57879
112728
681677
-539951
-782996
-497096
-468139
676146
-484688
929
520585
771555
-499303
17389
-216337
394214
613265
960069
354582
-754137
-986448
-16502
332982
-616046
75772
76251
631616
-437286
-234241
-966351
-113759
823638
146377
-432082
-716313
363382
70823
-184452
39527
586136
816478
-439889
357690
-682826
577501
-858647
711388
190766
-898578
65970
436629
-885026
-950532
-230389
-501071
125240
845862
-869456
687955
-388380
-835806
-425804
-564742
310572
142114
-281055
-326047
-787064
534493
713480
799073
350971
-726409
156762
668145
851093
298115
379533
41858
399537
-554498
-521513
514512
-505030
248098
-986560
620211
93959
-856015
308165
705580
-691821
882361
-859163
618751
24475
-140217
-707296
237412
-605725
-993816
36484
745246
-720225
-806755
413391
-869132
491361
-207077
172727
-109103
238426
651214
-594591
733397
-100689
-581151
353607
993271
-437166
-338228
698850
-128986
-455867
839688
-510235
568608
-300530
-217531
-193980
93746
-211347
842504
-161008
68429
-964251
-747618
199298
527110
45305
-627976
-581993
-716270
-976763
-176584
-982874
-77451
242265
370734
-84181
805100
-967494
-385331
-323886
-423361
-545644
165880
-854753
153826
948349
-48733
-752428
-262998
-206229
86564
805431
-170480
338946
4728
-643370
-615749
376753
-225363
-332018
399990
598053
-314892
-677461
-159682
-944158
238358
-354582
-911652
853028
321532
-335012
-692616
-512589
-189764
461210
-564240
761503
708783
172762
-444726
-204654
-21807
384795
-865709
982922
741425
-481458
359674
-483939
186525
-240336
-885886
871634
82203
-45568
927476
-679439
599850
-984176
-826411
-78618
-319188
-519027
408794
491049
942184
844554
252552
650966
17316
807826
-553689
995510
192620
-419398
978431
-65956
99145
338105
450106
-714330
-902231
564220
-842697
179972
-481349
-915222
500534
-881499
-899397
674123
39884
-218584
-844905
-551323
-727536
-902722
-706769
525016
748244
310548
332841
-805446
306057
-474539
-224843
284488
459505
874303
-377407
-90390
-840028
-279638
-526170
-682725
900335
-7518
-597946
400868
110983
-497343
74990
-849133
284073
230086
-400456
556537
327364
-107224
81553
75608
-796677
-585607
270163
509381
-60146
-954681
-206131
-600641
919623
416462
308970
-920405
-863177
782801
-603129
-962843
-224718
-201075
438026
886266
301582
-486984
-962868
-414345
743102
-363324
-857808
70466
529453
223745
-853926
732776
638139
416237
242156
-422007
461557
-963976
-22648
381180
452487
-713678
460775
589311
-930878
857646
626469
-155596
-343429
64494
-269331
958153
577511
-232198
-456192
320613
404478
-314000
-608921
-66070
909745
-462847
-333294
547884
953391
908863
-874124
414948
944888
103229
-203873
397374
389551
-743099
-13315
458674
-885453
-386847
-696922
-228882
677647
33748
-270729
255158
801550
273079
-424230
206028
959080
-33151
-860042
868825
504003
-193336
416708
457393
-284473
542584
-127660
-339586
-354188
668467
-942212
-964637
925369
44473
494038
-960084
657626
797117
-188966
335273
-169136
540306
-409570
-367586
-186615
166201
838442
-227536
-866951
978401
-358712
637052
-214935
-942004
94445
500592
600580
966786
-838994
-753608
635252
-781205
-718244
560621
263268
775794
600538
-79106
572910
-588429
-743833
-596226
951878
-153402
36188
-234738
-987202
-125370
537726
-854152
-146970
-820986
782901
638095
-762990
-122654
138687
837591
-155869
299693
-916018
-520618
518488
-634262
-959997
-218244
-858468
640541
702651
714443
-947888
958818
-881784
-996010
-194584
154405
-230748
-181785
-970965
-693022
-35937
-117934
-514008
-253036
-479839
-276997
624310
658848
-439407
-531560
-41460
-355424
-52177
-522972
10315
-12173
258785
151847
-371632
-38565
-133710
-319520
-79747
-15493
-315530
725670
-861089
453723
-456116
-832053
760701
507948
50013
-753307
-745089
570174
-30304
879222
229022
530290
-652339
-812438
-825135
295485
-335410
185180
-716689
923376
-662973
-88321
-115190
203317
592160
805064
-812177
-723370
530733
-673265
730353
-925384
-505317
491053
582564
544697
737747
837476
114870
-292558
716697
-656108
-762269
-935643
-468546
-587403
359842
196045
597778
643154
119420
934805
-445168
-995770
138122
-853009
809294
325946
-576379
340026
652682
-846026
414643
-852636
645027
-2794
692061
382774
-165319
-193069
-909785
-448622
150823
-672053
-384265
682278
-259455
975578
-121678
-661678
618731
997743
-726874
-826437
-998028
411249
-679445
811267
-262806
-255823
151292
-610125
-101849
-434066
-462761
-456822
563141
-770700
925952
-602178
36231
-983833
-50800
-812947
-655886
564936
869331
84660
540514
-252347
422982
159245
-254605
696109
332808
-252632
107357
653364
-441366
844551
-602460
709927
-765574
295692
-724140
-228335
838870
839002
966
764821
-763177
-962804
780989
186024
-775750
-874897
-249041
-906419
209763
-708528
-158766
-367256
450718
586630
-671148
-216475
-666002
436210
-563111
-107368
280760
-165571
-397442
515187
-869880
-121581
-713148
968991
-282579
287818
733812
-45756
325014
514800
-859732
549264
639903
-108772
642845
-150335
182701
-515921
482409
-366582
-929291
811262
416944
-595293
247471
853833
297339
-471769
-311738
899898
-956583
-181618
-221683
-669731
-212627
495738
618087
-478816
-550018
-56899
-964017
-409750
-507636
675886
481478
-864791
-474449
-335821
-380712
-992040
297597
-310002
819222
-285460
94705
66693
-431627
-607957
594924
256635
-708059
638342
-924983
70258
968611
-137610
-434005
586698
383574
15977
-470202
419558
606228
22163
95444
87706
157372
620995
751885
776661
628956
49481
-533342
448178
764022
561363
-485130
-667606
953407
-890206
589030
-754652
748136
664047
315606
716747
-473564
881602
303444
910011
-102421
833243
329569
-496194
-144595
-574988
591513
-987223
-953993
343397
789438
674963
-607122
-743904
123140
-843100
817460
638011
-510705
770867
747805
-921676
-983786
495941
742371
331821
212687
-731193
213422
-483869
-821183
-889000
-650627
508386
-385193
204779
933399
-793680
217556
979406
549717
6994
654369
942596
263091
-222491
-900504
80551
-584481
-411209
-148583
-836676
-332885
-132369
659265
-590515
-800548
-128048
-321707
412874
388084
-142890
523875
737458
-634504
-861318
-57764
-701105
-654998
-840208
-721700
894720
166787
932670
837316
-570123
-289822
936812
510428
125698
-474398
-638155
289022
192718
229477
-51713
602204
428929
820240
-719504
-158197
208323
137607
-634323
-54219
503104
-495640
888017
801999
-150638
-952191
-919701
-255918
214596
-987032
-418602
644474
-276853
-481791
154902
848846
43812
516747
137868
-763471
-253777
-913846
838734
-824848
906395
-880771
16955
114718
256837
382633
-939502
-240060
886993
948516
-438062
-263645
996325
-357762
480437
210921
-344794
-938165
-144606
378354
-419956
-989704
227199
623857
527043
-634934
860387
-726734
-548779
699120
-551582
-642385
818350
465373
472333
75186
-151995
532832
835127
-265003
481347
-602935
471353
477671
39303
-48210
-311408
694510
13625
543987
72863
593670
554283
-699938
217526
81326
-334872
77912
354592
116350
-222968
803011
473965
-404619
268383
-53702
670568
-883612
-520871
505694
-148614
960477
902760
-677262
438148
-57938
274529
-873261
-363428
-711847
670726
709435
881823
225009
-990503
99348
-693666
-325375
-822740
660927
790975
-45708
463937
264940
549673
-267681
-788762
220241
-151292
-309632
-274065
700094
-349156
-371306
-977168
-911009
570757
297361
-784269
-792672
585515
886457
916763
467337
111465
926260
-433315
417800
-399115
-256055
78726
-608140
698237
-457338
656800
247910
274982
868039
-531849
-876311
-441594
194086
823784
209250
822780
846617
298242
393537
143977
513973
600865
-270509
400430
517628
-803172
-488105
443888
-236487
929695
-955228
507458
8420
-563367
205695
551082
-906567
-546396
-173936
961472
-78244
-50247
-480122
-884159
-226463
729129
938622
-379847
27370
332158
764131
-458657
-66978
-506378
941773
-549351
-309550
-546333
894538
453963
-616638
939310
-38579
391782
-624057
-832885
-57136
-530624
-379280
768928
-569152
542476
-281319
-49274
658317
492219
-320146
596939
-887629
707225
-70904
876503
-751433
862119
-629876
-809660
-687232
60574
-355992
-792695
-485463
27370
-853385
475958
-580848
-477442
643074
362017
-8065
-736207
130945
422783
806270
849627
-626491
464587
341845
53363
61525
454217
-239413
990622
330719
9155
852741
700844
199495
-834492
-238582
843504
-627186
275955
-129127
-480571
-248087
290026
41988
-605014
-347958
-966077
-341220
782987
456706
-534950
632613
830216
929637
-25542
-116422
-8838
-571326
644166
-18217
759394
-346679
-165476
460237
852817
32
-778346
696320
372846
497609
-432807
892276
-750478
857219
-65736
-355492
-490739
-31813
303289
-707752
-575107
768339
924861
-744892
697976
-100681
138687
-310863
327993
-217147
670921
87386
436174
-494556
-452378
288991
505476
-230724
-14690
-121678
-733115
552504
-229402
-483593
409723
704862
160916
918984
-326952
-535795
-788769
97941
-767456
-863908
353049
930520
35411
-508264
-380344
-636596
274589
-709424
450791
-289237
-203980
998413
999754
-698504
-232311
-14936
179818
34575
-462433
950417
550983
947291
655278
-288101
866274
-671675
176104
-922495
426267
408649
-786402
-220684
339168
249010
271052
958824
612414
-454359
-750600
63204
256404
45421
61617
256158
346917
829307
-758779
-473265
-136119
-221211
-522849
-585136
-273921
-867572
126763
-407647
-539246
-697133
-330141
887021
711516
-116543
-333664
50683
-867534
937389
9507
744880
-516971
258907
-191916
739434
-695673
869701
-4409
651245
699007
236813
-822021
-437112
-984399
-344869
-22248
-258319
-212441
-895486
334035
248314
-592618
-996107
135335
-881103
-112650
801672
169580
19817
739060
-820913
-235303
-777911
437994
572781
961523
742322
442482
-42887
393566
141488
-806075
571546
704376
-790473
-773324
-317872
-48791
14236
-213358
-714757
-737451
194025
-710863
397884
312922
176488
199555
-517498
-803696
-61385
-338411
-38998
160704
-900417
-466218
122226
841906
976264
-920661
235471
117752
-726735
-192984
-177872
-517208
33693
504256
434002
-952072
-709102
719246
-689523
484923
-991618
708361
-202156
184870
-92084
280347
381175
846531
941936
-657824
7235
-958481
-124041
-870540
883425
-147778
-791200
118896
969975
-517935
925912
-207898
-35142
-40396
-703642
-601141
7532
-412744
-881896
318010
-927821
-873513
26371
-129977
311358
934287
-849630
-307468
780818
-907695
34709
-211948
-866175
910668
-82487
-982751
-237110
126313
136145
-267136
608378
62057
524967
-426764
-978339
821325
-27904
29193
-591419
90201
-652797
-519240
216688
373574
350783
-471955
307861
501153
220578
88678
593459
-744713
876731
727284
-834046
-205757
744534
-71155
920556
-119322
661709
528934
942735
186676
-897830
964396
8000
74266
-6411
416581
-835534
340793
897341
381154
-285634
248124
909200
-977773
-250723
129778
110905
-657264
385065
-12364
-929980
551020
781879
814554
-520136
702435
-304768
-858427
231369
-362033
328249
333539
-397638
-663751
-592196
595952
752830
-427729
-63255
650171
953426
651111
-101705
862625
673339
647573
-7597
-215756
990310
-622533
771880
-939671
928488
553758
874884
-591649
256193
-429885
-450076
-512439
208082
878173
821101
810445
-785579
-771095
406397
967252
-198824
-656859
617423
-245399
994253
-484283
-382774
667591
-836710
609629
-548166
-846401
987097
-776287
-786071
915584
777472
-911188
-676066
33665
-341073
-126141
521226
867009
-247969
342327
677454
-33547
571232
83850
-66295
-627592
426991
-448873
127009
421244
66845
744236
88834
230135
353864
540669
383735
340961
764383
597664
256545
541854
686476
580479
-424482
-654598
-545662
-903256
-787589
206370
439072
889866
-827178
10304
-26285
106527
382712
-599294
657654
-490279
821950
-275501
-746044
-89216
954634
607821
-548548
338368
-51219
-784165
-63968
-794675
757689
-377493
785805
-666793
-32090
-759858
-570048
180322
446512
869024
70187
619335
-120673
-956098
-274138
-737962
-555392
-616484
-228241
-733442
108015
25716
177342
62649
-366464
628795
-598983
582317
844630
337049
787643
602319
959556
573447
935526
-72534
813590
-634522
-892213
260102
-765499
177975
-120564
113829
221877
605299
375867
666485
988815
-852374
933043
96829
173342
110385
-840523
806879
-260820
-439506
389195
-416191
897544
176838
-813872
857099
-249716
-878346
-215435
-436126
-512868
-107647
823976
-278367
-929673
-296588
835462
292204
-691290
211329
-41311
-702475
358956
-108268
394354
-467702
-997883
553832
-660824
-258703
-885674
728372
325107
-988131
-94791
511235
868969
655494
632889
-346466
-780632
-879980
545887
-956657
-158346
616214
-253244
-322884
-91582
55467
888446
867108
352992
247401
-241161
-252654
779700
-239044
-698822
-881125
502254
-584495
847248
-172640
-572625
-247543
-661405
-703656
-592049
971484
-50122
-372681
-908496
-504235
-329337
-66841
-888021
417419
610275
20397
-527114
498720
-112495
825878
-253879
646344
-426776
-474180
-592700
-125597
-355304
909554
289908
-508057
-263086
717283
244400
75509
-986374
652351
46993
-36495
-720330
138498
459270
-49667
-928344
571249
-632249
681932
-408354
-159362
180652
479151
-333484
926773
125495
239740
-547407
532796
-885858
97289
442349
404051
589233
-820737
121333
-166367
254773
134960
-514016
-698235
-901535
-234346
440264
557736
715987
511920
128984
-916262
193852
720631
-75624
-625496
199781
590892
-698724
-674724
-169368
-246130
858072
-55225
851159
300421
-651175
440392
479684
470159
-725976
-265544
-394881
-239992
36222
-296416
525663
-523515
-738681
241649
988406
390304
325388
182258
110934
-750236
556762
-689285
840656
858039
-364009
-328712
-388092
-505937
616063
-536933
794484
964888
903459
274167
435047
-822518
-991377
-959835
-62509
44845
-256250
-536847
521331
5069
704803
509736
-604627
30190
-308007
506308
279954
-751245
817023
120610
-893207
-546986
791898
-281299
-52923
407961
181768
-258440
372849
85227
-984273
-192105
262710
-975649
-151939
-799800
69197
591811
-336646
-409473
-403120
-631844
-899737
-7746
398347
-207743
-501439
-321700
41012
-684416
798911
147805
-231402
590809
866507
715676
-1231
48275
-542764
-628382
-866499
-527036
179513
396211
-502685
-972426
596412
566512
619385
-740235
-842962
-783735
-372078
-742698
208519
-973732
49559
707080
-295431
-909430
-977337
-496521
238375
-208738
-905713
104882
-493062
93057
-846844
-35826
464675
-713343
437138
-355812
682869
934453
-328238
279280
500965
-708854
539046
658003
-492588
-833033
915306
715931
-806765
-35136
423010
-102196
55434
445674
401284
-706191
-763064
495571
398691
-256126
-411372
551847
708048
-946698
838505
145186
-302510
521373
79638
369252
-199348
-419398
660399
-660303
-761395
-832190
-493335
-846090
883741
-300100
118775
306751
597705
-825792
-247575
-1012
-531982
-10639
-505441
866710
733236
83187
418557
441283
136490
257061
-413532
833980
-221566
666107
203232
579087
-753291
-136370
918784
-514685
31441
-574551
-360774
-84819
125349
758001
-778068
-276946
932210
-25642
722043
-599773
963720
-783398
-733063
696955
299790
685494
138238
-563721
-57445
724706
-729742
720990
390813
473491
300076
637523
-662880
218860
-877163
368561
644309
-237937
-716258
-230342
-479937
-494325
492712
-547728
480033
214755
-147500
443752
431357
119438
140706
-268854
-195069
-721057
167426
747487
-996351
437685
468476
394463
-88825
-231449
31985
248295
987412
154823
-383144
631720
916886
-99401
-598623
-563051
406274
894090
-110778
-113693
108844
741723
-669941
-459799
-138840
470765
271348
666092
749709
-561227
413579
753359
876458
-117946
147822
-212368
650606
-820194
-964073
638017
334630
-347216
269737
251516
553383
671114
688465
-40343
565204
-422313
845964
-325953
-680590
-823978
214249
180570
646788
-514404
-153338
396497
-75630
-739760
149855
-199173
142295
-702323
588460
-207099
-522516
624387
-569083
812114
-722829
700655
63629
830554
371768
-247906
-209789
-63028
329782
-363826
611020
649192
-187803
-174732
-170239
-541016
310865
676423
855481
-764766
936664
5336
36061
78958
303013
-375479
871859
780497
-751092
-697224
592611
-473921
-996570
-343761
-643367
375199
408333
146844
-687830
-261885
783018
923190
-612694
-404786
-251542
217068
54199
-940678
-106510
-90321
-705444
-169847
915016
330618
909112
218029
955139
780970
-1474
-795954
-916255
-408864
-269875
-912824
247376
86758
462375
-344291
-766399
774545
393824
-983381
697735
781130
-388166
-553808
-1803
666033
-494486
891688
-424288
-199929
-278159
-509273
-869312
-369048
708757
-914174
-588078
-292718
-710127
-504332
298419
19999
-417156
-454206
-893243
-954782
201504
-659641
819764
-404673
-643022
517499
-623544
-31188
963691
374654
-365155
-530795
266341
210557
