-540066
739518
109492
155225
988102
190662
599928
637569
259744
7107
492017
631129
991291
16084
398151
-525844
-210640
739497
-528382
-416308
203160
110632
-981369
-897550
-394002
-420170
-610212
-472293
338836
-403364
719360
798771
-663847
-171149
-46004
-675745
-980488
-446077
961825
279257
561031
453842
-89615
552321
-530075
-691464
-973524
259286
-951967
-501905
842978
251194
608727
861609
353644
-785275
-558561
743432
-257567
780276
-659932
-538208
579047
-323778
290644
-466958
477
310157
86965
-37698
-410587
-352005
-583857
499799
-799684
-113931
808335
-773207
-854646
856369
-275112
988333
107562
-666385
849942
-538794
-451659
-708619
-795362
290775
-928344
-455294
752568
650703
220928
43211
-816255
-778595
-646632
270710
183707
-57218
918706
599851
-557420
-880978
-514081
-749085
-654185
-368726
-892716
70704
-380394
214847
404320
-530453
676053
952662
-239072
880691
243436
-167415
-574604
-3997
-516712
646324
-960786
-332967
867730
-607417
937744
51436
335365
856450
-348714
777946
975472
137205
-971139
-678713
768479
-863854
391991
-611915
350993
-203689
-142367
27045
-251028
618561
-92265
992409
-548854
333132
-11588
-65566
-20544
27627
601468
-152815
420210
539211
898621
-244425
395660
-450093
-466479
371132
687112
-437617
692419
455591
-301471
84410
843677
-950479
880721
-298691
76567
-370307
-680130
984302
-377899
-228984
317434
610514
705451
-703111
-361860
306918
144074
-941651
-153871
42695
-186075
-758211
592602
347446
612921
279714
909830
305340
-264695
-391642
-610251
-421019
-342120
-729531
280291
734447
-99837
600161
718749
522265
-628823
36183
132778
-923373
333072
770918
383546
-522854
829268
-770326
519841
-356807
-528536
112443
990640
-915616
-607844
900469
389724
127462
-491173
779473
706443
166707
-950058
-13267
-98846
-49894
-413106
-380097
-527630
-41929
656086
605149
34698
-10843
376067
-581757
466304
205335
-352082
-13855
848528
119382
-901413
839167
203767
-509256
739635
-406510
618206
-751538
-627037
324649
415170
-577094
-688618
-683677
373013
-101724
-63773
845384
856347
-407688
450532
-108956
581470
-173402
309288
47773
-968068
957207
-966082
880460
76588
-867494
719627
-719645
-376750
459262
-126155
-758544
707724
246809
566105
122893
669716
877487
439217
42728
-224237
-624557
-111889
-367891
-32244
-661357
523154
-450775
165242
-167558
596999
197174
-210352
630918
77634
866237
763424
-202740
-853409
-613327
-743478
20437
-371870
964246
-732754
-805765
87139
936962
-928279
-473645
-20310
-152515
-98201
867802
479594
869555
-793555
2747
-581220
371687
835189
-984222
-431140
-375163
646696
646495
-508927
410120
-556245
-362335
796793
-299723
658102
-575077
-335477
925348
-380842
751663
862310
-309120
-721982
-158000
538365
179817
-290198
17958
49372
-83753
-979295
468152
-712066
855895
483931
-143205
-519269
130627
-496711
-28195
-459254
-52955
609470
-662461
647322
267571
-237538
-688155
192919
381621
-936492
55229
-927500
-658474
897230
610865
521344
-392969
-371177
-429285
523279
-350471
-961133
811213
-494577
522799
-331992
-13845
-346575
171297
957961
194172
-881659
567430
531712
765664
-164999
-705826
-922491
-972080
675795
-858983
83150
748296
-517457
-19621
359161
-996113
587411
987984
-425397
110690
-362487
-386530
-78097
142937
-863732
589911
-870909
-210306
-238793
-912948
983867
-120451
654482
515578
-354787
-510517
809753
-277278
-482597
485547
-136261
600553
233842
346283
-419068
-406998
350170
-831658
-419014
924773
279032
218500
-461757
-799066
-638564
-325488
790845
-509472
464207
-447948
-422420
448073
431601
-767938
-36349
-923186
-278455
-226597
-200464
238949
-741050
663276
-160498
492793
9558
420434
-914205
-640272
588776
-333218
-715499
-132192
885282
-177256
68742
-753283
497256
-140413
-262754
-38537
411640
314826
-590464
-156759
546889
373187
-79945
-731567
-853410
719591
507383
-594459
382866
-653116
898335
-607576
767319
984130
-247848
356095
-349088
36654
-776098
-463807
859398
292645
-217089
356654
-847768
520158
-681883
563872
-165017
-272347
-592888
-618128
-899161
327167
-349695
-752570
46757
-842312
-347028
-570377
-495428
-448694
-177952
-728109
-464564
574201
627986
186348
-389146
851888
722541
-529748
144533
-494548
826907
296765
-974391
-854977
-139364
-139407
-127324
267749
242465
-26484
-405085
892771
220947
641673
-949542
873919
-928704
-444969
-574776
-106656
-173078
-39340
-532456
-545093
-852992
78398
-693205
869550
548651
451329
-624999
375557
-251907
-599389
520580
608730
261204
-606744
-123522
-496331
366772
471394
-603561
-412282
113066
-553102
-538363
184363
1929
-113139
-922294
828852
847522
-454749
-716241
994530
623649
-409445
864079
172300
-958117
-760920
-452144
-210023
-360309
-931564
-601294
900896
-538308
275185
-595435
828465
-253422
-198996
-583817
859645
247903
-122180
44007
-750168
764681
121714
-921317
612203
666965
-637557
606733
290614
-47002
470812
-537087
-5118
709893
10770
784859
-650416
79206
-816436
-749521
540899
458750
-344956
369363
-794673
456049
785546
-935028
-296049
-336635
108980
-46217
-571954
-769307
32467
-959751
897658
394910
646982
188271
-652092
117794
651185
342790
-172314
-338046
127649
177270
741160
311214
427749
282058
-230037
-917207
-348579
-24709
538843
-563034
40263
-757207
100332
-850758
196577
528378
-620064
-770956
568627
-722407
623954
215609
465865
971863
-666598
117050
314653
161088
779004
-557699
-661643
520164
753515
766107
-197779
-476523
848901
453643
498768
387743
890609
-460969
630537
-9059
-311726
-172887
-480682
68210
56157
-912055
345804
-319889
303555
-188331
-348026
636957
928719
966627
-201955
707722
-591073
136402
227885
-837559
-97491
-969894
-314081
-248591
483750
-815313
-860848
374359
-276282
769689
-634701
411993
-403198
-115382
-519798
652960
-27437
826007
-666929
-723883
-362325
-14955
913075
-433607
-48329
-288881
-725885
360599
847521
502001
523041
-249970
532108
-791041
501440
15857
-606353
640592
-609785
117366
410280
-244486
-470642
-992918
640132
9561
660042
-387305
-164433
993113
-111188
473242
-21842
-198114
-960365
929830
513006
-686249
290428
360526
815752
-186531
-889444
347859
22429
611996
-636285
416076
252587
-246069
-466559
-337133
509445
62800
-330051
149576
-927640
-670009
762271
-92073
-676896
-348917
-618831
301262
452970
-579196
231092
-34025
-265445
-478481
-673499
-449693
334989
-562943
898166
-642583
-950947
-738119
773494
301640
15812
-693066
964508
-474743
369734
-365544
674834
442095
-35552
437105
-649979
287552
-911813
-268810
-411187
541158
151995
819905
-492867
886551
-658576
-166366
-563143
676414
270692
-664977
-966170
319746
-403095
807325
-378615
612718
-885742
-414107
-862026
483993
220350
812808
-73913
-815203
249912
276109
472349
338100
-992702
-938838
-120743
159294
881067
386390
45844
-777509
-779976
482702
898905
490717
817725
932736
-189538
-585370
740060
431848
-972653
854319
-982260
-834679
338312
238090
978129
-735601
422887
228040
540508
-104764
-433861
547807
-43602
445397
-292900
-162535
-168213
752945
59957
51812
235646
-41138
-457472
53371
-108403
352990
468001
-368343
-215162
495348
-514024
-197421
660670
824288
-959332
638798
-911313
463556
-133162
629195
-641208
432978
177002
315190
-121626
884103
-847346
710162
637048
212612
-238027
-127306
-828527
304502
926065
63071
-342508
394066
694728
442330
-110586
-819297
-755092
-449917
-995009
-714423
-811120
-906322
749134
55719
722874
-892075
-511304
-100124
423115
367071
-216021
575770
77233
-578974
-211619
839206
293720
-40146
143707
219785
-977076
801199
-386149
717653
243529
503265
898357
488437
-946653
903348
774015
-757772
997027
523148
297947
719901
631073
786644
-380224
54187
153715
403756
-370043
-769053
824782
418338
-929848
118502
-621808
213860
-661714
-598883
15059
-47863
-881230
-741413
-544598
-982874
747025
-491251
920475
521039
-249022
917501
44186
-951075
637402
-324741
835569
-742822
729446
-10717
660934
-640597
220230
485715
777742
290383
-395783
-844066
-495757
-57497
-442949
519302
894641
-324179
777889
-649958
-307052
524914
-141208
-386578
45952
609770
-469077
-909862
658695
-831676
-234603
494264
-574498
-505157
-516453
-913565
-145753
703778
572151
-368012
-5840
-823632
-212078
498403
118871
344974
17705
13512
-979206
-204407
363555
-286257
-679493
-777654
327165
366460
832117
858088
456598
490812
-973589
-778005
-14924
-548086
-283161
468623
-461651
571086
172400
-889500
-796926
-833441
-713132
-9004
664963
405740
-664031
-317333
-580748
-643236
478261
782807
70507
798768
-994847
-602329
165228
837271
-744241
-378175
328082
-717830
-156179
-686843
-265916
560661
781780
272434
131746
-45820
382935
334821
120740
669804
-674184
-214298
75543
-338214
468370
494795
18551
-53369
277602
-910943
-254601
282755
-513271
910627
120026
-257511
-467548
-551893
24659
376273
-238735
758744
-63066
-456956
31178
-931320
497224
-585888
403501
-382037
-916085
729317
403666
159459
-608897
-127964
-345746
409654
818667
931857
498712
-435935
214612
985441
-525309
-665363
-272070
7144
-217256
752590
-616583
544009
511333
320351
-912947
-457489
389031
584278
-43376
-207469
-797759
40540
-478152
605907
-800002
-87049
-522057
-145747
-677395
-703391
-213891
821317
-139326
-999280
806758
335366
-664643
-465313
-657490
118102
-712724
-274073
-337890
798610
-953723
-250836
-658880
435309
-666559
297744
-772161
-464317
-661717
-250312
-858410
-461718
662639
-380467
392535
985245
-83858
-821356
806561
776817
-820636
613318
112183
-485278
-851995
454693
632824
-564719
-819381
-705066
-766110
-773103
44098
-424989
662206
377540
872755
890045
913223
-788962
-360267
-945187
-250680
-697628
-325654
-858145
-712384
590489
-679501
-905824
367305
-500136
707495
-520512
14586
855500
934181
-352590
-709220
-885200
-57656
-475329
-658303
986443
99682
-996098
363983
-27564
893948
277206
183475
-466320
332019
932796
-163948
-993636
-925350
123668
596853
-604850
217845
-35842
-104986
-74661
443646
909601
-219162
377827
-442990
71619
492627
499355
596290
834325
485797
-304029
838227
-150220
668408
732175
-873015
-148118
-734146
459005
-215323
101907
465369
-140672
-774425
62222
254478
443420
-973620
-850508
-631242
470027
-940907
149597
-152147
-383897
-778785
-659520
-884542
817506
-825196
601255
-486524
-986969
-548965
-818117
745206
-421980
33766
-988940
-962976
818443
112967
502394
-322229
338542
-435384
932249
-218038
-409003
-918259
150721
-938977
-859166
-699683
-91123
-243062
-478467
249357
-127604
-660962
424161
-526349
-147485
437192
-75314
34398
182398
502707
-931836
193458
539732
886608
-693575
42126
-435622
644967
606742
-503374
-573071
-802261
-421632
577650
-741238
-280798
877968
167639
476140
-600499
-583004
-651464
-261461
841157
-177813
591055
278349
746873
-374547
-539254
249579
-306383
654204
-210690
-419776
960630
831437
144602
605597
438179
641229
-967475
635918
-780404
610176
894680
-61201
488143
62319
-585061
887645
479315
-236525
-373816
320472
585663
-782762
-401179
332535
-157309
59567
-417886
536308
-286229
371425
-883468
-325600
202861
261134
-720004
-358961
-97637
-687478
-723044
121960
922698
-828364
-939241
410841
233956
-524302
298485
-286729
239174
924669
-966257
-175164
-858094
-367436
-842629
-15403
692131
-260515
-479095
-594098
-889090
-362563
80302
313771
898572
360299
954811
-199066
672821
-768233
922895
595518
-596596
983654
6358
637360
-540648
-695158
-649369
698527
-770489
-615626
-476637
-628583
16938
-319266
356015
-290932
420220
876921
114971
531130
-485643
-804727
-155099
-587071
555572
-200288
213864
228393
31479
136758
-176089
434883
120412
830270
72243
579764
-864888
422874
278290
-635377
807248
801653
-263960
-175815
-517613
-907945
533254
902608
968976
-351775
433737
-516668
-156502
-721362
-103738
-600930
78351
-889875
627463
-890171
246884
-548627
544713
-632705
-718358
-383045
947060
-583245
-960172
225350
-218622
847077
27003
517419
-328739
509390
609474
-795485
411997
578449
-147260
-154266
-938219
696239
124373
-41957
-904692
-797277
68169
722771
-687447
-684948
-825856
857266
-317652
-544213
-525780
-370593
-127458
-485951
854758
653920
-638875
-118240
171339
32387
-608850
-219188
236903
803148
-640740
-910357
-351118
-578958
785882
773255
379086
881190
975979
-552746
603961
-711469
-237693
778105
-854204
444655
-766108
-379983
-925938
106435
134066
928820
-239645
495192
-189420
931694
-472422
201730
-287495
764482
4878
71766
854125
653760
492808
640006
427014
-128107
521195
402992
319147
125155
691524
-918546
-96740
837320
526110
137153
-542664
600172
-756413
591403
528992
3942
86594
-660428
-64365
614173
541302
648141
378654
-453821
-280094
232778
-800062
-787287
-127216
626953
84607
-606021
29945
-596246
519135
-278532
-514792
-577606
-441213
-988683
559547
16124
611490
803135
-392474
140482
-192924
694121
480054
742712
308293
21356
390852
-313053
567536
-889242
919726
767474
-676529
-207491
394427
408079
186488
-575629
811833
-294378
145840
-702959
128017
704628
-691641
-312436
-279249
919850
-509302
328278
60331
297774
22398
-459616
40486
-669309
561741
-568663
17638
129276
-457905
-62637
-103250
-134433
729872
-708824
-726354
-83640
-284452
-914521
621983
861388
-617480
-250001
566016
-309120
437564
-713234
-389271
928262
615045
671060
226036
-362558
-788556
-733479
-31867
773186
-302141
985771
-97539
239955
-76866
799211
-894479
-346994
-909613
-620833
569366
-194064
-535354
191349
-332676
-152833
941349
-766661
538047
378912
-479895
-851224
307174
-864850
819837
-466791
-227408
-968719
-200269
740726
804467
497590
726497
-293073
-262456
-350370
-493862
-156934
302636
-403474
222234
-127998
402462
686881
-936649
-930214
-465953
-995301
-696875
-927906
383611
-176769
-779130
-309215
-41619
-959294
223994
730973
-928013
-976275
471699
876455
521315
198195
-416618
-741141
847826
89520
101925
150462
686047
-675841
-977536
88508
-988961
-914185
158294
-454913
-909486
461420
-382819
474126
-715350
-161948
-835090
243031
-121241
388905
-25996
-49253
412630
-554297
-172799
-66055
643898
410584
192805
491724
-499897
-705270
-357814
-813850
-381111
-335350
274659
-370071
-249535
-567047
175016
-159020
894373
792198
-684894
-820978
-369750
-519983
422054
509009
868922
-603942
-540244
281552
-158239
286958
-784503
-514341
-302459
408302
977384
197645
703032
-380431
383795
-678080
284219
-341547
-48151
-965316
91406
-873135
-124336
-14222
919063
190770
164801
-450688
670787
-413145
-941679
539709
-17087
-481923
-178740
824675
805036
36758
-689667
-497424
-554941
-712283
700221
-851910
-92714
84015
-529989
-808496
742468
421861
-773812
-166126
548726
101853
819652
467789
-707377
-15547
-982900
963410
571308
-924578
503119
-445779
-406500
-675621
-621105
-601465
361137
-310771
-98889
806196
-23054
-398668
954287
884233
685347
-575703
-924264
427815
846158
-698075
-738311
394884
403779
-918659
-137328
696402
65794
-120227
659812
-362898
-44805
162930
191323
548696
487309
570219
947231
-151555
-740552
-151658
-345359
236395
449674
-391073
120627
135020
33225
196364
-437165
-120617
498290
-175476
-725734
-97932
-94135
136939
-401531
971660
-983289
-741720
-391239
-28093
421210
800085
-479398
-91481
370304
-532167
756965
629752
316175
-588394
-133854
-234152
20534
986774
900869
-946242
183137
-536297
-66858
-318574
288228
207409
583495
-805907
-655653
-818037
-834248
-638941
-559756
-225486
332967
861455
-425401
853569
-230027
944903
-678599
-473062
574654
637576
-61456
-559200
-596576
959078
-572427
-695708
-987164
610711
-232005
-54022
-707863
-943777
-846613
875632
-749684
-502265
-942405
-583931
-141206
-502161
190584
-808240
-640707
765183
-954671
129267
710085
-633269
656205
284739
-995693
-405252
725539
-592269
-446174
-846888
-287976
-433338
763823
480020
512641
-944041
536243
666029
931592
786560
-836237
989187
-797371
22557
-512975
393213
214318
-153681
158395
259648
975586
-131520
626380
631790
-846782
630688
-773462
878758
-961582
-219636
-968131
-249557
347027
795693
-769538
-140332
851653
766705
-474304
783244
553265
-310541
772430
755894
712017
-740545
149107
-73665
105774
-692499
-814018
81360
175982
812363
-286851
329200
443050
-60312
207958
481469
720053
239827
-768089
67079
35520
-537627
926748
-112828
-770922
-547557
-329584
782343
141902
-557154
538237
-146081
-297699
-312657
780254
808076
-5155
966237
-110565
-829174
778599
602585
500027
221648
-457728
-292016
-296883
-737675
947812
-64972
329405
-16669
397401
256152
870503
626479
708595
-459082
408822
-149503
-16235
-52942
704417
686066
634401
484670
494142
-370755
450907
-616424
-199928
229505
986162
-699902
-548847
-471567
8082
154270
-209241
-44106
-910703
-879837
939225
486699
376315
809728
113177
84910
-649354
-478001
935408
334411
469057
639824
20477
103457
124493
-485382
732703
-424601
-101806
-467226
804905
-115645
-167128
-743943
412789
840955
410328
-796453
-203152
499625
-676289
-263927
-13676
700026
-454199
-900499
-215065
-103553
-378500
-279658
-769142
-909444
-639835
251335
194014
484659
765953
-73284
-939942
-335853
459490
864963
548503
-707638
-878980
-38708
-866684
531348
164840
-69835
30973
488551
666239
-982704
188577
-787961
-883202
973513
108487
-261702
-306145
339345
-171146
54021
-409321
-977133
-461321
-643368
-50416
-401262
20780
-590926
-536300
-430718
-298564
-415279
530575
-165247
-883932
-304586
764919
147042
-816035
431157
164339
372542
643196
281137
346054
-248318
-980566
-960092
-908973
-151711
93929
-318293
-128843
632609
38339
820741
-768654
-940881
-770186
-304953
-371598
-68749
279768
-841024
766004
395837
-145609
530922
-457122
38356
-37921
707218
-589103
-394725
-11645
756952
356958
7789
796860
447985
856079
-109211
-870309
-272765
-476603
168031
-452024
-245256
227150
-222210
449791
855552
709042
-270442
-985472
475045
-874605
-131081
5967
-331726
907275
968047
-624509
-681828
-426679
363846
-924877
930279
-628365
871984
378263
-772287
-237227
507955
-45052
286171
-324015
502925
-959086
903135
-719285
490705
758687
989757
-779737
773215
464801
-654342
-357866
-529232
13932
-450592
-561186
389424
-132419
12136
-246731
-57295
-57586
124905
-185311
-679324
352618
577462
828631
-692434
-136367
-495384
810491
-95453
-592249
-908795
-604748
-833563
-919038
-384484
939653
545764
-38826
-418214
-983469
975107
131195
-544654
364531
998777
467482
-882201
-58519
-590105
242705
756171
-269428
-404678
333633
-440797
-97111
-802735
63820
-286620
101812
471571
-195414
497065
638009
-114452
-887420
577662
-568689
73755
-840552
-552157
48861
290644
-96811
-586609
289420
-629330
-468809
-769099
-219434
773896
987072
511139
-630782
320704
-929658
272108
517969
134162
985488
-380219
-394268
-209926
-883155
-756260
675622
-770575
821403
-893068
303180
980851
-445225
-647959
271494
457965
-234567
-439087
828636
296625
-208185
-390798
70521
-221113
-879660
439740
-900410
-809318
-288153
617560
324844
-302665
-762659
930577
487410
-645813
-825683
163031
-416387
995720
269964
886794
976570
824740
-761166
248064
282704
4268
808977
111339
-699108
-399208
720542
371414
379679
840882
-188847
479270
-968436
523001
96830
356409
-779664
334171
286985
707746
688358
461303
-129224
-728030
457022
-859260
-841237
433592
965480
-602402
-318345
248184
401867
-509368
-640477
702760
91424
-919936
74173
-528898
920946
885327
950373
952510
408327
47202
308919
628663
-618628
-404097
336409
-930270
-942794
-792816
-658299
514228
-652075
-499535
-52180
-686596
-101937
629476
561588
-700070
-879893
921112
-997311
211532
-998825
76862
682635
922122
-37812
633007
874631
-629485
-319792
183550
999179
61581
779454
335587
131312
836660
542772
473013
350888
890697
973478
-701293
-795899
-128459
928184
765690
171472
-951710
686801
174161
259823
687976
-748977
-57542
610097
213212
-424536
484728
583727
255673
-331723
582906
-682747
-552270
-81508
448566
-715611
-538737
-78422
635277
-648040
-104944
933985
-443939
766598
862168
-678250
-61931
910459
-991450
-887771
170282
696527
-636748
-887261
306623
576464
-311797
-208650
160191
943877
459628
-256904
-738870
907358
661589
709696
-808253
-877148
-368727
827025
-525188
526330
761009
30874
292927
623177
352625
-769005
533635
361175
-656775
-296084
57702
-293522
-183345
-635676
-717059
504859
155675
443133
448735
-384698
-813771
709866
-477340
847818
419561
-285592
970671
-949166
-458568
-554518
577164
-697559
476357
-129909
925618
-171019
101087
459253
-809844
444312
-836831
247858
-849211
-20175
612182
-566269
-515317
-232143
876864
933419
383160
-936907
643284
905821
910911
62845
-379772
881582
113679
161661
-672937
-309157
464103
803421
560935
389721
-367599
-337979
-151027
-177443
-893668
12142
-929586
-742879
991967
682597
-309147
-523350
-549547
-432284
-589931
833614
-369190
-946647
739434
-458279
116198
-640338
-576698
-770123
521324
-249634
-79279
-14574
-446214
-518345
-624854
186187
143676
224120
-991256
250008
-763738
-920842
507130
-771772
761756
-802018
-295121
-787791
-234301
114948
-954178
396509
168302
785256
938230
-715501
-855083
-638469
-485623
666241
111897
435098
-348333
665683
916753
26813
-148130
60428
-749067
-139386
-689564
-512805
-60227
817567
-284576
-298472
-984452
420303
-86263
-218753
-464749
-40440
-822244
703553
-255185
-884015
988053
-110267
-522483
-497571
-444026
589415
937527
207641
255098
854280
-765546
-893033
-85292
-514613
-32418
225145
-27417
907355
42711
688007
-391117
58259
108310
522620
839507
643561
-517821
-982738
347114
226995
-866752
335166
-883272
-389235
837596
-327298
-799820
775122
880344
455278
629402
-885202
562245
-455891
-399814
-470173
769254
572769
-562819
-188036
260775
46064
870224
-630916
-431316
709730
-987355
50864
726993
359759
-722141
860241
-305075
-605413
-528994
-467480
67290
-328814
-692358
-52366
-873537
937044
62432
688709
-518847
662618
-781465
-749593
235387
-344283
62372
-503839
701782
-67405
-134754
-729535
-357676
-122109
321330
-630684
-762350
599189
-770443
-67425
993777
-299437
465095
61066
371749
772738
-991300
498213
709781
71132
186922
-809067
-266250
405458
-558659
969138
-938826
503713
-534701
762956
-563693
330545
-966579
78632
-791564
354751
447949
-553913
-46060
677506
378662
-52284
-621932
-156243
-991218
749818
-383506
-982518
248031
-673725
88615
-565048
-482791
822366
840410
-41450
791503
901584
-537738
-743199
664540
-101431
587347
697961
977202
795784
52712
425150
-758130
-993349
102655
620533
-45632
480724
-535710
-36849
230541
80784
-19367
-521429
407060
-930752
-86476
924269
891614
-246067
-117182
683117
-344483
345081
939919
-679943
-756350
527266
-981982
-779149
323049
70730
646001
564919
77382
-251345
185452
-968250
-770622
649742
-5099
459920
-269474
975534
938492
-862415
-955218
-147985
-938146
936397
605949
-55327
619513
-738534
-710247
559432
-418477
-466597
86697
-400458
-245745
-590255
670273
-599745
974665
-252346
148911
160116
-220596
378290
-190142
774306
-161791
540384
749839
-223299
677970
794622
628717
739824
731018
234666
-315503
350531
496132
-25750
-90038
-922345
507654
996660
-322803
-738092
-593596
-652531
-337836
-618931
95124
811075
541186
874529
189364
-648957
648834
-972427
891428
398673
-195726
569397
193294
-567009
309221
-75688
667657
993718
-725158
163788
-32032
184805
241444
-524378
181464
918642
-262470
587869
-733890
399695
968938
361235
210769
510124
235763
-599868
861167
-115403
-572294
752594
-716731
231981
321991
476564
664972
-368788
-599125
332628
-375071
-324283
-503584
592897
860522
737861
-931481
41985
656502
-193951
-370146
922613
-794256
-401209
283848
416513
-891086
-480390
816646
970082
404208
-755649
722676
687477
476333
44667
164040
141304
675879
564915
-526068
-699193
-759368
-29651
893705
-898847
-291791
962224
143139
-635289
-231727
772993
-712677
-25983
-628216
571171
-609470
-519301
-909219
-792825
-549219
494989
-548473
-826544
182466
927860
218123
-653495
69164
-105999
911421
543096
194809
-847948
-486555
88514
-746794
221654
50737
396346
586366
819011
169339
873690
-206972
541123
444861
183558
-978178
535643
390734
-527397
30631
842262
-353941
-786903
770122
864183
-440398
-160715
-241817
-528977
-617619
952993
-376924
-104174
41506
-123718
-882520
-907757
-727373
703846
911254
441966
577536
-295718
-16911
22396
887841
4911
-441962
278574
477514
588670
120836
-876427
801767
-109043
987756
-638631
730242
-254061
-167608
-887377
-301069
455468
8449
740437
-668250
125930
832681
-395623
-170224
743935
-953657
-592689
-551784
29432
429707
-663944
-965657
987745
614631
511858
576414
-264534
635431
378181
626424
623187
739550
356666
-630875
-428059
469289
68057
-972591
-522262
-191506
-640841
603669
-358826
-36463
-566556
-614892
9880
-159245
-166676
-960688
-729538
169381
-926344
-741793
-215988
585514
834622
519479
220945
212802
145902
-155869
-47649
-497433
213256
524293
971857
-718688
551702
-550406
89806
910861
-946738
730980
-125602
-513293
-883912
884279
327462
-50587
923592
597925
-881206
997248
856132
-97194
582762
690753
-577716
-196294
-96446
568187
647837
855906
-929247
-138907
380198
-957390
142405
-68101
-507796
-767789
-157240
-454533
963192
717158
32174
-920721
601436
-640364
28692
525027
957561
147486
522275
813693
-949708
105036
504446
-527424
908742
-592001
-959237
556579
-736096
-888483
-582329
644102
-845873
560076
-423999
-353669
792288
418761
191798
755479
135919
-776028
834758
-262645
-416392
-136550
-737618
-458831
-989065
784657
-645139
-938772
-110307
859308
-466196
-201565
-732693
-425432
-644987
-468788
-313915
-227316
-824686
-159788
-667240
-248685
486543
-874953
-829924
-321659
880526
305995
-97686
715284
-956651
485922
-421267
-694268
-972909
-410331
-909612
-618047
-349103
-19918
-758740
184702
778517
-491433
759270
-866471
39779
-554646
-93787
215093
285566
238974
966409
-227891
364021
-863516
450451
244547
442479
-647236
-40170
485829
838687
538563
791562
865779
-871768
881951
-752269
-220871
-137968
-511009
963832
-359452
-2441
723101
-225922
-962663
-831545
680292
252431
454022
-80735
218839
-773869
-716715
355323
676583
527833
-202198
-970654
-512338
-716369
868034
-973775
-924808
733812
-845543
957143
981543
-66413
-180826
-529466
-102582
459723
468093
-379481
-766200
505431
-211026
914092
-242139
-757004
-166644
976701
-530873
116642
332024
-854291
-355526
-870175
-824944
132137
-586543
-956910
158362
-511350
776903
312820
-554208
758445
-753593
264967
-771021
143825
-275310
697073
764345
-41510
202503
-446682
-127418
960365
-203685
705939
937066
265442
-177420
269089
411152
467055
398915
586209
-400808
812372
629299
757555
-698979
406201
70374
-253186
164646
316782
-988219
393626
-539394
-263529
90698
-775049
694962
-706799
-221731
-432457
-746434
574585
-726519
-809369
-159974
96062
459720
-748822
-436884
-141366
837387
162309
-328995
466686
-80137
-27973
-127113
990238
718842
-962468
307019
730623
431158
767626
-532907
-478144
992577
-837946
-184943
-229154
-270402
68623
-654570
3079
259254
185457
-900860
-281026
436635
-337743
577608
274022
824567
-751387
-259293
-255571
220641
613595
-265334
-60518
651127
-958315
-329896
82285
809311
137198
604142
801888
299253
-580801
-427267
-971150
487822
-81837
31930
-252924
-896380
131071
466050
540256
793328
43658
-185723
617894
292272
554985
-637677
-487088
168579
96990
452394
-180294
138675
-877502
901992
-52014
259697
506133
-250127
-441051
925332
322606
-412201
413154
-759231
619730
-839770
-655611
-249200
626281
884645
-455872
-330062
-301078
-837978
962211
-746093
-475655
-524878
422486
621335
927517
-757808
-239990
-949986
-855817
707996
309712
650317
-542132
868661
575648
780475
-543540
-11198
-978757
-923811
149032
-634367
-173011
-224688
-749722
371118
445251
-50800
533140
407461
203107
-942515
882584
-374407
678821
810100
-132215
-561170
860115
11969
-853175
169826
-337715
-395306
38487
-762067
-614832
494947
226736
-593588
571136
-624232
-227955
-601875
151081
22324
769244
-403669
971524
302383
-996208
174631
359868
886377
800225
38689
696476
-331990
477519
556591
679979
624345
-273583
-657736
-770962
764904
-419802
-385793
259850
806935
20620
-169014
-817298
792666
229112
333783
-185011
-1645
930115
-213487
-699262
933907
961144
660607
820283
761369
-300705
516759
-570622
-823187
73350
-890643
801159
799767
-548379
-969804
564670
31820
-355596
-175481
-161246
665024
655506
21456
457689
-115383
-644761
-727323
882973
-714647
59191
-816290
-780741
20334
844317
-960458
-218298
-456388
556302
211081
-279575
-370349
320438
-478417
-570583
772060
-448220
994087
-196121
196185
-181394
642634
-138792
-525889
-335910
-681103
358729
19329
-408425
241702
304683
650766
425412
523942
-328900
269729
563485
452802
813341
119787
-336117
-466234
749438
984321
55350
-821145
756380
607130
-827059
-439741
-196685
-8452
-797107
664523
465660
-133016
983420
-175611
886313
-425006
-933910
190995
-774240
491502
-285063
-103140
-238769
-721578
-650339
-425428
398209
13545
108338
147647
-2135
-836313
326502
-245756
770818
499444
314504
-425868
-509009
517397
-761345
956652
-615620
-777925
-218960
-729307
-202930
-152870
461689
22830
-661368
-823374
919690
99863
-544951
-730649
674435
853258
282896
-217227
904
-719240
-53539
-672595
35005
-282721
826850
-650492
291412
-682160
866906
530067
-725509
-748714
752143
55532
-478020
-450788
902662
983669
572042
-758707
-839705
491731
341157
-384656
761082
15592
-531398
43978
798366
469506
324738
-255174
796912
-640257
462106
623762
-290748
-246483
941602
-423842
-716417
-783907
-172556
-964275
271625
349424
-415062
174287
333093
-843021
415581
493389
648711
-243263
-891268
409793
772330
-422665
-546230
570696
-953159
778509
-684478
843754
-861749
777628
467515
-152496
-468856
409116
423662
-185272
625210
-748895
-149546
-103166
600530
435392
-928880
-66377
592371
486701
-572988
241082
-756562
-464255
-349126
-984232
113080
104644
586464
159921
-116847
901986
3674
21404
