319666
-729208
-695520
-753433
395575
-121406
448150
-118628
442028
-483791
451920
-322230
-396138
-274554
-530129
-259333
723652
179205
-658992
-358724
-200964
319210
836010
911430
268677
-254949
173664
402497
832923
-235820
-919977
152589
34973
-615496
399156
-569453
263099
-152695
311920
-294874
363515
-236161
382897
967377
489286
852768
-291956
212938
31972
49052
854214
831009
-631738
690224
742438
636939
-564726
-83898
39435
-731803
680282
119459
420786
-284746
503963
-180058
145802
-232939
667247
-542279
472188
30762
221561
-144916
-1862
-289154
-292149
706183
923784
739824
-244765
777997
570833
123497
468221
313270
-239564
903495
-770628
799871
-828308
909654
-80671
592478
-375092
-576708
-587580
770711
190354
-920333
-771568
-337459
110429
449993
517625
-891433
-839162
-774525
814750
-915379
965300
-430015
862619
536132
693482
330839
-150598
-546083
234334
78774
-746212
406026
-11572
173118
-1496
613336
596410
410924
384047
-213237
490591
612479
449305
-398981
62471
-33071
-290414
223310
192405
-475664
307931
157704
94321
170550
-306164
-212197
-498612
543238
241720
735722
-377989
495509
141748
610440
-331374
-859749
223775
-734965
551175
-392178
51799
41765
-779700
-498897
642785
282772
468033
-647629
-493919
-339563
-123292
814012
818142
971029
-15438
-488023
-241168
485950
-944785
-999448
221672
-322773
496061
-636580
-712334
-835314
-496329
511442
-570278
-945154
-880737
481522
96612
-660436
982625
-260604
622336
450658
91767
-871584
-888906
968476
942429
929237
939504
-73010
-558786
-301664
-587060
-503571
-301112
634612
173656
-805052
998032
461322
-640366
-498297
-27236
-210643
-443451
92027
-729122
653161
431591
-746498
-607443
53927
704161
484325
182343
815255
452800
124771
744492
392304
-948240
-814295
-909361
-535300
-317866
-210473
-900688
855791
-15525
-902656
317113
344110
-400953
-710124
-866534
155597
381904
-595656
-191243
-186505
-342153
201314
867422
-637993
-314361
49764
-822738
-861562
-825465
921755
530742
-773705
-892541
621381
-309004
-210406
-589093
-209691
-354616
395383
-112347
962497
-260508
486701
-747627
-127041
-357703
634277
277304
451055
-552229
935151
-347631
-684807
-702842
338008
364957
-525579
476446
539492
-603825
7187
765788
-496366
-371433
-543216
293229
39475
247093
938613
-565143
-865254
901110
174350
621447
-846517
-952692
-736256
787760
324612
714799
-764469
259763
-632833
-449275
556922
705175
915682
-968658
181621
455174
-572483
-811193
220962
-68848
-182625
677746
-775619
856850
-75161
-837006
-708293
59585
-935897
466058
-318968
-782414
513366
-55224
-994654
-162022
-340426
-759122
-902259
26742
-208397
654663
-268083
-292715
686006
913538
-837541
-886478
-897656
383421
44675
-80280
61167
269057
-223430
986006
432051
68277
45591
496154
-465665
726623
713741
-952299
-328602
719088
-114321
330973
959967
-16579
-642286
-248430
-361917
89631
458855
-675912
3168
621314
-562389
105513
4735
482287
-974768
-934099
-248657
-198198
-948094
-816607
870080
97498
679548
-595586
-175880
393289
-547885
495519
112377
337795
-173509
72343
-678785
184206
823913
-40701
-726163
282768
283388
277006
-95918
720999
-617482
908817
203286
-592249
974718
954630
209554
-973376
-861977
79634
124122
817572
484048
948243
210860
936164
443761
-676763
273959
-729749
395580
595175
454458
219493
-445527
728295
-497740
837861
5300
406342
558860
387819
315158
-237854
795571
289876
-283225
5124
316501
-145201
-915243
-559377
-327630
568806
-611135
883231
504970
832626
-793533
-221072
-897123
602048
-625898
557335
-178460
-71424
285629
323801
-233563
-709071
-269858
-674703
678748
-954700
87443
474318
335177
804219
-520558
-348323
-340983
-435801
92301
331387
-866995
481166
214617
637975
313791
421085
-583098
416668
23132
-208995
-25997
844672
719581
-740369
168472
-513982
-449440
898615
-188685
-770692
943916
898759
703627
279092
702978
-816932
930770
-638006
-252732
23070
693382
-119727
-495765
-92001
-481752
818027
-670917
-64850
234695
352215
726156
-791303
196887
445737
-531671
-634642
931755
18890
-736027
-256930
248198
-792112
-358172
-48176
486980
-655194
134893
417749
-293200
882161
-559181
-599818
-237566
-54945
308181
280682
-236918
637265
-784168
997777
-10521
941988
-793526
-813635
387724
-325197
-448276
319479
693693
-184303
-937451
-58109
23585
-295622
893715
-489435
49184
28608
928315
755985
-89231
-630867
-843834
673203
314189
464348
-46115
-922730
101612
169717
-924953
-908909
111705
-718479
-722543
-500571
-43676
-170819
818909
-349983
644879
881458
591908
-331537
-414165
485623
179029
635019
-485770
107343
391003
425000
476477
547169
98202
-209335
11517
-947913
-132065
-886872
221804
-57017
-795781
-666491
224504
-518324
-167062
-819172
310858
-348154
-169155
-44264
-466697
-577247
624200
119138
908376
-196772
-245843
-577394
910572
-854840
847606
387048
692330
-54192
-822288
-296154
-2105
45648
-183026
-780301
988631
21194
-446792
213135
502870
386146
393963
-186272
-962008
-775192
769464
-428704
-352439
393663
690435
-444064
-803109
-555409
-21457
-892538
-410249
-173852
494511
-717920
771956
672223
-14074
-230149
-282129
802901
-10450
-293498
-175906
542758
919638
-673036
-71096
313600
140692
-33103
538408
-89844
538193
-814031
-696181
228627
-258094
-499290
673219
720449
-391827
-737031
-453404
-897317
-454950
-681448
774907
530976
88403
-507222
333877
-922047
199280
-842030
620712
118917
-515065
-450385
-567483
625628
516513
970926
-464217
54705
-843105
-160398
-716668
-101199
340312
956551
-380751
948486
-780480
165845
-948832
-235430
484398
826075
-704454
-427200
-681148
629423
-349247
518133
787394
-728536
-362950
-727672
-178920
69567
897956
-662408
40493
-566261
392298
197388
273341
675631
-903812
-386347
632181
-284563
-437862
851701
881283
-386694
-383730
365680
-560619
-88184
938481
-241767
-458761
-410766
-723635
-671368
-139302
-86585
-399039
681779
982983
-501083
-980629
23476
-67344
411670
-779137
-794003
87300
-682948
-180350
-280519
32490
381789
-428819
-86227
995095
187452
-720547
-565525
-900732
-782067
192709
-359493
-192832
469074
-30860
667867
-617511
570101
349645
-634528
-930982
369017
388948
1675
-219314
609812
207672
867987
926864
-972678
-412533
-40646
409111
158649
873127
404206
-653899
-847421
838682
-554631
-629487
31390
85877
177681
-499536
-944983
-154453
-117046
625119
-804808
248426
694137
564209
-362627
-304189
-655105
-752816
903484
-787118
-825952
930806
-199651
133402
339916
958999
6529
-255878
-694901
159109
-417197
-249531
529623
614194
836347
-292696
-885342
891364
552852
-2388
516482
748044
-753963
210619
312253
-116589
906430
657149
130596
809914
870031
304644
740719
-329620
-561954
80635
-370622
444576
824757
-65523
-396316
-592440
684947
-866694
-978246
521293
-159390
-863588
412656
-606538
134024
-70862
-858495
380062
-860244
453759
-736528
-953814
110907
394068
856100
-19063
-301288
596819
651317
136758
-322547
-719305
-418667
-497790
215173
185018
-90230
-99881
318324
-68475
-578588
-841066
67937
834069
-447603
-798039
-236794
-306098
582023
-97037
-852339
845495
-50851
258568
239563
-194751
-760495
938275
-597933
890823
75033
79521
-828483
656366
581731
386690
-158617
-508499
-713192
-840293
423026
-291780
-681358
-509038
-457712
-128961
-307077
305495
564942
-725054
-791543
712603
-879559
157607
-28829
360004
962856
210676
298279
-635077
101498
-626689
444444
273015
-970323
26175
-340296
-128939
517676
-53487
30769
-59299
654733
349412
431664
-802979
-779549
-875413
502517
785393
-600467
710974
497996
-480026
-131420
-530834
879979
-168564
679843
178257
196360
-218660
551569
-359197
-945645
581246
666978
-285941
-547694
184654
660573
483076
-874646
315305
-167513
557019
512327
52938
681606
14843
-161669
-918861
-274183
-663673
-398887
594398
-194507
-518909
-574166
-514665
659349
622194
266676
210917
-737004
321031
-207838
929975
-964910
244469
114628
695663
-272455
239983
10968
560032
-202998
-476706
-387030
-521393
538138
451302
-440253
-736045
787629
160860
858353
-406878
641952
-715814
78458
301300
906380
-654867
-487783
-830624
666164
304379
-900649
701255
-451152
213980
396917
276393
-546038
-592116
-163575
250964
-68821
449396
729572
-530684
-99303
-710682
-266729
-311675
450179
-408376
281448
92130
-124190
-640095
-606570
-217810
-294962
-94353
-48433
-628798
-789974
50919
-927544
-241125
-735102
469373
-964732
-281139
877258
-128306
969825
-191564
-678911
699397
277753
221786
988716
-988976
910112
438894
-397352
191559
-468976
478459
551464
-75545
-739351
-743498
830103
212217
-372295
-959871
-736865
-299839
-200996
-471967
-830466
-165727
246894
-953209
705967
216719
-144772
-972945
-83884
-867020
248842
-95169
-855996
158953
-656275
-253347
-649488
-125251
-774888
901977
799205
-514238
-841522
629307
697979
-213817
669436
961114
486345
-531560
-510853
655879
302714
736042
702671
8680
-47239
-442102
35735
868877
-309122
-715423
-226292
-165117
443530
117433
581537
794043
992183
806649
696019
791387
-707590
854498
420694
990390
-359320
90130
951503
-872975
558571
-559350
782904
-138716
-823309
485575
869964
129452
-956528
-94301
-1671
-265649
190276
772037
569235
-366194
-110531
150771
-572151
-118349
-42580
-876133
-326962
249830
978365
-906269
240219
-380955
183862
191722
-253930
-257568
632373
-471026
603716
809064
-985451
473680
-61484
-941979
-620621
936846
-207627
569655
708882
-638393
-796539
-401649
512379
-368689
480002
-530202
-244822
-846960
719629
-266457
-753228
-40152
352589
430634
-848430
-901341
-826934
783943
-372366
776783
593007
-357817
250462
-468478
-299795
629841
-531633
492578
199496
-822751
854186
402958
-224400
366564
-965732
-744398
836363
-210554
-591358
555992
522990
-344585
-484161
-124422
-913951
-332591
-25762
-740885
-548648
601872
-964103
-955642
-755946
286359
-424119
-55741
-83800
44248
-563163
-884305
221498
-708978
518653
997098
657587
552922
-747301
493950
-657632
-338658
49941
865358
316757
565780
-259064
402806
-766811
715174
661921
-315459
317046
697819
-271101
561100
-15823
304780
-494641
900378
-650972
-57804
-983928
570527
233219
534726
567624
-109194
87647
820324
-615245
430015
-518335
434696
295373
798423
476
-963691
201228
233666
751484
-136851
918207
68529
-439033
-352894
-370371
545145
951887
134988
445522
-699085
-922816
461595
871442
310404
-3679
439066
-798791
-916032
259389
-414035
513984
741055
-979339
-190644
539477
21137
-154335
-259296
-745197
-402852
603854
-826990
665678
-835179
-179884
-704694
709966
-227997
430295
155488
72919
507480
-382917
-55639
-182117
613405
-616574
19093
697373
642816
605058
211356
383870
625719
-979289
-76654
-353144
-133623
664051
-98341
463526
267904
74669
129203
432726
894786
424510
142691
-333211
-145196
-701821
739709
-637717
-84737
-315931
180167
-471333
67496
-800741
-773961
-289688
804317
437395
-905819
430036
458107
17528
-923108
-675516
-318421
-21449
788010
949484
-946780
-82787
382209
948007
-658278
-475100
-385204
196527
-176921
-645496
558810
738343
38574
-261023
-732991
-893931
-61764
-506951
-183619
-257447
930445
-89437
-827411
388551
928092
-750519
713035
-390330
228033
501045
-440846
281254
-581743
941363
229260
-240020
-533738
844057
956507
289342
-801440
515317
27685
237134
-745707
294694
343204
192529
787744
-840415
935083
718188
70149
-892329
106738
-1760
-642848
-180227
607911
585186
-679183
-832936
-133561
-260925
-891573
-904301
499055
-425310
939756
455562
864033
-861685
-29122
-108283
375450
225172
-813589
-281347
-582299
974155
-121762
-647217
692342
948388
-539546
-200920
-53373
-182393
618853
-445462
-597207
939671
-278397
269232
-321254
-169969
364931
-822199
404721
304686
633363
268753
443002
-395759
-839530
-181549
829413
-653119
537105
-752887
-678964
-584658
-400104
-986623
-636270
60351
-187543
310357
877959
-568690
864896
-719249
-629019
-413502
549984
49727
416530
-85086
227528
-178750
-780400
-139109
-909997
662602
465132
-749527
-518948
294544
-402645
-981843
541658
-81609
-566500
-858447
-68231
-202770
201905
744227
-892414
79864
-824463
972483
360615
-453482
-441019
-89402
596246
975511
825513
-176226
-203239
-954888
684666
-113236
707715
149797
137238
-811233
-555659
734594
-793076
985999
-347015
-359576
-872448
584754
437654
329457
328980
545241
-590680
504518
517723
769936
-948964
-923296
-319466
647282
-947786
-493953
-528944
-151024
-448841
-844279
735740
-741127
305519
-127022
-552359
749860
-392428
-345435
735858
260557
294989
863410
-154690
-267358
192867
-825710
-722117
602188
678808
795607
372124
729844
872311
-947343
377126
924526
-441295
848183
-226499
109864
-996097
-490759
368738
309422
382219
816379
59282
989791
-529056
-204861
250348
765933
-341451
-904342
-501425
851417
-730052
-223541
453604
948757
-427935
-174273
678601
-555625
-121615
55727
-631099
437090
-96091
142402
-453046
-92187
651643
915693
-782765
33862
732072
276517
23653
-796985
-928344
-726000
968949
-269794
-630342
-532476
-418378
-360393
243983
-964775
-411636
816049
-139047
-733035
-739576
739339
322693
-370675
176428
-773399
771727
723383
134415
423369
639075
351651
-542769
371147
-371833
480884
574163
-300176
754884
543112
430030
-875458
-989365
-988349
-235850
254619
-953123
352515
70668
-92170
619480
331092
-352832
-57828
960417
823597
168774
732144
546980
-696811
155513
186055
654840
612744
-442799
-716993
93627
-868637
-17169
-151489
674476
-587139
-26946
685111
-575487
737204
-60270
-528609
89718
-989603
379221
-290802
341490
-973611
651370
301906
849987
-179856
34050
396967
123333
-810438
-416979
-221827
802306
140222
61180
-104067
271586
-955989
744444
-53939
-543127
-282503
-368828
-118614
-545299
570903
352777
544419
581300
-268002
-746384
-77211
-241612
904987
-775305
-391625
-274869
258745
-994659
848465
448308
-411638
-373363
250613
728585
687818
-853455
171
731830
890990
946233
-811298
-391513
-422595
70088
63188
-851693
-577135
-392393
729608
154864
-138776
-347603
913252
-233789
-122907
-478373
491342
-864162
-473032
339806
584146
115331
966444
-165241
-156085
654262
-18695
844087
386091
-127706
790320
574793
480782
-632276
-355119
-456031
-483968
67746
151577
-754361
-777391
-987200
-101963
-864139
-220989
775130
-342511
-729647
910968
184457
610160
495114
-700212
576604
-670128
143704
230865
311177
-12210
-383045
-816529
-221890
-808252
664253
145834
-163371
-791778
661866
904376
359800
907506
-873015
372601
-194458
-737154
-848389
-419329
-79664
-578035
-508361
-895208
-967876
986753
-595419
608728
-683376
548285
-160408
627802
-463925
456548
811274
314185
648296
475526
-539982
-515076
683749
-878116
-610701
43549
-970611
-483716
-583851
-165068
-220869
-432239
415603
699467
-10274
907243
804260
21850
893995
-791160
-369422
-789381
757126
470171
838421
-706800
-73282
649695
607385
-424986
125221
-932598
59939
-191031
-810713
449239
852519
-781324
965524
-731333
53609
-255345
-163572
-530788
-555878
826154
-623546
-751618
-151996
-729552
-542777
478582
-518932
-785652
-51247
-680511
-492452
875472
969184
-885068
-549515
94404
-817665
510425
903374
-628378
-40337
755892
-409701
-74813
-975441
643908
669842
-139013
-886881
-886036
-312859
-510426
-637654
535145
-239977
-180431
13727
241091
33917
962481
560581
541466
837952
529764
656398
-711564
-375832
838734
798862
-472459
-789644
-241475
-716567
-199344
683712
-692008
-555437
353554
168980
-442317
467518
856121
47258
829864
391266
807281
-350568
-595007
48372
683350
-632527
-391048
224815
-794576
-861285
-118788
-506139
-237116
-280054
-707278
290425
-69698
51247
573858
730958
-265041
881851
-824479
-911488
50830
-266795
556030
-93050
780463
385894
-701784
587743
-964675
-296791
-363886
718675
70683
245067
-56511
276107
383783
824702
769969
-853334
-455353
-937310
437091
474950
113938
10949
205907
848898
-107201
381429
937410
943630
-885367
493440
-149421
895097
-120667
148796
482840
-85341
852006
-881046
-366666
-77312
364021
576823
-801206
-252197
401525
968763
-105531
946173
-968547
-668440
421123
145392
342509
-372971
-5711
-764692
-991542
-68301
-821063
-876909
-574862
29517
-981812
304472
-821687
501028
-780870
-969682
619982
-147536
-46994
-15998
-570713
151800
731806
830812
120563
-373726
776985
152017
-42165
198107
-702592
-699657
825137
291698
-464348
833596
-776604
-285410
956688
-351466
744107
974876
953006
922420
475903
-827865
952739
95885
24600
-94256
-920113
453887
-942456
811693
284699
178107
-562033
61684
-669876
395802
-740210
-372468
696146
-915073
919230
-768202
918523
-857375
-53612
875210
-208840
-309505
850086
-255834
-387085
325988
-83698
-434347
-578127
940902
471397
-498240
394789
528942
-686547
-320513
-292952
-248579
741171
37173
-852777
-999039
664705
843369
-914111
583935
-924833
-995588
726561
21555
879622
-482280
712050
729707
261887
-675035
55695
-821812
-109382
477569
-880911
-637985
979329
513878
890957
-707218
-806635
-401995
44203
934537
635178
191426
935498
299882
34795
-978614
-116183
109962
-974201
-389623
-868484
905421
128098
843567
635128
-610016
-831469
-309177
-431828
59150
-831609
-312738
421165
-852280
-798860
312121
-559498
-605494
910126
484705
-670958
545304
-323869
-735461
-154814
710926
-714074
729003
-179112
-688275
-660620
-47595
-782854
467478
-204029
852275
857463
-35497
-456903
-574365
-976348
-288511
112897
444818
-140791
314038
-243061
299712
708544
-332935
-215584
-962415
-787632
460548
-697875
57554
171473
-411948
-213444
992361
-100222
125936
-55234
116925
-406586
740737
-30801
-549124
-294760
512297
-123489
-271107
-776214
989409
-826290
82995
303446
-69351
-617294
11990
597714
167123
49576
810082
-372330
351702
-132365
799144
939754
654192
791505
-160468
-219872
-263730
956457
373543
-522993
-74344
824419
182247
-562047
-299070
911140
-338261
-309661
-915150
744735
993786
15499
-872559
5775
-386788
294565
-944650
-576706
922235
407052
290930
721379
346806
-54879
512884
-813662
725250
-750847
-857206
98792
-273839
68451
-76789
908409
506404
624141
819549
-831857
-685521
904399
912878
-691735
-80103
-959681
314040
533110
334884
369391
956405
257118
-223557
247334
-21503
-876751
-807545
-508620
-690413
917705
-259466
-547618
16497
466695
520833
939708
375103
27236
563849
194651
195380
878329
99050
108257
-813407
-981054
148577
500634
552057
-516540
-129976
508461
740579
646468
-244205
-280925
769717
-51750
210455
-920696
-134046
950990
-468314
882452
417685
-947482
822159
-207213
79755
386007
987439
-724866
264336
86489
383392
450929
105436
-468032
-48438
-342508
15428
821587
-834047
-243994
468054
-78252
475082
237771
869998
-314463
317075
-264048
-363474
848761
-381597
-945790
901280
-559438
-153002
-18966
826570
-165563
256169
90905
920926
-360439
-458167
26361
171529
493396
683854
-813043
314982
849808
-57036
-216964
-228445
-581955
-979194
-358447
103582
337882
377506
740109
186643
995910
794319
87922
-563529
-358683
-931045
-736960
475754
325125
353945
396680
964686
895779
-576959
136215
389175
-893106
323172
-295844
956702
-733864
487193
-271743
-315819
508000
369810
787764
-154119
-252684
527873
-967477
-256775
322191
120446
179696
963509
189401
442737
439263
-485474
-203318
-164058
-520789
-307539
258983
615427
-918365
365878
-61402
-214208
322579
204735
-727016
-949164
888916
780984
420646
676680
-373135
-832038
204552
-340611
-88813
-473257
779835
-909117
-509749
-30764
533621
929515
483762
-669698
-234544
962974
22763
-975561
578400
104399
390317
-483002
890191
-287104
721733
-836826
-236268
610648
944159
-815622
287328
-428977
-647660
-508120
230412
263528
18623
10246
354411
508875
979482
-111969
438390
463244
218334
-796155
426217
-758904
-771715
4616
345495
618603
521614
235686
-668502
243346
398860
95231
-146006
343018
279610
-858678
914042
631950
-366798
144454
-104523
651826
-845300
-750112
160701
-865819
137920
-400910
597426
-643747
-197064
23642
-402650
31221
-971742
942846
-350177
549873
178531
-18678
-206781
-422610
-923448
647214
920409
356163
788536
834451
-11888
-578262
-21096
883590
-926436
133604
-866522
234265
267786
271398
833356
-134789
627651
-363709
888854
-775000
667513
917113
-832155
-682664
466986
346377
298658
-739796
923767
375211
907418
844176
-268627
695954
678627
719486
-882309
-342470
603075
-808745
791135
736554
425521
58920
7951
258876
924132
-364399
895168
812986
-139398
562680
730099
28448
880016
197084
-625176
178674
457288
-701409
-446116
364706
-857233
285258
60659
821394
4743
178351
-521076
-392182
369607
-729942
-655629
-204873
328979
352323
-945997
253111
987924
949171
66097
-151474
511851
-203805
876975
391867
993279
-748202
-429460
450567
-449610
124425
-184728
-306843
-590318
875932
-485449
414426
54282
-6525
-977757
-576111
263533
-633385
219017
-407488
718938
273020
845623
706862
222191
-88281
-444613
-265959
707915
-567638
-874092
701193
-315839
-303552
151760
234551
820873
967033
927709
-769445
842964
-557741
644981
-102754
435734
667225
321136
-300733
-966161
-459848
291780
752777
813172
137403
459638
35362
-950878
-984975
769404
757037
-552612
895312
458230
131549
-408240
-390011
-633901
-587367
-422979
-706193
-356812
-580015
-263933
-711831
317232
-828199
955394
-361633
-128931
989234
178519
-837152
742011
-8309
300251
201648
-972948
349373
216674
796457
106410
664062
691769
-435361
-204390
-716472
174629
161710
-303839
751651
455518
339350
-828365
-808416
627520
488868
-636615
582913
-872766
234454
572147
305754
397303
314157
-702556
-302446
-484195
-675503
-953073
732480
-879046
153337
396542
812723
717976
-807849
-903749
-107396
353862
-207587
-355746
-190621
-868238
-184110
963
759282
-695242
364349
342195
-568007
-401198
-85658
737747
996106
-771502
-964809
-306341
-255697
-640311
-259414
-523217
-519357
893923
873325
-706635
611899
-934524
-610384
-495497
419338
182029
148758
-771284
313792
964648
229680
73074
-730594
-405972
-584731
-298601
192830
329612
-560854
188935
558110
-525663
882595
-697587
-165974
-376820
-220804
314669
-482897
-347480
608035
-870999
-282004
997652
-366496
-862666
179681
782262
-633950
-506527
746910
595730
566547
-983685
-810243
981817
-282286
382588
311428
156860
-428477
-130462
631198
-545883
171952
-534777
77297
951148
779893
594401
-396332
387927
723402
321665
385579
-643094
458999
-434741
-860833
825049
58732
886077
420779
-374721
902393
610537
-392904
-379894
-6876
918525
776967
564647
-211938
408164
-981237
960014
873388
96061
911162
653280
-309539
-485170
41207
-586137
836495
-573215
-229231
295493
-7955
-90064
120542
-949223
-203987
-458679
-323944
-301594
-848143
283153
318512
144981
201677
95479
-290372
989740
-496358
-271608
949754
-622971
824453
860916
-969691
-485086
-624255
71516
-71222
-787761
498302
699547
507733
-509654
-390517
-371726
-458877
405497
169595
217180
-896098
321453
-499668
422415
-533567
702010
-482107
176061
691750
21536
904453
641504
398566
728906
502419
428875
-756180
878164
-499609
172598
-909597
998693
-127855
598136
-510962
481629
-773590
30162
-112875
396006
-752659
-8972
-282542
-252326
-586558
183891
-550316
-68664
-640048
-858566
952872
-735595
782938
351438
993311
285356
-219688
-762869
163520
280704
409730
253923
279396
-718126
-147941
768435
763503
78469
-201404
-349372
-525526
45938
641656
191933
793612
-944903
-624177
-756704
-13566
-264224
-615270
-60695
181
-832332
-709258
-6508
453025
71055
230623
-383456
-648242
-359647
870468
631155
-77773
-277474
399589
-314270
800995
-801815
336358
-724531
244123
-21986
467402
37735
33112
843226
281031
-980455
-420999
665761
-41149
579183
833429
249593
-427325
286453
-679352
803298
902998
-327593
-556350
773465
-696439
365878
-504009
703150
-948392
-703015
901336
387966
-427545
145458
-634020
-960144
-816808
399092
883082
464223
418637
-537917
129984
-622513
-958734
-36587
627081
-386059
-750134
947730
-582761
-847137
-379864
-139110
926329
-76303
-773233
-577681
-373153
-721625
-280695
-471818
666342
291760
673640
-967678
331616
856833
431414
214698
321055
-149949
676782
-548961
227539
718049
414452
-145380
-668011
664319
-197651
-250772
817182
422485
610118
743511
-653818
836886
-834170
-26971
-884739
-114865
501212
781604
-823106
174851
813926
508511
31684
245340
-276791
-647261
-904610
-600009
-196222
322930
-881961
-781770
-822450
-549972
882549
-20101
199257
699731
-597616
-190625
443241
-251434
-353740
609072
721596
-238478
-505794
222807
-456875
-328899
-602342
-642949
-820388
429342
602391
-97179
782081
697782
302813
-414141
20712
420852
-195911
198262
870880
-313363
-821840
70137
-613632
-419455
879512
829610
329111
-474228
438681
50706
287295
932888
-726487
830420
-396012
-328829
-812529
-216400
-899488
789862
686422
882594
487644
-10766
-531548
-491645
-589914
272541
706617
-719034
959179
884778
351103
-654454
-534678
230615
-824844
794434
756387
613837
-154860
43681
546724
118653
-125899
-849288
789824
61572
-65687
890337
-148566
-379266
772930
-660923
609969
-758619
-152568
-979946
513923
-445952
-698980
473102
-561174
652124
818649
-95852
-117262
993805
-301418
-360875
607641
543722
682807
154365
-337626
-443092
305077
-547802
618481
-760611
-657466
-530086
-139876
-884537
-191008
-529907
-643155
656424
-509852
870769
-789528
-208832
343870
-350702
-556708
162518
553447
326031
156322
-747972
965156
-236037
795750
647963
918329
-541876
-795130
223405
-89678
823351
462795
252857
-706735
-677081
368320
102257
-206988
725166
-241320
283160
595934
-30847
-925672
-60196
618452
-482380
-897679
171898
843651
258644
423927
808807
-977394
219677
456769
940935
677801
661640
164340
-411877
484991
-372865
840980
778256
-49946
209300
-119487
743066
-65535
639194
26226
-469601
-391654
100554
470203
-773203
618175
572525
398696
461825
-168832
-177378
270632
-146225
-957702
-272599
-205290
720100
-610960
959050
-691778
874032
-413815
-850799
652287
536239
358501
-467201
279305
-707034
-828007
-694470
-176635
-219661
406084
-706432
7137
24258
866093
-594168
-513917
-302740
228455
756716
551035
270754
-515884
-654255
-9147
-126843
-695205
299075
-252812
-109020
448277
-600525
-572781
-193223
-67725
706524
99744
104268
-987947
923109
884607
418138
-783324
-108256
-557604
-917231
297577
-71521
-219971
-473969
-314806
-668936
796785
169311
-323190
-212363
-957533
-18395
-913288
-210345
872585
534989
189130
-700197
-658234
-878596
-993673
441510
225672
-981619
364618
110279
436519
581295
-997977
878915
664065
299600
-192606
-555906
825632
492589
-224841
622416
-338100
451969
-589947
-295633
-566427
-503234
494023
-693842
-968246
-316848
-394038
-626480
-195443
-387711
815031
-969771
-369330
179649
140509
-932811
-239056
142532
946105
-574992
-557869
-246502
-130898
-732238
-753913
644261
890179
-92013
96229
-699768
612355
529803
-203002
106377
835961
-171247
789530
-558078
202273
-405913
54212
17304
-375684
684882
-803048
