-22587
-696167
-498882
-159974
102426
526509
-688447
-535046
-139708
268203
-812377
-394998
-317155
-158082
-230445
-518928
222811
-713085
-234301
-445252
548275
620975
22184
-445838
594150
44016
-100721
-7447
181150
-194961
-698562
-841438
108872
-197444
-1411
-788702
-670936
310142
-323747
189357
-421655
-136124
794360
261191
705795
-436085
742263
-71395
-149169
-492039
483354
-600895
-871064
-494463
-46733
723087
549554
852546
-284360
-269296
-342416
17078
-110734
766457
819634
887856
977755
-851302
197998
-345993
338055
776344
517884
132415
37534
223678
696330
-220204
-847717
-452840
287758
635638
-53735
416694
-858826
899533
139781
690729
752078
855421
-578568
-590338
-127501
310699
-823882
-307868
198555
-846127
-159170
-603448
-192120
-821115
-827105
-674236
311301
210430
549443
7630
990226
701726
554791
277984
337363
-498945
-305322
478538
-599413
834459
169266
-847335
689880
590699
-437673
-437622
-98603
-261554
254511
-900049
-107681
-904659
-503496
700200
-725774
-330600
-974037
585527
879830
575406
-406843
870056
277132
-852053
148039
-385506
-350997
842717
-906968
49590
677176
262298
202256
367056
-147003
764584
929434
754394
-496970
183944
854346
395349
279285
-649151
95549
553512
20249
121512
139039
-99921
-303082
732196
-229866
974050
880144
918174
-411456
-470854
760890
-318424
578737
438066
943875
-219008
-194879
-203129
-454424
-265445
-448735
48606
918500
-594390
-556045
197785
-243541
539504
-248703
776709
-338984
890336
-323213
357934
622532
446922
331984
502675
365095
920529
-968179
125985
-397896
610558
-435950
-454021
-608450
369172
342850
-62874
-896274
894115
985732
-977774
-700275
-570314
220011
56184
969191
971308
-167107
-369794
861644
509680
988140
484176
-43399
320124
-13149
-678304
240652
18672
447681
842757
-370770
-988270
-611265
20780
380903
731585
957906
484629
625700
943638
506856
925425
-626676
-273134
-18391
-657486
-301826
814502
-27280
-440182
324182
-39140
-956007
-719217
-719016
30844
-397521
521636
-950484
-949841
364392
-321254
-938110
753128
699526
442793
484712
657432
-72578
110412
601070
-565723
35836
974394
161144
-982555
-683092
859319
831947
289629
-580864
156129
-749512
-536870
436912
-468527
493975
-960609
-946892
543491
-910449
417501
-777763
-848559
170629
921763
594234
-344660
579195
-478344
765753
180264
-44067
-198411
154658
-882923
-180966
471566
976396
-349019
-238806
-604469
807111
11683
-141338
244023
543157
-647364
283414
596266
896127
372965
13766
-881637
524407
-815605
-959874
118640
-160265
619322
640297
-394512
-200415
-403771
407077
954244
-286694
-773889
425810
-310298
-122908
-812997
85234
-315797
198687
943896
928226
-258157
-703469
211639
-661892
-807342
-415396
351875
-688978
-890990
536270
-648851
227651
-623995
970471
-132053
-18506
-229944
464177
-611430
-275701
-822517
-385318
-849892
-132815
491775
-662888
952419
-824023
535800
896314
-895798
-722357
-807156
315842
-384248
-614497
900446
967628
-303475
-990544
503898
47674
237107
879904
18144
-894946
-138603
788200
569232
249968
-487501
746715
864650
-337393
-386101
356424
-280
-433683
532402
-464481
-537369
636604
-186837
-344524
-47555
428915
40979
-147109
396542
737505
-137652
-99561
-214822
-900545
-219657
803323
-795491
641740
591523
773741
-108293
-895979
520455
-243643
-233371
-865646
-887219
766350
-299328
645183
-698131
163303
281787
115032
818779
-765768
-456054
-140242
87124
940489
-402738
949472
-159072
382440
-951074
621271
185763
-746565
263011
-222714
-972824
-845282
-118692
547632
-88925
647938
681986
23856
414287
-617343
-330961
716156
545961
950826
-168812
364739
-814942
375135
-775504
272182
315624
-178242
221653
-843449
-795802
270579
777823
389962
524015
40833
-832753
551192
195551
48555
98823
-893374
-303508
-219191
130483
-889222
163467
799522
826935
-290573
750348
-341877
-925834
935407
-966743
-701338
207588
348881
120421
-570759
505433
324620
699820
283255
-285419
223835
-675912
-118171
-224974
519640
930384
873850
626266
-373124
-345342
-243251
-262345
818126
-443729
-435411
-472448
-693381
222712
-398282
-757975
255970
-99619
449614
-395150
-979198
878855
-889718
345422
578674
393538
-939997
-197491
717626
-58168
577535
237266
-127784
451384
-136468
499092
-893958
620281
-763254
924168
-823449
-198664
-548280
-516829
-975952
53439
-274804
280018
953820
-825191
884869
974622
-946337
995151
320044
632338
388689
380048
-565154
106314
-678120
-987619
-656421
194096
463766
207111
-306812
569809
-172608
-70065
493976
3944
731272
945697
487115
755321
-865
-787689
35338
-47045
-612880
-79793
-72423
-559216
-84643
-752379
-926878
-695955
627669
-492032
410360
949549
-479650
753940
143645
984116
-38949
836834
553924
788443
-233231
47900
-207613
-501960
-6403
-720499
-746640
992732
-508187
288699
-54314
-121067
-791095
873264
319718
124263
-879116
392840
428309
748553
900809
-161332
698102
-578842
-407392
-158253
-594726
553659
-321420
959199
342102
445349
7098
-865512
943390
-999305
-586010
-803250
993427
-94197
485449
-60887
784737
694355
-187623
104455
-181383
-66739
-502706
-753075
-318186
-601898
85594
-620085
-180739
678202
221662
224536
231861
900243
183734
-426038
345592
-809168
-291549
288981
-808473
122442
485731
-815046
-971755
-28820
124067
812982
-334466
936444
-82564
484152
-130295
414731
731077
551519
812834
-183329
931434
-367906
-505128
153096
856630
726733
53338
40364
-699305
-601070
231196
9146
687911
422723
-868412
173642
607678
-840167
-855178
-268255
972815
-189643
-331811
-109749
-705492
537894
-695019
-974416
89412
-882186
-157745
20846
-250091
337128
-826059
-393461
63861
227280
646903
364556
626211
-121901
-626298
314121
-699179
-494710
-512237
908499
-334877
-367414
-359757
-362062
442943
308432
528189
737451
-153674
833171
763036
935738
950986
-394709
-43416
-299105
942419
130526
307434
6279
-642195
-45663
-629166
984017
832436
-255463
298137
-866743
249827
785901
-958244
914950
-581513
-318000
-447112
861430
990433
-918924
598880
-163242
914248
361916
-227504
865233
967207
729080
-433873
909626
-140395
873562
-84096
217411
-172102
286739
201427
-339666
-968725
-500436
-206409
281102
-714535
-164653
196052
-296048
517347
748940
-434618
507780
830017
-835739
-655463
744264
526178
117033
609497
493384
-153887
-824376
403009
705719
-950814
-681087
-76871
-122915
605652
-875444
537419
636928
-375879
-668991
-81971
-90413
166357
-885919
613539
-316296
863021
-821080
-808517
693038
-656818
-463980
437301
869361
653054
46798
362744
-500834
222423
-234247
-795115
271609
84666
128015
-851307
-309682
252571
686112
-672755
876693
-982879
245275
-213721
183478
359356
-600182
867182
222377
-421262
-941336
-84586
-78079
-405315
-647285
-208719
-752262
399514
-845975
-253095
-378064
-80222
-48210
893545
-995556
-920196
-957762
-305238
332376
728351
22008
209068
745472
-732718
995348
-71051
626639
-604835
-203869
-150984
-26096
-145204
764430
895825
449481
-882855
-312894
697220
516660
-158868
-555876
-861405
760911
395915
-967860
765355
475720
-925621
-539883
-191905
802730
482125
-982837
548201
749408
-987490
-522850
376046
-592325
273282
-774939
381579
-871923
989492
277404
577558
-893363
964510
274777
623297
-194359
718902
761893
-433449
114817
794034
-668094
-409464
868413
-207977
398631
671142
-725852
415795
219343
-976445
428305
696493
399602
835980
-30226
624664
217559
97851
614155
-505038
-324591
720793
-540528
950187
344089
265114
669089
105982
831666
-216095
-99985
-836429
374441
-231573
-44405
-226928
-560431
229744
-811134
658912
253300
617172
355404
-347099
453152
-674822
-722436
-329290
423030
891720
165673
-901562
612513
625146
-951375
-43398
-109741
717714
-937417
-278076
-498381
-37402
-114504
876060
731026
841092
-350868
-829406
70835
-162001
829506
-675866
-544829
184910
-22964
908323
510088
254601
-420967
-66883
146321
744706
31556
-241167
369851
80181
715435
-739890
-202106
778018
-17965
299513
-259384
867532
175573
-528358
708623
824706
-357764
-220542
-337295
-528258
103593
117876
656652
-919371
26198
166739
335230
605231
-900145
-518450
349937
131411
240384
-280212
-788408
-44182
-20102
9487
-266164
961933
-691000
474453
829464
484573
946095
538087
309279
-411670
-682455
971984
60072
421139
89859
-283277
501768
-883944
883463
-163002
721288
983319
318548
71225
114730
-441069
791013
326322
514750
-229090
-664192
-751415
-267157
-355192
723038
-437693
-870619
669133
-899606
438660
-742538
-582061
410644
317535
839079
-499498
-965742
340846
-383441
917722
-822157
-662154
901040
496392
409071
15769
-944677
200084
-657910
570074
970994
-322101
818660
-296163
322707
541697
266145
452089
210830
366539
-109251
468293
784479
-698608
-214172
623557
-198106
-179914
-35598
418453
-262192
142246
756300
-361153
-361362
165371
654617
-306038
-634546
996708
-735965
-663552
-325394
-917306
40286
997314
624392
-693570
449402
-164779
672969
-659850
-696487
457447
-358458
89341
81003
443437
909428
-954595
-138110
-352765
187652
-381811
286083
826290
783560
-59301
-479749
-850986
-62593
-215713
-514538
612013
-133018
525748
609327
-508627
832179
58729
326595
505147
398880
630109
-37407
-959578
-280550
-956404
483859
-371122
-910999
-654252
276114
276653
-36062
-437804
102943
-252502
502896
623195
-103488
-559697
-592518
381975
-947685
274464
-92277
661643
765838
-260099
-279629
92432
-754952
-880749
-277459
207641
-840327
441992
251238
643533
-929131
340240
989282
346983
-383107
-46781
909180
719836
700718
412076
343031
-402771
852379
750513
979205
904695
24976
-113072
566338
-209187
626830
-713291
883246
871878
-594040
-394213
79519
-434366
-952222
-669244
-790834
-881352
670996
-801553
465632
-712112
151667
374811
-992276
-147616
-213113
350755
449614
-360734
101267
428818
-456039
-873757
-684254
-889701
-82943
942576
-602992
-199697
814453
-197032
406090
-106029
368603
453868
224728
577769
572516
-104277
776217
38148
183612
-72117
-587042
191336
780268
199846
-457909
229881
839113
643358
-341301
-616926
769602
-25555
-506627
-313342
-82979
-109619
486961
-268527
693350
-106950
625445
61952
-653082
-149828
-360279
919435
745896
-584063
-42418
-70492
343821
370541
-879156
124088
-429613
-337065
-646031
-590500
-693707
12668
-207426
-924106
987114
285947
-237447
-95866
-823672
-750487
635608
869678
142564
261053
-68370
489483
-888775
571351
408918
857122
987289
-633500
-213371
331109
737042
-92526
-544803
-692571
570409
-190833
-283071
876703
821836
509503
952598
808949
-204550
-284850
-286917
-28222
-35336
-651309
-158545
-892772
609744
773085
596712
720970
344436
5629
578091
331724
372130
-635281
-337167
109171
272194
118030
416600
-157398
927198
-866471
-280695
749033
643032
-328098
557982
-561519
387052
-728935
410259
-648284
-380244
-748286
-541056
-770500
-975201
-944344
950470
369235
61286
528560
-299042
-566585
893280
363791
542587
165473
-518179
-40813
-991925
-590982
92716
-272620
-841950
-264252
399282
716032
174230
-213666
987098
-415511
138050
-393147
-163797
596995
-163646
-138998
652651
-213177
-769763
-286064
-684617
-68805
147352
-791338
-705015
-310062
374136
-223193
649126
382211
185825
-258158
-890409
343876
477590
508873
59907
-348180
-704794
47004
236309
433257
653858
-927488
30252
-509789
-66485
-317098
277035
163752
396839
592418
-905054
-455810
801080
-610068
234129
175216
166739
-116745
-442574
-647437
625097
-332983
696439
102687
-824110
-243654
754507
-528903
803351
-9184
904354
457209
63328
-65395
947421
996843
617508
224455
160594
14347
-183128
255541
558537
-382048
645473
-207334
793168
-187788
675922
-649407
164775
301018
17611
-138786
-596295
193501
617561
-841789
664598
420912
149027
568952
-121880
-787645
-496443
-174460
-790803
-878935
-950005
369792
135412
-133133
-374668
-306051
484819
-729196
486616
277986
83017
162537
628580
-752209
-536445
-353810
109006
-132740
839692
-273433
25472
504290
-852522
-825501
73242
25599
-613146
576799
851140
-403948
697864
901135
965844
-166724
-231999
-408824
527225
-747180
-138019
13840
530806
944998
-823623
159385
-807212
-360068
805576
301795
507192
645267
-971639
-467337
149557
-824160
-292837
-777202
201439
94017
799597
52579
690070
497461
-46287
655913
-669263
721714
-752912
857962
974534
109070
-128198
505340
54067
48179
-335275
246856
688111
-529700
-451350
195303
-884433
-422988
727967
265124
-247148
-564871
487922
954292
529147
287519
6870
219216
-215020
960583
-124871
115717
682297
122218
-26321
656831
-768713
845481
162171
285354
-106340
826896
-467791
-418229
-702805
80860
777074
-587237
657872
505041
677887
-589276
940170
165809
-634984
469317
-546673
371886
-311467
238308
332469
563663
-645976
14766
-314120
327704
-328403
-82832
173184
833768
-797478
-933156
660663
-265268
-351385
957859
815592
-574311
-629379
473464
930731
-951492
884189
870901
214317
-750796
340217
667645
621090
-971251
-94048
-46441
592413
259977
968325
-721708
-412320
-360079
195461
760865
-526311
397983
827710
-865649
-867286
-523676
-907790
948307
-97986
-537169
421770
-167256
-488660
305958
-296356
725658
555163
-956139
393303
176253
-927389
-700745
-870189
665024
559232
-901864
943317
-853088
-261942
138777
907777
211747
-463240
735486
346099
-330525
-788190
438309
-382218
113825
901141
-960448
946570
-587520
345511
-349786
-861862
-99327
-305924
531441
-923075
-233313
830696
-793264
-568289
389927
-695127
-624973
536840
42932
513805
444616
-745322
-949436
180102
600778
-279960
391913
39086
337822
-494262
-59773
377374
-547692
352707
-277116
102522
490845
623558
796598
22285
700483
-436715
-147019
907220
-5004
-757093
-787908
370023
779747
255025
-116172
224363
509703
-65608
-595535
110481
654433
796379
-850434
-7745
-697883
89793
-630371
-245575
-557500
92514
856948
933346
-283929
653546
-44369
-583447
-783170
808612
-676227
211826
-948481
-464135
-418151
831267
790891
465677
55630
300593
-599931
460095
-588926
-945499
256474
-439360
46757
558592
650434
416386
-686984
-907066
-491101
-830037
-973720
224970
823509
-18089
641524
-959661
-209478
965297
252165
-157958
-498838
834015
-326692
-707948
299691
728938
592646
699761
189033
-996281
754263
-554493
-435640
-198981
-995902
-785206
-782596
-682886
-692271
-273696
-512922
-665991
951275
-689413
315920
592799
-649074
-893558
558095
603092
-51515
-940743
437107
621793
-648691
-263203
350731
943956
-563443
-460237
947676
-809181
-14730
-487965
-8161
-10631
-273170
209244
306483
34559
935548
793562
368568
886823
-895852
-315512
479621
-544925
-209069
37716
-941833
739416
96973
495274
361208
448283
-767929
-288062
392239
-331371
251702
339914
-140552
-763028
851950
851287
226341
-421221
60530
-467177
613338
-3922
-673615
-18094
-117100
-569466
666394
-637479
-114391
-542676
400237
-56223
-803260
-502790
-560949
557948
945494
-328878
-730114
337732
339751
521589
-322354
-800801
758561
-470405
-949514
-15099
108374
111017
517725
-278288
-892906
844110
703618
-10005
-725357
370012
352517
160253
827337
-247246
-895970
-975924
249964
-456919
582025
195458
214203
851912
-466810
-446047
373500
210836
-246847
132060
740431
-196361
-883039
-151195
914656
634686
570518
-978250
478795
274136
11745
753439
-355853
-635739
-86309
-528516
117016
17721
-504439
-633020
560802
-922414
562438
-224995
929499
-904373
328959
302998
306463
-917889
-564942
46894
-114250
-447981
895700
-199594
-813295
466217
-177844
665500
-259648
833901
418938
384500
-801838
-667371
855984
315178
350351
-648455
682158
-88847
-570869
244596
686158
-641370
340223
15116
661628
-353314
97228
-903314
693581
982979
-351294
589280
-216616
-164589
55496
605540
-499089
795849
439441
919849
180348
637604
-747522
36332
-47219
602829
387878
-365061
-486019
817009
879536
-799861
-824362
219759
215256
837267
866445
-687517
933954
560025
-704538
-417341
149305
78846
418071
-795199
-315615
918982
-999351
-876174
838831
180998
761430
-908691
-782670
-285789
694138
605208
349151
-791881
422217
228686
-591742
597856
-551556
623515
435123
-685112
935998
369076
874914
-768540
951736
24219
310306
369807
229020
994692
288788
229670
-881483
127619
-589332
879947
218928
-372002
-405842
-86934
-766795
943309
121185
655422
171994
529444
253278
620438
152958
-311600
935327
88956
-942525
810241
320416
-990789
-165540
-369278
379018
-936521
-374587
-332194
293150
-256069
795425
703818
-376122
14352
-668185
218036
927418
-434979
161344
48603
-779557
-666663
-421954
473721
953776
731005
-837880
889103
-180039
-780404
699343
-859624
-771193
-466198
-228902
607826
-402718
396512
-724369
890432
-859558
-928945
594250
-235680
85408
926066
982356
12826
-508914
143700
-938572
-288470
477037
-360525
-814750
430813
-629521
-652629
319915
190440
-433033
19258
330817
-204225
553060
-898085
-596400
-849658
498427
-320769
-959226
638870
-249713
635024
-596811
835695
561089
-614455
-151480
-947825
529245
-90052
-236295
6282
549423
-51044
-562905
919903
296327
757010
110342
863294
-223733
-558841
-340932
-670673
-456926
62669
-520331
-958500
741900
-479557
680370
-507814
-844533
-916441
-672119
716556
-530895
176401
768732
998351
-913651
-467563
4633
635773
481393
441728
555675
-222281
198738
-333983
-358987
975006
107176
300082
-695668
650250
-637250
-215998
691751
-895350
304445
372121
-403163
459912
455680
-75282
176468
924786
-898881
-54800
923136
-812532
477637
-72232
823241
-40971
-630504
378916
736748
568235
-955068
-622239
543240
152109
677843
847572
-197642
-959408
-368426
-505891
-854757
936019
866230
-257920
395931
321910
666799
-427601
246695
767918
517599
169831
955387
-4765
-902401
778627
954264
-532904
157543
691012
-964670
202475
-931227
578570
-645416
746616
426142
156943
787209
-942285
651052
932452
993735
517282
-325468
389665
-160809
-658670
962064
-914114
-890753
479662
255717
-935367
-525103
353317
843261
-570839
820413
803
-879827
855743
-796722
-811054
434312
-442138
935562
-139546
714805
722770
-81831
365857
655222
-88097
-116862
-670247
-698433
722329
-328917
-736369
808216
-219669
743294
63932
-155035
-781810
-582751
-311774
-352648
-762339
689029
-232475
-906597
892308
-43529
527716
-549830
-107968
-611831
-835025
-385198
306338
530832
-729976
-781759
-586031
-400223
-480191
-863702
270861
-216559
944514
-948808
-473266
8446
-103842
-255075
425695
584384
392277
663357
273413
-840198
756760
165720
116273
284476
615890
-991695
672645
780866
-376892
-21017
311697
-106868
197225
725667
492910
717034
861966
-236229
-499526
806480
-185036
27209
-185074
711122
772134
-759380
295505
164411
903977
-431083
324213
660737
734638
-559514
-54788
350528
-551208
-382143
131393
71900
596841
-556910
965033
-205935
-831244
457942
-488902
-969278
-778287
11573
837202
36677
-961219
-347873
-252202
810916
-107252
-956697
-24674
-203275
-387780
-700461
-542539
-653143
-259975
402674
697385
188817
-979470
-171222
-739283
617372
271868
-774251
-588564
440625
683692
-77465
471347
905406
934108
308548
-57918
972889
960676
689881
783804
-146577
733184
-240870
650148
-654597
58669
-892391
-307739
798695
510284
-610354
-12488
530814
218424
248230
148186
-509708
473980
559622
930917
157672
-517844
402263
63077
-583736
-289189
-994842
-610847
-328513
695040
-827043
524910
428223
-67913
175058
773627
990757
282668
-534112
789452
-207049
-144466
-223036
-676235
-926042
-974807
471951
-435749
499173
31573
-504833
-343156
513730
897431
719922
929994
-391758
725081
-680854
279729
420120
-507897
-195361
-151658
424191
979698
-378031
414947
262365
87857
204399
-944685
943392
981363
-620919
-982650
-993444
851032
-418399
505730
-117395
76768
-837426
-603666
-25801
882496
-673673
582441
607576
-354526
-137831
27695
137578
666808
876038
-438232
646505
-501994
976716
-91130
585863
181114
-35814
529255
162476
343267
546605
169032
194299
-871795
-325239
-923097
204974
-162665
-526763
-820828
-280169
-200435
761613
-672594
445040
-376218
355101
-417383
-709410
231138
144386
937095
729145
121101
-154036
315007
-697786
810150
-155738
464691
153417
-609134
-366277
-652285
-480928
308484
-575381
724047
-854181
-102144
903220
-134350
697422
664833
193057
142462
-711386
-451843
725079
-420796
779296
-130535
-483701
508440
990566
362264
-176553
-707220
172413
667709
757471
-674170
-941425
-608807
-326455
-422352
699678
98164
-698305
845498
996021
-795086
-288852
693443
869747
904205
-164096
-841639
-547638
-439017
-262434
-768343
430448
253865
740097
421013
-383871
-436456
713793
788543
-768747
471264
-885628
-710172
862458
-212083
-132523
562136
886082
169172
407634
882103
374087
-881219
575545
243834
-977014
-588552
402195
-524652
-27569
-860239
-292994
-597121
393626
-552897
823892
-990246
10647
537685
798297
241900
8949
912670
531729
-128593
-299414
-600794
-566458
-413332
568378
841176
-531230
-57536
959958
-955686
-813703
982945
-544237
588493
-541708
428195
728254
165298
831074
121880
612402
654966
131635
-376952
192651
-70068
864949
-798401
-157399
396677
73006
543188
795884
506549
-870144
364262
347725
-401374
-693275
307683
-357059
-506977
290627
98705
-918484
748920
-473101
809771
-85783
-642027
-68350
-473382
-987061
-936715
149667
205590
-6782
14615
407190
835819
-588708
-519804
379007
-792824
986745
508863
571438
334469
-892511
878164
-357848
-249570
-628813
932779
849135
-547297
681698
-623966
-737527
-404085
-265993
194124
122534
-253053
257410
-727800
952537
-749373
286816
359727
-913554
698109
839923
465454
905285
826667
-25684
476722
161136
81805
354885
803288
832236
726072
736067
681370
-821225
417764
-942596
-558751
-986322
-208588
635374
136213
538359
-107217
408414
490896
143411
-304770
-149378
229857
-606662
-309456
-304690
-701377
-482789
669627
775346
678348
-248568
130231
481636
-416333
-143698
217702
-734963
35078
-364534
-677559
476327
-350856
113853
111700
785358
-347788
-995517
193771
-856893
147894
889001
-6270
-622250
-717661
684274
73061
-419038
-798515
-257313
-643693
879833
494119
486538
361469
-922214
-657160
-420830
-657177
377919
214636
-334735
-145754
863781
779119
965946
649138
-568670
970430
-157091
-425562
118323
-268091
568168
496074
14249
252441
-430865
595211
453927
311823
951519
333759
-194059
438057
-304772
-116272
780898
274398
226551
158816
-510966
891816
-986939
-647186
670934
979008
-998048
-897736
949437
-155139
-323298
67760
576771
-755131
-436166
-408981
497311
132969
-813770
-48763
-555209
-862251
-715004
250733
575806
-19776
-865540
356703
-745379
361012
-484481
-256344
252827
-471419
96470
-76239
-492412
98423
26025
-542975
943284
702728
524786
520055
947597
-911381
-888926
444907
221589
-702696
-603856
666381
-564947
-318860
-82887
-989141
661365
51574
367563
915987
-587415
883082
-340358
665413
-588338
756113
-410827
-80749
-145465
615199
376277
-202181
317926
-98938
-682127
265523
-10319
-571053
-289570
-788730
-273748
106574
877651
161306
787715
-205237
172166
449079
846338
-460272
365065
-741078
-577191
-975293
924335
-165528
780820
-486492
753724
-364646
-871294
130000
433173
446633
-968939
751047
-287845
20743
-820006
422585
232014
-93754
-470841
109664
-932448
-683127
904428
239718
765953
750765
779446
131018
-990314
-797745
155725
934022
36728
-63456
-552471
-209549
571899
-423764
920452
5071
-977131
951513
-243883
-264975
-27744
-63889
-842390
-795731
842358
-313231
313934
909910
3643
218361
149628
-230405
-30875
-70926
900613
-21188
131330
56338
-87167
-831943
992882
360363
-41491
564780
936600
-121040
-430149
959469
-169527
325968
-305507
802730
-737921
-147897
-993001
-895564
538873
320933
-985654
-457485
-460707
163974
312110
508419
-906952
212723
-512770
224378
-730940
400064
392436
-738058
-239574
-649055
826722
-302975
229905
-603427
-343506
-939622
722541
350987
863109
984620
-796910
870108
-910944
741963
191040
-896598
-715522
730334
267377
596588
238752
360425
-190689
725982
-415197
78371
126045
977239
340314
886472
-671817
167036
-416503
558089
563609
239992
618468
286149
-409022
481576
270769
-205931
351683
359825
-463968
-457277
463228
-179490
-726944
-269396
-582902
511808
-908971
226409
237790
-324168
-695220
-636165
-346930
645094
-749694
-18746
-187871
-166196
-460658
-624263
-926205
-842191
661887
-335226
639386
-67345
458844
-8931
-707520
994876
533792
755708
-184615
806849
-513688
232483
318656
-422659
-541109
-443554
253174
-236328
-79719
906245
-591235
170588
-112502
220894
-995609
426840
596632
-921813
584650
258518
-257038
224035
-808827
-798195
-784897
-516346
-803320
748896
-760638
12065
555744
-274325
-755452
-125600
303016
-296560
430846
-443810
467112
-648874
-537566
875877
521715
349932
96771
526106
-223228
-306597
604294
-638578
951921
-652745
585458
-856906
-450940
800562
-373251
-254259
549457
-133889
757807
105200
591786
-997646
979601
-105198
-294206
410446
450992
-827094
761573
913427
-951217
283287
263359
145554
-190607
-959869
838958
-586314
-598447
790878
-239058
987011
933973
310002
787572
-439279
-944257
337029
426833
813550
-557771
18618
815904
-578171
913421
-478302
832275
364413
-305396
593847
277839
-256613
-122866
-458803
888942
686527
-418672
727899
-899788
-17118
518777
-138845
-30107
452750
-828844
-242535
-986530
-773100
-905507
440304
-959551
-463278
-541079
856353
-41448
-627658
-621949
-209173
736755
72655
-615326
14593
816043
261808
555791
704985
-51666
-862881
432883
48547
120001
-48340
909702
-910107
-595591
-919142
-152642
-582120
-692242
-58148
858184
-651793
478575
-682895
-795440
-562874
-310552
-417389
227953
-573798
655267
612628
440796
471309
-125565
-3413
176294
822769
133706
-390824
-128684
-746293
560837
-218983
-656399
965247
-138125
190959
-616873
169634
-867189
-758690
517841
611386
-441584
722401
-951488
247865
-694988
276466
674067
960279
-110907
114863
431588
763528
-888551
-392119
586297
245155
217058
-542388
498863
-222106
238630
842464
-256860
-899495
33423
126267
270139
166234
367578
-212021
-222380
925995
-489620
-173868
173859
-184608
-897402
-152074
-224329
-8309
962789
-792742
-244781
-925763
-184861
-658484
319393
-967803
-200871
-181745
-189909
-962242
-339281
553232
-861737
694142
-320501
408402
-139625
-952923
-803619
637995
973073
-293238
-535873
146932
522155
-433275
994858
-702175
558417
957647
-494916
-686365
-968116
320224
-344849
351278
352421
454280
-830468
-837488
492039
-169748
715744
630302
-475607
-604757
38704
384768
-557679
235086
22763
-584607
941848
486890
562325
464002
-946385
557182
761828
612032
514829
-733089
925668
546713
587135
-419182
-102010
-60445
-964902
67523
102067
527138
897775
-182189
157439
-577833
213055
-803857
806935
655376
431229
-170302
-929232
373077
-683413
633093
-162921
-629797
190275
-401094
982235
-294897
-134183
907902
-748184
-547048
-511280
149806
392507
-476181
-782672
-505426
-949044
-884898
312386
208396
-462730
-474560
404540
-655795
-819184
-164231
173903
-748416
-791155
490491
884678
45924
860694
74953
644831
842929
780056
-489352
750831
-968129
-36400
-760449
181678
-643893
-236630
399006
-149318
-185673
514109
-836933
-977278
-948621
-311492
427263
-604416
-130676
-736969
569488
120908
-528124
59978
5586
517801
-79328
-919462
162632
-236400
860595
673280
-485569
892466
-363121
-246018
74144
-7014
517353
-526851
843668
-668321
987259
-993265
-645598
-961363
-304757
781665
-565778
564567
-955305
-996291
-314525
-483428
63687
691062
-965627
984360
771600
197005
-252040
632194
-129716
262391
524660
507163
-983628
-401197
-499851
533725
71953
-656184
865405
59211
-649449
-780194
97849
45795
-998529
532071
-389638
-953834
535780
295838
-437261
-400533
-13101
-402888
-416174
-241501
794118
331787
-609308
-335599
-405823
915353
-828436
-389450
-485844
-328287
-855725
586109
15530
-990320
-354680
366082
-770514
743170
-588124
-769043
275240
22239
-722876
-188980
-681924
-160137
410487
304975
436976
994314
-936526
231094
326100
-545834
895496
920278
-630481
-932941
-469172
-116325
-261227
-324897
-530216
754303
-315217
115104
120384
-85730
-141727
532261
145228
-866487
-445501
422352
-55467
-127425
-737785
-644980
-822450
699192
-650666
-758975
-69715
675435
-304809
-174220
595713
64711
-107160
-873460
948386
631613
-198356
-581830
385916
486428
533274
-493701
-599302
-608453
-961440
545926
-474939
-406941
-31722
469595
465635
230493
824616
643186
-70315
-826051
884211
859971
849385
-420598
-314249
445097
644113
578591
571638
592499
210204
-626719
-989331
-403881
859709
543943
102419
-739594
935491
140979
806333
-539449
734039
-225390
930146
199673
-994897
754762
-157141
-65212
928711
-272930
-205241
778096
306472
480510
223192
-49415
59101
-205171
-456916
-730696
168111
-446247
-134577
27820
-902304
967843
288226
-966813
108821
94559
-506262
-157141
869169
-576116
-957468
874272
-821355
-114608
-190940
-892644
612462
603820
885452
-81067
84329
108644
869519
-856570
903474
-587398
-587266
71584
-33644
278158
-900597
64052
246001
387630
97239
-645179
-517812
590978
197681
-648644
-985138
240214
-774372
-806492
-874395
34689
-699135
738067
-361492
-813683
-343000
722838
294961
-473482
866268
198434
-60879
-720998
-729983
905477
557161
-630579
-30471
-196839
757051
-933232
157983
-760762
657747
-644337
-409405
672610
595877
-183776
866118
721482
850913
-833017
459549
-510579
-646700
-883452
-787742
648262
-356934
-921474
-153305
582187
-642471
116713
487664
914691
486134
-542808
-282148
243184
-476039
875835
482423
-818293
-768502
-926983
854317
827375
-110759
720435
548857
-259846
887418
8406
229575
-759282
124954
441834
888980
768020
520361
-264325
350207
877891
852388
-162130
792581
338522
295063
-489568
-418294
819024
-613733
-935872
-999270
-382235
-862854
855048
-554860
26388
575482
993998
766542
462900
2403
-3883
703618
-872644
-562049
592597
895377
958312
-671729
245583
836203
-819341
-916547
628783
519181
378516
-860785
-899113
197539
-474517
-834985
198270
143248
-697838
53317
588388
328550
-371202
582386
95092
-908303
-415212
-908792
795316
-287856
-470841
387912
-392479
-512529
716184
853104
-676327
896843
936557
952457
416024
315072
-908328
516911
-487389
-382845
681927
710881
760404
984089
-235803
348792
312639
392996
-68823
-592270
484694
515966
-501062
280009
-771890
28098
-332079
-164369
515570
-615896
-311266
839244
-719053
-374709
791701
696971
940364
883374
213882
-547026
-499472
-104192
-836145
-739068
-120103
-71947
609724
-807465
-678952
-459099
-399734
805743
-943134
99204
85751
-715024
-872698
753672
120607
642872
-862224
809342
482116
-581277
-565368
273816
-884306
-625005
157189
329576
-172030
657718
-774616
-8174
918650
105282
919879
528374
297817
-759074
-930726
898084
-953331
-873859
-2713
132420
-588883
124590
-113908
531724
-232538
23868
341066
-750423
442592
775698
523393
558286
-849307
-319418
-112138
-21336
-661701
113246
970490
-743051
-781473
890368
785324
516345
-868706
854598
414428
-822037
980739
-588285
310384
-608144
536306
-803525
923581
-696233
220344
264646
-446656
-337065
40344
-923263
-778779
191037
-242681
109083
-830300
95619
-777671
-859810
352569
-559143
-969443
137892
957203
-838148
-7510
371631
-660185
-26771
783346
650200
365086
319652
846675
288666
623419
67019
-446689
-823238
729955
593655
-746500
951176
-215308
10820
60258
-45607
-893561
282588
94583
459009
723445
125141
-403099
680647
286993
589391
52277
626809
-437380
-164377
277008
927706
-844726
123683
216372
778694
-809299
769684
955457
920656
363339
-791044
871832
-851970
219776
-67911
102424
326216
-785324
-802993
-214776
938122
322148
382125
618768
-390859
-28484
-328955
-764051
534136
506668
512958
461842
661943
-363360
-321787
440636
-172658
-552104
396092
-252002
811235
605049
-380171
959266
-175176
551919
61689
-848960
766595
258696
-63736
704717
-419156
-681612
323484
189985
289904
994529
425935
-175960
501197
-61108
-714118
163140
575533
-35904
-396225
-597126
411992
999868
150872
223227
604916
770701
182493
-570260
322619
-755818
-419220
89214
502878
517044
-206070
-916278
835433
-882586
273707
125337
-888057
-300359
949378
613140
638534
-764741
-223721
214066
199355
380055
616940
-388653
379923
-232188
834575
-15162
-461488
17067
414579
861132
261249
995359
-49655
-235873
512403
744276
-152151
347836
861690
-878444
-526828
973633
-178802
-577450
586773
-540269
-342190
-636948
673798
857165
743108
290738
-531488
123030
-941451
-696914
-892133
-402938
320154
522447
-541807
-418597
517805
408539
345530
30208
152815
-806621
-621957
14505
-685064
-148784
-11863
136135
273767
-425090
595867
931577
-62038
269664
788741
-318931
-439599
-742747
804099
-381049
-439660
911967
216013
880494
434413
674207
-538103
-47782
82746
807428
982426
-764439
-999193
-639531
250066
-684257
211686
-761798
451878
-514548
-186887
47744
-582972
751075
-682592
-794231
-567857
-122191
-536978
-763758
496761
23363
-851791
-287226
-96143
582622
-613019
365754
-465160
469727
173181
-482734
705289
173988
-122265
-44646
489732
-910579
193557
-58391
-425127
-993331
989354
-8098
757744
-693239
197671
-810113
184571
660694
-573870
-318669
-315944
-425661
394105
587913
-843040
781086
-46333
-308199
250813
-873153
209067
-43899
300836
-913198
911456
-209433
-823777
105012
732176
-248904
111681
721530
742998
-130575
-971710
-59331
59313
212861
-398638
485443
894192
285419
-940219
288297
-126668
-783258
69382
826999
-91457
-679805
953847
-882390
276297
254682
-795588
187752
-954751
-619365
-707237
777426
131732
404445
498955
-125270
-726130
527245
815399
333183
-259895
-583239
-181374
-365703
702181
-121593
922594
-424488
95150
-8024
-597489
-996308
312172
-643642
-878697
-411532
611041
-674285
776220
656290
-293650
-931017
433716
838083
473429
-67330
-287188
747299
-540086
-471789
80482
200020
-55028
899109
834318
-352847
-222485
756912
222666
872666
-251112
625178
876359
-938941
981536
997662
-350473
592577
-676624
-574253
248867
29727
-505269
-317418
-132190
968160
615252
580622
715459
-924834
-891168
-204059
275187
53805
-304951
109504
700958
472565
-133585
-76376
345230
615303
-451199
221588
676362
-469664
219249
-674111
-877087
542626
-248363
371780
-427647
246369
-945639
440163
214528
669613
20784
-70013
744780
129617
725928
19966
-816578
-579023
-870531
884381
893542
-4115
-191996
238771
-388813
356805
-539641
-712451
887142
679609
-386561
-989946
222234
365077
381834
794588
-388555
436196
234750
825974
105808
-744466
-244039
-149413
385151
-518111
870554
568574
-97134
-999978
452955
-203593
-4093
-739042
-964822
607095
617764
-504463
894645
504906
-824854
-491917
514961
397381
873161
-103205
191968
-515394
-667010
-573283
-689421
438799
-317749
66541
-710614
-932598
548430
-840061
635977
-548705
-840038
88931
247702
155870
349889
282881
-237036
-32347
778419
-342392
-527441
953565
165692
987520
350945
38853
-115686
-457087
523459
217305
-30370
834039
-343897
651882
-99421
-54510
719285
-550992
105429
355261
-99697
265391
-555809
-851995
-578740
794081
430887
184225
-238266
209305
841834
234293
162870
7526
221812
-486185
-953622
-893874
56728
569838
323431
-973642
403876
979535
678240
-695545
-74976
397524
-246537
-969548
-247216
653767
295844
196976
801773
717105
-8944
232659
-98670
752791
-558036
-256837
-12917
604834
750690
-791106
-881352
797069
-684980
175377
366906
638452
201735
-229218
617986
-120025
75237
-456990
-722502
828701
-426538
30283
482467
869307
-772741
284239
586411
218316
-483103
-512260
-28894
-41139
230904
958189
-436305
-18407
-832917
-317656
-221339
-517897
857721
-854433
-879445
59456
-83651
738542
939431
991587
-718449
-783072
820287
-144986
247212
302753
-275680
474471
-413008
-689269
-307213
103889
-201529
663893
-937250
-970625
622081
-373554
10969
789164
308790
789630
-728733
166510
935198
-608177
-774035
-148454
-869636
-834604
-156868
-588085
-617676
-336582
266929
629537
966172
991250
104008
-446837
-698020
796795
657053
100452
460687
719804
129827
82768
-653751
-859204
-128068
655040
930426
143199
-178450
865623
535022
47515
-282831
665387
212912
560302
-922698
595236
-776280
344232
224773
-810109
335481
-671220
-256945
637462
-874425
-599892
-262087
586262
-880089
867741
-330970
-533839
-991464
540962
-878800
938963
-315840
-57250
804586
-780818
990266
-478245
884570
203177
-917944
961872
-201587
-694223
306103
-976815
-504332
-358416
-648034
238724
-720955
-522459
638832
16959
-936197
758744
-115300
-267167
-775096
-106764
-726205
-653895
-167801
-42045
288855
-363216
177138
279121
158540
61707
-517703
240596
23579
280711
546373
-670318
303897
-957959
-28734
655863
280766
250312
-866596
-80402
-732730
-802792
-321659
151970
-69958
-96754
-954794
203837
249352
-122595
-838208
-461793
514190
338930
817328
-327271
-599363
-700375
913326
424217
580336
459699
753899
-115768
501741
-274835
-459905
-217493
975477
-326500
702105
-757253
-129292
-619554
394717
800751
283693
439924
4587
-466956
-682672
166379
71251
831519
-494691
-111421
-495752
-94053
188204
-582426
-669837
-231461
877274
-915938
652772
379015
-190773
-807134
-838479
-215296
-133633
863627
27451
737075
-755927
-577833
537826
527766
862091
-457588
-939190
-820581
708792
132062
-989062
-785900
-979360
-484814
120048
208845
-67239
450212
977384
-189966
534274
630156
-810952
-656499
823023
-649430
128205
-310611
-785804
-844345
-573536
-541730
-422177
964290
986037
-560086
-493299
-953154
-380666
-784508
178909
-369728
-570407
199550
145459
549642
-591606
-921781
-147
-614222
-111747
-465873
-984066
77302
-122372
838957
427872
-994167
-471655
642069
-838512
-45191
-899662
-260688
-80902
-913626
179227
425799
-866779
798561
641292
312130
-571167
-929115
-488320
574293
620527
-79925
652512
-379620
305854
-459235
154507
321788
618068
-967865
160744
45939
-962032
689089
-311992
-800543
-356103
-211654
-61231
562995
-125279
-882004
-11206
7942
916558
-369914
-679928
-654609
-299028
-168247
919684
-678501
751828
572195
-58121
57681
-887040
-903614
-620532
731028
-871479
540213
-223033
-833511
229301
464976
-634054
873199
-746678
304716
436194
128043
422713
-575012
-864015
339270
55074
-543942
684661
756047
287811
604344
-922455
39639
176539
19425
-902680
289500
115811
-523211
20528
244333
-982999
797495
410822
246302
262470
776769
119500
515792
81485
-444306
-356165
-495803
-19318
-220180
843467
-964245
235879
528128
791803
-476311
132472
869349
563329
-690989
-111227
660649
598511
-995416
-862563
-380962
248918
-845562
-583467
-340261
400741
679004
-563492
-479759
194796
517993
75935
838631
-977810
-943384
-381549
865658
-907628
854330
393785
884176
-621981
-473744
753524
941348
-164733
-357703
601997
-566222
-353119
739434
52816
895800
893873
469350
-444461
294614
148353
-7953
814856
-656852
-489960
-109209
-818222
-467770
-52592
-199771
-602112
39780
-345441
791673
-76045
32578
-682071
-322521
-26074
153197
319776
-424078
586975
966658
-684644
-360209
862457
-790771
-890860
-582005
503844
257493
410043
318699
600642
920083
-790511
782420
-547687
156897
-417351
-149798
-803323
237208
-358126
120633
-730214
-40196
798112
243712
-886999
117888
819635
699977
84545
-865009
-660233
-52998
-655780
-551092
364998
848064
706402
-224960
166763
307043
-304877
376253
89463
147437
-466850
672112
997639
-270172
-90680
-360487
850462
179106
599317
648574
-577182
712319
-233539
-757547
412295
851007
-622556
752063
-201991
-278336
-799030
-836994
-430272
907373
-61954
736492
214415
633169
112745
-696122
-219394
645895
975990
-221756
-624277
-114690
417757
-773816
-935584
17074
874758
-512765
-270608
-358782
-270312
-858314
-507775
107132
893749
290234
828797
-905281
453240
-601475
-997909
-608715
-864984
216507
-975546
247762
520386
-194940
-106344
496376
583305
269380
-618315
1062
495564
-553898
-981865
370321
-66663
-252472
-988461
663025
-110786
-496236
-229843
-217037
793998
-401047
-122317
247237
-2521
-120225
638523
132496
-903718
662978
-619743
616668
-531962
273914
113043
-948658
-456707
494729
52405
-961144
940831
70540
409178
-125833
818068
420717
-462808
-292718
924481
307349
490246
718479
906303
-632072
-34285
-96219
247704
-395762
-963724
343986
-732784
-583466
-39347
-264746
690448
-926304
-213403
-766260
568425
839002
-727403
509255
-90458
681775
-616579
-272390
102491
-79386
434893
26972
-772038
-74862
-254550
-865735
293067
711166
38047
-459230
-684596
74324
884757
-417380
490858
-154590
317875
181306
-80894
-895529
415046
-512470
943474
687644
996786
-146984
369419
-619793
580626
-528090
300821
15518
498882
528784
940657
-755668
663049
233723
955499
-298904
774494
-729098
775420
659250
-146478
266277
-495341
-828604
-552418
423766
-724132
862629
911297
-780658
550273
908082
72358
-80309
-711712
-347017
391601
589110
668502
-109517
117893
609159
134816
-219058
-157119
90314
482038
-382625
361216
257457
-723375
-785262
-476266
-218715
-613865
-28683
-794950
-337996
-166055
-883654
-118654
-615782
-975572
953704
303909
-687284
-393313
-304490
901826
-724811
585994
19719
884348
-279191
800661
-272771
811124
282698
344604
172340
-459845
621230
387078
63889
-597486
773214
-964795
-392435
-564783
-130849
-276089
316564
253369
-251660
270268
-442722
61057
876955
252789
-37118
-847856
-161217
982602
-963509
559593
783262
-236279
370716
65960
-891675
-456945
606115
729555
930134
-329996
-867932
703348
-294791
-260366
-861436
574361
463545
455129
-172271
-788115
-274604
385008
272942
-397649
-362203
-764176
-245505
476580
-781575
-209013
36172
-998313
554708
-593112
67647
663033
-50057
-326238
392587
-119923
343766
524656
-416576
-951026
-735711
-278011
623335
727835
-822883
-548936
939720
-97487
836073
212662
504865
-526131
448486
-740641
950449
666911
50347
-13379
668598
-394945
393509
-263755
-731913
-656548
410007
660675
223529
-246228
185331
806954
-197253
449621
-471058
-573918
177455
-293941
-122854
117175
608573
-286782
-670164
113437
187088
778323
372797
137537
445233
-576857
-875843
113831
28198
517667
850077
296286
861119
260083
-43040
84648
-986145
-857709
-108399
-183398
591912
420543
242684
-230633
-873398
-880170
886543
735175
-166951
-783621
-151389
-979864
994702
-778593
157673
439935
-355449
281831
-446234
672749
-200503
-596158
-30966
-339384
663925
925995
745265
677781
-931714
-363135
-505618
660198
-942592
737067
-570435
-815990
856898
-683893
919185
-310054
-467514
-232204
-289917
-472812
-10797
867757
967123
633754
149587
-479112
306503
949085
-75269
-724463
-390299
-411345
-798469
-645035
-733565
-730183
-8170
-239182
930016
49238
-502115
-640420
233249
-645218
-324313
152433
44729
208174
920230
754812
735362
-90567
622569
702485
-456814
-227845
-776627
849690
-278760
148104
-874774
330941
736759
-673242
685906
-996806
-403424
-322264
-235987
-473408
726975
261899
-113828
-39777
616682
561860
-887344
-338590
-229967
-967115
-583778
-494605
-57682
-961210
-792121
485505
-189054
-568748
335194
532186
579356
460421
-136873
316115
787180
-450968
319310
-616245
226769
-916677
-89653
-46257
345222
796520
913966
-38097
358379
-973378
623313
-871588
-940493
-960465
-366193
1826
-921675
-158313
-512670
-110728
272939
822525
-578542
-147705
282946
284585
-831590
70125
833618
487720
453880
60386
571043
-635773
-985872
-83736
-839254
928095
878168
519126
954717
501481
647538
-985777
541016
-718655
16050
619342
123032
503380
-491386
-604029
325905
-69928
248266
-391150
-785344
416676
678975
-951727
-95604
132855
108659
-524562
497083
122788
391703
657829
50883
269871
176955
5599
-228649
-175507
19823
-687633
105838
-964128
931710
-771131
539253
-559677
-375159
-134843
370395
873107
474007
585051
289783
152981
633325
-805822
-714165
-258016
-330383
782918
864772
-938680
440747
-84345
331191
-382298
921254
-897458
442195
-58923
-585091
-451968
-23051
-653382
-223098
-483799
-213059
401743
381359
-842665
274850
-144635
742387
-435367
-991655
375711
-241189
-705819
-882306
428429
-922901
982467
489749
517847
-101879
-179060
-864452
-180625
-76518
577744
760452
338391
-874225
-262599
685010
-97322
253603
-528050
-695579
-365039
-370714
579271
490326
-628327
-856097
498672
747384
-97285
792853
865079
-668857
869953
847546
820893
387800
-254333
-358168
523348
565042
565314
101092
325494
-96295
226868
-937106
-411286
-870455
316497
60665
-566034
951459
689951
-986763
441784
-938377
-842859
-59545
809008
59856
-266692
674087
391000
-396739
521632
211893
991061
-732702
853725
514409
832341
419039
-384500
157834
-677257
842368
220729
-88542
971914
-462774
972123
-594120
-511316
662073
-580883
930469
723697
-423742
-129077
532705
636115
604232
206791
27115
-792507
-271577
-760993
-801447
-4278
-907268
712963
-171938
511772
-671538
985897
834515
-829170
206625
-254028
-857257
743851
-281905
-451377
-767466
-619832
-32259
-836998
-896136
544000
33926
636570
180115
-361842
-156640
-792771
-154349
571784
-553763
44205
-432495
-461030
-242833
395567
-949259
85630
381463
885257
256461
-411913
-368771
399204
-668062
349324
947828
-435527
729492
-84432
-272525
833357
-540432
761402
469926
639683
-600440
-686714
846913
245212
885071
-706850
-710584
-547425
-167880
46584
848142
-117138
-867786
229605
-231881
388675
817693
399349
-212121
-850370
-251327
-264293
-285897
-521836
651276
441579
-688479
-889157
202980
781448
750527
602541
-905266
597439
-152248
979805
890589
137169
-567621
-277291
-816247
-719479
605572
-684033
510126
-626309
704643
327818
773040
-507478
477449
-478288
228229
-808448
-123
-120496
633131
311399
-9652
-163889
92846
-259126
-561349
187580
-661687
286404
167385
-771099
-576428
599764
-48389
-392675
880285
-442817
-76707
390411
-69126
-372065
-281771
-296087
120457
-804323
225626
-651314
-612771
-774498
228191
-979640
536901
-781462
-143529
-370253
-40587
295123
817328
297726
-418474
-15288
526628
5098
-415525
-521762
612424
-535240
35421
-464284
855171
966296
163651
-426600
-329791
-715892
-230922
895835
-367205
156308
-878663
860986
176668
658239
-920477
-966861
-712015
38936
328262
-894687
-663338
909788
90025
863290
-85114
674501
-658473
-472691
-860740
376949
63025
994432
343244
-773324
-432169
-986548
-489215
336910
909288
143581
-506783
-969376
4566
669885
688864
84090
703024
976849
-876974
31286
-917839
-540312
-58926
172187
-677023
855960
-153313
-335495
-616731
-14053
-958547
446295
-19621
384698
672972
548211
398151
-816243
-114880
307438
327338
378337
338063
-668097
48222
26926
415993
-248755
3775
539020
782531
85937
998708
-276395
-741877
-678315
-420436
104810
-13810
-37166
-909243
27644
-590872
71137
-587659
-917901
-380653
810493
-734143
504467
117931
593195
-117197
-544006
925098
931026
482920
341091
-317730
-513305
-119890
-535199
572632
-121182
188406
830756
200503
767971
-64434
-813308
-269196
26324
214336
139933
-902540
626678
222033
-283193
437171
487890
-778726
-444899
81084
104078
11095
6182
35103
-505985
-652728
717373
-19289
227383
-817826
-446657
-893799
370581
-615902
306704
138552
319665
493397
869356
-654012
-292267
9288
-556551
-665589
-768680
160256
771582
719210
381530
-673317
-199706
-514393
337779
806476
520711
831795
-846252
238084
-187495
381131
420258
365848
487332
-209161
749947
-205964
929391
69612
-712567
798747
415600
-4834
-191965
859050
329577
39356
19305
101159
-241434
-599165
427843
558860
-113557
-234379
365335
-592847
-402584
519083
645237
409921
-99786
65495
-224231
-612454
856335
-474284
181583
785725
595328
469016
584471
10928
-535819
-607494
-130023
793759
431862
889283
-105082
-809573
-709882
-677240
749287
176561
88381
114622
583715
685797
-366295
228952
95718
533920
-705553
871488
921466
-849219
-602797
103049
936506
992532
-427936
520977
3459
36246
913483
873437
-169996
345345
762719
724923
535772
-947164
-952318
285059
229398
136064
-600320
-186887
-178139
33386
-957936
917579
-432695
-663489
789067
-511229
-512708
-813731
591820
-576202
-821199
-836117
944776
182260
200129
858259
55696
-969867
203603
-181585
755056
-260626
-128748
802738
-975567
-899351
-61198
-575887
-86237
760663
457500
-44173
678241
-975196
292339
467308
-486425
779632
653577
-894606
-796571
832379
-730722
-851796
14638
469408
-993537
-929666
499541
210066
-111251
254597
949441
760002
57335
973874
860652
996137
-602013
-225586
756799
855487
730242
435040
880291
22580
-97653
-606134
-197789
-444076
-500739
5641
-611698
-231461
153845
402941
-762054
160309
473275
737488
-629626
-637976
-7916
-680186
-877975
-950581
-706313
982678
-954445
-308325
-242909
802354
-452839
-512668
237394
-572548
509912
-860260
-178681
-687877
-304335
320580
317764
83967
-910881
-528391
-513092
-672935
631918
960183
-935447
-997709
-677793
56638
-677894
-555767
106057
-384207
-573090
151613
307469
184001
-46033
854630
671334
-808640
-717918
181246
-668899
103401
493369
26766
-576020
-188868
-889267
-486901
282741
-402359
-159835
-85342
-442176
-95281
-83050
-119969
961357
239056
324264
67413
854850
751175
-780974
162318
-64825
172993
16947
-393491
364353
299030
787755
695454
-597570
281123
-277780
-173590
-907745
-167047
339510
374996
430594
-820325
-710346
988418
84394
206604
-131551
45750
-554341
-807288
-886837
-699491
943887
-667811
462827
-120938
505182
-520226
485571
-130465
778804
273326
-435012
-818767
-445551
287208
7644
-353296
-879840
-652847
-978300
550755
-473172
-688646
539173
611222
517959
-592379
-343028
963618
-399666
-229865
-735873
-455779
102325
726954
423283
-392493
-793273
-91146
477042
985531
-817820
-957970
-833236
-263371
329238
174408
383333
449399
521562
405033
154
-951611
716387
-460674
659612
234346
-53052
-683416
197964
547282
86720
462091
-908498
-810956
189044
514786
-203448
395771
-576360
-726407
381302
-394180
-684377
548066
342450
644862
-277526
-274218
94260
-755965
-869185
-905586
-707575
847203
-366260
952038
81548
580689
-731379
-720489
127971
355341
741602
219473
544386
-69355
-265741
-659063
-673584
157900
-385469
707719
763721
-69846
255785
106170
-424985
978259
831952
669276
-777706
962768
763690
-485281
809970
-602570
-533244
-108483
978120
-264622
171028
106090
-909281
-87370
-674437
635105
843275
59822
976043
-830309
-782278
-409427
877410
981443
520728
133194
87612
-904257
111453
-80436
765019
333747
-117669
528709
848467
-307700
926140
-684777
583818
904259
50601
-245154
10348
141320
667476
335911
-223575
510751
-604267
-247532
680442
-386545
343042
557852
-405103
-136231
-308954
682510
-40488
802499
-397927
-275469
136246
484405
-746760
-15288
-823296
-820621
299935
760523
-916362
-649464
-484632
93987
491857
-817157
-570103
-731719
693594
-174369
20750
374036
439086
-636209
-68113
-966017
227561
622934
716493
-812927
425432
-681434
-88396
-438322
802971
164845
546391
979676
344225
-153675
740198
427863
196862
-744435
-478151
-311282
-561591
-48253
-43000
-867997
777378
977750
506040
216464
-658459
-562073
250447
569102
-939140
-33060
756175
486293
285507
-332221
-952030
88477
832624
594361
68152
176848
-559314
-191650
-395289
637548
63916
126560
-673735
502326
-921693
283265
634329
855685
261015
140369
72149
602556
578296
-677405
171657
639156
289536
-72168
125448
-424957
595611
173419
663520
428235
-232220
-268328
-394917
208466
540023
209794
-153986
-396062
-663646
172280
-893737
-585339
-544456
740593
-729654
716560
-119039
342495
319115
-540744
665091
-509229
-901588
-45373
418603
223861
529670
14214
-602721
193189
-557552
165060
924862
47531
-626474
464884
-742675
219540
-931178
-406320
-608181
-824915
8341
-152636
915679
278687
-436077
-203361
-378818
883038
255896
-713728
-626191
354308
240899
792413
-421831
-229432
-193373
-24551
963758
249075
-859492
888619
-703394
-485966
353502
-446068
733575
422325
147612
-874606
597410
-844047
-27242
513089
434640
536682
-690273
-944179
419719
565624
-657906
793529
-80068
582993
585942
498101
-646440
-607432
-526451
-682683
641644
-385942
-794064
938251
128093
559439
-507817
-138333
-18237
639795
-12939
-420828
795748
959820
-907739
230388
496501
-598012
286210
-83780
967613
628304
-290252
-112456
211297
-704310
-614355
564858
-311742
-140806
882176
-670098
473253
-911889
-731847
-398655
647550
-239664
463013
-370688
-599870
-549927
208485
-804122
-590107
300746
426267
906394
702735
-287524
-177387
670347
-659220
532362
-442109
552077
828052
-56464
116934
-483690
802731
-891
-153787
275983
87221
114366
877329
-265230
874702
340341
364083
-725168
790415
-427433
-529290
-799693
873314
896977
-893300
576049
-390547
-70686
246395
-49767
-538324
804287
-497690
-710273
-252178
619245
-193962
-449447
-381646
652252
826537
705575
-233383
703865
-559655
-358681
44206
804429
-83849
-165380
-623005
386862
34927
-749691
283838
141628
826358
893292
-929059
72753
-156475
-467383
-122961
345835
-177655
624862
-34920
628384
-824585
583435
280635
-998049
289010
-952748
705817
729356
-311429
-249978
533784
604722
584642
910780
-8417
-380431
-838912
-724579
761198
987447
-831288
832140
60199
12238
-635244
937239
-641928
187102
562101
323153
-184514
737516
-93413
-903879
739468
-804403
-856627
445284
924953
-168055
-804694
458736
-563333
779949
369515
428251
-600483
530603
703672
-839285
518050
872385
992855
-421751
-115378
-642389
-484513
242695
544713
-922412
-434152
-639801
815105
472436
-543680
554572
668033
-400306
-144
592986
431639
195162
51721
868306
-24889
-578765
296557
374628
951839
228
535343
469888
-127387
528197
-951863
757236
885809
-436376
-69
430521
-358787
565779
790721
-543683
38215
-752959
-989111
-293752
-153265
10745
-700767
-721626
-794093
350954
-853320
181018
772190
443237
-444354
724029
-556535
-909011
193917
316079
619187
242054
73314
504995
805678
-926755
-64484
-553109
639025
-273764
-96792
-322761
-26723
-85903
383487
820013
924843
682720
-901614
-869251
33674
-754933
311767
-194137
688304
867414
-470109
-868231
958403
723808
447848
577589
-34139
-478838
82584
-228461
-405593
-981901
218430
-766569
-255665
-878362
-89329
717613
35735
-705842
537626
-39423
976879
636013
91327
10552
881080
-596906
816416
569384
-729493
-653694
701154
-771090
-929886
149001
806499
35976
670164
-110918
807516
-735430
-92818
25946
-501998
651518
147584
408674
369130
-816681
702832
-93244
143897
679710
-457232
-764777
-309739
-576152
-361682
-493324
993233
-91175
-147017
694386
137736
-76902
-156613
-55766
959075
-486450
833317
766591
-221879
-259501
-207464
276123
-607984
940121
-315204
761147
-876560
-612373
-332098
267337
-932664
210671
502561
-242402
634519
-859122
264275
627751
49704
-882742
322136
-812561
40356
-834478
131674
-569
-320927
-35009
-233979
457194
705490
558558
-266684
-902495
498679
418113
858653
622119
805741
-473446
-110544
873078
737225
-607984
-369325
371744
-467105
894951
-506
582600
-987792
-678370
770040
52564
-512847
-98287
-948005
166226
866705
-181984
-376581
572195
-623427
356736
669701
875252
-225152
528353
497371
-419412
-945093
-613174
-546335
792132
-221157
84341
163876
311739
-20709
-836631
-105662
-8501
-515000
-335622
-955937
-27847
566092
-903942
-861621
432796
-85925
-238202
4991
290648
-881467
-325309
165900
-106619
-796957
-336729
473970
-742050
50097
927635
-949918
828941
11976
213958
140679
991267
377328
-964983
-17235
862328
-300605
26828
-165519
-734513
122887
-27140
698283
-963039
734658
-296726
327610
853192
377965
-506490
-253427
581008
156781
-779458
838959
-793122
-851823
889041
-964182
160153
102999
176498
151419
-519674
211516
-865816
-657346
910912
161013
177135
-823602
-716101
-850006
874682
-679139
884652
-422045
648471
737844
955920
-858020
-515584
536928
298761
-295042
375886
505639
-146864
264927
541458
-986712
-632075
-282045
164708
-151748
929471
298893
190906
840382
-540095
-631960
-983221
-256195
-481966
891462
64666
-597314
-530584
-286864
-859471
-574665
-144883
-375055
962264
-846123
329904
338149
659517
-816961
-396924
200974
-803672
-28998
918930
361037
819254
848400
-340071
10159
688782
119835
378200
705562
863640
896235
597023
-71694
-701079
-933562
641442
-560550
-508226
-503441
64396
-545963
-349564
-605700
792187
-690047
-422660
-604738
510928
-226332
366264
429857
-865295
185518
278257
-205366
-804323
-32962
914469
573877
-327400
778109
470112
-730378
-293586
769033
-663940
-652144
-791517
-172165
-155585
272880
281872
494852
667180
74058
804805
-755481
469321
315733
18188
-164416
-254411
152893
-978898
-976154
947528
-783221
-9115
861997
790657
663485
640105
260768
933107
-653481
29800
-730833
-305624
238283
97002
538791
-488838
-621126
33643
-821658
452933
-161552
-577138
-77747
-845820
441050
757838
-100230
-406057
778940
-76384
-458529
995719
914501
-596533
786375
577985
-956428
47143
511091
-609909
-923058
780259
84467
315226
-122739
-376742
826389
256135
656901
-995269
-290933
-504652
-572407
631321
-350471
868644
389158
549299
-537414
168098
-527086
4057
163817
-612585
407525
-49808
965400
451097
997335
476491
841189
-925723
256750
-74344
389504
-865990
548915
215892
390145
205816
220624
-900788
701164
648217
730534
-649307
516860
119691
899992
979447
-712211
-627094
-16496
451606
-239679
-608972
-598203
-274279
842126
-600869
-797789
683315
-526592
458962
-391030
862913
592972
-842115
78804
-16883
363701
-700573
82330
64865
947645
-187137
415558
464505
932555
315549
443951
-779657
688456
-572545
671949
-551224
-181516
-926255
174497
-339391
-527123
376709
-656076
-53714
-164330
-47105
-190802
-571358
110780
888003
411759
-525520
-812570
-505912
539345
-864926
306952
-45098
599579
239506
-729549
43530
459849
958907
470986
131797
-592317
-710531
205543
582180
-49921
678420
-41111
294004
-375294
794560
-753102
433904
-776799
357678
321906
634961
832158
509336
-870951
371503
644411
436001
-673595
243990
-324493
-403144
-712480
-864645
-444238
758506
267153
-36554
-952025
-527305
-454375
-1945
-848885
504515
-707942
-224179
299075
-461044
-790276
522277
896635
531631
157238
728793
40967
286287
100295
-314623
-277712
426700
929367
397795
-976444
-783113
533151
-420682
975393
-199697
542764
-976632
272999
-911611
21424
424115
592905
313482
-800065
-108020
852439
-590340
-585744
749074
941292
571494
477866
-17742
-142220
-421839
667635
580069
-995140
597002
-22137
-971584
813889
-488987
-392265
789282
311317
-849501
812651
-415685
-761111
-165926
-991570
831795
-852444
-791635
-276226
999996
-381974
138030
749069
-440683
-290476
226934
541576
567305
805095
209211
147373
809956
-193788
-874764
838373
-379899
-363750
-553893
-590617
947567
-403393
-777967
-468118
-164503
56108
-459688
-332709
203664
-251322
391066
203659
366705
-470905
-47273
926022
238620
-820339
467597
-194076
984757
-323193
953297
794712
483020
-921467
633084
-896879
-285217
-920809
-487495
-337650
-324201
-265461
194233
511296
790647
734545
-821413
-5689
-516777
569653
-802031
849928
-901252
150697
775950
337368
330358
243547
-856709
315114
920355
-903412
109826
403374
-824879
-257091
506496
-110096
-177899
-981000
552254
497900
-246460
-253514
9196
-455814
-518969
187783
538497
-35745
-242565
736467
-185818
-143816
-112837
-409869
-806449
-782479
833678
-663157
532635
754032
-566569
-357540
157406
-391448
385370
-336098
498457
-792530
-317097
50711
705371
436443
797198
-285434
980630
-721771
902349
519126
242484
-340216
255593
-943334
515969
-857245
-353203
709520
-639724
-519525
-953637
892912
-765493
-520206
-464628
391914
88347
920742
-944185
-413196
-871788
-261281
637515
833583
-824839
434712
-451851
-844210
712942
-549502
674917
-44575
110283
-69491
12091
-373749
73265
658889
-664230
433542
-860636
-617867
326454
-626128
-138072
861826
765786
950276
782568
821602
-462921
910781
-439680
-825407
744364
-264518
609306
-707488
-108727
322247
-256989
-433810
-722328
853294
496700
289764
-520456
-430036
-51348
-184685
-996494
88017
197449
329960
461889
-940624
191786
227674
-990349
-25646
49276
-453270
-114866
609596
-278676
-370502
-654922
-669370
-77990
236351
652878
665021
802541
930551
518315
299240
220314
997859
869205
-831035
-186827
872711
256983
-989379
202671
-281129
-930003
-605543
946545
-920351
368811
-4179
-373620
-746056
-394584
347705
-116557
-49505
678335
805453
-813155
331213
470474
989387
261763
-11212
288626
-517924
-13353
157831
-348958
799820
30542
908025
810441
-766787
-373104
880439
-372330
-426560
960089
996481
569262
-413531
-749575
-825323
934174
133868
125172
612509
-60679
312018
-56279
-590205
301404
-794516
398584
-409970
-312440
-614770
747861
338603
-814951
-221598
246628
995491
11615
873524
875930
639286
-553036
836018
635766
-983775
-577514
886192
-809097
-643340
20059
316076
969169
959381
-371907
-87110
-630825
929498
118374
767760
-480473
805935
-847011
-732612
144537
-661961
45791
-608835
-666471
-942594
-735312
-790541
696692
-288348
-954524
332457
-272122
-532037
218649
-81219
-175377
-761293
-765144
-206208
-801912
-137050
706682
-432736
-207553
-174945
-664977
311975
-369010
-511988
579363
775528
-173949
-374847
-833308
159581
-317441
-568620
369040
-620750
143033
414517
711708
870911
882480
-69644
-210308
-292897
169064
24548
500895
367152
887499
207576
934416
-320055
-967369
-730561
991920
-336379
-242549
571283
-560851
583503
-803565
-394159
-256916
-121005
37222
-887877
258246
-819745
526641
-30047
-948834
409120
900310
-159142
-883777
69374
865406
617118
-563474
752905
-175306
-629058
-567151
-142675
-359619
-575231
520947
397833
996052
960097
-18665
-807513
-434063
724420
71482
603160
836543
-670273
783415
363184
299681
834581
-227696
199991
-324562
-111473
-730636
-459156
-494356
-294109
-706252
330339
76833
-273402
-812337
717214
151367
708611
115047
147419
668707
-903619
339906
-765356
820801
-588612
837804
657344
-258885
621219
20528
-959205
455799
792832
240787
-868763
-318642
510151
-327918
187003
-783959
-34169
-482659
292875
692429
-294995
10088
-156204
-586384
-874866
991216
-917677
-778484
331121
-683033
-957683
742509
-845229
699662
-516376
775990
-279811
-475580
231789
-486980
765207
363027
194379
275357
-964892
-618618
491399
939
-101276
-215727
-306632
603729
794362
537164
-982655
919497
528379
-900332
-858987
-140500
-583364
-816670
-397991
-428593
882993
85633
-652603
-396819
610053
579186
116202
375259
-57787
-689419
-349384
-22679
-308036
-857985
978261
590688
-73712
-328372
194417
-279351
-791208
211762
-359854
737172
311431
-218841
-403329
728067
-35510
198681
-700527
-152518
-715687
-353129
450664
894367
-773943
-433134
269626
168270
-122552
920242
-854409
569412
-937744
-876149
160099
-11455
-204520
-645484
709195
4272
566278
-650660
-258556
-122291
130500
338116
-394225
-905011
-463204
-94752
-57528
-178891
552120
-606865
-284524
778177
-39998
985102
-53554
837450
905344
92037
406861
967600
215889
-433040
-43855
-988632
-78523
-334661
15641
-512245
14680
757085
365464
-854821
95200
971239
-759831
631996
-123513
182641
-546895
-571394
575776
168581
-793218
-464223
153683
153228
-626773
59026
-754735
780089
26626
461154
-652951
982771
472522
268526
-351890
-511837
756281
662790
-754753
121744
807970
340447
92982
-951862
-27557
969469
230779
425549
-601925
-193445
-405870
-395143
342333
747813
758086
715560
-193161
-996650
495649
833465
464505
842698
816236
-62973
111223
-535655
425190
-132497
-872865
670437
989247
935106
10884
82229
983244
983328
51698
214023
408876
449773
-979422
-996994
-945371
362911
750819
812716
78471
-442343
816067
-425881
-608878
280571
-583184
-792643
-782402
528040
-328297
642788
-604458
-201161
313225
-615211
-266055
-675891
467018
-282812
-692564
-481284
931212
716313
968489
951790
719319
-976882
314701
470137
835834
-606829
-972206
651900
-32709
-581083
-67529
384108
-373725
150069
-87853
297979
-207144
307689
-903183
-893919
692479
-169237
-569810
159497
547951
-262374
678213
479163
-546061
646702
430953
-826743
669820
-254347
643395
505653
138825
671190
157553
-893885
-909894
-909977
490224
-283618
240092
-597630
-985640
-967052
710060
-888822
-860971
402538
-58059
-430780
-437965
-510108
306846
-759752
969056
760785
886950
400008
934043
556769
-854339
577437
62422
284486
248626
-780026
390602
338733
-690003
-119175
-944886
550090
283195
-930526
583038
-6745
-819347
722067
-604208
122594
-708714
-42172
612487
598133
198076
581542
358918
85025
-18451
292961
-358206
127210
-129603
704216
-588304
-880977
924190
802298
457756
-765813
-316877
512871
784277
966319
582346
367314
-40427
762999
89381
355366
-114407
380668
-686807
-501921
-21199
511270
-920380
-662281
-403706
61170
630680
238088
-811620
-498924
-57696
-399924
-379901
-133507
-597626
-922145
100680
85497
590726
-115043
51815
173071
-747730
-988612
-63931
341652
366754
821663
-277681
679948
-680259
701120
191217
-600638
-961162
787512
460532
669519
25600
648912
-829406
967904
-751012
-209306
-165603
-348638
-131451
935078
736859
-540726
-179966
-211326
632346
72304
-199938
-431585
-586044
-833185
-609923
136275
846764
-290182
-162605
37980
109181
-123766
-174509
-430288
-454248
851092
-781376
-283653
818995
-532388
507041
-346609
118974
-624410
-411532
-144167
-165135
408503
644507
-532790
-519194
-555431
35625
-105237
-388615
425702
-968963
-541852
-864480
-131567
496129
244701
744667
-678380
814414
-709581
-827289
-966963
6766
991706
-499350
-486193
-354903
619625
-110603
233566
-524543
724262
-357932
-880036
-808528
122875
-435467
227097
-982363
175918
-347201
-951325
634067
-211681
-82892
130195
-966981
-338225
451815
847433
-47806
624527
880471
958961
616232
-618880
-527232
-738671
-999256
362165
494895
-523798
86427
-863038
-403834
277900
259838
160699
-495004
277475
-663383
157796
326150
970684
946115
-756742
100879
979135
-94967
-447307
826568
857228
-822781
707038
816189
793452
-911842
-711044
-945219
-911098
651122
549676
-434896
-262452
686639
161271
-984552
-53524
-678030
-479555
-776049
-341413
678241
550101
-370729
624356
793360
730150
603490
-301608
-717157
430057
-444381
-539937
137095
-628192
-746485
225253
-339236
-691704
314156
-688115
857972
879261
49434
544611
40531
64882
-508913
362501
585327
-284962
-978912
263567
-734861
-349641
-112078
-941502
-619491
-508588
-243110
-336648
921470
312510
123415
58565
684318
376930
-716183
-654918
685226
597974
-343033
543198
477234
706401
87809
-482235
-228718
578896
880266
-643391
-706066
901355
620176
-440927
-448287
-491902
-382429
-67778
-489
374462
595575
-79020
-313028
-281010
979545
-628710
-904081
-736638
-283628
781146
861336
373339
324344
338570
79740
-587847
856335
851022
991049
736601
-792369
-715018
637955
827807
-155944
-810332
-664095
461627
121891
335416
-163911
-282535
-743604
523061
436455
-764059
894351
532375
-500696
-389277
313521
-639360
984062
-362135
699210
63802
50018
555545
-85177
41067
292146
122455
326050
-69899
-49739
-829895
119769
286167
631733
-758340
-378417
-532179
-40874
-122021
990883
-604419
113921
885234
927957
613225
-504044
241477
973865
-519982
879343
673075
543820
-70640
228620
-541357
970427
-479235
581098
296476
450866
-468641
466582
-429365
817526
98314
-187705
-560891
566136
771422
317089
557018
-832998
-568991
