499475
309225
584609
-876161
-854443
-625142
714820
904203
-185033
-614946
-235302
166239
-763982
475405
165801
-646959
-113341
142681
-106959
-869187
-765718
-357493
716911
500543
-949832
24341
-727820
19102
958541
-604064
987103
458015
705162
571711
581855
850720
946570
296674
754922
-238463
681728
-480380
927776
917746
995025
93577
-729214
-118316
-763742
163828
12497
-529460
806335
-270593
971084
856504
753749
-756737
-124394
712289
-360801
-137292
170304
-655639
-565581
-247842
-804920
-619012
-951168
950003
142525
730560
-530378
70301
648306
-535353
-836122
919093
346331
-599864
82920
-641173
-129324
-110745
88235
-158240
-254242
-158017
85023
621364
-445728
724223
-515928
724577
-931417
-81509
-523265
-736337
299480
-474433
-786335
-557995
-743873
-316712
512306
904433
147935
676185
823526
-505735
-923680
-93554
-146907
-53003
795701
941329
788757
-458542
-216688
-126220
-837178
337585
-401997
-353106
62161
-333414
565386
538897
-69750
-135135
-935537
143916
306870
-679410
827204
-180824
-774977
-24862
-504640
-951451
469404
-428319
-45005
-677503
518678
-249305
-736174
307435
292154
47138
-818786
454977
-615277
-220783
-898130
446884
445804
667256
-14219
-623946
-467879
50244
519970
838991
370835
347174
-341833
595858
-677688
153527
644407
791716
725208
-400599
-885787
243886
350097
-621961
-448680
-357749
425178
-267465
-902773
809901
511753
-800902
256785
-42443
866355
-757435
333611
-601525
292809
-146420
-762534
-336357
-799246
-104367
-740499
-476934
-950840
903909
-685219
774368
-496690
-571005
18254
853408
-192966
569575
-504342
-767789
-697890
-407114
-957889
813864
-208016
298897
-228580
-341661
541462
-894970
56814
-165730
-41389
294281
497914
159365
-810087
757416
682431
-760927
661324
997213
-986559
-835367
-573792
31696
-981960
233242
-398730
-486301
465454
-96619
106585
507566
-282756
898570
-193538
488664
-443091
-652077
593695
613723
182194
-447695
-91996
-319892
711671
97917
-562477
394101
336991
-901153
391314
350432
-736519
817522
-617872
-718478
50764
-16602
-204779
-483782
886779
901807
-976217
-395978
800377
-169754
-907314
-642715
178169
686381
971009
-639637
-761315
-120988
40471
950357
976929
477995
344458
313920
576842
-264229
-335648
840323
-446707
46480
-878155
604057
-970122
-82934
-879726
916658
-181127
-855942
-479321
-380751
-25696
-386634
-23466
-847527
-700254
-52458
-487164
-461568
826554
553308
-511212
803483
31302
833246
117403
-391856
-430983
781755
-551533
122310
-171766
-429688
-273633
-141887
487378
-153359
-225230
-693749
-9300
295450
-74500
965004
908816
902034
-882524
-791439
-150424
-369687
-253007
-323870
-816380
235782
-520387
214922
69027
597016
823066
638044
378770
-728468
-239647
-792996
-158155
486720
65117
-670778
-666639
839888
-364526
324061
135337
560974
289065
44152
463008
406541
252714
-687417
-963146
999708
-11286
-779526
235489
468327
435397
-695485
65342
258463
942560
-555888
529996
-297088
-348883
-628160
-810368
716235
-298937
-477006
556122
336537
847056
-308542
-102490
136120
735611
-639483
-457339
-11676
-326899
-420485
-11969
661816
-200011
-776480
130142
-764614
-471965
-804516
493849
-529406
-360404
23844
173507
290713
395684
363140
6948
-903254
886135
-436931
433283
733190
254528
-669207
-130691
-9862
-308689
411971
978463
364412
991486
-33506
26228
-208525
190014
-843631
26861
718050
-648147
-479290
-811357
-8550
544554
362151
-717837
-59763
-274709
289111
36983
-388575
852180
-529734
-655386
106708
-198941
213924
-903155
492370
-374106
-924693
-143218
-382620
41801
883010
408856
-768186
-960621
-564284
949864
-608768
-43573
-861493
382683
-499020
500659
664847
441217
-774051
-46043
-521800
-162625
-193863
-51534
181989
912846
749526
-604088
-990310
241895
21807
-915002
-901324
639187
126799
981686
48042
358614
-978936
483759
308478
-587703
-559815
446986
794981
-58835
-52355
459827
-617618
173595
-586216
-139417
-989031
219922
809050
192958
132767
558575
588871
142458
-199531
-389322
227456
-100854
-750135
-645745
-119168
297907
712870
-98103
-218334
21348
314195
221852
-531667
109175
-836983
415979
-430998
-454601
-410427
-17213
405983
-399458
-797291
215032
793501
335477
-226394
382372
-522065
574076
993050
705391
-526779
-757086
-940354
354054
540822
772516
-744050
-677513
-206137
570145
544340
262197
-320680
707357
-321825
248323
-747244
267748
-768890
658739
868291
-566180
-126230
661791
769297
647377
44163
-752768
221452
37213
952623
694674
280127
-987731
48727
-179051
784785
304677
143437
-421352
-125178
-312224
840846
554142
-604868
-480980
-197535
-352112
786769
33575
-693373
655059
467395
180397
316850
236692
-172227
-638987
483924
-950775
398226
436547
743899
-321647
448816
-207374
499302
233601
-902698
-357262
812250
-27875
330515
653095
-473733
725647
-827886
328732
-626465
958884
-637694
-319838
613943
829702
860560
-69208
66393
-311667
291805
-449683
-262441
-309969
986864
-518543
368384
435680
274084
-132315
-330719
371387
510424
-518470
-656489
-159062
-865376
-130222
-433415
-693261
-801490
-59879
-734378
-439184
620284
879565
-609482
480844
-189643
456912
-830824
-897838
-992772
-93265
-207807
994093
388193
-839424
429773
-337723
28262
-900947
-966337
-461315
-419417
-622826
379624
-284792
246953
946209
21947
445463
-113670
287570
-993721
-493387
167135
-603203
987457
977492
853709
-843367
-920347
860938
63368
-128153
855030
-548439
32424
284802
113838
-939315
383855
147501
-400629
964439
524676
978995
-320353
-228371
925204
701595
-782909
-188467
-10836
-776629
318147
-843702
-379832
305603
-866210
-526123
462236
-786556
-665186
-474396
85291
-810157
-22835
-882285
474646
-908997
-821600
-141499
238505
-222228
-177061
-236819
-243233
502586
534810
-318030
204180
751901
493504
-806656
975272
-188350
-650358
-404560
-882747
-516567
69317
579489
-303123
404132
-894908
782168
593976
82258
899883
68621
173262
-921717
927122
-588234
-143944
-249939
174947
612823
-747353
-290244
-705207
456828
-538343
788298
650172
-563071
-400053
999815
32369
-282799
-516753
-898314
-703311
180124
505819
-598218
-37708
99794
484041
-137825
-831586
-342698
-59541
-904464
69068
796515
-154403
-755985
409338
98245
-46229
704132
-444928
415429
492429
-794757
852358
-907624
-794942
-115273
-190423
-311695
-13586
106266
868430
-507768
508049
-169278
592026
-7911
692898
760441
649391
-366644
855977
-281542
-570129
-298426
-37526
839210
799819
916245
543341
-645109
331674
35769
-439866
184031
128145
-234807
-931243
937722
453499
55171
43988
321928
547404
-447964
-847350
139429
544125
845548
-100131
193516
-521096
-244154
911975
-91225
457421
-125552
-252015
257240
-209307
-708675
612131
-877634
327094
-827735
306397
-544761
-62542
375155
-607039
-609044
-569674
436949
712885
977730
988986
865535
117159
533111
711082
-982973
-273374
-810014
-227126
-361400
98761
-769706
513048
846747
487535
-696260
-861929
99665
-573894
465165
271931
732504
920405
-790612
107659
-686635
-399655
537985
750314
-686771
515715
739300
-821236
-367127
272410
889847
-350099
999036
-920168
422776
-362365
178594
653071
-849317
25340
140605
-545576
163411
-759730
-119470
-371424
512201
-386966
-451020
721590
720693
-137655
-678066
258678
-387341
-364836
-225608
-648042
-186072
407266
624369
-296225
-942834
623404
-216393
479942
-738961
962201
133012
-588277
-12460
-726384
-133853
-849049
-486114
746677
-220473
-973913
-640289
328508
747677
-919597
-809147
-930390
339081
-196487
-295225
-886527
155472
518704
520739
-220160
-777522
577905
-596757
6085
57847
-335717
-31714
-809142
76006
955827
-535525
942153
-893223
-21638
688830
-113696
4449
-951460
-785188
-247875
-871056
-594335
-178264
468026
209178
526512
581499
-635351
45215
102237
144490
267694
-319858
547734
-726222
737989
-787984
242065
928848
288023
197891
-606677
230175
304668
371685
-80995
-809028
-623866
-32454
-594216
128260
96491
-188551
949996
-435484
-979373
476508
-853985
-614723
-478278
248252
529767
789416
928395
77500
-936806
666384
289517
305259
595231
-422461
-496851
988554
807715
807818
360239
-273281
998790
736373
694266
-595427
-135368
-209244
216023
-185372
355273
236650
-708865
501288
621928
-187142
-250460
151694
-397726
-322066
-770806
-334531
-655683
518711
970728
939549
-903751
-526123
928103
903965
-718306
288342
-369316
-719517
24715
-675051
-314943
889348
115706
901080
-296024
-529022
137730
-4888
972267
-240342
807970
-278194
911352
-589756
399741
-859454
75713
744059
659257
46441
683608
755507
520318
611711
659471
802013
-99948
-709846
-917504
924767
-384897
-232447
814114
730810
-331367
-481911
-798212
806364
513202
-825946
-433979
321171
-104139
-522628
731415
-704399
-382081
-192872
-960340
-722825
853569
723268
-967319
373886
334978
692152
175899
-764971
982307
258395
-840204
-402591
-974053
973911
-671781
-305419
-508000
-469993
-499056
-994799
-295939
66965
326373
599922
544338
57788
895524
-837744
864916
935184
-560569
718484
658452
-527887
92370
-6571
-835735
-731732
228459
-853429
526664
388255
-256019
552611
362166
72200
-752809
854166
602207
-251864
859367
-693732
815101
185740
906191
359438
-756473
801714
521694
-891558
736898
961126
826927
395349
-566762
-80703
-611222
-402497
187566
617237
-255925
-285771
5492
488056
-733160
-632343
-439745
-485968
-778177
-837539
262168
-918810
-531270
77268
266930
-625080
-563294
510457
-823366
958400
618900
913532
919526
445826
308881
-647236
-634878
697659
-49733
552689
314896
694342
-733083
-679613
182397
-466243
-311955
742653
47790
-90132
905115
-690043
-8942
-626156
387225
-742012
-251236
823932
768445
-74602
782332
387345
-161070
701857
-166830
-852190
-945380
198293
845470
4888
-249019
160365
-300770
17899
480752
881628
551657
-831204
624280
-400554
78665
529394
-90597
-930277
903238
-703372
-672289
-347998
-879441
-903845
577401
902891
483500
-583670
604748
-683330
-435859
659368
514964
-590390
-335745
-734055
569975
363486
283844
50727
245113
-164500
219524
-130608
434946
-701812
-601214
-655652
-632089
-697976
-359023
-304378
-45974
-238464
-208222
-468574
-335573
-724722
-52243
-730826
-408052
511898
928542
-893089
921508
-407203
-627143
491482
956283
656701
-457792
201396
-507799
761732
-929212
927147
-940080
-530426
-728505
-572169
-228401
-87528
123454
725625
674009
915232
-742949
-661565
-809491
204808
-392390
-217542
-283294
-463848
-110630
-361787
128950
262227
-870305
85233
-81072
-328096
-713372
411129
-566364
-642584
338275
-506444
-173009
609771
-78612
598590
-477758
-955159
324215
-803749
960074
581267
-465313
-849417
-213925
142297
-66958
502781
678450
822413
-859007
-192601
84639
-729311
892632
-996433
-57407
-820741
414696
376229
-463324
-247029
869785
363668
-637259
-208827
-37742
-115016
-163985
-713528
81236
-203912
867740
615923
-53328
-346186
-241780
879715
-843406
-563331
702127
-702412
244068
-213234
-431723
136699
-209667
510870
315959
-794971
-112901
852636
-42000
-243117
216303
320742
548057
-821440
-794274
-615929
-534967
286962
180159
-667228
-97115
-873169
-13413
661105
-993455
143181
-902226
708672
440770
341842
-504563
-990953
-521459
285771
519918
794501
490800
-592984
647136
-551201
163900
-136562
769542
-288044
41999
975268
96027
507032
262230
-723814
839804
-834886
-596983
-173610
826220
-590437
969572
923994
-881765
410342
265835
-386327
419389
744377
899444
-60694
538877
390243
346322
186012
839043
-489779
-950550
608585
222177
91449
583852
-681796
-401520
-153918
-405610
-561716
11196
-2593
264674
-162585
406971
234246
-238591
525206
-355413
-972756
-861122
-936024
771621
-961679
3283
310497
428565
-650396
-503491
267608
-140174
-454041
-123808
-917997
637409
-539956
-599793
-764112
306126
-5403
-325828
-682679
992005
938847
154737
398975
173093
916146
-75820
817681
943390
63058
881657
715011
101380
-115061
25507
-470056
234544
522017
797552
-905630
-932024
-326256
-823626
705385
133788
-423419
941274
-560087
571179
-384554
-242765
563184
-445707
911972
-37841
727386
828118
886340
545067
771508
-50602
426724
486518
-949223
-688338
-487975
-419278
546207
-965959
-621726
640578
-897982
52018
816952
807404
-814195
-606467
748677
-374281
964713
-635877
382954
527896
-81584
294926
-509946
-354198
123043
-623607
-809132
-105450
325791
617592
-618933
376569
929255
-106908
957291
475462
-72866
-664435
116039
29152
387583
-67010
-163445
573389
326523
-414768
-800893
291235
-50645
582062
-180869
867771
-123013
309186
-486427
-999971
685579
-295559
-105420
11370
-677967
275647
-612061
-748712
-831261
-654771
726751
95874
-319205
-157211
-874975
-931623
775780
-38419
641767
102302
546813
840875
-606463
-503832
422936
212669
-636062
-700078
-478146
-122488
-700048
-792567
581954
194532
218803
903987
-529821
606742
-844725
-361081
951972
882026
734793
-367234
-275185
859819
-298856
-499406
-178600
-657089
602897
-631787
-816215
996434
-135619
606722
209103
228320
906645
730957
-894169
-793404
938390
687785
401129
157193
591772
871309
-236065
747047
-489772
-284093
629073
-754980
348674
-646113
-895161
-950183
-145518
-73761
-607271
-542622
294452
-423485
-546188
-841167
-816764
662915
387153
-910120
393871
492984
-703523
332260
180768
697607
-510547
-227461
568915
253388
-480414
-920858
969295
-851342
-675837
317968
-497454
-570997
367786
357028
355243
760515
814406
-350305
-662970
-731783
-191472
-479734
931133
-804320
-389853
325003
688664
-93376
-342737
-130569
-395770
146716
641971
-826855
-599896
-838444
-747712
-630602
-689786
-423548
687366
-187239
5455
55152
-830212
-639302
-184333
984195
10393
152697
-747588
818921
672964
-816456
-985400
-716890
508548
703265
189735
-834190
-427304
793966
312527
-785334
967111
712631
-623778
-780601
-917971
-313563
-204149
769395
499198
801307
-175453
668987
-837996
640214
653182
172397
-207090
905594
-8682
-534126
-910862
5918
-251016
597686
-290818
938719
763497
281878
732685
76023
496545
699795
-211346
872767
919195
-129317
-440796
-284955
-359922
-941598
-483648
464625
727390
-321644
104839
380571
850754
897750
286164
-157929
-636377
375302
847989
112607
-27012
-442829
51326
-263516
839050
-215990
812508
335594
-516195
-398839
208361
-597001
471845
767566
118045
-888078
825968
634397
576548
553357
-687248
-318614
-66073
-836495
-420865
-779909
5577
-57242
595394
-146435
-944635
-431619
410737
106692
304865
249787
890702
117373
-414619
-625493
718534
793743
-222494
190378
561308
895552
302301
387276
529948
-121152
-59367
842700
560234
874561
-993795
-860632
-905349
11782
82127
690045
865348
137492
-741574
276085
-755817
563292
-474129
-865115
-319336
111253
-490607
-600802
-95005
286900
589576
-533698
182451
-108123
853579
-287602
770725
-205789
-444902
330959
-331229
-438696
470328
-236577
573087
-447546
-546533
438434
689947
-288106
-285481
934131
-724815
240391
-930984
-44151
-648357
-421591
355047
256638
865309
-55377
722941
47759
836500
576520
760158
607225
-629270
-684745
-61816
39501
-123441
-591489
802924
-550355
-39034
-743609
888080
-349087
-31715
-397401
-414956
243471
842990
-345940
-800681
-805368
232469
554367
451271
97778
-501011
174212
-854463
-664511
-249269
905695
942715
121461
-779051
-119102
-839038
97509
289409
963887
547155
-749625
-779722
435234
-98712
188564
-962168
486332
-567966
880822
-859608
-368646
-924546
372862
-814280
526726
-529361
-315291
-299062
-383824
20199
451669
-478130
-37087
-426870
-257180
843811
-265907
840330
133220
-302020
387484
383596
-81742
-177283
-715116
-893179
-139450
771216
-461144
-258628
911609
170210
-183173
284470
355930
-656448
755109
-959361
44491
-628715
60839
-503841
-106844
-976249
69290
635977
867563
803384
476306
783
-498637
-136211
-615622
419621
686506
-330738
526443
-452944
-559522
-934701
288428
-647914
235509
-894746
636557
-408561
-551193
391665
-367922
493298
762951
692917
989458
-343894
716669
58748
-707918
584232
-137869
768389
-414986
363494
-367823
-30607
-216885
-681317
638656
-690442
-134261
-920867
-625143
-845833
-568780
610367
-740578
-932224
-798195
-291770
459442
-166116
-798473
222392
-473200
-809015
878499
-756531
249733
-829419
827701
-888136
938970
-587285
475359
-428854
382108
-741526
-110170
20763
-431968
755570
99897
-57110
909737
531117
-446744
-830842
598894
-244938
-122611
58336
588946
78916
-719273
-884254
269902
-840774
-640785
-480365
-670193
-813085
-368501
-731223
-400370
-893143
-160076
981739
-634669
729754
2501
-66636
485323
-897602
876254
395059
633516
-570490
564218
232409
184572
-558394
-709256
-226482
520523
-428528
-110736
-209575
-269302
248479
310060
60506
435395
941559
329283
-964975
-951584
-830794
-983237
-586253
898961
19265
347112
384283
121663
223366
-220658
-244822
652877
-656440
987588
-162552
-214834
-721668
610966
-694311
-150195
-499770
96115
580503
748709
-593826
-358991
184104
-652267
970293
219129
-603851
-860502
235893
-190103
-961542
-744843
-842991
422742
376821
380375
-797917
-868001
33251
-454357
-880413
870700
330810
-602081
481666
636500
247724
981896
-267386
-171773
730604
138789
469237
-85293
486522
439529
-866164
882672
579028
369729
-307431
617487
624887
-150422
40228
1708
-770048
242312
133707
263203
787956
253294
133903
118765
651214
-384432
-244735
-101063
-402537
487880
727165
-671933
-373332
196401
242775
-886810
-364070
376611
995862
-785043
-253660
-311570
832444
-628773
538009
-127328
372935
767961
-885017
-493358
31164
902940
759936
-834933
21704
411150
-219365
776970
-689913
378099
264849
-962749
706166
891517
233653
-51060
-995294
869583
-674449
-999432
-915460
71891
-311001
916985
443119
-772993
-210344
-183947
994969
-95360
322695
26132
-192421
82631
191199
829284
-506220
971835
606253
-196133
349933
-128899
-158881
56098
-237382
-925229
-994962
-232675
944355
-669410
-232107
-971106
402482
456892
945879
-154400
683899
-264465
661653
678867
640176
-15653
-295001
-552245
-933023
896199
-722962
-439242
868033
883292
364625
217966
-245607
-794257
-725937
517011
-719485
-720898
-715665
-775131
-390308
52229
-746236
-987827
-490880
-800357
-142227
-806981
-64821
-480574
871886
-424646
503774
-423115
23109
570752
-526917
300148
-868491
-658884
183439
496134
559082
937832
701878
833146
454843
982393
-887753
739179
-792738
-278060
-208593
-538973
-265886
300527
-339329
591887
493547
595850
-888687
365433
-828796
615087
942318
194314
185838
-584599
-505539
317347
-243483
677900
-186519
-684402
615732
-484642
-851256
70574
-502249
-739008
-190247
-294986
-17068
601160
166042
717046
-98313
826713
308933
-604767
422562
420247
760666
593767
35333
702984
-211920
-778830
-881616
282541
538518
-125099
-39559
-648002
190500
-423827
-132643
339244
646748
365109
600237
-543500
-929877
-416832
-942341
236165
-699786
-40653
62877
609148
354581
-514561
29394
115246
-920795
-935274
-181771
-132715
-714103
-63387
-850174
824416
811515
110268
-823587
2015
686441
43771
-658742
333188
-591120
941496
789689
-520997
-475337
847348
715168
-175122
-193305
-221956
-565975
-838725
263484
463419
276521
342689
528146
-905250
-790027
814044
31364
-640200
638459
-157122
470068
814873
844893
156508
-141357
-813849
-510304
267524
-872354
-720616
746527
-347690
-873268
461694
477189
-66573
-760262
911214
94703
503222
374633
-628776
-154089
-97222
-534026
55885
-283179
497339
415685
-644720
-659783
-114248
-829848
-814890
-957740
28796
-628738
-468043
-703681
-501091
-188659
-957155
151219
-61926
504540
-371593
871502
744279
-460379
-33796
247500
914254
337428
-906590
-182968
803403
149296
533854
300741
-435020
889134
640958
450733
-940715
826069
492993
88081
-802670
-975050
384401
-303761
-163709
427246
847459
774366
-68215
-524134
645867
-323937
15487
-387930
923564
-70259
949499
-983026
746773
752901
166270
280627
53641
731251
169760
-305401
181983
229046
-479333
-325024
-682873
-282003
-300074
701528
414237
536218
128774
261695
310583
-939441
737561
-43551
-263378
-246953
568520
-339814
682789
518018
-322839
429562
270918
843431
-289812
-675441
574682
879949
19158
-243336
108995
539826
431640
426122
-742178
-868435
127650
672059
667783
-743577
-66247
-21634
-683018
-328686
934815
53605
424362
503334
713792
107150
21351
-609048
-463289
-707731
-765617
246899
-383172
809065
126848
635986
-434271
-764158
175811
997370
661964
433634
-871066
-210386
105693
796718
46038
-960554
-224916
363021
-289240
-290102
-583374
-864879
-786768
-869583
242272
234584
-478630
778983
526853
-244247
25882
-856320
-435182
-847271
779667
130548
-611429
-44522
127917
-949465
-610889
256852
-159851
494805
53570
886188
534251
828654
249208
-754990
-461449
665834
-619868
-248216
796251
622404
986368
-682380
401387
513221
73374
-572732
656901
638193
-420003
436568
-231260
-31431
-607955
896657
19104
-218843
153509
859254
-724039
-792922
745441
810212
-964269
-5352
-944778
-425717
-339518
-564645
326067
-543268
-942242
312435
-225647
459146
-174345
847728
886414
-517444
485921
-533589
919124
-745339
434981
-688831
-848682
-545916
92326
304827
-686662
368288
511905
-941221
178500
547636
53427
233723
-878081
713910
669078
447986
-829359
726837
-239579
-55005
185982
586076
-207277
72396
-931369
-721357
538807
987756
-466696
-26212
-701076
-315377
427873
391251
989450
741211
-240461
501354
799990
938039
48990
-146583
171761
170910
-432674
-159161
-381104
-262032
-432325
379317
682964
753657
-34608
-524314
-173947
34024
-245670
-635141
21779
287635
338648
320704
972258
-233480
-288046
961707
-492270
471494
463061
-692281
409532
-487949
161137
-418707
682961
728463
422132
-698143
-533570
989808
681174
-850607
743464
-353434
-374920
-430484
680590
379410
-65624
-297631
-332956
-726977
-976928
-360698
39544
-264973
-398991
547274
-793480
-935931
854994
616053
-423879
16130
-802655
-740918
-255407
619478
-439061
211024
609285
-757888
360418
352749
-111321
985498
922266
-430731
364908
-143358
271638
-968048
129666
294711
-328746
-830791
-970262
272263
716483
-763741
336333
571477
852313
912454
-412394
-950342
-828464
332200
669136
-267525
-456777
278421
-25412
903641
-368831
863267
889139
-446566
-567465
254046
410077
704174
285999
-460258
-1115
957253
-291049
28624
229516
-574567
264883
-434152
996910
117195
-521698
-415484
166853
-350162
916716
-164011
382313
-540061
-885591
-643099
-636420
-254421
-779832
-747281
299014
-347297
506766
-290910
-643123
-207236
248832
355763
-249983
957783
-615614
979533
-616784
649270
-454619
-619874
-233536
23683
-35358
933318
673522
-118642
-230694
55835
341298
-116284
412736
704879
629295
632904
957598
-71692
-714393
464363
637398
-357515
-742873
-113770
998248
7144
-155988
-617367
-13323
227229
-968098
532058
607355
-201633
-444259
-428003
-268316
-770738
453355
500991
285097
-205347
-615294
-302167
-500469
-985999
-669264
-542872
-57690
-383656
921492
-420293
258829
-821382
465938
257076
185762
-690050
639710
-827562
537179
671613
704497
144534
-530021
-739763
716531
201664
-510500
169886
-297345
774598
964539
87362
-527570
-535931
101363
-196833
-78802
-956328
419512
-157311
-376620
-321660
21307
-910683
935417
-792931
-600732
575127
-620492
936447
246739
-915996
80980
716719
-655758
-202489
-81617
-166258
967397
621038
-391660
931935
-291601
80771
-603996
809763
883938
317203
853435
303450
-840108
-523185
981791
181199
-433867
917208
388269
-34599
492334
767777
-98152
-260927
851781
982829
-544208
-803977
-219661
374175
29765
-252265
-4787
638106
-320330
703613
-281124
75675
513375
-397186
-607122
366810
906264
-447230
843625
888054
733970
-590243
805261
122238
375159
297595
-109986
-722994
-963333
-258205
-740165
-507541
-62182
40174
866635
967584
787910
-138153
605689
-532420
-434541
-675436
543256
-921167
-72621
936134
445644
-166358
-511097
289268
-278304
-777128
699026
-473044
345111
74185
824551
-764875
351191
861219
-23079
611027
-646323
914740
-348800
-779688
882323
-560890
82159
488012
-93310
647618
812577
-550054
726452
-260045
-613921
172096
573598
-125017
-538637
-704707
97856
-839611
-177751
-557033
234574
-353200
-321908
-414235
-491982
655013
-803209
-138304
569752
-152008
82008
452075
287102
-835834
-59913
-806208
811785
-247337
-356262
538237
492619
29818
-289668
66216
904802
171696
361509
2657
332086
-816243
445625
-433340
-169442
-876284
152425
338576
778730
349217
-799729
348481
-802791
282280
-199444
484311
446447
740643
678104
258231
-506695
-678158
-203532
985924
351661
506801
52139
256462
-321504
-586352
-740881
-989418
-402595
704744
-422758
427963
828461
729667
-233461
607190
78884
-33189
-44329
276093
-750910
756227
-239596
695537
496870
-561493
-46232
990175
-239650
750237
976099
-887990
257037
28238
368472
935534
441886
627592
946116
-960709
332335
-476643
467255
160795
-746976
-766206
-232016
331908
200605
723656
-391999
449696
479882
368406
145233
-23249
806914
-901000
-33074
-432737
849238
-56975
-320727
106274
971264
-952255
41807
413150
675337
-12078
452441
7672
511280
-80304
-831533
764304
153490
-63549
96212
-645905
-339893
704214
803792
-860012
72619
-50976
116740
-120468
48025
-916334
446796
-102738
26691
-873931
-996465
-2045
-826186
45343
-588896
849152
-966735
863546
-143177
544545
-216759
25290
308849
936732
961742
-594940
-709173
-378152
-890726
-905382
-238163
181893
43642
878578
-938575
-908334
962244
508221
-11071
-11065
634290
-7536
986890
808105
-962193
-602007
657256
-928928
-738462
-485921
615618
44780
539370
-75534
-18488
501111
329527
272339
-877041
438801
366957
-115203
-379307
-589401
-236626
-317882
-497734
-274382
-809661
491195
714554
824629
-516341
701443
632733
-478534
-900564
289989
-407461
-639025
804068
-791844
405755
343437
132623
-612733
-155452
-537851
659606
-32492
900950
26563
852306
-478357
437163
-384320
203762
939429
341298
394101
430623
55852
218730
914283
-242706
-148537
-564252
-143269
-858549
28287
217706
945520
236444
-376539
288957
-630934
10729
-866496
-168785
-329666
101013
-267835
696898
-46682
253809
134061
568999
-542429
73489
-89704
851672
-495888
966149
70402
-581606
-276557
921865
-145857
580174
-936684
882431
-202120
-991165
118874
421342
297792
487941
-567930
431297
-680844
102405
-467690
51321
-200697
485628
-694870
933364
54626
-237299
6852
964923
-385627
510965
931072
684775
929360
-345486
606640
-216497
-765313
669956
-334067
32568
678792
784808
-546091
-23417
272748
-114020
-592120
591904
988386
-59810
-356775
-212312
-574182
-51645
-278949
480445
711057
727904
445368
-674571
238869
376439
-989796
168228
-969048
616844
951731
-734360
286800
-382336
298208
-34409
-597529
752118
942175
675219
-361902
-649946
267123
-373517
290245
910348
414171
716063
-141297
-864778
196507
-430241
863126
-358125
-104811
101995
-981687
-94607
-729778
-950734
-477764
-778047
-685094
809036
-160383
613115
-225373
242089
365232
-283199
-82693
-996670
66856
-815570
-370187
-642900
-905222
-956017
-926837
-46519
-820795
269671
523241
-957669
911546
-581571
144326
929859
323823
414549
979125
846059
636503
-705969
655095
-523881
907146
-570279
718208
272378
146523
-364485
275708
-786622
-180055
905521
-429522
-85277
949505
-356359
868205
-871290
913312
391446
-828958
824858
809876
315369
754716
133698
-270083
733841
-20243
-633581
-972129
-365148
-157461
935018
64574
-439253
207395
-788904
196262
-516897
-575525
-983793
-611377
-5046
-69069
-661872
638595
-200864
-533161
551907
-809419
-362119
376765
-999543
953250
131481
134155
-316833
-134679
-886088
49586
-106807
-251236
892126
-171789
813338
-547128
-964395
-975566
649135
-481292
-551091
665342
-92668
443863
-403727
245461
82458
395410
712300
-365635
585991
-649820
-988871
586449
-696570
142610
-279397
-13403
-992069
-165484
-963818
-98875
583280
928308
729336
396618
-618820
764942
421052
-969686
-716350
869961
695657
190983
313824
-708070
-563557
-603719
687340
-851257
30647
273331
-501077
41777
-140221
-197647
-815614
580383
788951
-807682
-585102
825134
93444
998178
753441
-177221
394795
-865379
-412279
-184153
-835065
-128628
-314192
860593
-937646
999632
-847478
-501202
-604087
839862
-352459
426560
113192
146465
-531664
972971
948819
-347277
553353
737769
-154958
968251
562902
938486
966429
316343
-238735
361223
450964
348987
-822930
615900
-779642
-137122
476492
-717287
-137491
629014
-218489
258423
468875
429053
-315018
-417934
-424483
153319
-444963
-475665
806043
-891611
-737897
-348916
-923360
825006
-410431
-956932
141348
350835
404292
-407689
-300179
581363
-791789
-79821
-555760
684703
202892
306750
313716
984404
-434828
-217409
413456
250155
364658
988974
-596527
919695
-486692
-790484
-971916
-224588
-139400
-895275
-399583
450170
-852206
741766
-198996
552087
-665924
500826
133449
-457713
-578996
577689
-773010
623897
-115562
540707
608301
449610
-676703
21756
-300235
687956
10730
103238
607651
524038
312755
635736
-700550
-826645
740461
-100132
623525
888255
-358367
-575471
440342
-24290
925355
-426210
517998
-653641
-848522
744988
970257
35917
285694
578557
-514473
608992
-399687
185292
296947
611043
-711470
-95403
135081
601285
-459668
434531
774640
-719207
-665602
398165
-830952
-23968
822695
609390
951742
748049
-816820
469740
-905592
-665341
214727
-935335
370576
-499579
643222
856104
-890587
-756466
41395
406360
854578
329925
-689043
-10342
-68790
-148710
-575811
-294150
132084
-241412
-895986
301132
734620
926709
-89478
686362
674758
93702
156101
769167
428361
-629172
833832
-201063
-128751
477054
-344960
-19337
720589
696435
-612978
575166
26360
-302020
-435177
957571
549271
-10987
-336580
-318646
747601
-232565
982486
482221
-305856
-106992
168582
-631098
986710
-675318
-861932
415070
-304489
971901
-785994
566760
448954
-130953
-452578
169542
-434518
-65555
-255292
591842
632426
309532
549413
181696
-701456
-787167
863050
-953856
-19732
845536
528365
674413
-261457
-303053
-956686
-274747
21630
-818617
-859678
717141
-846717
-645671
283900
602238
223377
831323
-228221
788859
-234232
516488
380701
-601807
-173981
-69887
579890
124563
142946
442940
170708
-876786
288476
-300927
797627
-972982
396020
840942
-247729
-582351
-977676
-107406
-865211
-824393
246924
418690
777846
-529700
250013
-450375
-740842
-984220
-933888
639859
-586026
-107869
-430028
993865
-983306
712919
436804
187402
836133
-274721
886476
633760
-247702
282495
474701
504570
700145
497025
-602836
834934
672633
644088
253624
450478
-885612
-496364
-999898
-626454
-480583
-933785
-986595
-66608
-41654
-416623
-72743
-24959
-703704
-635940
-837558
-867572
89340
-951083
766189
841639
331413
240889
346209
31557
-262086
743373
-133509
-589454
387460
-879886
861025
501849
-376249
861128
875395
143169
927343
888801
-923440
-114311
-527822
3817
860730
-231526
367878
-976828
-99097
-542782
-927910
-332909
-701143
403503
907980
645066
-564940
-354107
388438
301551
56440
-224102
421666
-82535
-722254
-954583
-221408
-846859
188586
-294065
-958058
265147
591624
-485880
-731036
452354
282594
636843
475526
-816503
-905940
547617
-149412
-607082
-48880
-241433
-962017
386180
404461
426421
-312269
-539099
-797681
-890604
378366
-519935
-845186
-843042
-366793
343400
-137107
-324851
-391453
-545483
189269
-122489
906871
-528137
-485646
382397
-344640
-391585
-69986
505948
1333
881134
-735485
39316
267313
668977
-534263
955044
-870123
-331944
-935560
508244
148121
-780746
665202
781328
562654
-471905
-543524
-828799
-17388
645746
48712
-110517
-882392
563067
-728120
-227031
-828519
201894
-721083
172814
83027
-456567
-787871
-649661
-787591
-322134
-694618
-657713
345922
-630177
850532
-505957
-410923
515733
-724629
-848269
-956173
-268152
-677068
26440
-622407
371645
915923
-504798
-65289
-812198
268171
106192
389696
547088
-720995
-527278
-909479
-508865
-176938
-697069
169002
128444
-354781
-485076
498268
-504250
8967
-912656
-988517
284339
-760925
-944689
-983814
-437992
81751
-606221
933653
-2326
-111019
-131637
185476
-842848
974556
-424828
704241
-746439
47894
794762
-255304
870956
-902308
913699
-600
-257089
-571378
-502333
238662
437590
-414988
250145
-278072
-175912
305457
-261886
386096
-612793
131893
319748
384881
-979126
-811889
-429643
-821974
-837334
145529
882267
-583772
-806577
677028
160924
-935621
774721
74622
63780
-482368
503245
561448
756294
-59166
-853541
6439
662762
-29453
-688105
-599124
-643357
-300897
532770
676392
-916016
553644
864503
-345659
731671
-972831
799871
613937
-556603
993295
290965
604322
-942326
65686
-321056
121454
583318
-817812
-317099
339612
123022
-170639
-653949
-214216
799909
-342054
186660
-843449
357050
-280571
832943
441034
-726927
697446
-904625
-995257
724615
895247
618680
-831988
888542
-90355
772334
946216
975331
-548723
67669
558649
-366535
750571
-101740
756488
-420068
244311
-457728
-620160
902258
728932
-463608
259307
-551639
-630665
-299659
-278566
-933219
-204283
-273823
791397
-309037
-655143
959409
-420496
254503
731743
-474280
229834
-816981
593389
-211518
-183515
343960
686742
-427027
923892
-68947
115245
-696268
-166689
-155823
-159875
-907382
292538
209461
-207041
-986029
276242
588677
-259851
67639
-720361
85007
27047
-140856
-660490
-241211
384864
569344
-58191
-21747
-642175
758295
-677787
-955433
-668733
-753895
-24379
446512
-450162
808932
-709312
389963
901550
583227
-400576
-305491
597199
875667
-716815
-662652
-56695
-437175
422355
970353
421969
761865
-270858
-193167
331209
670951
785087
689034
429246
-892700
733601
760513
-646595
-290779
207025
-96757
-481847
497714
-706794
-580298
80940
-107370
114211
-321861
-231704
397397
15487
711602
960222
-562158
681954
382190
-800293
-588905
-810977
530916
-917954
974111
219949
511292
-918590
-46450
271804
-565185
662772
-521171
338059
-819076
976544
631265
-399373
57483
-476106
714839
735623
292191
112235
-248891
3792
72456
188952
-314254
-545354
388659
96841
-356330
-80426
178888
-382220
-860477
-309821
-300809
93074
961984
134007
-244155
-559188
-527935
-63230
-582645
-896671
537398
474839
-372776
252236
210462
919416
-635530
961571
-76792
436927
150522
608954
891573
-460819
-294205
-464757
458756
884683
153024
598279
-425138
852215
-308647
-463155
-13779
447198
-22342
458287
-616032
395013
561617
921366
-130148
-811160
173601
-919687
-891744
538072
-958116
31465
-25001
192407
-359581
-133429
731588
346215
401815
190343
230897
-445162
-211378
805760
-592948
479976
-657396
393274
-72827
320262
-148440
311142
-284725
-586824
232507
585127
-397983
-593892
665441
-289726
944181
707325
741739
-80821
-100268
-617843
785751
-368681
728372
187565
821663
-40731
742403
-389715
-234972
-850545
-909740
107633
542729
17434
-572106
-605711
-671424
143169
-192535
561083
-271704
409483
967192
-606263
-880244
911373
-898939
861496
-169449
793
-756347
-383698
632113
972026
803867
453776
-68706
546270
-935939
696323
695725
-845679
-196045
238454
171756
231850
632743
500332
-624981
-559792
61415
103315
849692
28607
497052
969449
-60021
598114
830944
770531
-401093
-925404
-613168
-768980
-953379
-809301
684796
-22084
736969
748857
-325761
432694
903179
478194
-328852
74934
-289956
-696109
-424735
85063
-255901
636681
-811622
-406210
-334713
685431
-436762
605266
283545
-605818
375796
882452
-531221
762629
-886529
-484600
953328
798268
493317
690297
547125
-832445
122991
450303
645750
794139
-474764
-644207
-901971
100502
440857
-157871
-262817
629235
435920
402470
314665
999159
7735
-401791
-606660
-616469
-519339
-137881
-853841
-405867
377520
-900513
-607600
-129164
789784
939525
38392
-87226
389828
-315859
-293087
915064
39935
-195058
15566
-519209
647071
752749
-889974
82991
155219
424692
82149
-837046
-977099
475489
-453514
-496438
-662392
-307355
97696
715128
-207867
490096
-414036
-418083
429621
624356
494692
-180552
-691503
-798396
-265488
348433
6547
750079
829225
-346382
502828
939251
736609
-341954
363942
-181243
-178999
386843
-705754
367487
890406
-368146
-939868
-11899
-653019
-147735
-521803
-67054
434182
907819
-442698
-71127
-272734
-134201
130478
461779
-785768
-862976
211858
-956544
-209357
-285315
982707
-472749
372732
346649
346009
-806268
-266508
640255
561219
-376102
-727892
621351
611999
-380910
-526384
-909804
552036
907799
998015
-890663
-163328
-274720
-24863
967150
-812941
189369
-895826
398917
232826
-105183
-886398
215532
422069
486335
-437819
-231923
680067
295673
-591669
241286
919572
-319560
-137363
531570
299530
336254
621766
-148434
244052
619780
-39097
-919277
-654940
936041
-952128
-467880
125410
-847953
931038
-641765
46865
-955361
573767
-531067
530974
-864052
237011
211041
431622
645343
-547673
351193
-674218
314964
-117237
625313
-348783
-495472
-523122
895270
-875692
437782
975993
-530631
373822
-976135
1489
-500769
-824088
-67473
-142534
222778
-22834
-568767
691711
-491860
-432818
-71278
719182
998804
-425936
-828492
349996
-100154
486473
-767242
-474842
-862310
-262713
2037
-967041
-138404
-560182
-991049
330965
813641
-967183
-667546
-687129
-791270
264981
170338
431508
-757853
601572
123219
-249712
-831247
-948060
-530531
-832444
-373996
-359023
517553
525851
-872551
750312
-948991
-734861
-512401
53046
-701901
349195
492865
-692950
-319840
306505
-660132
12614
619377
-451402
-722405
-210286
980107
-480257
-608714
103325
270032
-439961
155265
739501
-272404
781270
-619522
-754852
307120
-492072
995461
358129
-226932
-516941
-588825
71167
832254
904040
378218
-487587
210545
718086
525028
-170079
-733316
802624
619635
-753210
-677633
-989080
350115
592399
-429040
-494620
331900
298556
-713351
712378
543705
593770
-779694
539165
-48102
-6626
-977776
363074
-935459
854478
267114
442760
-633109
-522342
160845
891920
307579
427530
694543
-72786
674320
-983090
-61865
24435
609309
509095
529816
-58791
-192350
816465
-346413
-648645
410234
-126107
890520
-637868
867268
912744
725207
931809
767222
-7680
374569
-865887
469978
-464587
-973968
-222444
962944
720576
704771
637264
737486
-357095
-338301
346795
-848001
-808486
-711996
-40350
-992022
-58409
311005
418213
815484
201525
780346
682752
114269
505552
614561
-118509
-502129
-10871
15604
967849
524543
41637
-254595
487486
-237788
-549824
124750
-500302
93081
786449
846494
245081
977963
-865503
-795270
985942
76088
515736
404154
-108428
-282739
184499
-425676
831531
-309949
-811116
-286979
187922
178014
728626
155771
-297444
-229737
901177
-809958
532476
-648648
314792
-967827
444433
101240
878668
-310487
79202
-986835
-105756
65144
89253
-590020
-530702
980826
127241
653798
-444851
-41228
-656152
-255966
671794
531770
922048
400420
-312459
-375396
-829318
-411283
-185354
703158
-59931
-870563
735332
-615498
230677
613999
74015
-690121
627164
968260
375024
-283583
-621761
844322
-302757
505481
498119
252393
-535748
841967
996428
-863954
373737
918475
536466
-938723
-456922
707148
-350006
357724
410306
590064
487162
145637
974566
-282161
-240364
48581
27719
-613200
16840
-597258
103218
395080
-752936
800461
-99439
745183
52854
364813
587150
49281
500860
-39114
-32244
37325
22164
510834
-255528
672158
-131442
-845222
262221
-644280
300415
236787
73559
-939949
-714633
-898723
-553149
302207
-495980
550069
-302713
-248916
350530
597848
-503733
-596616
-37339
-916584
452665
-536480
44303
-579579
500845
-933534
931256
-754683
738625
-200187
-599905
846
155534
700511
-762368
-770908
760562
-477001
-669630
-792587
825207
-165609
757483
-477507
585475
108012
-879659
-918259
511397
83002
-834842
-35938
546523
209462
384483
47367
275928
315738
292685
14553
-884449
692781
-984602
271085
393292
-746970
500178
153853
-223970
830548
361267
-398764
-335062
118749
123730
-749587
-773239
244072
-667845
738158
-672926
-502686
-297781
873597
706776
-913299
-79036
-17296
402439
-786352
997257
517991
906430
-987346
-210925
299721
-734315
-710748
-546426
41715
-880200
814841
642952
-215261
-66411
-233318
35153
160350
-989247
367308
-101492
-662173
864622
600727
-788577
571398
687429
132387
-445899
89868
346036
-448643
-392142
252466
-435989
396934
-447813
-170303
686187
5761
871412
805987
-179398
514364
-409274
754192
-718955
625879
-85458
-708201
-6814
813050
-370373
-142192
413777
-158950
-570795
101205
973438
-16693
-808928
319474
534664
-201070
-428060
-901325
-804136
124127
-71628
882051
-870113
-200217
688037
-49510
-685854
-721237
-295319
-404808
904642
619223
-113009
-102172
432273
516618
755637
-153951
-642332
-815158
947254
-668894
168149
-861674
650581
-297187
-62743
-777480
-198512
133121
346647
729861
15171
476535
-470356
-296792
-572976
-156209
-18029
131705
438983
-113387
-249072
-674026
784442
-816800
842592
540078
29250
-799740
724921
-23496
-468633
-106931
114830
-818053
595882
-947913
-595533
-602630
185208
751115
-872770
-799621
227649
-343126
-96412
654673
500665
885560
-213622
-60352
-227827
537306
265622
-443386
720507
108214
-903308
-250244
308475
821613
726261
839842
-285319
-158910
-978212
-689437
-106822
-573744
-292066
-921614
-822630
-164836
-721235
405020
492039
182354
59692
-7296
67913
846071
932352
840086
383377
197974
-603300
103884
-693813
-506608
853641
614662
-684996
579901
454504
29686
-579009
476292
340249
314169
902549
-951817
392555
-920082
-116653
671321
484939
-624614
-146326
-455370
368091
921588
-609299
300442
761674
774078
-501584
-841627
-122039
-195396
-348235
-268398
-580734
-33231
-688498
873770
996455
-267507
350062
336704
-953339
252610
384887
439216
332529
-731766
110536
-182533
-356379
964211
362098
-988289
885798
752799
312154
647471
526877
810570
805844
-595162
-384826
-542391
136440
34440
424379
447942
-91791
420834
-819566
-741730
-242463
-772904
510881
-857576
666313
-156591
-589341
-223152
660876
54281
-258941
22974
65992
-373144
-224228
-621854
-725673
-697351
-811285
-919830
-292513
-196110
-462220
843927
838330
962159
291869
-253461
382992
472303
4809
-859471
699400
-484310
-717046
365712
359099
-306386
-857440
19975
747895
-116381
-957052
-186114
510475
-181279
192032
784803
121370
380748
864973
828857
-815363
-597247
672784
-977033
-635089
-35348
-230494
747904
-563045
774316
888433
-863646
-709995
-828613
502066
649105
-134999
644626
-330920
-387105
-471755
-287972
426781
-961281
530750
-381187
823523
-347880
999562
688495
-519024
-815801
-908752
-846240
-792834
-543841
118412
-23328
-795937
555367
-249013
-907505
691722
40993
-736117
193787
-309903
128884
-161587
359177
741779
366658
-928795
168560
405378
601955
787374
228900
-745926
786935
-82605
-264949
971134
8643
-111188
-821701
464803
-992777
154972
668866
562591
905959
761362
254312
-53049
-974756
-551901
637049
154128
286513
-3775
-104093
-346830
67431
-935533
-941452
-330615
851841
287448
-76540
638775
-795157
658512
609909
213486
-452677
788208
-321711
-445453
-56820
-652845
-882862
-150862
-891484
371450
796090
-866239
819550
433139
287890
106062
-570637
-816204
759233
496795
-751737
817781
-833821
-899896
105229
89640
738879
310072
-251848
348788
-476442
295475
136996
201848
850023
-919825
549003
967161
-70686
657519
338611
-274597
791281
158160
-841458
79170
-735778
-412094
262967
-976545
-915300
511230
841237
-749120
611334
-53535
340520
350213
-743463
-911329
-301000
-219904
384147
835997
981944
234169
916172
530947
201329
-154515
188466
-460061
570889
-20254
698100
729431
-941085
962323
-682664
321882
985778
-597964
-166888
827014
-347083
-555554
-226521
993437
794660
30016
-917892
-506340
810112
466256
-670344
792056
-299576
-754173
323002
901754
91312
-488533
-558307
-337799
491213
-860207
-608369
550129
-897885
-291032
-127990
-912108
111005
705123
914907
763922
-850432
-311615
757359
944229
718402
839467
-562112
528514
305723
-232456
320570
-993854
13372
-356429
907901
-895316
155039
-650407
-233115
-353748
-510614
158517
-803620
-408498
867485
68391
-320605
-21510
-226487
-405699
-257589
-76918
282687
-500231
-132689
1089
-660764
305199
-470398
644959
-927257
850172
651106
86115
-506257
559007
190800
648782
908601
957685
-704967
-602013
116202
-508586
-10511
-16314
559805
668884
962176
