140453
796259
-668221
775913
-276785
869114
-504124
-745139
-285631
797987
267940
601659
116718
180554
749401
-729991
345820
-91377
-37516
-434410
-974448
491342
286539
832329
25621
-23552
-780775
-769987
803758
761196
74569
-55789
557454
406349
-279877
-719331
275462
215999
-464469
989832
13985
803472
591491
-869298
-15975
340891
-599288
-670155
-750486
363196
-104565
-724934
-145462
-818026
-892606
880159
158423
-673380
-889829
-37820
-912185
184740
906391
645269
-408912
-373487
925939
866551
842513
-538531
856382
-143503
-735060
447873
-12800
248966
-211237
387913
578811
38277
-248892
-525754
313344
605646
-343780
420739
485804
814643
747359
595976
-223177
835174
-219285
-316787
480443
371804
309727
406381
238354
152239
867850
94736
-991264
-867210
-457391
-4063
381756
331372
-616151
-39434
-630351
134958
434812
682993
-259397
-908968
103731
-773593
905675
-148910
822383
-317502
-313737
-396902
365711
-833295
974902
-324562
573086
213256
827677
440936
-692008
836414
573726
-149399
-167649
-44518
-818027
216200
916048
-448377
-648843
350859
-765385
91761
441891
338347
318168
347566
-810564
140551
-969937
-124300
743649
395775
42406
718551
-928788
-384508
-68193
898890
-943573
239800
735304
630154
-909599
-432346
-414365
-727626
783855
-498318
-176003
-864989
852542
58613
226773
294433
-603040
-455059
-358001
-413603
685492
-327938
462097
429141
-932163
-495498
147692
-860950
119994
-920501
-962060
176422
319299
773244
-193424
409700
-659103
392211
682075
-875249
893894
-493929
-740237
746435
564685
486537
40868
961645
-968523
682867
-451959
716970
-645071
-989862
146110
-577234
-485360
-706198
-438183
634635
-626699
-400243
-188943
692601
-627000
617633
102300
-286102
9844
-215625
-161350
-96263
290446
98414
-349828
-144869
-415050
691040
-183225
-383572
373907
364817
-666603
728836
374955
479508
-848398
889596
773311
-286581
524231
-853389
313176
-664713
839213
686177
952921
-58487
-599926
-37236
725888
238725
866502
16334
-662862
-483327
871465
-77911
-792287
-311761
538518
581620
-946944
871915
310456
428011
351423
462058
317606
124733
-824524
-158163
271345
488652
177124
110557
174829
130045
-947931
574903
-907192
777958
-186372
959310
-205709
150767
-524017
-334245
-927145
-316304
353994
611374
-734684
407050
483288
575772
-164939
-165289
37829
-847333
959445
213306
-5496
230790
-298043
-828372
-658654
876787
301673
-606584
451690
394481
-828627
-734683
353791
-34336
416084
829774
631419
488940
-486530
-14587
100313
-221214
-607537
-416399
-645442
227525
418312
392387
380192
377757
-394308
-625305
-391454
307650
-453676
-50107
184436
847997
343309
-363874
242478
514683
-98557
-403732
-519653
-682474
-573958
-888235
806467
-60488
97179
-93221
718298
489643
490380
-927145
-282833
-91308
465243
-902642
-713551
-929065
-527946
-105005
378586
18378
844888
-436978
-133625
188197
199148
-891148
-297120
-899410
-294879
183227
-581883
131163
294993
-775417
-929326
-607829
131363
788973
881815
-378257
861829
-401019
530435
327071
-303660
816885
398007
168394
-288121
-223408
-813228
-443233
339614
53147
744964
-461239
162000
-552156
-360649
867121
631071
57469
-1717
-73937
282053
68957
318235
-586585
-142070
200049
35158
-280242
799031
-434407
-953171
-504630
-617523
444836
663765
94357
-778573
850538
651124
561042
-96315
396088
-900198
-934316
843932
-260846
932805
475002
796624
-68912
-598935
78676
-999955
719300
492091
-142025
-80652
-472752
577733
-281621
92842
624563
213749
475319
69398
-122486
-430325
290826
-271949
-779201
-148133
631736
616887
-48330
697421
460819
690825
630225
-64180
487448
-438687
336885
-433877
-438642
56185
-941787
419333
975534
-414538
-2934
-306088
678305
-378372
907661
153623
691027
-214825
723299
-18147
513226
944099
833720
144962
560986
-214610
-157618
21804
-523786
-527394
957625
963663
33920
294510
-470215
595278
-649306
-412001
14611
-673773
173462
-988323
20139
-148234
-366694
-72200
-994611
-675667
712975
728689
306186
226200
672787
139906
-628839
233772
925296
213544
-744424
-598490
686151
-786800
-634828
-279930
507710
-105043
-684653
858404
482957
329959
-815369
-343582
341637
204770
508185
974943
-867431
513574
-700725
845545
242263
605461
71745
-84951
-254634
442907
-851179
-329338
-343550
-595603
72172
-657400
-382402
437344
62670
-874693
-667699
378018
983712
815258
-292023
-831658
-528324
-950387
373113
979861
-975445
505683
493435
-676169
351227
-264303
929293
-577029
650747
-325341
865878
799569
345322
-477672
-796034
-582507
-135072
-178436
854838
927598
-53129
-812861
305616
-69417
-997603
-986408
98925
-525927
-936795
-527963
-546066
-912239
977721
947370
-588407
328947
-316934
-659114
751919
-666187
15545
617797
-866619
-639134
-859876
-662653
-221640
5052
158911
-366802
-67350
-894218
-179663
-761734
36365
-177266
-748142
-864710
296808
-684936
-392672
750743
-597174
-414952
698112
-185581
913996
-618822
155306
665915
-285009
-829150
283711
-151627
-468283
423835
185720
310077
-571113
-655369
943276
361537
-549586
-236388
599803
486780
586347
851662
622071
-116845
-833274
-770602
-366103
-430448
-185553
-667991
383972
-271558
-286813
-460723
-605644
428178
-289872
678068
-723450
241846
101902
462271
-448077
530790
806903
-504802
-107673
-742684
258810
-507870
744097
-154843
-656209
366167
728312
-489483
595565
-637791
80070
-589988
-305782
-535958
138455
407405
3319
532812
-164417
713448
210879
112133
-44707
-687219
-425596
507216
843571
-618694
-997587
-264103
-361377
261224
228027
-617281
-893619
571819
748887
834694
-917664
344452
-803098
162406
754464
-108879
626448
-107082
-701474
-370233
-574271
134109
-656785
636609
-753758
298508
949390
-179354
-194276
792961
201952
-191862
-471143
840576
-930638
756885
-776705
-824257
328703
972182
-989564
411039
316633
-792661
-426555
71097
98461
-800107
964015
396987
-170339
-610256
-468905
172876
-973647
-222662
-528616
975743
597984
277109
768703
-200064
-914754
-702440
-359488
-845391
-945556
-136193
-669648
383148
-164012
-659211
-205813
-847379
-451871
367632
223718
646590
567526
187733
43577
-602813
577478
574673
570064
603831
-647990
-958553
579574
949995
318557
348276
-250070
403804
645837
390442
558413
700282
-745751
888766
83429
90237
-770446
877617
242859
-222316
245249
-533424
-575726
-187226
654309
467851
209961
231787
42523
-219975
-164383
394534
-178528
-584810
344528
-859971
763467
-905542
543833
409304
484900
102245
109585
739149
-8990
-806986
-170614
220565
-929370
-927756
998249
315879
-461179
-577478
-871347
-806870
890374
338614
424917
-67104
-881362
-739466
-672570
-59889
-324276
671958
80141
-560809
766416
-376027
848495
251316
726219
-41921
-9535
-282772
151094
819851
937794
221724
892096
936042
-462398
-569083
-641436
-333745
-375953
-751063
-995131
-951037
181834
-876492
-690503
509264
63620
-14778
181222
-856240
424413
-52363
-232267
272908
-801047
-506048
-769013
189418
211180
382081
9269
148973
-396196
-98635
85015
141406
332282
443580
807662
956329
692518
812532
-994708
-125649
936040
-685210
-616385
-340
300013
564838
143420
-275575
-487526
911154
997334
-288572
-594895
-771680
900846
616286
610401
-89885
-234741
-785796
811480
850275
355611
143761
293854
163273
100090
-13629
-24196
105383
860723
-88156
420173
-755662
911504
-279815
809176
54923
444611
-678350
-33923
441945
33078
371182
670265
-66076
-12532
280665
844039
752727
494870
655519
603001
-149519
-200720
-103145
-986246
899370
883227
-10442
4753
743949
901402
-575075
988288
812906
145111
797463
-132172
-410278
-880887
833906
-968334
152191
205088
701932
-913886
-807445
-17404
930154
945283
-522534
585672
548284
327948
-615049
-554862
341702
-715679
-671635
-668741
289074
-927686
-767339
714000
-939399
-954434
-140889
858065
-86605
448833
977178
-252699
480500
129368
952389
182431
215483
-855056
-834973
145637
-909774
-357507
-268691
638510
970442
116260
-916352
312143
400582
-587987
643403
-310345
-515673
876064
-596346
-455071
921631
262765
-597007
-164974
-288402
-619830
582327
-807903
509539
534716
374529
-274978
679660
539556
870660
769886
-817951
-398032
408396
-847510
718228
492045
464633
118809
904059
108036
808465
-611614
-15901
-787881
-66685
-94270
474884
336308
740757
-813518
716479
323084
-621420
226018
-142201
753109
951041
-462542
292665
821700
-692656
474714
-576333
715741
627204
-858105
207785
91837
260704
111843
-800128
69169
500229
183972
281288
-566456
-910298
-243828
769852
830459
-57346
486331
153543
321235
-287651
-988659
74343
-336611
-451200
-632993
-514912
-143856
841722
-91245
-428116
468925
50650
779669
-439238
-688646
-108488
-239365
380524
-608260
944607
-338189
-174715
-965691
417983
-404864
864769
-639363
-918533
18311
681872
-206184
29652
-243786
457205
578452
123222
942294
-565404
-35057
-148952
6480
-566132
901699
-213851
-5370
-786947
677662
755266
593577
-930598
699872
-744612
-105313
734182
673371
489824
598950
-965992
571291
-382740
715880
-634893
646913
-527906
822313
225364
595316
764606
659961
-439741
-384346
-333559
-5873
-482648
452591
988758
-269594
130252
744024
-676017
199654
443896
-420629
-905659
178077
-747259
584165
-222974
-713251
155456
394287
-997371
520563
41199
-525277
342875
-733437
-929961
107480
926524
-369701
723134
-407035
624427
-759514
-954445
613184
-29107
175807
357207
294876
-624539
-198898
874247
-530198
979180
-873012
-946033
-243795
-586262
209423
-849509
-583633
-270014
191691
-108909
-927140
458254
-38869
180341
384778
591430
-96525
977743
215856
143962
-976703
-170960
-885146
199105
-813753
409730
574567
-12650
283976
-955631
-33471
410965
-901664
722735
824703
307760
873226
-758930
-962255
64917
132161
-889394
-476830
-906709
290947
907948
684722
-805578
885691
-99423
338384
908988
729617
453238
108093
915864
-137033
-317341
-96787
-853057
-272971
869742
557908
-174635
592476
382611
-866876
465702
623681
-829130
-469382
-244158
-718524
53789
-150866
572423
-38263
-466145
766846
-152573
434432
105229
-243585
164048
-441534
864509
79912
421434
-452832
983125
568377
274197
852867
126285
-900438
445342
-491105
-767313
-88956
-867424
-596443
441663
-111582
-314967
-504548
737553
-742544
457189
-728593
-975699
-695384
705839
129530
61032
-130113
687997
-74459
949799
109430
472709
932924
-322193
-253095
785790
804092
-153533
231132
-687013
79154
-857825
-554436
482712
583839
333983
-832256
-920710
71535
-574799
536480
342942
-550497
841097
48781
579034
-97871
918668
267030
827670
868467
-623540
300378
801390
54267
-952717
587179
-141641
-106249
-181690
171346
972906
-39514
616911
455617
-455676
-49107
623362
-376386
-977573
-951438
-839906
365369
-501934
-998810
-585850
-922901
-96681
-667183
344130
-269012
-798717
720590
-968634
-997328
-225144
-921351
589852
633215
-27600
-591839
-195439
-54695
368647
-578529
-599079
912971
372364
-975717
-463415
394792
-927154
-303321
-239839
-429088
-302131
174311
-351988
601188
507128
992142
-667824
708412
712731
-636458
711085
-512413
-557808
300936
-879199
414592
709097
-74638
-640103
77744
346834
-239181
-9286
-280803
-214898
527299
-886011
-142052
-776022
-125850
428861
-78153
-951540
-923128
-476965
555589
-930987
-144788
264000
781744
218754
-24916
-730670
660946
-723980
-609868
75538
985117
315495
435436
62860
-337672
-803745
-946426
381526
-18642
580874
495515
839306
804852
-630336
268166
-273301
-581875
345039
249735
973714
414052
-895054
237713
195796
323700
-787203
465127
-15354
-511183
855259
-939816
-526066
170754
495621
536795
833083
691876
590370
214608
-326767
171244
-289877
-487461
-23905
79788
780706
702795
497913
125744
-47471
471626
-460204
57475
-290661
735592
-618825
-77863
200718
365822
410955
55977
426007
884890
-773269
-78373
421684
-940187
-386497
12054
274422
286736
-816703
984545
799276
159393
64333
579981
-137813
-437755
-294275
814716
-966129
245521
-127809
-256789
-18888
253366
665348
-818170
-380812
76302
237808
-954806
-38809
464539
-33179
-617125
524352
580324
394930
-201227
-132940
578227
-216682
-333665
-262381
847652
-753685
599807
-590103
-47959
414523
-556231
-802439
-713287
186980
178673
540080
-147673
360503
-840733
928630
-401690
-795539
-110179
-937151
171283
272697
587201
-248393
-332374
-614026
618667
-754148
169293
-714999
-16528
16945
-468683
-416722
426842
483358
997802
870611
680919
-715486
57590
-140408
824595
909918
-779905
983862
838548
-181594
-811677
-271631
-118745
359607
-998935
-531545
-888787
-331309
-145570
729880
-85456
-976277
-985119
898017
40668
-453801
-518706
-532491
-970443
-520904
-661880
710477
-236390
395711
-429932
-411795
305629
-209837
-427933
144176
608570
-239610
872545
-510176
-880003
873610
-41720
-768790
-457699
812710
961090
456845
836434
975972
354861
-122899
-477830
836156
344611
-448272
-684749
682732
-737796
78862
78442
-167727
667068
-615930
622437
-760866
528247
231006
-475
400791
720830
119522
274401
-320891
350732
816703
-508181
311822
273547
-671747
287793
-371592
205354
809964
-535436
-450035
-638308
-220184
-767304
-376104
858679
311139
456170
525746
695209
78606
764880
223455
-690389
-235596
-375754
-969559
883926
898648
-290450
234658
715350
201370
-453521
-11103
529623
834273
617306
-265023
644237
-918131
284943
-994072
-138314
517639
-370175
-279636
-171223
-914006
-753891
-476014
164601
-989012
747442
474212
-224607
-628312
504653
-340681
-729665
-785797
893977
985686
415574
-559544
-25417
-54803
-725271
-408112
680174
918966
-326242
-34884
924895
535444
-517245
-445280
-744192
311533
-359285
-498083
835520
805316
-487094
582961
279528
288299
954650
-215819
947618
-775015
-1616
841595
-789330
-586042
-717950
185254
359155
-443221
777143
39329
-524255
-549099
-995555
-599360
986345
-512800
-44640
-757847
798734
596075
-255930
634253
401391
256976
217214
-319082
-454725
171864
465099
-507107
396849
-536517
-665513
607520
-122559
-383462
-207227
-763404
173318
-430084
275925
649063
20817
280370
-950297
7162
767571
5064
249315
566304
-398862
993385
200557
-997472
250361
-582229
-316553
795636
589635
-851455
-711472
-13517
-387972
-376984
-405998
489469
239554
386776
726065
-587128
956692
1989
-938066
-22491
-717641
-888362
984671
-950071
116702
233985
616234
717841
227370
-183210
720370
-522270
234561
-596184
-726634
-175804
-447639
-438105
810679
164389
184912
-595319
-346142
-575534
791458
-620078
-162662
748150
381912
-100727
-274342
664271
10911
-289672
714201
-872388
944314
330434
845453
171683
-852777
565823
649414
381785
969639
922780
-794020
-478001
-515325
-983341
686389
669587
-578660
-659754
-905948
-787202
-279832
-68610
960948
-897920
830663
-313395
766351
-158426
396933
480551
-30814
341247
-189016
-185361
-487071
-41792
-619539
-837658
-660008
-649901
-914878
-454027
-127901
-430202
-437368
-441513
-760616
-16027
-101267
-666563
196771
618902
264828
157719
720982
95491
844324
487333
937065
241257
-32116
-93749
-417497
778869
720891
95432
-262924
-898649
257775
77069
-548549
342898
623043
323551
912696
-814326
882039
-847920
169648
-219228
-514482
-633581
-600327
750346
524138
-879345
-154163
368461
607989
-217098
-390282
-424128
689153
192221
-645260
410044
-712347
91817
511395
545429
-831114
962847
-111674
791929
286398
-198978
977604
168436
-46898
147251
949208
438621
513670
-651119
188966
37808
-530464
-965197
-593732
-922475
-182295
15987
-346603
-493142
-791792
8138
916902
-504139
-900046
428297
-958710
-731159
391144
-70384
-939231
-322459
730639
-961628
845978
-316260
185624
795186
-877640
-300706
-855934
311327
737102
-386397
346131
-856630
-308872
-836164
159357
344525
-329305
367565
-647337
-412404
863427
-547382
-984107
904717
-278541
407038
-165667
-217772
-915421
-435029
-179399
930557
248712
-993775
725742
371073
-294481
869808
-317600
-557380
-516589
-971470
-414009
174539
-807633
745348
-480936
-136938
112913
-128273
450658
-23661
324345
466552
-118944
-954197
-126411
715390
-171968
-41832
-719639
648634
-111275
529073
654859
-385534
-99854
-639623
-515726
582546
-197002
-32315
611077
388989
-857777
803444
134337
-338713
-333495
-752751
533015
-882837
223589
-142641
583716
-895356
-96837
-542695
820035
731195
415473
-899605
379828
-695802
629468
34687
-81336
-470386
395065
402939
-887840
-801938
-629377
723237
587051
-487153
526681
-278612
174135
-806814
-31363
-292851
-689650
-807774
564508
894067
-703129
-532330
-648629
-883095
-801135
766845
-782700
578694
-928958
846769
-386620
-10293
-623618
-991556
-607355
-511458
-793494
-236732
-788221
793558
276116
738461
-485055
-549750
931647
483583
157399
-758003
675809
-278094
-863937
972680
189577
-512566
-910416
388442
-745722
-693115
-32865
-674680
-846347
580516
315028
-469964
588960
707673
18579
795467
-529059
230358
589025
747057
-31182
-896030
-802694
-99535
587553
354705
142462
263362
-923389
278525
236042
266188
765960
325626
-345370
-979763
632512
621765
-654442
786165
202280
660586
-683799
-208760
368258
334780
-413293
839200
-434863
-824269
586256
533956
-720299
783562
-565580
867255
138267
576883
130617
214878
-144593
-633342
-518934
-378634
692285
135696
-358396
324796
-242539
-12838
110961
959742
-352252
427162
-249019
-983994
-238059
337688
855206
327079
513420
441461
-138966
793122
225023
295455
660377
-636711
-127663
-209007
578168
727745
157652
-940767
-650889
-150064
194930
-9285
-825268
952391
977878
285693
912132
-374374
-287145
-336887
-358368
474796
-999199
-503162
-198125
514221
938300
662910
307343
163322
-41636
-32281
526612
830702
758712
104779
558446
-83636
164013
907557
766300
-641058
-101728
941032
-688668
-123851
226725
-776536
501775
939580
-113423
-856593
414376
-112622
-359754
-783749
-598401
-421455
879161
708942
741868
-162475
-323339
268479
-331774
-564627
-626742
-773328
351737
537272
-865771
118036
896215
32501
59068
-792454
908651
-714207
-568989
410426
-774627
317588
553834
639749
-795034
-805921
856000
-393434
-227376
735161
-684492
-485509
-427315
-7831
782971
240911
427542
-843771
467584
-220722
693502
601813
897315
589716
-365686
-43617
797263
-457036
242177
-771727
953391
467550
545862
507224
107299
750829
701303
-36702
-642606
-526073
-301541
-327098
-11581
271144
665072
-228610
-487945
92613
-72381
979639
871892
-378879
581452
769207
-789164
-784235
-274410
-991902
-241271
967767
-763629
-287880
435316
782233
-780657
-457386
533061
920647
505913
890456
-605426
-795629
-436642
382993
475516
-771571
-845617
987571
321043
82002
967210
192935
703124
548661
-37859
913960
764426
687731
922058
-476845
655498
-841571
235275
90813
940662
454619
633428
473723
375266
139340
364178
769840
343712
927537
152833
-180772
-844035
307216
-193202
477008
-610782
-225992
-330058
-907659
-677332
632084
-993699
-912907
319815
928359
-389751
-24688
-913213
845525
-933875
-972551
300144
699553
501173
-324591
-161107
-134649
-554751
-817395
-207113
598083
1833
-51147
-94702
808632
-574140
294517
-417361
95803
386858
-94693
-272113
393159
-7599
-952298
321518
602651
23014
408306
448175
89140
435756
-251682
-211307
-63072
423728
627587
802279
868977
810193
-404834
467059
-187975
544019
-627643
-379343
969880
666874
203296
65683
53732
-891397
793570
-553109
101005
841272
768409
-296345
-135714
176714
-848170
953427
-387531
-99851
-257881
549398
-676124
-630295
351677
-807147
-820103
946843
659913
-8077
490862
-967730
612580
460741
699144
-184124
-473576
-247124
-75520
-680007
199767
-974516
-838735
-31824
-270860
25552
-855110
-119030
-21022
-242640
781120
721098
-693243
-895005
-909198
658434
-702151
-729300
605277
957762
262624
96138
990033
-124796
-443121
689176
691080
83303
-557948
-384440
403297
641819
-358956
564563
-390006
370185
-409886
-245115
-748845
569093
512245
-967726
290190
819003
-862730
380993
477436
-564881
651694
82713
-607119
-85683
-821149
-617087
789521
-264270
-927911
480601
819033
-485859
-903840
222330
-844040
-262795
-213108
-234045
-892610
377007
520840
-641455
-53900
33084
-609180
-763711
-147913
-471909
617283
-670478
-36790
268976
412236
356092
-816707
591087
739006
972815
-673183
811095
453416
-854150
-674764
549577
368180
-518803
-713218
-844928
247152
-605828
532079
-232008
-247282
-521822
801077
143539
-285532
-346837
671630
-668250
-17315
-365160
600727
-605079
990932
784021
986008
729938
756836
-687175
541033
210251
-541325
866269
-240172
826855
-652535
46610
981927
594618
440783
514006
-637391
-806499
992185
-836315
337040
-293348
-183152
8670
38403
799534
643510
-360870
-805546
634442
-576849
-819538
364379
-820014
-506713
-94589
390237
-48037
-228320
-849935
-221182
119145
196675
-239255
-286237
-362542
-725250
76372
-169041
-733066
240057
-832001
-26413
-943095
176669
-988010
856439
-179822
-348880
-949107
-545381
74271
-768644
818999
254258
-275356
-275591
-355505
676607
496089
-205440
-544576
-384766
991235
216169
328997
-371307
490920
-594631
459652
757855
645427
627651
-268558
702332
-195681
-256568
558771
624498
394553
609665
-920883
-531176
841021
898116
723082
-434336
-377475
-632424
-757729
-881386
162136
-302304
-266151
153371
913866
-937154
782064
404785
-531785
241716
162640
-886359
-130633
894082
815974
673686
-362487
374744
298184
-967935
-15592
377301
-499110
-174571
275417
-776029
391094
897942
-408452
633366
-983444
753685
-668939
-249595
-92945
-755074
-186749
-310881
649712
281467
930836
-187649
395109
-199798
-293567
211082
-526112
343946
-414174
772072
376012
570235
149373
876902
-604336
-575211
-899127
786758
-677269
-307579
420123
-660713
-553895
751185
89692
353161
996112
902944
-957720
645823
184410
973116
-541826
-420482
-226682
164607
790601
247206
-491447
-623573
19278
884565
946663
-831350
761467
-657674
-406560
862340
-870916
-83829
-445239
549207
255458
866
300392
-654851
-645974
296503
-751907
-603693
-57675
432503
-630578
400500
-987979
142741
-434894
802623
-610054
73660
-820951
409225
-41775
-874289
577875
-280309
-531963
-828686
-417969
-402879
87485
136792
-853672
-657057
-862342
446720
-311907
-508315
-256778
-63814
-112008
685548
-631311
257415
86047
-619290
-599845
651154
-816668
-209898
-275186
-637619
-800674
683039
-511907
777202
-597270
-43869
948517
-15239
553253
36002
-878447
699581
378945
-740789
146301
-932963
-249104
889524
3224
638888
575071
371913
-103697
-338882
752624
296458
-687728
935956
-913440
37086
-701663
-714114
-279875
-213570
-936912
122855
742562
-988396
-892385
295814
47606
-770832
-4606
-573449
-511620
-858305
-506411
239276
-968782
496813
-121836
606289
-131275
774467
-732593
-378652
70925
-420321
-442696
157485
616766
-144358
443372
-663110
642073
506460
459745
384634
518064
567361
-319553
-434330
796530
675842
-7779
-715091
817537
485810
524186
848755
-17378
-597651
455043
851348
-823184
722451
-527304
247741
-697871
30001
-594774
918896
885643
848598
-744214
527715
355057
715531
-87652
-126879
282892
592796
438791
79421
268637
-568989
364330
86173
916822
-111484
-65073
-100557
290865
-610030
-249209
467682
-887580
223488
-284577
-585450
-746512
120649
-666554
-860869
-30753
-410768
666847
-675697
-695238
-420806
197425
587655
-828010
-363785
-332925
440627
67227
-968595
-473200
-15952
-80079
461728
883492
-789214
851698
-365717
678468
964119
857771
-606110
-621331
-888741
514540
-287885
-749610
-516214
301348
917237
-191910
606110
-503569
-994485
193764
-331579
-358270
860840
-890952
708958
892245
-364151
-306995
-187835
-902424
-423503
22951
949275
210780
-298581
913394
68550
95310
-707938
179809
-390151
4178
430200
93636
-694475
347437
901727
911636
843868
907242
105400
-487711
-451028
-33761
-378662
-742071
-141516
257187
-49065
670650
354763
527432
-306400
304038
-261789
395020
217431
806762
-509671
509493
-13429
100179
-486329
-583230
-806185
-180804
764207
-904459
-269168
608075
-997217
836232
-879637
-448245
-197529
-258298
-190315
660955
998889
760620
331604
353652
288051
-974796
-342311
-973738
420224
875120
833024
910554
384613
-180406
10732
898284
236365
204547
-282520
571
300089
448312
-391354
302872
284543
-270991
854627
-912987
470712
-335688
747969
469600
-575069
79572
-176748
712983
104777
480942
739246
-475000
356061
572269
-564447
-259326
-608137
446286
-361042
628228
-349168
356438
-371201
950921
-195251
237445
253793
-910708
966455
108420
-823694
437166
772732
924275
-93234
-802338
3847
730018
910646
-891377
210959
649891
-366376
-432980
222160
69178
307695
614023
-484537
946653
242251
166296
303090
871050
117217
-892161
108494
-628991
-802868
74948
479430
-626562
-487886
252161
-702287
418880
449824
301560
148898
360469
410184
-640143
10360
-956192
-73123
-767481
112986
-765429
846543
628450
-818776
88793
-205254
484314
-40158
911964
592154
-931665
-717027
789286
143284
762403
-837277
655398
14563
-539564
74277
-535614
761997
-776825
824856
172181
-416968
-164784
215989
509910
67735
-671025
744482
-85722
957426
925706
-996930
-247829
410019
-37088
-335865
2172
31248
-52892
-208543
-825468
-290490
-45819
829930
724073
414618
-95793
-811541
176615
127382
-986685
-651205
710414
-151469
564785
220324
916267
893761
-35195
-169456
851186
-109490
-166386
-396643
-699472
796527
267492
302701
-172226
-785401
-905842
2306
-75891
48339
-167764
-351818
-537043
736444
-163358
639572
-136175
-150043
988367
-425761
698488
553152
794563
614754
446912
-240632
-554703
298098
649878
278912
901456
950407
75438
168947
253108
903213
383547
347266
-94481
-692344
-604395
737755
-44161
-141438
474198
792481
-501866
-661977
-357563
-513499
-87737
-659075
-960348
-293174
955680
486565
466194
-599023
-215337
116071
679889
-313882
66477
-244673
855066
-680416
-341461
238612
666851
564058
546269
-937544
301813
-497893
-78982
-223989
-705412
419153
114035
-62974
905654
-973703
277951
945306
-266876
233631
431871
-800683
634608
-783467
315389
314497
-97348
-618134
-930177
-242283
-298550
-271638
996330
-631699
-707580
542598
-569243
594233
-955295
351776
-629756
-660707
-229072
484279
276319
-323418
510577
-445730
-378113
-756300
787901
-946242
-556983
422508
-729708
758406
-262996
172944
-859729
-193172
930661
-158278
535190
926991
210024
827610
469588
640781
421843
514293
-7443
792087
853586
763486
276366
129905
-559933
-213058
684175
61955
30642
472075
115713
473660
-105417
386006
232065
631588
-441051
372337
-561585
-510390
-785942
973606
-583400
424083
801215
886188
64863
223058
400481
-942580
15145
254067
820906
-708489
-616029
-739028
78453
-931854
322928
-890905
540222
-561360
582755
-565196
824646
-185180
-933609
-616405
-812844
-495193
-126795
-598785
-521588
289806
825298
-720373
175994
-109839
502685
-423526
-52419
-482170
830542
-231513
-190659
-785487
29460
887795
-717341
-647613
996890
822882
-208972
579644
-742315
-384326
-605537
-675923
-731
-418380
-171116
872475
-17165
307297
162280
-191867
586924
-661726
698294
89609
-85251
-354125
607439
-254710
414362
-583220
-40196
-556178
-695426
242463
-203791
-698537
65344
587237
881108
323030
-797089
-724429
647108
202180
-142809
-524008
74655
840027
783289
-763065
-351840
370212
-424791
-653547
-540180
489958
-7671
-932741
-764752
-593309
-515960
195052
-149487
-211386
-562485
646722
90078
502860
233959
-28814
-174110
436870
246757
-527003
-360950
-896052
-51011
713705
943976
-267723
950641
-407865
-897512
-474151
-61411
-437691
-984193
930918
-370431
-748944
-662392
113609
446108
188121
902224
883623
-165157
-7699
386483
-931199
963487
-787628
505672
210244
-314631
-855279
314193
634358
858427
258169
-633365
809067
850304
-530876
-665084
-211107
31434
-649276
-280190
661003
-398220
57419
-225388
-952112
-754460
-323165
931512
80383
669136
317994
149185
632623
530366
-345144
-157133
-784265
-200422
-842940
850094
-341996
415229
-783272
-532929
265533
-314147
-198012
-945575
717287
152712
-225765
378290
754493
831655
-847099
802381
-922806
-170264
733892
157577
-501128
51885
-693238
-868506
-417749
-38381
-25638
-202013
761197
131422
-351920
-580799
-453349
-135191
-113727
812184
550662
688261
866609
267949
-159027
-359156
-353762
-404535
-527502
-200861
-602155
-450307
628875
-868264
707270
-872254
183622
-985968
-740759
765873
-24349
233604
-436140
-263153
-634974
211940
156049
-88322
-923251
-957679
-276139
627412
730583
-409530
-104640
-428445
231315
541599
167020
703814
-659263
564866
-746494
969613
696602
960777
-902641
-119776
974809
-643399
-353903
-49541
590206
209957
687307
955232
-578104
-156645
-133091
-501354
-114323
590771
-873943
-383741
-818759
21418
187814
412556
-436984
-645166
116369
-96246
919700
369876
-126634
616302
330652
-29274
-503475
305460
327327
142622
-744081
-82468
-647422
943226
-127236
-225525
-213419
739673
273121
672259
330444
399179
-711483
511685
-579404
476332
-75760
-16387
831166
-959391
887367
750865
410485
-239268
367167
-258863
731458
863692
-953404
58785
6313
-697484
976317
358891
-754258
-150919
-866634
32324
-411246
406487
-295418
919198
-194335
-6900
430882
226262
-530569
-644878
-790126
-699403
-604269
-902760
-948538
806217
-142027
418629
-452647
-410569
282320
-406050
648216
-711367
-103534
624533
647525
142209
-526387
780891
-825468
62367
187377
-120886
-18436
993043
872214
-587554
219304
-658355
-232432
429179
-357758
163300
526419
-306296
-30483
-615609
-887668
516870
-26178
394653
-889181
-377962
683286
7286
-753430
330810
-850506
-279816
111700
-675973
782551
-700923
203141
-235885
-707881
75355
176561
511424
417000
944130
-59397
-940758
107429
-532979
-247054
-923055
-148587
-134721
593816
825236
-740069
704636
-552726
943217
-288079
-306156
274026
-138584
414028
-614275
185443
196579
-315197
-611416
960694
-23077
463940
137254
-511654
-119061
81384
428950
-59818
-811188
895972
693128
-734242
-252615
-441594
859575
-427380
-181663
564210
19895
-238447
-723869
713740
-964421
137547
127768
-578696
-677010
-675654
106107
-288425
-714961
-916971
-824486
422294
-428624
56454
-496323
-999674
996636
-307510
896298
689763
-41751
-356318
-751831
-182177
216303
66506
-617968
-763803
828060
-341837
949937
863639
795711
77704
-715057
-881299
402051
391051
-169724
687090
474081
5790
109384
-954543
-937757
613062
-954217
-941121
-694448
942081
748642
263801
-414237
996811
-918377
802066
63317
-536344
-961738
-108623
121819
988200
-244985
-82470
65904
39959
36231
-532046
-568990
866508
-844956
905091
-127702
264429
950548
-65459
-122510
996332
-6579
183042
938413
-257938
-553158
-475825
-261127
-471534
-673760
802191
-7878
-635497
-306433
-886059
-647298
448583
31471
418607
-511458
-932298
886561
-80448
934210
-958395
-175358
-193493
306034
-224810
741049
-816477
-228478
-265531
366566
-290066
476532
813408
234109
-784595
-658126
560349
-982405
333996
924852
-288837
447937
-722446
-840254
-520592
696161
-351712
-452890
582722
567841
-518680
624327
-607517
287827
-69640
167673
28876
113883
939196
763345
-519551
-350871
239877
-706144
883238
455282
-364269
443587
472877
969727
368439
-815960
417664
645993
-656214
897072
342154
-7925
-555819
-75125
-440085
-74499
-450799
-47602
-786672
479562
-879929
242204
-406555
-940734
5549
73894
-291604
-754575
367751
-408367
700707
-996519
-964780
173584
973208
403659
357625
390871
49651
701411
287942
-608195
-306514
732124
316680
253402
-342375
865882
-794200
-129047
345443
-674128
-886844
938888
-614861
118705
12781
93535
364131
-619469
685169
64838
-615988
720389
-761579
-642780
124047
596046
748091
-826302
297457
36033
-434497
990944
-231843
882183
244345
425782
748064
450146
-703266
93507
776018
-590109
32394
-838844
528597
-954826
254691
-107273
-574294
-60141
957565
-190282
-339753
-804014
166938
784295
792033
-84971
957993
89489
951063
-476505
80433
-280781
-594323
-675222
-854999
-846259
774924
-558265
247248
550941
-148373
-720358
712097
-619777
-675183
-33212
272950
-249477
906647
230515
560242
-433106
426501
-272821
-648812
218533
642209
-690820
-691978
593272
-167324
388456
-687510
238353
713234
-542509
392095
488157
-100773
-360657
39097
750854
-81015
-248806
-868924
243802
717982
404027
994326
624628
-365458
554567
-808478
-938957
-718254
-457290
279577
923955
-148109
587600
517226
684567
-23945
829717
-77080
-310712
-712792
-684985
-822556
186436
-45642
216542
-62711
873344
967737
68366
117146
685718
-527607
111471
310346
106936
-333962
501868
167979
-52216
-955422
-552445
-128262
-103530
-964846
-611036
-418964
11209
-781319
503957
700498
-494110
818972
877943
692326
-226670
94484
-370385
-353327
62220
697982
763820
-252062
-829625
-124709
-941717
277311
541329
560152
-554711
-510888
604731
-107155
360851
-498800
-72000
749815
82237
939210
968497
-413807
639707
-525614
-594836
517649
-833289
178495
-387867
-203673
825169
674354
-505692
588988
-577709
-335317
-535722
-519425
941994
-994393
-959273
-612717
-505281
645458
280129
855570
-853343
-791872
605385
228895
-852663
573882
815088
787044
-951733
-779748
304693
-785021
398747
916827
11307
223915
591180
505615
-187097
-986529
-829702
277181
-505953
-887708
282789
-465226
-500425
777508
-819769
779705
633078
-673111
987833
238463
555784
-864830
-187656
370872
922215
-139388
591124
226907
75592
-10129
143733
-913102
-786215
-265087
592514
26688
-251616
762812
-696131
242431
875104
586659
777206
-625321
364166
957437
-845616
-2756
-715674
-857784
-764293
840111
-722614
48052
210983
-800400
908664
-197893
426508
-15744
791978
-429759
71155
-994237
305154
-336332
32452
-946463
-573520
336322
295969
-698416
-77020
73174
-323736
-712855
30611
-169352
284390
314938
-27135
520097
155049
250251
-431852
-633969
449852
-523188
168138
-123641
461069
-39884
446600
-467777
-34121
-248246
195892
998332
-194708
622372
334653
-898740
923956
-742368
174435
-399781
-455222
-794954
430868
829169
519984
-596268
349265
-324967
653984
917414
41064
103835
-605774
-790798
980195
855295
169319
426795
-612482
-864803
-821452
583410
-866472
-16160
205781
468182
85101
129737
725814
-740465
729957
-729408
-535418
160824
-900240
984567
564556
449025
-340401
218540
366439
700663
-677626
760665
909866
-697431
615960
79184
729364
-996523
214382
907913
586887
347911
-108248
-207333
-183908
976854
922405
-458094
-763611
652361
-187502
-299029
-186816
-87742
-314463
-622260
-638717
345136
596280
727723
45799
918655
488388
-44336
-778777
104347
-965152
950588
107825
249230
858500
-305289
-402859
-249748
487379
413233
-272895
409783
955140
-36506
62144
-232363
664465
875328
679896
-649999
-746932
-958821
695138
849349
768902
-259064
768003
257290
696601
989227
-638364
731450
939815
469461
-19320
798314
-835828
577821
-451435
651552
-8946
275671
61334
-53807
-760836
-876523
713831
903630
998806
393727
-746370
-748126
434907
948769
-898778
203809
-310296
869226
-538902
-613695
858453
-177266
-882246
798267
-707805
98434
596581
-543632
-323746
-854855
-892081
667309
420816
169253
-386499
659981
292731
-672668
563610
291537
721060
817241
543412
155966
766009
644634
-640226
-544287
513860
-179128
-157982
372313
643607
-40227
170579
935802
-941794
-232841
-607831
-265539
-87695
-499911
-598230
-666879
669342
15272
993102
-37927
342604
556712
-746390
63663
373952
797022
-780372
139961
441656
-420598
595675
-44485
400275
-562308
-672172
43881
397466
498407
-20317
455673
-734434
371853
-809866
177871
871942
-408096
510993
541284
607176
504095
-496643
-50221
60806
-243033
-986558
-565242
-446012
-766929
574720
995645
-187526
170394
-48840
-787252
608087
278988
256630
5552
-222606
-763688
-538776
42961
608165
-348641
-779169
480106
243263
731825
21389
-149562
235919
524746
800218
-703275
-718287
813661
-268516
-164298
-953268
-693797
-168654
-140794
476597
782506
71955
84683
61493
-671416
-909765
838888
-435104
-448540
-118152
-826939
202819
102680
653168
-553918
-165496
-325443
296520
-929577
-800697
96738
-632852
-518984
-89601
98632
316719
-42869
404836
-851936
816338
-118568
930571
-111708
966116
-7936
216877
-943649
-169049
781774
-392189
712800
954835
810631
-184520
608002
-743288
649985
-717441
553233
720408
-518138
-350029
-912444
-37121
560370
186189
-720403
-482499
-408976
-572339
-666162
472457
-641768
222130
438573
350296
-560994
494924
-818753
-779221
-897266
894048
-824386
913366
-290473
783617
-829923
-640489
-933825
723310
-920081
-451962
-626720
-832525
510917
933651
353664
790514
-548849
944689
-781825
-215011
417145
-423593
-992881
-144283
926703
-553874
-649359
-892050
-333095
-546625
-998003
-157480
-633260
-288476
-373864
-463182
71036
-307688
-739873
150955
240350
-366592
318431
-248734
-432942
-327905
-458220
18210
-383217
-240045
803199
-966072
336363
810318
-110354
263066
-743557
240287
371016
-76651
693663
373014
765870
-939597
-915462
-607994
-402779
155574
84319
-142651
-693471
-675332
490757
624960
75935
-942185
-702946
617716
76025
-86162
-622330
-120776
-52234
714033
-310458
837412
-22901
-54014
77699
-651886
869336
-228639
721128
635205
-168236
805666
-972789
428985
-38760
111530
-713667
267769
436199
777091
-107272
-487867
834907
189783
-870152
-89069
-896380
-492481
790156
51386
-778448
-520303
-111202
198651
425684
966497
546766
295019
-262143
267893
-69776
569622
73559
-42565
-1394
-965202
-931035
284940
302568
505164
62031
-804704
-982704
-103063
385079
-852855
807868
488699
-345335
598024
-459915
-123783
-922279
428884
-925133
503405
395380
621633
-201576
-866763
-110474
728648
702859
963086
-313917
-298535
997885
-244952
986406
300452
-739788
48436
495748
-722491
945373
-119174
-575346
753241
-630475
79319
351264
-90390
955537
428986
-661507
-969596
-67610
733874
652037
730815
867112
-458437
459462
569971
-495352
-854455
-728564
-497468
-99406
-742159
802984
160806
306277
298732
438315
251650
-820443
862970
4891
-450917
-57711
-643846
458693
-102175
785141
797187
-71771
-282470
531061
-419734
-551656
398172
121830
907807
-31857
626478
-946648
239579
-870990
-46053
497421
931995
-885248
-196302
230726
553068
-944653
410284
416037
60238
959367
-641674
416393
418060
256151
201533
215246
-815620
919064
-253693
-235354
-632592
-855521
886477
-724786
112622
512954
-671433
-647800
641965
282514
849622
573959
397267
-346681
-195315
-49666
-291334
-785032
-633629
768905
-825666
-275303
185297
592394
980849
-613170
-192360
-834772
-694107
553948
-70125
-326699
698427
-183649
-51484
-188952
-670695
277083
163249
971270
-440404
12870
545229
956863
666189
-650087
-92803
-625145
-435119
273568
-856241
-260784
998266
329057
-668390
979114
715887
139251
-855658
-978221
-306802
74218
-304919
-608376
890570
643597
202673
-780125
-79320
-634078
-808855
480277
378793
736374
437139
44982
-913714
-655664
419838
-348832
617905
563597
390384
616170
-107346
721995
595284
-391460
-138755
739627
-369680
554443
-186155
325401
946068
-295586
-31003
148741
-75710
889677
514664
115435
369953
-106543
-148192
-192908
938440
-61905
151429
358277
589263
-230667
-78126
-20353
-614497
814529
-298359
980788
-576932
562886
720414
53388
117329
-465742
-621212
63397
238673
347786
-787862
-837038
237463
726802
278397
-392584
-379741
-869795
414509
-441301
68300
-434063
916976
-342438
335270
-161150
637209
720774
-346622
-661151
701561
76447
901736
421974
-870166
19064
956233
-491377
-917539
194906
856410
-705401
357868
93872
-978599
-363735
701288
-358340
-233530
115796
200359
834771
681733
117335
-507668
17003
956186
-870459
-262224
-390436
-531609
-560664
686011
-629874
861311
815846
389191
817543
-675532
471652
12448
-819123
766251
-629684
274750
787652
6582
-23963
-570688
773053
-908167
629671
607823
773567
-252994
-899845
-209430
-296809
-770303
528346
312755
-301912
967683
-1235
68214
828993
-185390
-542596
646536
139079
929056
-341016
319956
695307
29301
-405294
482958
-964117
570743
912270
808936
662577
541941
416759
436143
-711054
516915
-773288
-7862
746612
755059
-695108
-555301
722742
303658
512913
551735
-881733
970318
198271
257347
899374
857255
-422697
594680
-113444
172009
77638
-77561
-257248
-10093
-268625
-594672
-468152
-851867
841472
-179206
665049
-931816
812932
411660
823244
-882176
856359
545985
421482
369272
97720
539750
339589
-704010
-202904
238963
-846756
374399
-166358
39801
-453593
911280
962241
289160
-98813
-306385
694489
433035
-158251
535960
-746172
-493203
604145
-933240
918457
427388
-815416
774815
-26627
606066
144087
-928908
145816
-516325
-632918
942912
722638
-479673
317311
-443720
560128
863719
-532441
522368
152878
368747
-784017
-152634
-198219
57732
-616674
55610
564530
987471
122371
482986
414858
306955
257801
-611769
-86979
-598113
-540677
-941163
-114437
-173595
-998252
-391799
346733
319059
164481
-93139
182778
632041
-570771
-664345
788
-354788
183022
802569
702945
566348
-141821
267474
553818
980550
-249540
-31324
287505
-991739
356908
-799474
-589851
816231
-740637
295713
-357364
-738888
903914
989370
580172
68395
-103770
-237051
-299564
325459
98605
701224
970672
-718374
503792
673616
847974
-638029
-58910
401792
-657480
691551
-629532
630026
699813
727376
830552
-890039
543607
-910086
405674
-813757
-648973
309588
-824388
931199
-622018
71843
-305853
78418
-602699
792752
-220358
-632027
-925623
-716567
-958412
922352
-354595
-17321
324144
-12074
-325770
694613
-382049
-625958
421989
-551497
-515996
-34404
-461582
889678
151839
-110555
199266
327452
-179357
577248
-600706
514790
-344334
-203404
307542
435308
164569
381920
718742
206158
304272
-635854
-811163
-371585
352073
-136933
-676972
970024
237110
745018
-581474
721114
-289387
-43056
610792
862453
846390
-189943
189904
-332968
-612695
589199
-818178
42971
-614206
489364
-521721
550363
-128717
-802979
-243479
-824445
-438833
-54642
-196029
913240
808425
126999
883264
45534
-127984
-698210
-233352
582630
258735
-622561
445082
105124
187496
-365014
772156
574801
-775816
953979
-382228
-390021
443342
96052
-839659
-685375
293073
-83137
-509820
854240
862221
294151
767480
670646
-578850
650744
-283821
293167
952534
482827
-124204
211269
860267
-679123
-683608
47762
-44137
-911452
-377437
180047
-957474
240336
790026
485869
-663613
950368
800495
629460
-132770
-709325
483699
-270549
584826
251179
-599904
-994024
-98077
116276
299143
-145543
-400897
-825062
-934275
-540631
-504185
-617882
507131
451679
-529333
-870306
-368274
-486806
370030
-578249
999063
706417
-627881
799558
335876
239350
-909768
-180425
968801
675059
-929246
-631103
681035
-27323
485173
-19822
827135
-915725
155116
892860
-456356
650932
-725022
-949225
102611
-254355
-819531
734337
258839
550500
-843913
257902
256916
-471793
57459
-407208
767557
147692
412367
736358
-177250
483122
-894746
-496215
-544201
590427
483963
-717067
674703
-360921
-824207
-781654
-709989
-549229
-730878
392622
196417
-550409
126958
-544745
-999909
283046
713157
257007
811253
-229384
849800
578810
918308
262167
315167
-258942
-254712
420422
244843
201087
10849
-271194
484021
-314449
367885
659814
-96103
657897
-889415
173019
50518
307002
622611
-822524
762257
622702
460522
475414
-120291
271775
-753970
-270492
-149416
-835663
991676
-834249
-94604
-263037
586173
-849762
938051
-402979
-120955
422071
282572
-753070
81885
-813531
904827
192470
359489
-44655
-500529
-17900
132821
-738272
-395198
-406658
737142
484512
865117
983173
-785980
-284299
-852490
-794305
-118548
52906
-57342
-532375
203145
-119291
64646
-917811
-697221
-652782
-670881
384664
-466312
-766054
-422866
893178
189291
76605
-124722
-677889
338334
480081
-84546
75476
-35408
-219430
58648
178613
496271
206158
384308
-622277
-740937
-673034
-154652
462208
207675
909995
544398
510455
-742788
873517
-104881
-209099
-892537
472253
-315921
296754
-451142
559357
618866
887192
39437
-465681
-37333
-995971
314890
-978685
182642
-188839
227473
-433051
188884
486536
-106084
-965769
-51256
-898409
944226
-506859
612046
-798562
-633342
-492835
-7660
-525879
979418
676419
770876
-471724
235775
389742
-584532
-724788
924062
378135
-720759
238951
399450
461884
-949889
-373077
-971167
238995
-886541
-77251
273227
62203
24341
217452
555345
-363614
418891
922003
143552
-588770
-603876
122970
-912352
-833000
651246
323424
556742
-933287
598636
480803
444849
877878
-280247
-155701
339761
-230135
471222
368594
-991140
584681
-708657
282087
-353116
315684
-500461
-797772
952071
918431
-875769
95622
-670340
-479644
-781409
-582691
-312644
869838
740733
-755903
936551
339369
724901
381400
217246
-555346
-774302
-442993
214520
696921
925602
223380
281602
-783056
-494533
928487
532629
5007
-869286
484699
-76563
-745054
-419679
253098
-224698
-201088
670407
462658
-331251
411139
706756
-394700
-249493
431657
986700
967754
876311
-787602
-475240
90830
909319
-549639
-685790
190920
-332694
-180323
119406
-800066
824684
250121
684634
-251879
505068
-735046
-998782
-719631
63866
671625
743028
732616
82764
449784
-662085
833271
-118560
-675385
801025
-242250
-462987
-674216
848581
-553669
-223854
-837210
637252
443452
-17533
-243342
643387
-192849
-993221
328020
555272
511847
592974
556491
792217
-343160
228116
535244
-610544
-689121
-14973
-272629
-855850
866467
51987
945175
-375783
589000
-729042
-527203
-964670
47105
-364413
672583
-509443
618055
-570759
-866057
-574795
-563980
461964
980478
947868
54937
536969
740084
711778
-234916
275328
-898767
75963
-739646
-171395
220113
-873179
880592
165288
-248961
469592
436246
223836
504923
-516649
859424
177505
-26092
477478
606746
107851
902684
-957234
-430185
883162
990634
624752
420130
730717
336530
-814786
6044
437764
261177
266399
-733632
-518710
393221
-853040
646578
-855741
616552
82824
368095
121474
566175
227519
-701021
-459917
-295004
905726
647935
-392320
948492
-782251
-509159
939125
842502
910972
669842
179031
-903815
-324114
-383206
357363
942285
-116837
838653
335505
30124
485231
479764
-353325
-431945
-152141
768150
-865770
-924623
-932871
-325687
-219626
972855
-677752
388055
921347
-460003
878897
860471
-617502
789868
530313
561530
886053
-793802
-821676
243416
-851517
61487
82069
483988
-908390
-432701
-36248
-261714
135355
811612
-493564
269585
886990
-426435
943899
-332636
-453581
-733854
-944582
-532235
-193856
934315
-671764
188642
724183
858550
-249828
610236
-935253
-71504
-146349
-786769
989983
935720
697219
-918407
-496981
-339029
-180121
638374
-527417
326316
-92041
-640428
899881
-148142
26936
-553700
118004
82355
-85934
924149
16669
242303
112791
-259148
100852
862963
-648913
165600
-208542
204738
378831
-218559
140458
76050
-136965
643477
737021
682915
281851
-790396
9230
-810190
-430824
-90890
41668
596113
355411
-840328
-321533
-730524
-916180
695137
511779
196611
-564012
-387370
59574
-212925
778230
851033
991813
157061
-367527
132271
-766890
495509
-224252
970132
178423
-942401
-820265
-812348
-752591
-251088
96763
289078
-654976
-547827
448751
23491
-278350
532572
-281373
-766572
-270818
154615
-153941
788757
941691
-375712
639789
933504
781349
-727738
65774
-985541
767771
841522
984591
-53807
899121
-835674
133846
-853470
-86762
-769391
435608
258262
-317217
-115641
-718248
404433
-583070
380
637861
146113
-845005
-516081
-65131
-903315
108208
-425343
-969812
-110443
-153081
95963
-95984
-385310
-62516
-111393
560883
-163395
52933
-305271
-16865
966172
-74662
-581257
224433
608121
303103
506186
12553
720033
-493435
-349586
-133855
-338439
134334
801015
-241753
-757459
-624328
-211564
132099
222592
884399
-963885
837282
-178117
-75278
398164
658488
977656
-907107
-358377
943827
18231
60367
168260
-373648
-636531
-325555
638906
-916499
181011
-710681
-50353
842573
423654
-249338
-399181
666196
126334
389255
-201706
-651075
273653
-165590
-813794
-904465
759132
584371
754024
736788
677264
-604354
680615
-304506
456014
-151126
321847
819483
523320
-39248
902985
-295669
250072
-147369
-453097
-326275
603293
147722
-660080
-270374
-463023
138215
78552
810630
972625
264758
906166
731757
-150872
660190
468544
-473608
-944164
149159
221887
511850
998034
-456267
331332
521353
504485
234316
-774316
-245444
-913053
-227413
428282
690241
920310
768202
-580133
-542714
-93584
498419
-732084
-120959
-236823
-825918
-389203
612306
834273
-920659
-861303
890109
228500
360584
401959
226534
904317
-266710
-252113
408802
967607
-26429
-836643
-945446
746159
591639
744795
666468
359841
-835339
-876246
-733743
663080
-608329
145298
-573744
-434246
756096
-961439
-599974
835437
-822741
-709865
63937
537843
692094
-709530
442160
-574616
38357
-149039
-607009
-988072
14318
-552455
758087
-394043
-807661
424555
965799
-642999
548310
-767945
-979919
939982
377353
-553663
-494265
133449
-515101
-94238
-31115
-337842
195898
-967179
-799999
-112009
-676708
642161
313376
361649
-506879
706367
373577
507440
-846088
131664
-886604
-653748
-443782
-920805
-296747
-895473
-688750
-276666
-955492
688604
169672
-449756
-177948
654572
456007
790938
-683271
-348096
823759
-483270
539896
-852950
-841110
-146729
508700
-347988
-440362
-117723
-840549
-286450
-986060
-727152
59802
-429841
-647957
763056
-325314
-336706
-513611
-280805
-648103
656062
269440
173950
310633
-274554
-35113
627362
377351
-211354
-855908
-82754
-64304
-697017
770518
-555604
-45005
-669844
326674
114447
43707
340614
387295
-896492
910774
739339
866565
-414540
-597368
-647047
304655
-245470
-990985
-425905
928480
319648
299542
-106633
-52990
-323108
682013
91103
594139
-382291
394086
364657
62105
-650919
694813
-611222
463528
-261481
729393
-149177
-157972
640166
-409839
-291408
-774375
-7206
61546
530281
747324
70561
-895625
675804
-609791
403917
-430830
337219
-919191
-748818
-571679
674948
-131109
822408
39604
930997
-828512
-265583
-680225
635017
472936
-950833
-514161
-685036
689334
76001
23556
914960
-931205
-914898
445240
816119
155664
549616
491923
545873
-46468
-938908
-116909
34342
-687725
311413
-290711
181167
133820
748894
112163
305309
-516690
431939
-59675
956247
481106
426165
-728790
170440
-497834
294767
85399
-429039
379870
-469361
-612920
-464467
-919746
879003
-918595
33787
940096
-35503
-931872
-747630
-724090
-222583
433538
409730
-473689
-454300
-284961
9621
977639
655365
-34132
458745
81530
237078
-370815
583697
-468155
714584
-845342
911716
-754778
-458262
-552752
-674524
-579259
-471346
359264
-639163
493152
427392
-386792
769062
-795191
-953255
178792
-268880
-407555
893831
740741
-429916
549195
-293392
-971171
-369275
943687
-341986
-785579
-524468
-627403
-630921
-612753
-382180
-89182
-165504
-56703
331559
363151
-697440
692397
-143698
729952
-694396
-374637
934761
-647651
804156
-334119
-55205
697986
-593379
514879
247181
113230
543709
877907
56917
-798278
-907673
532450
-425681
-538593
919698
192140
372225
-245807
-864564
-296216
-882656
-562003
-603820
-26354
-832052
-298216
599010
-897291
54134
403165
-231410
998929
101151
175212
513808
-651668
-711558
57516
-773762
345360
259238
-681434
-122191
833558
-220027
-202494
25698
-847803
551700
161134
-144019
669044
599132
252162
-357310
767080
953947
-758301
869790
8080
644865
-361620
7009
-253984
813593
-479184
94348
-897966
578333
320587
447395
-162429
639153
-674797
-328871
-580875
122710
696827
-428678
-325590
-142039
427304
-656546
-542908
-320535
-13856
-775828
-366589
227844
-906039
641492
-127291
-267658
-351500
618725
-454066
169317
-286927
-352031
-252351
-966341
-904637
585220
672812
-579433
-743652
-908064
543277
953175
-336741
-782314
-188865
-909438
-438859
268228
-229972
547285
492400
403440
-224871
586361
44931
647838
-681297
693431
266563
-135363
-137253
979636
512607
610397
-986706
607970
195616
686107
-971464
451965
778044
571814
405139
-558698
789501
-783726
-468135
-649359
484502
301894
897927
-23099
-294667
-326945
-436738
750265
-679107
-118034
443695
587457
746603
-693558
567092
259210
916839
580387
-132820
112455
266494
-104283
-435581
44537
-532470
969559
485839
-742970
-814167
-982296
-392328
670336
319598
-494402
-352764
-975070
178654
210499
775195
499547
-907536
218890
87003
839068
525333
-345905
98278
442172
-765518
965458
-445373
500976
-138826
119046
-454488
328704
88605
-968649
585735
274438
-950945
-806594
-55226
368653
-300995
592011
393584
877659
-197491
168779
377205
-105026
-612332
-535792
-265958
913002
118303
832320
355173
352785
797777
909800
-146239
-341049
28846
399273
987656
-882549
430624
573390
391890
479679
766797
-663337
-151668
-534199
928674
-758085
-656541
-268817
410694
720665
626158
798363
-815127
-639801
711365
303177
-807481
66538
-344038
990297
-23663
509723
-350753
-994817
-91005
-363098
-877366
-660382
-789708
514525
819298
977090
851188
-332371
-557110
779862
-90455
-213650
-488956
-679761
-492985
-862799
-881398
-308112
-502599
829967
995066
-310080
-103496
-348973
-319783
872842
-839251
329464
878026
69745
966367
-999340
409364
-823341
515185
228662
-846252
366372
896291
-403362
146234
-194164
382989
657278
126075
890004
794480
244678
-418108
-708119
74644
-423043
-18199
971149
227985
662018
843990
388735
-8518
722015
-541521
-42151
722676
867844
134508
237860
96505
288256
-395768
-7204
884894
750466
798632
267883
407744
-75293
157887
202223
-830616
739779
494105
244029
-683264
-524095
215177
544721
-862077
59167
-66544
129406
-218818
391935
-912746
-496143
259779
221762
741718
-643717
-489983
-654051
349080
-605089
-903585
147712
662795
504159
-927582
-179319
-293618
-758197
-439541
-799514
485833
-122804
-323608
-298990
-578083
-185684
760177
355373
943722
-458641
-252692
-969024
45216
-992914
252738
-213067
-636630
762756
132883
712450
-842333
229298
-139839
820462
-266544
-67420
-358858
439839
174383
201602
640325
-339784
-921203
-683284
361226
-499286
131033
121402
856088
74754
662761
-396605
105730
-292023
-389519
-641532
494911
-26149
-878777
-372206
-313700
-721109
857092
546461
-900648
-409452
-520959
-259506
-969614
653425
942097
670712
-686360
-979107
987429
674866
-478392
118461
-203732
-622305
-806786
-540971
-18910
298945
167006
591572
657413
-338083
-434578
778637
289711
251722
-942473
146803
-201817
-843121
737351
277224
-102626
767738
-69352
-160530
438449
244289
-139636
425877
-80846
381973
-455663
715422
759669
-262448
-825550
-259242
-963503
341457
-667670
693911
-996627
-102248
472547
293085
-850526
530075
-560112
-52342
686955
-822762
-775118
-415672
944976
155531
423799
383425
-600181
-715837
-190698
318973
666137
353639
34395
425805
-908809
208845
-833437
-872312
-449698
-501107
821600
-446324
396645
294146
846761
546120
-175779
-713352
-506223
-488825
-536113
-281341
95504
-591137
874191
-480697
792288
-725991
-196534
-398411
592983
-530397
955229
-372623
895408
-953580
836222
-938030
-825891
-613477
-439136
995709
-59801
957510
289855
-213040
503629
-885925
73609
997407
-374750
537497
-283934
720754
946360
-409744
-759944
738648
-135735
43523
-659763
-542753
513126
-704534
84624
408534
-658114
-79154
470505
-484004
307370
-968632
-488296
-752431
988878
801560
34530
492507
915635
-891861
489913
-459115
645636
-794022
-738362
591995
-203765
-498305
330643
660500
545219
670880
-882253
58344
966347
202372
-533123
-691767
-876783
937382
-175771
430588
968751
335934
678158
957629
137493
-287313
450135
53128
-179173
-59952
594013
-533538
146027
855651
-941543
942262
-642654
389100
602761
902565
59980
720508
-39091
26326
-77121
427787
334559
46097
365169
-841212
-523315
333919
494722
-845158
291547
-367785
-132470
-258318
685343
688357
681730
279355
-845181
-172244
135006
-786724
-229983
492352
602376
-627222
394917
-337644
-906714
-644175
688682
16166
783612
23241
-937738
148780
182029
-461052
-517302
-323249
-306209
774246
308966
561321
-484073
-5692
249678
-802344
-726338
404497
25413
408668
617773
795430
-98980
220149
-831792
-704064
882505
-738506
-348239
571187
277660
-564628
-405573
339923
584153
776457
878872
-933149
-546793
-427338
841097
762173
-866018
-642977
-243520
383661
-445320
30143
-211842
580093
-561189
-594070
375523
339831
626080
543731
635768
508585
805226
-712472
79771
82886
-277099
674199
-577191
-692946
450655
-698320
-626095
903863
-125658
-784999
666035
8325
-427976
-577485
-608014
126705
452659
180144
-293203
891470
586075
-917680
231301
212154
626052
-132932
-279262
431277
154597
800510
-485837
877499
474708
-63028
-815448
-74637
238653
-441543
-170775
-887006
-226542
-504740
121320
345483
-82224
513306
-527813
-629565
-306550
178985
-738096
-720476
261305
493206
491679
-112644
-639727
-787583
-681367
514871
-987074
-167204
392369
487635
769769
576921
-587002
8421
-864623
242223
121416
-91164
737484
-757265
-745681
-344740
756042
-273494
25695
-550509
905491
287599
-270984
166796
-219195
-779306
-945849
141079
-566888
-627215
-344051
-553961
205581
-951683
933674
-24651
625239
-653329
983771
760617
588895
105186
-330547
326379
347922
-76228
981639
103963
650278
7333
553455
555769
-705068
-717529
-277435
75737
-496835
-223284
-783185
-63722
149502
-127235
382317
-644918
-78917
315991
330432
-453679
662662
314202
-693062
251557
-580612
-23609
-422065
767310
900164
-440427
-128727
550441
566906
-575273
106210
861839
-292802
828775
-62425
210364
-394509
154391
-853358
754993
-972845
528959
-889925
-51762
-155051
440508
494560
-492389
-245291
801499
759168
174098
-222110
-662897
-58593
-321947
-103324
812680
-771507
-536418
-762593
334704
-674580
-55394
163479
262996
-845030
768970
-582614
-698388
523963
-555458
830571
634038
392781
-324480
74545
-112659
183131
829255
-311161
-57701
3352
466729
279402
944760
-855219
-823923
757440
-626725
-360340
994847
707980
-34919
-60547
-128542
-771924
94423
-359573
-354537
396035
-835611
90005
226605
798428
-517214
902126
-127028
370127
85256
-297773
-941035
-972446
705579
525695
306956
650339
670476
483034
407778
-956249
-877306
402625
751731
87775
-657923
-376812
315851
436500
263616
961314
-167466
428006
51319
-940861
226433
534105
961265
-900595
-95768
46521
-198368
-36803
74076
-492789
-511108
-618968
-842451
-840632
864067
565328
-796881
986761
-32048
954851
74535
310029
-421962
-609614
-253471
841655
-648300
579064
269660
403019
638204
-503907
-62876
599469
-404502
841356
-354011
397131
-195447
720065
904342
293445
-898903
-938109
452813
965164
627219
655933
951924
-404829
610783
26458
905201
-811180
416845
-348271
-969525
768545
-769207
300135
171563
868997
796228
-891313
468465
-608274
950043
-885546
788857
-245404
834520
693198
-951960
935617
755090
500853
900780
382308
156785
852704
977479
-232432
-120839
882679
-43612
-703995
-465592
-13136
-935450
-234799
-713002
236113
-365802
-916774
344801
-897337
-525048
294843
-782883
-736192
-950562
-948363
957007
-902521
987255
712096
598333
888035
94403
-244882
740738
71882
522686
-380102
-45439
-520926
-84096
488969
465938
-19546
-745830
752937
-783433
-111632
836163
561369
-8969
-688886
-143789
208149
-425077
-94350
259786
-468071
3130
247041
-755976
-398538
135075
338428
356580
-124188
-589690
-120734
495711
364871
358340
-588385
-146160
-175722
392069
108010
-422786
608637
996379
-586624
170005
-12591
-275509
-973784
-804442
299414
-68133
455344
831344
934997
-297615
-924632
-463541
837460
413796
893040
-286729
824107
-227695
-791019
188978
-869355
-379404
-957182
-45077
-987335
150829
532137
621303
147207
945514
-208692
-865384
-329996
-182476
-669826
969418
749392
785519
800761
684389
-512097
876129
-779153
-674638
289925
-886113
38633
114032
-113807
247615
-696991
16838
868211
-654173
971761
880877
496657
503898
502179
-356137
449411
-706513
-221521
-880586
111011
108653
-911168
-139597
-105829
889594
-455208
382074
765723
-234360
707437
55648
-120473
-253931
-830320
765720
993685
-527311
-217442
861896
-181483
-245682
742772
-684826
-741784
244951
-40963
707628
538438
737516
827043
-350551
-153831
915876
509853
740340
805469
-945356
122414
571192
-179716
-170150
-373160
699811
575920
-203480
465531
569604
269210
-751912
431500
-912273
2407
174271
-597099
260624
-580778
361938
-31749
957661
99454
-204707
-392891
945624
-288832
-883038
685964
-483363
-828394
-191623
-912172
-8110
638228
-285331
-308299
214147
511189
-842768
-216249
-219601
-594680
-784750
-131874
407728
389522
271027
-331649
808744
-367035
636602
766404
732420
-568106
-626487
678043
143063
-509525
364006
659700
-337918
-827617
747529
653972
810611
-537803
-654327
24758
973387
-497095
808510
-246215
-91774
-976241
621911
-684047
413282
-107062
-15696
222026
525904
-379094
-11570
258323
52800
361943
-63634
-804137
852419
-699629
855563
-485500
-527245
603091
-831528
-716635
-934712
-485855
308124
-961326
17051
116633
-207541
925278
140392
-585630
-758770
-446326
307309
225535
775700
-166787
846441
-235871
-908464
-100759
-873929
27902
95104
978491
328274
-49333
-507010
801029
-446243
-338537
-915606
-380954
175609
392518
-342280
-807341
-490850
450180
-882064
649543
864551
-640833
-796784
171860
584702
978916
-994928
431143
-256956
-903392
-669617
-130884
124511
425488
-152394
-547215
-623846
340597
-746187
-70088
-997941
-661792
548958
177668
730726
-793322
370328
-760124
656859
488265
889419
521409
847432
-907365
-306731
432134
-928450
-301659
-136723
-185405
-205050
193661
683711
919461
-380852
-468683
-627755
-4698
871914
-373941
925215
873974
-35733
474172
51641
-305007
680850
-578031
-65131
337708
910234
-175712
-140883
757666
-83077
552386
189800
-11527
-749273
-946924
803068
45677
246737
486779
-34862
865886
-981905
337384
-138812
890010
963444
-213598
763983
-72289
-739427
-184377
622704
941424
237592
-442427
279132
147826
381861
-861751
-94509
-701217
690636
-904710
287257
941363
-851633
90325
-12960
395105
-422896
952179
260990
-404801
289562
-877823
-514792
253005
-91421
-750810
-819285
169153
64814
803420
110577
-697594
-639008
-610292
450232
742854
-472043
-644277
-958363
-781408
-548986
328895
-840045
-400619
-580780
146995
994487
-3676
99173
255476
591524
-611265
377654
-923269
641741
-713768
-674078
822457
455386
390737
625876
-434038
693143
986869
-44329
143375
729722
483628
499098
771360
702221
950112
100254
862177
-450507
519474
9171
-456021
-484202
-891656
799456
-892679
-502920
177109
-815947
-861180
463342
-490025
961277
-81273
900713
587153
484690
593855
574021
-559640
-262770
303743
923988
-763672
75103
626209
-813560
-824644
488385
-264067
694831
-502444
279913
-789372
-394099
79368
-682051
102981
-743523
-497997
241801
719819
11978
203078
-361454
-87309
-209770
-876765
-493454
-635750
-436405
243776
667994
-512417
480104
-256904
-886208
666544
-81547
602177
-597523
-386717
-900267
682390
-176088
-294365
-238242
141862
808616
18236
643865
50417
-261946
-344157
-746506
376601
568534
43725
499836
-924921
407975
-936570
318855
75969
-448986
-201041
819065
-335194
-534498
-262482
-733017
-132021
350802
-633284
-449631
-825287
72351
312128
316576
-119033
-669637
-39560
931384
68418
616283
-815122
-554982
184817
228603
944854
259896
-363422
-991716
-421249
712547
-440702
377710
531612
224105
843212
-730870
491088
-288809
619932
857804
261561
794645
-69845
-426311
111220
811122
-95948
-928340
742506
972471
687943
927385
-582512
-127240
155987
-637658
-867345
792565
-629373
-288594
505112
-70074
-910884
36724
-845970
932329
305854
645118
-356480
-74215
502922
905081
-279570
-566924
-521231
831650
-755802
382822
903311
986705
355292
591253
914089
772781
-535987
70075
-864878
-403332
-137360
-494250
308075
-632248
435676
397191
404477
589707
329519
-289670
234824
973039
636116
-262255
878120
-643455
170822
-643111
-811805
415021
739711
-908495
401725
95003
682759
315813
-132217
-853229
-614112
2906
-256560
248528
508656
-948486
616281
-55668
448706
20757
-465962
-221775
731088
768862
-248736
367203
-493393
-370617
723749
677430
-13728
911945
92450
-274017
-996550
-505825
820986
686210
809988
-311232
832981
-804124
691674
-423579
444405
200329
-372064
60685
-855340
-923359
-918559
-321301
-145133
812530
-552439
606131
179732
-45831
-764486
-96519
-368402
221786
-184575
724049
947769
-181124
-781776
768754
-494915
-971789
-542478
-661934
-775912
-850805
-85513
668493
349525
542423
-270823
494186
619065
-189381
-827116
-526068
-376852
-379555
-919938
802881
574614
-684424
-293638
-793788
537363
521788
930262
485131
-659337
-851515
253885
-154252
-823303
711407
183814
-599215
860603
-901700
-930723
210127
640724
-201545
-295687
259789
609074
-122803
733721
-767778
497643
813784
-964897
72257
-870641
-258535
278469
666722
-736748
208731
151853
-396085
357216
-594262
449664
533913
-882855
-366523
934699
977748
-268222
-996025
187875
-627498
-197570
892188
632291
-588496
-230615
366012
-356274
-732972
179795
-321171
339285
309154
420295
-382246
-24124
683547
826485
-872271
-712538
183700
-466532
737127
-282387
-349387
-629397
-347689
-371639
102382
-343713
816237
474884
458718
708425
107174
870222
-522191
-526815
-486052
-255163
652980
192778
-915878
-37866
-386928
-298124
938011
-703381
-471640
-934261
-415918
712061
-400793
-678792
-570326
249821
-308189
81986
878182
794194
738273
694419
269077
196990
402843
-623750
67211
880653
-150564
581160
-374511
-497584
-226063
-290388
464550
387009
411488
402560
683629
939849
468300
-732290
651910
-932493
-411081
-918417
317328
280731
163569
195510
74924
-98158
-110072
-656000
-901169
-707230
-279750
166043
-826578
569687
-252798
-201088
-927898
521140
508524
536653
-91852
-79988
-60787
-408223
-140139
-592488
-140512
-488229
-524980
448407
-406646
792348
-270863
756924
-12142
804061
-341235
877786
-851940
-242403
-829444
-131689
923641
-656021
-562002
-329158
142891
-489900
-808019
-348585
-953248
100130
571428
-14034
691908
-568711
393478
-448605
-56940
868499
999802
536415
660846
-271062
293338
-351296
-467002
952104
-473511
-318941
-290299
-302954
549371
-366659
41025
987369
304183
-816084
-502532
496165
-164668
-455779
-403705
-593240
530187
-711798
-161951
-76335
-160403
781109
-207837
-160602
317523
-546991
568337
-389139
101713
-898665
-437035
628203
-217606
272666
-674751
-668235
906007
366274
-680867
210190
550191
-183398
-293646
-614477
360824
302649
-207717
-108989
590852
630332
814676
-569552
411441
-393161
269847
-271036
59849
-161817
339826
-838438
-60482
902791
789766
721913
175456
-884986
-946323
81462
481289
-627190
-708348
31480
189412
-1994
417003
-449765
-699345
-790715
441247
891507
839618
255922
-678045
251059
862762
591802
980023
-77389
-570016
319849
84174
369502
222639
-126061
91414
-601905
-11046
145092
479558
-529758
517902
771210
501723
-292686
-230784
-81275
257550
69871
128011
-301204
-38622
-32372
954719
283333
-781314
817481
-124865
-801291
-259909
305119
518559
824266
-325379
-258803
-301796
766036
139293
687159
-88873
-381150
-842599
-570971
-609940
659124
136343
159276
-422152
-606107
-770854
705859
92689
190525
-326513
47408
-526142
-107826
-135112
348993
90883
604980
-345888
-390558
429245
328733
350639
-872551
94769
-510068
814608
-994105
108782
972009
-565075
498842
631132
571269
-341882
-791020
965162
-112736
914839
57851
-922211
-411675
-894742
-448353
480500
-29853
900641
-428617
-424873
-445248
180825
-995628
883486
-468536
-868179
-21746
21396
946430
-15850
-869822
918438
419075
629021
549570
-9657
-712862
758551
-44495
174403
673390
-986645
252192
-738285
-881386
803840
742215
88762
704480
-686403
663889
-740769
494422
668261
-857284
-974115
800083
120971
47281
746512
-894880
177460
664950
524195
-193520
214520
-485462
93618
-26930
470043
-731980
-353541
483399
520212
-91826
602013
324052
-349612
-309225
28531
-36015
-645337
287763
-541593
-977076
430480
-515708
823007
-448550
531574
569519
-343430
-290967
234468
-819235
515514
-551013
-304697
-390869
422058
-834654
-122848
-931484
648745
-602636
-23310
250758
721416
627079
941533
-250054
-408936
-703804
-962291
49471
-680880
468189
533763
-857873
-980362
65337
711646
-323792
774371
-53886
-143026
289884
395102
552277
899015
-182841
717623
-223834
-114325
366368
173530
862366
-382875
-105054
489444
-441342
644892
-919493
-145146
682602
129979
173975
150790
-336259
316103
170429
729079
27749
846638
503449
973863
-296389
-206668
368964
-744113
-307653
-813878
973511
468514
71798
339878
-357957
-65836
957003
536990
-576392
-484340
181882
-495885
370515
-135517
634094
-455510
-984728
-702165
860593
185702
-973087
-111659
32339
530363
-137796
735950
-676306
-768833
991838
16041
-582710
965348
-515445
489089
305226
126598
-576748
262229
-336412
-153140
777890
845470
350976
148404
-290048
-14930
692894
-274775
282906
553486
910927
309819
-558173
-56735
-159819
304031
-320786
163876
535199
-328948
-820083
952489
-363601
-335528
441578
941625
791071
864830
203853
-545342
-288311
-18258
-699873
-937335
-869854
10079
47735
823041
735304
-669360
376526
646230
640460
818354
-410505
-519359
122384
268710
644517
-342418
939762
824434
-389929
-423840
-511094
-948352
-482215
-720024
916479
721639
-265366
-371833
-296619
34761
-309168
-166473
-955160
738568
-343433
780145
-930793
-966907
426375
709667
851447
-984131
-809692
-26169
284579
834825
631414
224340
659259
-758515
800501
-851836
-706866
-681715
-571860
-790388
-960077
162775
-162220
-256695
-802464
528613
576832
-757624
267180
-766601
-977479
336388
-733508
448896
46055
-882061
464765
236363
91771
-250657
71188
-276815
973683
-269554
-35330
774183
-121389
257805
-907532
306752
467417
-867608
-530474
-694803
-124303
-332937
833810
-547471
-90561
100990
-314072
-68039
-562622
-47579
-619144
483433
70361
845621
-280204
-837868
-405036
790984
-114683
-431354
-478570
849988
-657171
400042
107792
-564702
-293207
-424791
-432310
176320
-119593
443388
843383
-285784
895917
-247178
815207
-418155
684783
-747416
534267
-934362
736018
-395373
911259
-544186
-233241
-493778
-753202
652077
74869
-231771
502064
417699
-831730
-390144
852998
-124937
185066
-579313
-948618
-934528
864076
894766
-220311
759993
-352413
-405105
-658163
-667631
-152520
876104
-601993
-416502
-519269
-690734
39312
247490
-184511
286110
-100434
890358
-945662
-598370
308057
-777391
11487
161054
97672
-803448
581742
149055
-737976
445818
43820
41713
205810
691407
636609
