-237481
-301504
745674
999151
198759
845737
-64436
-819541
-68248
27537
608600
581065
-187385
640845
-694236
996948
-27169
-79619
-200212
-469074
82630
-226335
-541220
568633
-623445
-660594
921472
-107305
-541063
379114
134694
221456
-922391
-119632
220607
276369
-273896
-843830
456829
657857
183707
65428
238921
996323
-293728
544686
993270
679104
-534934
-206942
-789970
547697
566723
-331189
116330
943278
8217
37801
-164027
467154
-583085
970668
-311390
-505475
-148965
909217
770894
577140
-934613
227722
234996
249095
-706850
-526083
245418
-577
-981398
238687
-321474
-516331
-968255
-111443
-968634
598468
557368
147696
541746
-434416
-814504
-622282
-967262
-397588
-651615
-278652
96937
199421
-369435
-132169
-223440
-304048
-904447
-988444
945048
-611297
-514527
190465
388126
-495925
-570848
-933348
-12255
-539103
-44791
19111
-940635
-487423
-833194
601112
78162
-647697
978831
110900
-45285
-672784
832249
-948349
526637
-537187
-80517
-696803
158766
15036
-685247
103814
403739
-199773
-705722
-208135
304303
-276569
-141483
-707953
184328
813727
311158
243694
-673696
477965
-155195
404466
830268
-176365
-484634
-215018
150851
-652386
-163366
-322512
-189572
756118
-19315
969195
-228847
295439
73008
-825108
-904335
367287
-33242
399969
-909283
825276
692016
275046
639002
3174
-481261
965306
-518862
363544
369772
-688594
-812822
885138
96389
338030
-767248
933024
-984483
43181
689141
-3797
12376
-539706
-708358
-914617
-364813
-612692
452671
601945
787277
543388
427220
479293
-181566
66222
-517534
337173
31528
-36395
-299284
-598700
275012
-112105
-713563
-628600
-774075
-480810
-695576
-758557
562372
993566
237646
-425253
-546140
529289
-339869
89047
916598
-887199
-309008
703875
656190
-881788
183167
-525377
184434
665633
811796
-784039
-370762
-487488
-382738
904250
400408
-96301
-724350
626333
422890
-419925
867776
-14739
-426360
105422
560008
27500
-365289
-779862
-883453
-448692
-667060
-192461
-744818
989131
-74249
438349
-536247
-889815
103982
-724451
-673853
733221
-211938
-56591
637471
-811531
847109
913122
814802
269998
-506804
682578
-744741
66837
-212000
815268
-905664
422711
-964594
-789116
974019
-631654
18423
-770799
-642524
944175
667551
-178770
-945641
-228467
96779
-619494
-495247
884842
323915
-857777
-926690
171023
-944655
888113
-558979
-451459
570690
-303720
615378
-641310
-488453
709715
781401
-453047
920599
755420
-84700
-60978
984621
272777
-116804
652172
-905994
-62445
-576296
190786
318062
-71543
75627
-358024
70681
148937
813000
126026
37050
-745980
674568
-392260
-49699
289945
-33570
461848
-340
-252170
-991199
-79742
-496751
-75898
859280
-512130
-803122
-257525
-859959
-709116
680031
-436254
481670
-1908
492203
-442703
640069
-437116
706234
453068
688911
-256716
707089
363478
351024
-342611
-346577
-682547
-880763
653083
65284
-871961
-426659
568533
52141
-567380
-943597
249019
175096
-803555
539904
-144873
-239809
21574
853220
-747606
578871
493288
-184722
285105
-53644
-495811
-971612
-346555
867668
379412
310835
-478910
696866
430073
-825827
-237851
558112
-252486
-669318
-389747
180135
-612915
859272
-644769
-416470
399176
210358
343722
-579251
63577
596116
999620
-443135
-588606
284724
503222
-84417
313112
-843333
-216750
-307476
467502
304341
-610610
-102425
478514
151539
-544314
-773972
482221
65939
406163
869306
-74789
761394
-547164
-675613
-28249
796559
-254864
-964672
392674
-255245
-407806
804069
-970521
-904584
-280348
342592
-747917
502903
-964885
719586
-192757
-575495
-382840
-714243
576045
72847
-488215
58265
-861214
917948
-72429
63998
679341
380408
388385
-348908
176966
-866480
-313579
-430360
-121724
278616
-626292
-92245
374032
93360
-749654
626116
-403738
-714538
345702
403506
-290033
962863
689263
-713988
35709
-798953
344277
174496
-881005
-728152
-761506
798337
652256
626879
-550572
-170779
760400
135850
398862
-361325
-585535
772570
546431
788497
-134071
796777
414613
462191
-917762
-239686
-134304
-207794
-276824
-445041
78218
758886
-243994
-577505
-66618
-124998
-305657
171876
-326662
-653402
-201245
122766
175820
-440846
-741384
-425319
197830
-326919
-652749
-255740
-538423
213180
-458963
876191
-324629
-376724
-363496
541068
415482
359681
-903973
-506300
118566
-147967
-83805
-948052
727036
610539
223824
-599627
957138
-977421
523140
132958
-418267
781756
707640
779564
-545164
-945110
-476176
-83586
268071
64861
-207396
943443
688138
429108
484510
103619
-211211
580537
597320
907356
-567430
-486485
959304
-840395
-875947
183128
-440021
-918810
205707
-916882
214148
787441
864874
-78212
567005
-680290
-23322
-909172
236124
-755252
155690
-971273
-811810
-156173
457836
672701
947447
-753376
253238
544766
-846021
685809
-941720
-886717
845415
-817667
296411
-594607
-736476
-497882
-511489
477673
-710442
-646615
-600540
856563
-326905
376139
947391
909219
620887
103081
937947
809078
946908
395783
481779
894355
642408
-264984
439120
796388
-579176
497401
909671
-733762
679734
206082
-328368
943259
708200
160143
420931
997758
513528
820392
854321
-813377
196530
801712
-904159
-182583
-95208
-966212
-373506
-148300
429571
-891728
-253946
71978
-156711
-814827
-131635
264114
682575
-221964
530353
362308
984118
-798016
305567
692317
362127
-273502
690075
-124345
-453111
544395
62278
743420
346106
158120
-439164
-749102
191909
187331
102598
-378521
295604
848653
693458
-861107
-966174
-438177
403007
716401
339859
-66641
78708
323976
135343
-615725
16293
-502530
110773
-293632
373126
657663
-749238
-564597
401083
596869
593524
961920
847767
-214568
149250
-49635
406912
-555146
-200983
100370
-416253
-167157
662193
986754
-450757
2051
-79887
627952
-673973
-944545
-987773
342321
-447074
123001
-951312
926052
-219337
-700549
-638545
-818254
896321
954980
-856335
744088
-259588
292916
-305548
-852677
737770
493470
247694
-678483
-673687
-90114
-691730
-124444
911938
228384
-496492
-762035
283839
-484265
580287
836766
638736
628975
762817
-580601
928427
-875729
-398854
824747
-920750
-255189
568834
-180338
-962274
-736714
-33014
775497
756757
-785321
-902987
-916931
124566
-594716
-41374
36503
633668
462134
274469
-82493
977870
-145245
-245728
616606
-516271
-482911
-963995
-587844
-358640
-362849
-763097
-279389
381963
805737
540273
419689
-930977
-492741
195186
825780
-278062
292199
908850
846505
697484
-132525
-116993
331151
-670391
-842525
-751342
-692522
12230
2930
924085
495960
520019
960090
908117
-838621
-402760
-854981
-118010
979203
950757
-577737
398892
-980220
-70477
-405922
845560
651462
886277
754409
497966
583760
-378116
-619028
-85089
-48507
-461552
163569
258972
550679
-833501
183056
46639
686519
143145
-45245
847898
740386
99774
-270112
719589
50531
152152
118481
70311
-918326
712559
-84130
733136
598836
-329721
231101
182596
292164
612074
-902494
-756344
-849479
261076
502628
701200
427576
-314316
-252161
114094
828830
702594
-38009
569216
-197632
691880
288804
852899
-155969
-592715
-76791
-74295
-880156
839080
-341159
718680
-490641
889942
-98724
801523
502015
-1217
-954821
652537
-740142
547807
353737
687434
-766509
-898425
-198472
-937680
804169
763520
631536
-393463
455399
-79660
-540565
-700571
327625
382644
225135
447470
221724
883976
166150
731083
773917
-932575
532606
275932
66209
577785
-71531
326068
125592
-717795
13502
359083
-616219
815030
421403
-812050
578549
52939
-205513
33947
973279
253922
333377
300904
-363434
-441489
-251626
858290
-557513
914524
589373
-783597
981950
121979
492336
48158
-300237
-579195
-625775
825355
-296990
387727
184438
86792
202756
-394159
274742
-218696
658780
-930772
815252
632059
323151
148628
-67038
959717
707140
681336
818007
-850374
595860
407380
-633970
577809
-470642
858367
-374033
229121
-720829
192
54476
-17818
-612082
-761086
-931027
590675
-155245
343715
-628021
-496465
412943
-812770
-864407
-263907
335859
68556
-304190
42999
-250108
-486184
192625
-654249
921197
558655
923561
-549446
417021
-450473
679676
696193
549719
-265849
-321626
937638
-26935
-252653
528313
817821
-908938
900293
-678645
504006
-912477
-543052
-759901
423382
525504
-64091
-533620
-724604
449726
659006
-378853
370922
217661
-455292
821476
-365318
94235
501151
-669126
-356046
-764698
9248
-418408
208368
756596
-890095
26188
847658
-989803
347543
351663
-902280
804491
591762
521102
329995
-472329
987483
605391
977397
646488
-773462
348319
-135851
-228754
169795
498831
865482
-329054
829705
-490564
-93752
-161047
91028
-885384
-404452
200933
140804
-556795
211130
-511654
794869
308851
-707163
386631
-170047
622833
914302
-182565
228223
891699
-536077
454762
240018
328072
-773992
-590188
-173098
-908511
80759
-343393
-399075
987008
495560
691954
-898377
-908893
-107113
242427
-465687
-895983
730774
-670818
412868
-976390
715813
-757180
646443
630115
60255
-125334
521814
524179
-670572
-238169
-147749
-444564
171644
679154
-353075
-747597
-664240
247851
-760590
831320
-60196
-658967
922427
832692
583460
-543260
936709
314233
-214078
349576
337844
-498266
592396
-15714
-868151
-347349
858953
653663
-823170
-811620
-584506
29081
-256184
587139
-291766
390742
839542
43994
-361407
-921049
-124686
578398
-580016
-202260
411089
-996557
254481
347797
317677
-959598
-302627
-344480
-457863
-710232
639807
-326014
-57580
498759
-672351
119250
687140
-256857
-851670
-569044
-669719
-143436
821699
-830178
900559
-539709
-751226
-224128
-961312
-331242
573613
449778
-327798
-171907
-202425
989879
-131504
494948
-354601
410633
784717
-714795
-915382
-272864
783965
-587733
846386
471104
155411
994716
902060
485692
-148720
723759
655515
-248161
-815951
904290
527711
-777262
-426953
101324
672517
245249
929418
-529909
235128
-202087
965039
880527
-791455
749755
-834268
-706836
-523110
949697
-294568
-676724
420801
860843
-682008
322861
346535
169272
46619
2050
921112
230668
-93661
448823
453407
479386
-449854
125923
-275365
-520437
596014
959764
277476
561053
840291
486022
310807
-993978
779186
787698
955720
-515382
-889027
376520
-654540
-571035
-300620
691996
598238
745999
-305955
519350
-23333
600385
-31828
-569927
79771
518318
555996
804407
997882
152010
764170
275358
-286938
604461
-238620
-976131
610484
-459434
811567
566203
25184
922541
-57278
370645
-648494
642102
62640
949745
388101
756686
469094
-635233
357070
-562735
-205160
-563159
955584
-649164
-758753
953466
502846
-994583
228823
-784093
609878
990203
-760224
220361
-469232
-948657
-213436
555953
973885
729286
-73403
-674610
371388
989238
-724866
-240512
745923
744228
124256
102993
-818507
919096
539834
-862923
-730069
781082
-909458
772778
786499
319365
988686
396377
309568
-771539
-383262
840337
-720195
403302
396289
-746311
132588
-677115
-420921
-496024
-687878
-145786
263465
-941955
-401558
-612280
161038
-220064
-693185
-299128
-82987
-423253
-518046
7555
-650476
-731548
-673081
-661791
664830
636488
-433329
-718433
476824
-153523
684870
-126888
100166
-182542
195997
679246
321434
508120
-466541
-415102
566165
131902
-27382
-272797
911838
279433
428076
-171150
856181
910030
836406
-794295
-821518
-836675
-456086
843312
799813
110586
-875121
276636
957063
809749
-850252
57229
-372794
345746
-263526
948640
-146135
269934
-466462
-579971
-598165
506156
147233
-686327
-214411
-424692
142524
-358231
-514663
-21071
-152526
-336181
142254
391389
-492869
-57934
-498025
-367990
-781298
-540962
-558241
-631550
516267
68965
714196
-747260
17605
-431939
522675
551143
-11910
924511
57299
-864678
-761817
842888
-289370
380708
-515343
195968
-640364
332132
859787
501891
-276479
-633083
-556044
225497
-1072
-337341
684535
440687
31110
200801
-490348
-254694
453542
527258
313367
-23784
78401
-698544
-99273
-864301
-563221
138911
978588
147410
-480382
-536756
-656622
-120746
795377
-796836
-618856
-481102
-429918
-174899
744395
569011
487761
428929
9697
-481130
-370270
519349
264176
-916729
46606
-422458
59488
-874994
-121001
960215
-739294
315779
99125
-760707
-536811
618743
-297462
-193433
-502003
-502086
9732
-120858
16812
579814
704244
-238793
148825
192004
-809865
-841479
710875
-180135
677871
-24950
-96863
-275524
552593
962626
-150517
-568408
922840
110189
747371
21965
349483
-789440
-359292
-947980
17127
138706
-450065
-973142
-982152
566748
606673
722092
-672046
-244503
-85904
-481911
-85981
-375030
337955
-408111
600021
-758908
316366
152614
-796283
-834151
584206
-873443
276038
331577
148522
-374479
542137
789231
-322459
-440736
-72064
227477
-413878
-54216
-205776
-807205
-332124
122178
-51708
581972
640268
862312
-793058
-21778
-545800
806964
219314
770566
-40423
423032
936416
-456217
549589
212453
875361
-301890
837975
417498
-512660
-484485
976762
415277
742992
-437116
-638939
-462784
-244321
28937
659394
703972
-389091
299661
566284
-182149
-722117
-979517
-375186
497198
791050
584392
-79771
727465
-871826
-530183
-60082
-996466
167928
-222108
421032
655269
293408
397794
70545
36400
960678
431606
573616
-283643
-539458
233009
-579671
71451
-467330
986613
889303
-189447
-992904
-485883
-692249
798146
-901492
227980
525611
-773318
697798
-534471
-769783
-134275
243421
651250
-479007
-463171
49043
591539
573229
9721
23144
146845
726079
483687
-620146
-853593
-444862
-87476
-866980
-555560
723078
-859884
-41443
-969172
938263
57066
258809
463874
283748
-43394
929403
513965
822332
172824
165215
-656676
709653
-785743
934863
282882
223979
-41993
-570274
-49943
-558306
-190420
96465
-3168
722105
229486
441273
445182
369603
-600170
476011
307865
456896
-265180
-228262
-259356
691426
-298859
-745391
513758
873965
419824
857082
583618
634081
791945
-133501
-141940
-250048
296226
808117
191646
-894194
-95418
-811523
827912
-865933
629751
273093
503670
-970420
-250896
-188465
486476
483924
583273
-772880
175350
-715586
-518271
-310892
-841622
901553
-453811
741996
535634
-661866
-391505
-606307
88086
904721
-798191
-720269
-989473
106391
-531791
838439
240459
-902041
111532
-255872
-872461
860637
555663
614016
344561
138936
841136
-480089
423350
-677135
209019
581729
-775583
755209
323724
760051
-906658
932220
-846257
181429
836941
-644447
461161
847468
461945
929370
685907
-297597
-972671
-202562
446532
-845131
-341926
2195
768885
-997365
-858870
610021
-477454
564481
932886
731565
146209
-842697
486773
-530067
917354
580116
-597848
-928903
-238456
-760908
-573349
-777296
-913440
888596
-847926
772467
-409001
-820597
-430096
-962470
-665728
227979
39725
-896843
230614
180856
713179
753161
-254664
646065
484725
891546
803368
-28503
-638522
720722
-448387
-236370
791820
313157
2723
-781530
535862
89283
-892935
687936
-138250
-301935
867339
431655
-264404
-798389
-340367
775322
-695232
890248
-43823
-982054
643408
701514
664011
128133
593059
467379
-900370
954538
188100
-348757
-281832
-20081
964400
720891
198390
500261
-189826
305455
188197
671924
-996480
55536
103578
-260884
257147
763212
-485563
561915
653460
470615
579861
296867
172129
243872
-575000
-234813
-288750
-475370
-280275
899351
175873
437893
-120730
140273
158784
-922341
-359467
968958
383115
828731
640882
386635
-115734
-255541
-874250
-858588
-492329
-359812
703327
-838870
-889197
283188
457998
282932
-472940
882998
-951881
238311
-592373
-232156
137661
583500
-794263
-983070
-276228
364521
-905410
364306
333479
477705
193036
-25640
-135660
-922698
718820
-9910
-781286
-773510
630279
922042
-612380
741082
205229
845619
24013
732290
728616
72132
-29400
-863758
839977
-891740
719743
-954287
-874809
-556485
410235
-780218
807822
-256287
697487
858
718074
-438174
78160
436894
551917
296874
663384
182196
218916
-948996
-76723
-575855
896623
947291
-843566
625239
19423
127034
761481
-140601
235295
481224
-94888
360487
924739
-684653
580269
732560
59060
277756
-266583
-222866
839583
811577
-785973
391500
108451
877412
-426305
-672634
928416
496973
-248489
825039
444263
-92054
450277
-536314
-965021
211758
323085
270275
-307018
-771803
-369239
-382280
-456456
-788971
-649720
602605
488786
83697
-620262
328368
-104726
-406235
-280133
-996275
-528824
293563
-668908
-600408
-209465
82604
-775369
-765202
990550
674909
-301516
-974471
-113333
-978431
295804
579649
-750233
926565
-802631
-206688
-862406
-452351
-604083
626381
631347
-224345
-45252
-473379
369421
674616
-469654
840598
-31822
-138561
-759810
758714
944044
-535178
993513
934594
-860270
-308003
960123
26398
-286434
255926
-393954
-36666
182491
-196585
756647
320086
351064
-847437
-53534
-17589
-71781
901215
509032
-702361
575830
-960622
-861763
-455992
-99183
-621572
-697279
-155139
-156750
-703766
-220546
-17019
-11769
-260424
-990622
701798
995503
-384575
-334869
177994
418840
-578222
-501921
-230096
-425659
444546
752315
502560
345760
261346
800200
-78411
300725
938437
465598
-798458
-683135
768320
46403
160116
-935447
825857
-856904
52784
-434567
-847525
-245419
-439064
-232100
419713
738930
-813261
841491
-762991
-43356
-584168
681555
-291042
918392
27315
970305
718591
948904
271029
657028
414502
472571
973894
182821
-481027
134009
247374
-655170
277105
-699842
-89736
429580
54740
471200
-802521
-525547
210130
-615781
-684057
447140
340863
-268224
128694
-950179
-349833
-843992
-979875
-631242
-895088
291154
-974214
519414
-236276
999680
-297765
282698
133688
949609
627529
-589207
-750234
-462208
840373
304506
-991009
-962148
778959
219122
-577928
-905098
-333739
762936
-173322
794956
812757
476846
950965
832882
845605
-944124
124035
871391
575291
887760
871070
-722475
170458
4758
-772866
-202014
415551
-523100
335779
255924
781407
344771
293777
560366
-436108
715849
655268
230154
478784
-518054
25109
291540
958793
-23927
124422
804397
31950
-751544
675787
-392760
-863784
546857
-115234
306675
-448386
111900
-895339
967166
588801
440440
223089
370207
-214790
-483135
-69428
349103
-767286
-414160
-420744
711499
67787
604365
3039
26579
-419563
-872540
-169025
612387
-624083
-493238
-780373
-487867
-946382
104394
818809
-394767
-783707
923470
-427602
805095
363909
795487
175301
-850881
-687648
-894127
498222
-454933
-308286
-922523
-743435
759501
681842
259604
-213920
-737721
387064
617055
874667
762981
-876183
-905706
-724886
-822565
198688
-906078
-217332
414982
-982608
355066
220076
381301
150553
-604623
530421
462906
-498749
28642
-992028
192965
106120
-735463
-47534
-212038
524141
738547
50241
-88795
355601
-75092
-325815
479418
19202
-50700
656854
-782110
43223
-560478
632873
60615
794589
-147052
-558084
-54859
248326
972337
-591953
749577
978
-583981
-57458
-892902
-319444
895009
-104940
-795303
633555
945302
115903
-10844
-129791
790089
-531426
889412
-260612
-874573
-892698
782611
-435051
740175
-156774
-640463
-406877
285142
304679
841449
257478
712726
591025
-741544
-871255
-466433
-634446
-190698
-571425
260614
13999
-937870
205916
-870098
51286
-923876
919991
519860
965537
-340621
645288
-927162
-558010
-789764
813014
285216
-430226
-593864
-429643
874454
-752416
827835
587180
838610
-913709
715925
-627824
-548155
-474774
-199248
712460
539226
-137118
-81625
669128
914169
-5500
589119
434028
-39963
-751503
79316
32876
-309513
289553
-154111
975703
859327
252025
-453941
733781
499610
-626106
320960
338220
-539814
36884
710397
-87969
562110
-488852
-375509
101336
374031
542867
-229537
288200
-462634
-640419
-277772
497403
-391921
801544
-469721
298566
91096
376168
274269
-49577
-371807
820328
-315797
-872197
-805778
-994837
466023
-345592
42048
176419
566440
-395842
687568
-809069
705494
61599
733798
-524043
-650202
-728836
-164462
72026
768567
443617
-126430
-701155
-257817
964666
675014
-983549
-84911
-696793
836780
599293
-568990
-968998
604456
897033
-314590
-353496
73452
-748150
250662
-238981
-557219
-43844
822619
-823422
432113
-827584
-552258
-732349
244443
-783691
711269
-881987
-484845
-546549
-917322
-809831
-530098
-2232
-506624
-693318
-402940
-75614
-662316
-798484
-178581
23095
-151980
894872
274945
-901318
-344110
717727
54838
-521491
894306
-513049
-349075
-657953
-245398
895369
-441643
-534130
-986619
73513
-80679
-903940
263683
389224
93828
757059
695907
690889
-318555
-966410
892406
502865
56686
-259575
397736
-668370
-160892
-946374
-950643
893947
-467865
943663
-619103
183061
-714290
135499
78430
-155933
601369
91811
917581
-479310
187872
181263
909915
-718300
-61678
605821
972589
619768
639412
864994
122632
-303903
-394581
-479633
27728
444528
-426006
77085
338474
106129
20747
719371
-710810
306457
-145130
367620
-849476
-543761
-540570
-931896
-23070
647303
249368
-113156
929003
-812310
-507335
901591
807458
-867924
766585
-69910
-171826
-627997
450458
855902
816531
-975549
-67014
155005
130581
953734
-125625
419771
260190
729246
-212610
410715
-814516
246821
478820
162414
-105877
-271813
-950742
-176875
-84122
-458077
-275284
-276665
-326000
-508700
653426
502174
-136697
103883
358076
-320166
128334
-708938
834839
-741086
-755205
-290786
678685
504986
-561541
-533925
-84300
-376057
712896
-605481
786358
-392982
122707
835616
430144
-961415
-622462
-845141
-238080
51538
-353841
-584654
-446288
509463
519229
911788
-810704
-352438
-797151
-975865
-93523
-552355
-266651
-414838
952631
171809
51237
-131669
795753
-235867
262851
582110
371152
-614443
417725
-198705
-575858
795264
-43845
186063
-153198
602314
601409
400515
111777
120638
312302
301074
768201
515152
325209
-325323
962798
-941442
259840
915429
230367
-688923
-216241
26120
75210
-953391
-391771
-553639
-567833
-974046
247657
-143690
821219
-796189
-957627
-331979
806126
643783
-931465
-82098
-235580
380838
-781024
-467380
-104010
544186
207298
-141213
602744
-532863
-225785
-166889
-221786
557975
859231
853425
604585
-532540
-700214
-963249
-506585
547443
-106939
-685367
751255
-64565
-17346
557381
-420783
51190
-524718
343637
-567973
-305741
876258
328017
-761556
83555
-813196
841189
550693
-38980
-325701
-671093
-481006
-466470
-817669
-876422
991
-517883
-839670
494406
-970440
53392
809040
780816
988827
-208306
338196
-431957
842884
813479
911680
-725089
-492263
787937
602929
-253819
-128508
789733
-412631
-577816
-249248
261669
-248909
269746
795200
-66578
393325
-203810
415540
553655
-709404
445101
-392954
-900364
225917
-404128
-108670
-435888
163915
-265786
-622410
75595
9126
-114672
-136468
-387946
631510
735024
-598213
-781121
-842793
152539
480549
-91701
-577715
275748
841722
815611
-928062
257261
369265
-637465
-297638
976312
-537829
928279
-427817
353502
-507609
736099
-912285
-130018
-188306
96842
755310
675226
708896
386820
410250
-889317
605699
567458
263223
86247
-524244
685509
-638005
-682523
501119
-566066
574739
-129616
-203531
-722900
-153305
258640
-794621
418879
-387859
-302230
154978
-300143
567752
966673
796699
323062
641898
505595
-290119
52148
616278
-684420
-380395
-120500
401828
95361
-434992
763823
412839
-933873
-802244
-12423
-63489
-5775
264678
783207
-747135
470057
202085
-134994
-832173
-642937
564863
735579
-676265
361562
58640
965634
-132844
768522
17781
-516566
-915899
637387
362934
485929
-267253
927943
249752
-854414
994070
447508
133163
-69419
-558267
-602160
-286213
-305402
867898
915872
559605
-964276
-727065
124467
771304
-403330
-513971
-170056
-437697
353185
-401535
580085
836620
-317433
217471
199554
-831505
950219
127496
418247
-904196
121566
-134245
228968
-947854
307488
626808
-234067
-997914
494706
-318195
561691
530431
-45260
-313842
301734
551410
172187
-868323
-886287
-474628
-269857
693798
-638009
412710
-88731
561545
581205
-138513
-310959
-548
-42708
810607
865207
-813741
862754
172695
813068
-371314
174781
307774
310491
-263528
-161796
-734769
422630
-860063
816642
-405183
-728385
930355
120189
1758
624153
482181
-585532
-464579
43726
995674
396909
732767
-4875
-645799
543374
-139668
-459540
406127
-966974
-646472
-965187
207808
661302
345304
944280
-500495
610536
366909
-360558
427177
961726
-88942
357532
81915
912817
-18316
-435905
-672716
517106
607822
-677043
-85985
340589
318082
268216
-116038
-821587
808676
-709911
-788560
-837797
-675098
419248
823505
670207
363527
-676990
280742
-269565
-37547
-292081
-307839
873511
-934550
774076
786327
47134
-661830
-886390
-435760
945992
-563432
478255
286581
754650
-253530
-829458
933064
-444854
-539368
-855496
-282650
-214466
563752
-459145
-544259
-72722
-136135
736484
657714
826318
-555598
-650126
699829
-490148
-876051
486155
556987
-537880
599766
-878773
-591888
-963667
599482
694693
790984
-654048
865236
724048
-98902
-674133
868552
618449
111402
432304
-840697
567143
-640418
23168
303627
-982705
-150514
748029
-632830
-450686
-742119
-508880
-964531
814869
-46760
635235
936096
361353
671569
535578
56046
462553
881530
-78719
186600
-217372
247149
55152
-598924
-641449
-512545
-439621
925694
-152963
583548
229320
-135667
-566967
-22651
231503
-17652
235230
722623
17817
50098
-324137
-346949
-13807
-962784
-675380
-478230
93262
787173
-596700
-985457
-26228
185928
261692
-971076
587005
620244
-483621
-852616
545937
363417
730932
-224743
-772251
-836036
752607
459253
146313
-12164
181876
-835871
-962066
857739
-182819
24128
894955
141801
545899
-11783
-71027
949199
2760
902746
135127
-735548
931670
-277869
884696
-551951
-130484
430633
811467
-399553
-794110
-960784
-235588
958497
498469
910725
-53667
-319656
-925147
-15733
-461917
-107966
-991605
-566962
-966165
554294
421256
-37192
503493
-575985
-134446
-361381
-311532
-202776
360751
-426836
245274
-769734
-996204
56740
-169286
-790313
95956
595126
-831817
-405575
505850
114517
274770
580704
-901216
812854
-527262
-892821
-754108
-493427
661474
667148
469382
164966
-908838
-665065
803586
-220369
132160
164336
352795
-622567
394603
356591
434174
-774684
566278
-469871
820443
734462
124555
326292
-151021
-600676
-93004
-52237
-787823
379734
54943
-541931
886307
-283584
-874783
355688
881382
-783620
690624
684967
-3989
-177216
-150697
-651195
200217
-756095
705397
-365610
-530778
271675
164520
-710336
6137
-710926
615957
855116
-311601
-477048
-197121
-99423
902686
857822
358647
788993
-425763
483864
144681
-544381
700244
-164696
-859415
-303746
658088
-10112
45060
-141695
233794
-249544
492696
703017
-977869
-342785
992681
28268
-53710
608638
-116616
634689
-868411
686263
-464735
-965725
544084
893913
823268
-881680
377776
-32052
-426061
78019
803253
-285475
774274
461341
704414
-180667
-680355
-61793
569790
812341
-358777
591921
-530444
-366096
-379811
415846
-757459
503573
50535
-625869
189835
585801
-591594
-266082
479713
-768326
-147761
-142512
199622
426179
935508
2874
-859296
709781
-535786
845118
-470886
-216140
-216676
-901096
-403799
424548
690825
65757
-941548
-688986
-518397
-699006
814587
532138
-324875
4422
117938
83532
738340
-402349
315206
-409421
455139
-485172
-983242
390647
517702
-842538
100427
981917
-997421
629542
-234223
-214096
728446
361978
-789548
419271
-572265
-731095
730285
-90661
-430101
544871
-558524
245025
-450708
559415
-671443
-712368
-842935
643763
-121788
612205
-841410
-105030
2851
676293
52433
-896722
658210
55012
732820
-576014
840917
461266
785965
-948632
-119464
-786301
-679727
-389179
123038
-109827
-844308
564515
-864802
-295016
123930
-536245
-7383
280996
-892482
870830
-106800
-733892
-234200
896052
942402
818233
999330
600612
-126755
732150
-975403
-285839
193415
810562
-234470
-926049
-975739
85804
-315228
147299
975977
-159536
-288186
-888825
545449
835744
-425070
-461934
116739
-317552
-591104
-990061
-51443
174696
905991
-109042
-7071
905321
-508431
866174
637470
-483833
-419665
-169115
-673271
345865
-95163
-649010
-568331
589610
498290
-592354
-569926
-789897
-481179
975523
-954154
93751
-486411
162586
776199
-77515
172525
-275245
-902819
78516
615714
90110
-16164
-892717
-43717
-378694
-376549
536619
452192
-49820
-117516
-642972
301171
314153
946638
-200540
721799
-623288
9563
-759381
-647766
55410
334371
-134176
-782004
110569
788310
390521
835325
885491
-530963
451039
-24400
452873
558323
931884
-925821
-818227
468502
526371
131954
-649014
883400
-566876
665139
830038
232584
386938
-793251
-757853
627557
-441017
297558
-38073
424808
515554
-927504
213117
-93925
907822
98607
375112
358861
-925793
-172015
-82817
-993910
-97836
98957
474593
-571466
-769090
825579
-688067
-335965
490718
-858030
896620
-122345
-651281
-861234
-494788
-92297
436324
467140
-667490
-48123
539637
545628
857953
447458
-355766
233064
-193681
-281559
-938952
723502
-275468
-36787
-177541
-800875
391747
53370
-975297
703681
717405
515422
845652
614024
-606924
-805629
752791
-101711
102075
189114
-634572
434586
-859009
905065
-19787
998944
352523
624448
232008
-841159
-657112
293057
882344
67421
-743731
-295198
266546
648017
758172
291250
351697
475577
-193329
197349
89601
199748
391720
-157609
-901964
-506205
-968495
-536536
928381
-827503
-631471
-91407
-828560
721052
-466960
403449
879894
-124071
-303495
762237
943350
-47226
-532961
209896
-399210
-774789
-498855
952488
700788
307816
149836
-209612
-492436
-458444
632780
-394400
35351
664285
69065
-36269
836782
437594
872325
-991778
158646
-594636
411671
38540
281294
-891825
-199224
224643
60950
267815
-565461
661740
493027
-64316
614228
193814
-756500
-235936
984203
-248936
305620
616983
356664
-659029
281267
-574271
304703
118049
863323
177027
126272
21969
582392
-462058
-939492
-136315
-353882
-138715
-911672
707068
-870900
-477133
368808
622127
458552
-16964
-184059
702052
747100
-199856
-546884
52719
-582874
809781
393691
698393
-764491
-301607
-183558
-901168
875421
942714
120801
457813
-519344
181310
-678503
126774
-957406
-590174
-166158
-828306
-67306
-797350
793822
-608754
185686
-390238
-906703
-67215
409906
-453587
985505
827032
-643807
379196
525425
-408297
-922412
-658133
-309465
953010
-715420
811336
410822
-234763
-7354
732320
892011
35240
-857855
-274147
206935
74840
-71496
757
466086
-885810
610519
559384
46975
20425
-894203
32480
-152543
-538009
-588325
-627118
53694
-510736
-285251
744229
-557727
-670
555565
853095
764567
-451790
585415
656578
583451
727560
-617569
-209614
-197600
310935
791144
-731514
425126
401663
827870
-527900
-577913
933667
504581
269545
-604342
916257
642427
449352
-594480
-642824
193580
-152206
356507
-250855
-299111
121073
297356
-713697
-222349
-119193
-986137
160082
671193
-183737
-528983
462336
84750
896143
-136002
-87381
-631757
286086
-153714
872825
-444370
241944
789081
-801943
-308704
-805399
-444767
884877
42396
911741
-365979
743285
32813
931377
-970413
810465
-187817
-956549
-29453
-516624
-140285
441565
945713
944465
337708
-190289
-142917
705951
-904204
703370
578776
-348573
-54686
367857
-150515
636610
562459
404719
521486
-395146
316459
-844493
-651862
-650728
-913117
-622274
-840264
-100933
-578822
130283
382444
280893
-428153
328156
225357
909555
-862133
-917560
615506
-766337
785811
194282
-114909
-268876
-437862
734576
-632267
-875404
139294
889220
-270550
-544247
-955274
77589
-194975
-868390
455316
-35239
30678
876494
-904956
-586879
157386
-333109
741277
-617257
-423554
879144
-534817
-808049
-887193
-749007
386234
-2101
-17882
948372
-267525
349852
-927032
871770
239071
-197582
-672478
283798
880008
132547
415408
335323
-902692
-553915
211816
-807648
-140793
-630799
-140756
-399517
-248056
435690
-520373
217128
627642
-407565
468122
13875
590335
-549761
-37754
-677191
800091
35215
-805421
39162
837633
-477899
-677041
717641
654649
738368
52963
751958
-815548
-735222
944310
43660
-366020
-196447
644143
385925
-760758
-876230
-396948
866885
-283794
-928826
-119241
-693459
-478587
843006
-370649
-678497
-121780
-176070
360665
-284147
346032
683625
-566507
681
421992
486456
-247362
606445
751235
-303053
-349896
-614785
500501
-705753
771140
739744
-581982
-625808
606628
134225
-554634
-512614
440766
-33220
-669608
-929884
288283
208612
-105953
-351052
924466
-759921
-667427
-642042
240760
754565
844415
993399
361010
595649
-309654
-988887
980864
-809154
-694639
752004
930590
-276621
-873805
537217
857604
-428438
-975397
298370
538342
-645005
368487
-173375
563608
-737466
475574
488073
-497387
808147
846032
743374
562711
690446
736772
-76280
286095
-572883
-65166
266959
-382037
240195
18962
-451447
963575
145158
-914230
821178
716721
-889627
119548
255062
-534631
-511965
-918313
-971024
-249431
557261
517049
253182
365407
363081
-3444
-71882
53526
-266673
851839
-660380
160444
-213328
606579
778408
-973133
-374459
-673039
990442
770700
-587269
811620
487420
-476896
-68833
-257519
-11527
419202
-175831
17450
-830229
-618571
-465501
422953
746837
897580
-580492
-325046
-48895
152836
-473208
290726
-686720
313465
-102695
-908313
340332
522847
-581351
330774
293546
-168620
142393
-219035
354484
-926440
523447
-657043
492762
-652385
360407
662534
-270956
894906
85486
-524120
792485
504995
150835
-256410
-342170
677628
-965684
-28889
-8908
-68379
62799
-668576
-545533
481448
662198
748014
-687173
-195409
-471022
667312
-121849
-947576
-989732
-629087
-599961
370676
-966554
129084
265581
118933
604965
58066
-376073
-244200
801656
281758
-566573
835972
-747132
424520
-232407
315667
755945
222061
-202885
418143
-29926
109942
-777267
499053
-222747
100884
551477
-212478
471798
951517
-841803
505244
80601
423779
-375823
-314434
-518156
248105
441366
-716500
-470138
874793
-880528
-217269
299313
-112934
-901602
55257
-890874
-104487
-526601
79201
-994545
-303867
-421747
-217291
797018
-870270
570231
268815
-918753
728429
-225941
161848
152207
398236
847414
634052
-353660
288779
917552
176203
163572
-962977
958934
-537115
-75911
-942668
518143
33216
-47154
991543
-887584
-41699
-312325
-309330
741010
-515308
-179599
311240
753508
-98352
39669
-472434
-936505
-808125
925803
910910
825927
-427857
199689
743479
748346
-636739
780502
707280
-173854
-295409
764612
-655712
737808
-282542
-664170
850225
675759
23506
-459106
416768
508198
361295
-271992
261706
-737057
767677
789273
-673562
959553
715075
-762652
785480
-712783
437037
528958
-964437
800298
309460
742843
-373557
-985950
507455
-29268
751859
-775088
306562
602083
900672
-669933
-857023
317439
838266
504273
-954553
99972
767216
813125
-110756
-906346
772677
-395681
-668998
558156
-108464
768039
87114
-72900
568336
-603427
-330058
-805221
-589376
-822603
165511
-837518
-597690
-527927
764565
-697019
-197859
907543
620421
-359593
411815
665868
740379
179030
478993
-370378
272684
251670
233942
603686
-190174
-874522
371725
896940
52578
-59940
-706488
722521
134840
-295864
899918
-699650
-133382
-697773
-227576
-368817
-394792
574565
-461275
-774372
-785029
950541
891497
955351
129570
370490
-415027
-597746
-377841
818915
-994060
431985
944393
377665
328924
-3029
-682276
622436
-280509
452565
-673429
-380592
752915
193190
-78364
-474661
824373
526844
-900097
-636902
752473
-685125
-686362
643970
-729774
443209
14459
-144801
845463
636618
-325886
851403
68603
-381493
229067
-602474
615478
546792
-980038
-665032
-644
-653467
-45624
-247729
539724
876012
277610
364097
402856
377514
727195
155329
692390
-959167
-200701
962616
484042
813758
-182185
329505
450376
491929
180908
-481022
-889565
-590026
-83495
725913
956767
-63533
-939119
-43877
283001
15258
708395
-177276
-108730
-13995
-813180
-705875
-636482
914016
449455
-944093
954850
-751247
-981477
438891
-937489
-163662
-231604
512888
-671734
949304
-968135
-561298
-640722
-51629
-835385
-683956
884838
-774504
272168
167839
240754
-19438
990563
-867976
966568
-822617
-573850
-669915
-908601
875605
-614007
-953752
-875642
-595484
485140
-813131
240855
-746465
699757
569121
-797162
731623
-992177
-437884
-320006
-827561
-121839
-435169
-602064
-849672
732670
638691
130891
723233
770715
97458
900617
-803136
427544
992016
-927532
813537
-961737
-803173
-781947
523403
-616303
458908
