-729123
925034
599455
-193982
-829744
611270
290313
-505201
-380226
966236
59325
887666
756525
556575
-166604
-554688
102245
-907555
235541
-149555
-225894
552309
324775
-659324
-361778
-377999
382208
-793143
955999
604480
226420
-773124
529513
-174126
32895
699769
-562857
-676793
-805432
56918
-710557
253894
-55417
-954032
-189532
777979
-508720
912714
870424
726822
-236842
-355470
279130
-912067
-14794
917353
-290065
-632586
-875791
-334067
971894
350629
-107191
501407
-823497
925705
201176
-386353
-751088
395745
670565
-461644
-350362
-384852
-415676
460107
-606874
75604
372821
-736450
-197574
-864022
-91920
-918445
-776089
893287
998908
-66154
-739300
-876883
599780
-767406
473747
-507411
734001
650250
-581707
-64824
-736103
-332795
-669080
934463
205561
-19441
-450390
789885
-559334
-57263
-134511
813487
206288
667916
949465
-885633
749471
-826624
-992347
748379
107223
-731646
871496
-292997
-499052
345242
199592
-765051
-4508
617886
170125
259390
-714909
501046
193852
490653
-518396
743463
280538
-77729
-313800
-853974
-264243
892488
813942
-314778
-993146
563413
-141401
-985492
311792
965823
-717137
183287
-327175
-216189
-471471
872418
18760
524022
490303
-811115
-216589
775395
689932
977264
266047
-828464
720726
-453416
93807
-593074
-307389
829564
-700587
-493447
-485214
-693732
-930034
373385
-679223
381758
339207
-396360
-434956
-987968
387452
93574
884450
-593788
-382405
374753
-404903
401007
150148
-714972
378270
-583806
-543435
98996
-37221
550372
505922
655390
379936
805335
-838057
894722
-888398
-768091
268107
-567620
613667
-392686
36020
-821289
-380654
-576529
272285
-496204
-170317
889881
878550
424781
290887
28697
709810
-330844
444891
-833626
768152
-592330
716746
274074
-936940
96681
79408
-774997
-8597
191011
-543087
-740490
623391
-929421
-133176
-340589
-750709
486171
82882
521577
989967
912566
411457
868516
337346
-297657
-102787
47156
371500
-657897
213530
139652
-250227
-69724
-586275
-187166
-973043
493134
37837
18360
-315856
494750
277871
-692465
565330
-855306
-33054
814621
630865
-950172
336197
620832
962394
-252346
489348
299739
449998
-613440
-653106
-178503
-271336
560425
961150
478438
-509300
-625125
-708729
-482343
868009
329109
536018
-447847
-176142
-186112
-140311
-610812
-41417
826635
-796192
-410552
876463
540006
-789721
838857
-712341
699628
138596
737658
-913813
485491
-440845
-185149
45915
-479696
-706711
536616
-104820
-415440
-945728
-236812
913669
590291
315342
-262473
-595821
-824970
126715
362762
-998335
330524
952211
878129
-129470
-837511
716985
158190
862118
-144420
-104153
948305
-658930
455003
-236844
386986
975307
56445
-76399
-129514
641006
-22126
633675
554675
-431836
-50984
-707799
-27656
124047
418917
-664894
125712
-250559
-712684
3840
619972
-550194
-279175
-221839
-688077
576405
674009
-739772
917476
129011
23385
304461
104318
-920171
-771939
974805
720836
205935
608480
275510
774100
-442505
567712
-253556
681543
-13371
81550
-192746
736071
368867
811095
356042
818673
-468081
-865798
-869404
-891676
808212
-609176
-974201
-62778
414209
330260
-958460
494039
558322
-983656
214875
-235743
624824
-509615
-461644
-817681
-941904
284801
863862
44726
-633650
-328884
-219204
735217
-517790
-863163
553890
14130
-728960
684486
122454
-920748
-924690
148253
16475
489519
-521487
58015
-16442
-963165
74359
-801568
-198908
-300817
-311183
339449
-118497
-253086
-375751
-254636
791640
-9400
416481
-427564
-274183
898691
-290726
-720293
-87179
-19686
964193
-964726
59567
-960497
183528
-923959
529023
662041
134056
-487420
698877
-791585
-288987
-500032
-92402
399830
839418
789102
-853257
-536334
-465535
938384
454267
950947
-489180
-819917
849638
220094
-540210
-237542
-799592
-576017
-202268
259975
-536513
981260
336016
992510
643301
-529929
-494911
342177
-321513
216102
842146
586086
-384068
681563
375187
-237324
-854771
909653
-298940
599497
860599
211880
779581
710236
-568027
-760629
-527307
-367619
-336645
270426
892356
126842
251686
228372
119351
-105013
698444
624441
-762837
-623070
-159457
-920691
963016
456476
760873
338203
-780849
906103
247855
-79788
505599
108453
-867909
285180
-181311
-435936
524551
291383
196446
-812095
-438191
88802
314747
813495
-682827
-565902
-291519
-984384
-941461
-54355
-607453
-100918
24955
-644437
-644443
-214173
693766
-425291
-308070
-58380
494921
-802472
-949927
627012
482709
-131238
-808924
7259
-839855
387523
195164
-278046
-523676
-490089
-464552
-206502
-55990
243930
-190885
2549
-810425
201662
901631
214530
557225
-742812
-999643
250991
-168102
-307713
-807389
-673182
-110184
-757316
953831
-627476
111447
-855093
379783
271592
532430
-425053
993547
-991247
84859
-471005
-197749
-971132
772925
611366
31417
962500
-186972
-66952
177030
-629747
190237
177387
621244
-977866
869674
813855
-651047
-240511
-943461
-697216
132014
167986
-552309
-488204
-560422
980121
86744
-566876
988875
-828398
-37881
-208874
-799530
-264956
-597508
231888
-302456
215520
-835065
874574
585773
355173
51960
207017
377307
-78366
20871
726261
681124
77410
-970956
-186863
-754604
-523265
324933
-315026
-543144
-588323
118098
-554269
-416721
-919783
236857
-216250
-184739
639349
-984363
512805
-145131
-819427
387379
-559359
535746
-560662
647659
-86947
360973
-331471
-360687
42096
745940
-331642
855233
991337
145094
180166
-323690
601951
591843
794409
-952319
-824879
874627
284539
-41129
-310113
-76112
-25491
-797308
778757
155082
590071
-780602
-309172
-970591
867057
603882
390382
-464414
-756805
-567523
-718474
-88447
-712290
-727138
-943354
467876
-50827
658598
59718
-256418
706279
234840
-381792
-9182
-806289
308096
914706
168220
510788
693463
-676698
100859
912861
14130
130268
779918
-381988
-479350
-684497
