184238
574234
725392
-195412
-133791
-355043
-666931
239424
-114215
189935
-475153
-27183
-189707
-863979
402581
-586669
-828041
293149
882301
-69642
-622437
-251452
451575
879712
-899103
570970
-149409
-38107
-437299
-727099
-996481
746940
847135
728912
-448473
-286657
-626132
-115403
952768
259654
-925469
-522385
-767529
-115175
-386364
635052
298157
-214404
-71800
180457
715955
305764
929006
167529
185476
-970098
-261502
-963934
-8205
301200
-691033
-4685
48139
-843899
-275774
599667
-130555
98095
-515736
-177788
-642252
-441205
299828
-409780
443620
913464
-774729
-258224
-300941
153472
922234
-584987
-540765
851239
582543
644711
881141
-678959
680778
-127064
622241
989745
868251
-329620
-854154
-407524
-729953
15292
690572
-245689
837505
-951680
313106
137332
-361460
-243274
50796
-136188
498503
749856
-982717
420736
-835131
-523481
271975
747412
-878770
153116
-931548
802009
-973949
690694
791753
894302
-638926
937600
-513222
-368879
-47108
-822650
385432
-209604
-774330
-301462
927729
-135789
455265
-21476
728023
-46233
-271621
745307
-625497
-106752
-778174
646478
-359340
-656943
-200407
-290888
-854935
-174355
-600194
936818
-280053
-239120
874418
206725
392002
-172691
384076
-222566
617705
609746
475972
545433
-526043
-68764
-476043
-798021
885004
252336
947287
-740493
-854416
-830888
905985
-213756
-487831
-294422
495356
-342766
531223
895163
-405948
-748831
-343958
-531531
457895
-951956
295779
-158029
-174522
-86516
-548283
-698551
-541084
-74326
232686
-17126
127654
117690
-764791
74940
377197
-619207
244053
283182
167037
756222
988761
-337607
-586544
519983
-442445
7509
771153
213598
475979
229048
261642
-228243
-928982
-912881
685241
-477265
-611431
-855843
448409
621256
127031
-423938
-261054
362241
651003
-883858
743034
-104945
399325
-89929
-348723
388085
572464
64734
-91932
-869981
-927758
-320779
343617
548221
908269
-394741
-680022
979288
-307621
-994782
-497978
80949
-850624
950432
-297796
276407
-473506
441151
-361353
-822504
557293
-618319
72552
-43382
291752
723829
-655298
-135784
-211438
252771
-5765
-139195
931992
-662148
-590975
840260
-56888
-270997
819547
635491
-265778
-678431
-283560
-116402
-728000
418644
-839995
-201506
-140206
-201347
-24009
-582913
180335
-951458
373706
-527913
772372
718408
336303
-439066
-28822
-669462
421739
-96831
-331609
830765
-256571
611503
-440232
-437024
246994
293991
-115455
963434
-822412
156546
382078
-662406
955040
-758128
136247
-68969
-341040
-683419
-20426
-967335
-211332
-248055
751074
-875029
312880
-277748
-544490
-265382
625422
123901
-434617
-631150
-264596
125151
-68173
982399
-580859
816372
945832
-403270
-27083
327910
-65676
-72043
569782
-929429
858988
-771258
-612847
-161438
-738593
175821
590507
-987519
300793
-96613
-265267
756303
638005
-639846
-119796
-796612
-270995
615608
328539
660832
598007
747681
477204
543838
-655589
-549880
-128252
278736
378078
-558470
349307
237065
-329728
736461
-924373
-68320
-87718
666135
-55839
-786926
-430479
678894
969377
-792475
-960952
-150419
-589086
-231946
-534811
739454
-571115
-936805
487134
906089
607034
831546
-643791
-521219
110281
734287
-79689
-540412
-28648
590583
-803952
46979
-477738
108330
-286887
466424
321405
282634
145318
290782
490160
184366
-859638
901074
952420
-394449
640527
-618695
-331253
127661
-712607
-724220
-40793
-356397
-245439
-930512
-622111
674873
-470924
349241
265455
-274875
-603781
787718
833456
109333
254142
154861
-608034
-600541
-554358
882127
583826
-413995
783200
536245
191556
423727
917551
860303
-448612
-795056
-863917
510595
-151453
-109356
580083
226436
-434484
-890841
-424324
830972
-165716
-28104
618690
-332260
-918772
-127169
822601
-526805
272291
-731757
-644679
-143884
-145752
-861479
-607639
-954196
562248
-690089
906108
-886365
-485145
-957810
624231
363403
-67165
204313
-410162
498352
313472
165515
329324
-852244
-862590
-51987
-184503
-781361
820845
-361902
-308166
93136
-93659
47156
949252
760589
185677
-658387
806394
-252075
-348476
712501
-138439
166380
754692
-514209
-470218
-312474
690104
119621
-814122
3576
-714865
515202
151332
-577454
-536785
966829
-358814
-715941
-395074
333020
377196
511268
-619825
326447
271857
565853
668061
78250
-686223
-680415
-209249
175338
485966
-454558
661129
-984252
232969
351233
135369
418847
-645192
420505
-65952
506141
843052
397263
472970
-515763
681323
-922104
817258
58519
589164
-802567
-615034
-138979
763286
-946974
939271
-922938
-627389
-269978
252401
858577
275464
-86471
874325
-491567
-735238
9694
927280
-380429
-569801
-138672
-874289
-726750
-741409
598681
-242512
939914
676578
-425255
-1568
265741
-227822
383399
-873239
-464536
436425
-933968
-387474
809036
-203946
864928
667613
-928482
-221544
541938
-420049
43219
-448369
-492770
662790
-18170
368558
788501
255081
627149
387182
-987432
567063
63759
-412687
-434505
-670500
359492
948894
-543738
894957
385319
-477706
-492517
194355
318349
-627590
-138033
389867
150867
-596096
969818
-805915
-44464
-522952
856875
937367
845607
645376
192447
472756
32558
205015
39819
-903683
792329
605315
-574183
151821
554208
-117921
46777
-60473
404374
554260
-866119
-277278
926670
-4152
-887411
77536
399753
-917593
271622
-644712
-440545
128496
-707345
-594939
-226128
485102
877818
806430
-309884
-82364
902747
-517555
-477050
-671436
634266
-922842
210643
-318957
16685
-384983
-764698
150566
337740
-838028
-853586
450329
239508
546167
532736
-488871
901456
-907809
639626
-805890
-502747
-586503
679213
-624930
-780073
-630672
292707
-877327
-148226
815658
-548763
-513960
892816
661881
167083
-90499
-723102
402385
-939934
614638
564357
-793519
64967
-196135
752649
-402297
314995
654104
-310105
-45380
848215
187148
368118
527427
562219
588046
896756
-145074
710719
-251470
-329417
-838044
234570
-436602
823838
-598348
472899
-899265
804038
532966
715374
368394
739447
-219659
-827741
492096
378045
487255
146200
-932061
-558126
-5586
255088
809993
-478159
-182694
398038
-581403
672232
108757
167127
-657186
270714
-598304
-93787
94551
-196651
-620888
195287
-392614
912078
-89339
975781
651525
691002
-851961
143620
69046
635294
-710181
136986
-922832
284234
-607927
887162
806076
209379
285200
-775328
-118389
-606044
391800
224426
664670
793497
-869361
-240779
-403155
-490249
954509
204231
-578171
-134831
180012
-926646
-443829
328051
216975
625217
-36655
506795
-237797
40514
-208972
154276
-72324
-402896
-636345
-787125
-178223
245267
-393169
-786424
-530308
-728499
-992928
-399669
30723
-396082
110083
-14769
808149
531913
850401
-11839
605267
-593429
-683789
-177759
-968212
279557
-670965
-206009
-679929
120064
948267
247747
717169
-688078
460622
-461055
557189
-932547
-247479
-973120
-661045
-240406
-372788
369679
363512
737296
-645091
171661
269208
-794690
-840179
-125526
-388119
-523967
696716
-356331
755591
-974249
437661
-924339
145816
385928
323408
-137016
697850
-215970
401929
255038
-148516
-845551
281919
190440
-85957
909131
-439882
-722445
646427
-84972
449216
-84366
120338
609038
790108
732219
-914930
486824
-624112
840661
512575
813550
916323
-341610
199477
239731
521374
-102674
-976240
-76697
-847636
-124755
77752
434283
-934316
991796
343414
-374198
-730649
-10160
540830
718567
905474
-338832
327605
695582
-606614
412675
182405
-230725
253336
-305020
-417176
169659
353370
782302
-590611
-125256
-320372
-566850
798047
-168008
308395
-124201
-733725
374079
-132406
609689
999882
136946
-400471
540712
-144487
-494998
-798121
-816883
-799416
-404734
595793
382989
364541
-150871
-922032
947366
-981213
431339
729668
-571824
-693918
-590705
-138674
-895871
241288
-830279
-20072
507563
543801
847523
117252
543682
-15532
716781
84394
839981
-778217
286273
-976902
-577633
881539
618891
805357
246080
-531981
883325
193446
-513193
314664
-76887
-85017
620747
332409
776310
724876
-426304
946032
-295196
-918742
489832
-447673
198510
33514
536796
-84709
-882093
376777
137074
404180
399875
559441
285719
18766
364797
-468202
486786
248122
725244
973593
-437215
-351643
-111424
-816468
980766
-335114
908409
-445539
-389083
-386788
-364280
-899252
165539
834231
134262
-297665
-250479
252169
-920889
886595
-343652
478986
446035
942068
-502249
-189168
-526135
984537
-941047
-800891
958130
-378261
-152533
-153295
-194729
-171768
511591
-286321
382694
-877493
326892
-981587
-776745
-507569
852644
357518
194766
-397835
-390314
273877
-511241
266035
-247138
934795
208102
250614
-254373
681968
235151
-195420
881077
193280
426320
-271457
-960015
-768409
556776
551576
-54730
-60531
674084
-727838
-42117
897340
-235407
-189473
254857
959359
412692
864544
233236
901452
130578
986099
836246
-661320
236712
-418127
-979353
-528137
386454
901725
665143
-187227
-369732
705129
44364
-812956
256704
989635
126513
-69212
-738204
-915605
-171873
26389
-105077
-917017
-14252
-692386
947528
-781017
-790935
78106
-794919
-954689
416786
441794
-372816
437434
913657
-986363
339159
578800
-173589
969427
283928
870776
-843530
-459368
860410
282984
471420
-877795
367380
-700454
148595
-737698
-617470
-865657
-430084
-669942
-646673
-221018
408164
-441591
-175707
-175051
-999798
451478
-737617
913860
465116
601542
492660
-708473
570969
-223413
-837698
727439
317220
-977289
10423
-211361
-855083
-622198
88186
293513
-359896
470717
427857
210021
800775
781184
989003
208938
-660408
-186704
-966113
-660205
-735226
-703730
-746345
729890
897813
746315
-978583
468781
-477098
-816281
196219
840122
-793570
-793359
-371239
-648652
-415556
716947
644861
224548
187664
72718
-565432
-11561
-146099
-576429
-802623
193494
236867
-768736
533290
501642
-472465
786946
231532
-574653
533260
252949
894128
-943838
436668
90347
896285
643099
296989
-474955
994447
881433
-758008
639308
105981
429656
-287975
540550
-581905
565927
964121
-384528
-240580
200988
-153263
-707290
-297371
374273
-920345
934161
799620
612916
187110
693748
669078
-376223
-215905
565362
-733125
-918916
-909593
-738678
962518
-667601
900631
68498
762056
-387344
-390952
-819850
-821418
-426831
-204377
-61997
774157
642360
230713
-523214
16632
310369
-589053
-183748
-76716
598057
-490000
-407638
-778166
294096
-842277
-511290
375180
-751870
-249968
337697
-419470
-349337
-593805
-657414
263319
15243
-477263
441901
588412
318360
-620097
362569
-39280
610617
839356
977353
-79015
-749698
-206396
844269
848360
303605
-563370
-929807
-402300
-405646
-441097
972881
-157515
308936
310578
423016
959599
716773
765602
222918
-267984
-711662
-335182
-679572
606698
44722
682997
-432582
-344662
522353
-455230
576324
772655
338375
420593
621015
-358021
857224
691209
239680
-548423
-749889
212560
294063
559048
-476863
-282922
518647
-760090
-517320
-258436
-28074
-228982
406383
292354
-622284
-548896
-24649
-54866
106443
-502296
489904
-317233
-729641
-171722
-896641
891374
470258
960583
582582
-290063
-587840
832694
922498
706224
391741
-554365
-576699
-89612
-314455
-94018
651952
657472
677000
58335
-50174
-945285
509440
925178
-150
-384118
-577119
-510247
298650
-306760
318032
402009
-415387
-211711
362592
-832805
498227
774753
999889
420725
480976
391630
866361
904278
-697982
-448094
-189741
953970
-790623
-512741
12305
159204
-458026
-478256
84381
541825
137627
507263
-968422
-563724
-799497
349610
838285
-214883
-862101
200877
-47688
636127
-24371
-47799
56851
-543395
-656169
-76789
-639118
-354151
475117
171142
-400181
684495
658401
612124
-156301
-799625
-866133
928081
742200
271494
435343
773778
707770
635846
123388
546055
-579038
261287
-253068
373275
-102586
722561
-674525
954266
-820834
-330694
-122523
-459952
315155
-647406
711190
914975
-962912
369590
527098
-119213
569965
660966
-191132
312165
-67541
-755790
85942
-359771
880057
-790671
-813716
-698981
470617
-66784
674294
-631970
-344223
999770
-677705
-165057
-330924
199772
374992
984232
552366
86182
899206
589455
-544229
426303
-529758
-974264
87268
279110
337902
-980273
523321
-576157
-340043
403378
-366827
-153759
704397
-896210
779458
378691
-528180
-564765
378461
-205884
270179
-952463
993889
-354830
-968232
546255
731352
930974
135709
-812877
357277
605952
-787140
-555455
-114939
550762
-535727
-591618
974605
124230
811760
-392222
970472
516157
-288432
749930
-105152
183389
-814836
-726692
977505
455344
-679155
971393
-899487
-647386
517647
831866
-716412
-346644
-981012
640866
-740693
-768152
-914589
144369
782611
-450316
552752
757216
673915
364511
-635007
644386
-119332
76561
394316
775516
-740050
579481
-951176
-762546
34824
-630330
-791153
135337
-277715
726495
-32798
5873
-620149
-13809
-353262
-360841
218040
-267851
783528
650
281834
336279
-242135
-44252
-299210
122859
-399866
581459
-800580
994450
356975
-540630
573930
405799
-303175
-391247
775470
-94327
744091
-502246
-367833
-288707
503628
12019
697484
-849634
651178
-84476
-117485
434705
916175
-835651
-229016
-325961
120097
471775
796899
720231
53233
996319
714681
-589793
-544311
288610
816007
152514
897364
591477
-941814
641454
-910770
-309646
-647254
592859
702374
-949770
743225
353551
-34246
-374260
-211744
-118072
-209911
559240
555968
910187
31015
352866
630417
-915753
349185
345098
-505545
804875
-366293
-689539
-42611
-468929
901938
15576
-827476
991169
705930
-474729
584028
408303
-424499
327252
-238146
541255
952992
550110
-576817
-256919
109350
979152
-346733
-859636
332018
-716316
-775388
-318798
628782
-280933
-513923
-737511
29529
443466
-206440
-68533
-540959
-33915
-77364
-835029
491356
-493337
573274
-933144
833916
-664873
608112
786908
885238
-968705
-470012
-5413
-989554
183256
134951
342464
466940
359564
-976334
95722
-921370
-490257
358211
108160
953209
-848229
-960374
-587751
117856
-37738
-422780
-390788
468926
-849506
-323931
302841
-514378
-715819
89748
-629141
-684524
619737
365447
-674078
-197008
-499602
668387
-730068
859962
692053
365654
938593
-798205
-276135
46752
-844996
-124363
86378
-432746
993494
-951360
144474
-397295
517567
294969
278775
-179592
780592
562956
910157
-848550
878432
529893
516898
-795646
-667115
-982705
872742
-397182
877258
564794
968473
815850
766590
-307663
-137399
921594
567975
948980
-511153
561468
997621
633322
-835827
515188
-71710
442948
-664405
-291119
5904
-754249
-139668
-115664
775645
-622770
88690
-891470
-605475
-38569
-288652
-728218
-473775
-320179
-912368
-707186
372159
-49767
-785592
-59867
-100787
-296745
-498400
-103166
-663423
-334226
-587979
264867
-891278
-252384
973749
114626
-6632
-165919
998962
-230987
211311
87652
-122457
605837
-950918
588892
877620
-424692
-731288
965252
-131878
640871
-84515
82531
-418997
814699
785786
82604
-288468
-877637
748379
123554
387231
857101
871170
360979
-28274
-135462
-804940
-29313
633551
406372
-941662
-488907
12208
-892579
-900015
-110172
-317270
-631303
-144920
550852
-990432
770566
-366617
-409429
585264
-580831
673176
-703204
-458468
421554
420350
928763
278655
291520
289742
-749620
-843943
484802
221068
789608
-108827
279406
-699299
903382
386828
-599314
-206790
-930443
-230617
648290
620410
-221049
418855
-746208
369523
4119
-327039
42699
300915
214493
-535747
-278736
143256
742908
-987217
-567003
993289
-831159
917799
214356
958449
-191028
-506238
-740851
-287646
880590
-340164
505565
950148
429220
153854
570558
-791829
-427291
824350
577694
576828
-502689
-379607
-122257
711805
84646
599008
-144940
-172446
611792
288058
-179158
780633
205857
-964803
739082
-985171
-471041
998232
-272817
-590451
-341933
-767253
-640304
-912714
386602
930255
-704543
959311
754605
873152
536139
-748085
-506456
-586119
963721
578191
-987112
-181219
-594256
624680
-893162
226587
405313
312695
261784
144394
327524
790744
142625
-945293
-799708
800692
-712545
-440011
887979
674058
-509757
-816564
633368
-755153
-943413
169507
-503237
-449868
583388
-539517
-871677
596277
279265
-465932
220957
386103
760655
-373731
-301202
22438
770663
-973678
-186819
-86712
-918971
13474
-286020
-631515
573463
-398042
-957458
-936295
-214605
675911
-691447
-158018
-154583
-194684
392115
-571195
265800
520438
-974919
-454936
-945495
246038
931167
815161
872308
-370035
-162402
642971
-343713
650780
-443742
-262683
-335747
270239
105802
-762284
872198
148345
-698578
-342408
-175745
-390025
499574
669672
415292
-108311
-901524
-318909
-587874
-876442
226155
-533368
369597
157322
-718208
241904
787287
119391
-115125
-556427
-229829
441133
180890
434425
-288628
-713308
672141
-416431
435037
973564
241161
-740709
-416462
-259265
928964
998831
632424
-972560
-320079
-955450
-849001
906077
-488817
520596
63398
-207024
-237500
-149315
912367
647375
294258
-317462
88508
-524852
-883038
799880
-238160
789104
-616552
-803123
762667
624610
-543831
-653795
-634656
-614867
-654965
997769
-587427
24957
-957682
-436428
-68967
-446499
-915832
994432
346477
-153332
-154884
258844
-505957
-860627
941382
582551
-385478
-941656
382431
376363
847449
765880
573240
610115
390489
-970591
956321
755834
-585458
-698644
753602
-172884
326313
795920
390689
-742654
-650579
474857
-748223
695899
-678475
96894
-45258
-184432
236268
-103876
-601881
850790
-45531
780550
227153
-198083
546429
-199607
-587968
-63082
-170198
-631648
-307249
244344
-330291
-553648
-928540
996023
-757728
462149
-746632
-408306
-62994
-494854
-712408
258531
602040
242335
-925901
-161692
-861542
-527782
-310903
92927
-747233
916250
894845
799197
-283357
-693124
-263886
546445
-324771
428866
-209211
344938
875218
-137751
340960
-882510
-675602
594329
-290816
261404
-900525
-3224
-480066
701516
-760889
-405966
-460177
-622431
66252
228920
470497
319020
145170
365342
118217
861813
672218
854332
408258
-652554
283197
-800954
692384
158415
61296
33344
275905
385694
-372328
985090
-352903
-272853
-18134
167032
-571338
220977
761067
-31515
598547
-172682
-802595
69043
-853662
342576
-565616
264555
204389
-893398
118887
-387354
-545952
-597917
-188307
-853568
560498
872990
179776
-163597
258683
807449
-178508
905781
-465405
803358
72813
-36742
24334
-166121
931744
-377119
661198
-870851
691925
807537
471725
-873691
72092
-323886
-767089
-809022
288761
-313040
-406939
-899547
-166608
-846441
973444
-986833
-10038
232127
820616
811455
137907
-644789
614812
-789280
318470
-360854
44600
250213
262027
-294203
379362
-46049
-486666
-148913
80261
585426
527201
313172
776404
-184038
-999869
-630535
-83584
-166477
-476975
-110141
-153309
512987
-878015
-332693
324441
259892
22519
-60747
470613
-659012
578400
-484788
591201
-159574
221010
-29437
794378
734345
821650
-125362
319770
348851
-812190
96174
-835188
-812059
465640
81228
21465
988665
971087
868157
501652
-906929
-464537
-173908
352964
557982
765346
-176423
898970
343745
338790
490171
-815829
-440201
-539267
978549
-705857
-717618
-146813
613914
631234
40997
-289913
796046
228939
-824273
-122726
-749596
-835609
-151640
-881440
666043
-58568
-345977
-507865
-705604
-787995
-742520
117973
-889025
601226
-543238
601146
785397
16562
-938122
763946
310706
-655739
-382868
-75381
975495
658130
634707
771541
-112931
810434
-351186
137473
974826
497174
256033
640869
-561394
910057
-866996
-266998
-877938
-609516
850976
-766963
991711
-692262
834183
777107
324300
896062
541052
-364995
-759678
-841816
559625
-784183
816315
194331
987358
-296617
4765
-363828
840857
-20409
-866654
96890
-379541
-428048
6946
-246537
304955
129008
143948
155931
362046
135658
463669
196229
-87235
-212031
92290
-546184
422975
332613
-387999
-17401
548431
-571685
-823070
535789
131699
181696
-828040
-27445
-838714
-694694
-930556
-218254
-122741
76391
535210
-817787
-794601
-320842
338144
567445
814816
-198187
-236327
-272419
589782
855964
181397
12756
188576
793398
995356
-262994
-778287
-827715
-727206
353412
353981
-555245
-674033
515268
-249939
-604589
-702987
627320
471803
832224
809534
677202
-488619
147678
244647
-673803
949491
-991681
53778
539273
864284
-764826
-447972
52859
-971428
-452617
789866
-749714
-280331
-937340
603698
-926350
-492585
929665
588918
257477
-674924
885932
-115204
796880
718155
-305670
474082
-770465
842008
-281272
-444268
791499
-272952
609510
330771
-408669
844685
882800
644191
873258
-569817
434056
-876457
149852
496717
727242
223502
-995868
656907
-187581
261609
981984
-301650
-853595
778863
-583495
-159265
252944
-353960
-317257
971673
201773
-525759
-301280
-188717
805012
290052
-344033
687812
-65758
-470775
-882006
-631702
-347231
267846
865016
-619990
-508652
869148
-963083
303768
130756
-981100
-997882
277161
797764
-581377
-882104
50708
64663
-199360
22380
-733564
274881
721101
77719
79893
11152
733687
-232296
945395
-737089
-114301
-686307
-84319
-846456
-821292
295691
-355108
-952145
332609
948660
178612
351509
950778
-544227
149273
-630599
-426331
-800020
434065
374309
222361
700501
-350810
-56539
-221781
729084
954614
-488095
-503213
900009
-225183
382486
-786299
690498
536031
-607590
-13811
-819077
-559735
-681203
-870417
618877
670307
-919639
-925351
-180421
-550238
-351681
19560
883827
-977372
-758080
584327
-328182
185382
-637455
-599099
139996
-125549
-102311
40005
649268
-719825
253707
339765
816207
646117
-674046
997130
-913619
-355249
-873288
705259
-684942
-792926
779908
134638
-343164
-571773
-845803
-459338
-549145
-603882
-875011
122674
581501
-512465
523576
-278503
361986
-578736
761502
11253
-298560
15208
-648982
-482354
-338676
-323028
-485225
-252294
321724
-358512
-547036
636782
-151438
-767128
-228581
505399
-338900
-74384
-953940
111955
321735
-828950
-765372
-96765
-341415
758205
624732
-979430
-820532
386234
31824
-119091
-598559
382842
398555
62766
-940186
913331
810473
381538
-445181
-736564
18319
403381
-503691
789738
-91221
157409
-284646
-45160
-730636
-962912
125891
-496007
-59676
784476
-737803
-434945
805047
-558334
951289
-163130
322575
-647270
-780288
-278871
415496
-720474
-365540
225968
661064
189279
489405
-320618
-407341
985715
-530880
501439
143124
184474
-543721
412488
221563
582170
916482
-838114
366646
-821322
-273059
171692
-379655
-321770
-991439
942920
30960
-771727
-335951
-553544
-492201
298509
672425
-831137
-512213
161830
-151755
80447
147544
317365
-418114
-709333
-498162
38165
703156
723401
-379665
619638
885288
986981
798317
-387772
158673
-581339
290459
167234
-638420
-678582
395508
25630
-232125
903308
-675862
-559701
-927830
-188075
602129
-79584
892373
-250327
-762220
-525742
40341
-260381
512424
-256504
-536980
-867242
-636867
-651693
-880261
-838551
-39464
278412
-419889
-749006
-554354
-58309
-427587
841155
967321
340288
744463
-708541
780588
816633
103385
382717
-262952
-4243
-867611
-25171
470016
172730
714448
-17561
916227
-822532
115198
-720640
-474225
234938
-559191
486312
-486650
20921
737306
-41004
962612
-690282
-199849
929933
650007
-455387
-778608
430594
-638754
324777
-186690
98295
-679467
-54300
-926877
790549
-881571
787572
-227012
-965345
965040
888186
-685985
-509185
123123
-245175
977127
636474
775746
714433
-404531
738358
-975849
395621
668291
674158
940234
889683
104752
-698520
214459
918062
399775
534993
-136239
472898
325542
-17809
260469
-901470
16846
225509
986716
330862
716325
109839
-914313
693451
-253688
861434
407884
341782
599791
432035
-262597
268082
106192
-322363
157765
-789057
-20883
-627776
-870995
-621109
907217
-7233
851789
232759
974958
112258
331289
-8196
-662233
318005
-677335
-945909
-572156
-591647
747543
174157
-730214
155426
-484061
869578
-412540
253342
137659
693652
930979
-704577
904596
-89905
-332353
-966400
288986
-425136
26367
140775
807624
1325
-746968
138912
993129
-409200
-543083
-684206
-355109
-115239
-275853
-607567
-941083
-6067
547859
-425144
-136490
-864682
828198
-998831
828971
759177
-703407
733567
-330729
-35760
767167
958258
539105
-206466
99032
346728
794860
352065
-514360
787988
942865
-57443
-896218
-412245
827319
-172070
-19811
886237
821863
-471953
-538908
-314627
-336634
-710710
-313457
-507663
-951534
-16864
-774097
-282262
947377
993071
-324005
486482
-213395
775027
-166791
-418536
127092
318850
-630548
69956
-738593
-526766
657712
-911275
301164
-362100
974962
123027
165948
-563946
808401
829315
-274655
-505056
-678348
-226189
478080
-452444
491550
425457
-459374
-832456
-88062
327232
942572
745147
908696
69663
63997
-721853
-860381
325404
-248618
797331
414130
-947454
-564769
389091
175573
601180
825146
-16026
430494
-449510
478918
752146
324302
-43002
-700299
-184149
-617546
-159672
-16604
294392
-832441
-74032
39538
-923745
995631
-896465
-645598
-864750
428939
105785
932582
-156931
158331
-632188
-767840
-666096
968992
-942695
317878
399486
-392205
-203204
151632
932098
753794
451334
-252051
-863753
-708339
731345
430639
-540779
-342688
-529823
-464524
-347057
-426288
-110121
-211807
-997349
995664
-279225
-154280
153994
88587
77880
487898
57579
135185
-194224
-542935
742981
602572
608697
675078
356365
60030
-576974
492612
351692
-845629
-76749
810914
-188316
393428
-653611
464627
967140
236268
-747180
969792
231932
-26405
-184489
-614074
-937818
893391
873825
119762
28576
-320400
576827
-228443
-717828
185524
-553366
638537
-754447
-130339
131149
597246
24033
-945601
408159
835717
447828
754549
300343
414967
-9183
553164
384758
-777252
-473241
-799731
-391326
-411059
-906340
-517502
708704
122236
162099
285530
893793
444271
-528947
-659573
82808
-283393
210089
-786044
-686147
-765879
-731644
722012
-930162
716184
476561
370181
131151
-532623
-76655
-484091
-309874
450104
-283822
298800
-960955
-190162
781299
747749
932075
-56603
33279
825868
-612333
504332
-833705
470475
-779061
376384
684432
-465208
610506
952789
-743196
680344
668972
733365
50525
-199877
-799258
973871
316033
-109132
423974
-967790
-810332
463020
-157951
970967
210769
-225876
-85637
-755953
-400009
302031
748380
-233714
-227494
969320
-857330
-543063
-495889
753177
-590274
-239084
433521
-921302
-505720
-515955
-121179
-304977
-542084
-805147
585891
881891
-772936
775559
344910
69114
746526
-444321
843238
-339112
-200274
-556771
962920
-451894
209515
-264575
-482575
352186
192363
21537
105362
602089
782453
-461118
680788
-723267
22928
-440392
-28244
480844
-245538
-442354
362734
-18473
-666795
-292356
-949360
-920270
263323
893879
-259381
-936951
-662893
-296462
-388845
546622
438964
128581
-101192
-368673
-849883
-995831
-766584
932570
-456948
914204
-790698
565981
-526188
181058
46824
228275
738705
-590442
-790199
-928090
117202
-739558
-848359
-619476
-845680
-107740
-556427
-508573
595799
54729
-961951
34763
-816691
-63143
666090
-666574
-58973
899507
-734004
484079
813710
-524702
50059
-712478
656357
-903117
515797
395062
-493559
725598
466973
623644
986040
618614
-995833
-859640
-489126
-552259
-368213
-893328
502471
-330164
141436
685781
606694
-192475
-980794
-452280
-292969
-714797
-968201
-479259
-239498
81858
-191737
-583141
178742
-675941
811921
685183
-950343
278894
308826
-964303
-102493
312994
-823943
408382
760736
-192155
515054
263206
477681
-343510
-51014
84375
464015
-31807
632095
-828954
253397
663894
-308212
-986102
-254248
500051
-569243
924494
824111
-757322
609677
873768
521572
-81498
909466
-580921
-768504
-914477
827461
992232
-106632
342515
255438
-628951
999006
-795576
455424
463021
172618
87518
634067
-573986
-248588
-674145
-560087
497164
825906
-129330
421658
650017
113349
31334
523785
-365079
949837
433250
54001
-818668
518773
-118538
-826436
-587860
-776023
429002
-216810
-777018
633427
-761387
686003
-193956
326132
320070
232059
-922457
645925
671972
574708
471831
-457358
-3634
121847
655991
-972301
-354369
-709088
977537
-921119
344913
-841132
597654
-773626
-667567
-990206
-549648
761436
-207016
-326666
394862
31598
-640663
-799094
-642271
679407
432965
-564727
325331
104937
-990020
-202838
647580
6346
919009
303571
34046
-435360
594483
11582
-356479
-60604
170451
-758825
165771
502884
-749030
616123
264319
43954
-710544
-340819
-924449
-351207
-139913
-566719
-671800
-706948
-131446
653531
397989
-121465
-549308
45569
884882
-630299
-650861
-81073
-65658
943622
930510
577863
-116983
100961
819039
-951213
-396156
-929992
664910
868164
113963
954367
-472656
189515
-396840
387431
622796
-68640
680484
-508650
-415109
78473
369885
35584
-875959
254766
405286
-526820
-826307
-660373
-583199
-895797
917491
299819
205164
736529
348606
809009
806538
13516
677172
-79499
-32117
-795484
-889984
571044
591948
732813
-497597
272431
-775838
87295
-649097
594048
-877121
-525055
-151186
528165
-51875
22507
867792
364927
126711
785283
-335255
-668125
521811
-986649
-859117
328349
26868
818056
-751150
994751
-977429
-641134
565794
614520
-908322
-931803
-113050
-684160
155493
237854
909889
278372
712799
-241298
-193464
-339077
781210
-325672
-974151
-92080
-540390
-309405
239795
981421
-296053
380679
309770
730815
198735
558620
725566
221307
917486
291360
-164174
-990836
359557
722776
-674995
-484951
-39370
-765107
793421
-326572
-6405
-400043
334352
-225196
274285
360202
682724
733895
-949204
-77481
715316
-245256
-696802
25086
-514442
501933
-416295
-788877
-276761
-498809
502484
559065
-489645
-137960
281841
-164640
377090
-757530
70253
170511
-84101
-936152
770469
-749750
-161348
44753
610453
-478624
-221353
661250
443895
-506037
-584007
747094
519049
-98449
249026
-897246
112675
972266
-396055
-384842
531331
114301
477199
-186829
949662
-145711
55642
19915
-975201
971542
83763
795268
-778208
922415
-159979
832245
-556209
618669
493494
887687
-887369
909487
634780
631681
-188962
-116194
734435
923714
-143929
-661621
-461129
-612599
452681
-983930
200573
402342
-129641
-743785
-577744
-104842
-772244
506019
-309574
-550452
428434
530448
-718208
872225
149116
775287
759912
261747
684773
394691
-106573
-504189
-721504
-372138
-580476
134567
-33759
-41604
521969
-581078
-25534
-277459
821264
844825
-21244
-756480
-260017
206513
749540
430410
656061
177973
-39143
937854
50198
-890028
713140
-189890
371720
397913
-795200
-734853
893724
-516703
-106991
-686752
617864
859251
271644
139833
-721828
-753891
862375
-900565
-909067
-158870
-657044
-169083
-952358
-907505
-738674
703704
270469
222183
641557
-679333
332155
354697
130777
-296125
-247390
335577
-30978
-353666
818874
862031
-40418
436738
721282
-768774
-423430
999454
-522665
-561056
-901111
-431731
280075
-558155
399186
327718
-465660
660512
31422
804809
-117305
-327021
-874524
-785150
-972325
256253
-81275
-219714
-408171
887747
426620
-589297
749778
-613799
847442
471059
-382573
-575988
470513
94763
-137043
569402
663032
-856969
-988753
62218
470750
-454412
-277270
-497829
-649603
605425
175151
-524127
820275
202827
732126
-261001
983113
-676045
-373254
409732
-265342
-623476
795934
-417901
847583
-586640
6111
318096
508124
869068
-112503
171156
-987901
-101255
-766627
482850
444333
-43897
985022
794730
-438472
160172
-729398
-618198
-637002
-997272
120802
-653890
-673317
