651361
791866
-591500
-953239
-245787
-290550
884134
-320872
-340532
897522
-173404
151346
649971
-208502
131601
-880882
982199
747190
63639
-891670
690383
482906
-58985
-247477
447349
-91634
559655
217296
523184
311764
-284810
174544
103629
123691
221306
857843
833141
105439
-463030
-507392
2961
363567
643955
-347069
-844936
-224445
-227950
-862737
-477255
835689
-754406
-786872
318594
186609
-34348
-234057
-905025
-474694
983240
618159
837071
-301570
-207297
-59300
822121
-985992
-201458
655261
119448
335513
-852131
-877592
-300921
791824
-224660
-145856
-432622
547390
-8592
90124
383078
237002
303252
-298328
-576390
-731097
467615
-481415
-205790
450855
-863256
-368720
-850716
-70553
571980
971405
-56544
-629478
626666
-937097
706035
774535
-814688
-594886
566358
-39348
259259
-866264
-491958
-749334
223860
891120
487668
-472889
-407209
911278
-203985
-939594
-570137
590225
511261
-433392
-778496
660545
496055
793485
631950
-560490
-835994
258615
-497586
870041
33150
-312273
-724845
-400493
648379
534414
-266756
-843579
785080
957105
-952460
272748
-515785
-359668
184026
280231
-299261
613889
-129545
-788001
-819504
91960
872545
676552
-114556
504495
-883938
49450
-236891
-381524
-80509
796260
306203
194646
-604234
-45418
-270940
129011
111003
-485860
86115
158544
786888
570331
798877
-29087
-149439
-500385
-415198
721017
-288385
-234702
-187024
-415840
-558150
698420
-911346
-442088
-252131
-148236
176389
667361
-351977
-517408
-137994
43790
437175
591067
-827200
-451822
-894794
258916
706722
892095
-170754
505599
-136993
679808
-994786
447809
400824
-283171
-786893
-786201
300990
-345043
912219
389644
212870
-339912
-758593
-610741
-672551
-110569
-128149
189456
933221
-690974
-219478
-893979
-142796
-114271
364937
-436075
-222177
-805818
-930476
640830
873990
-925262
88639
274813
-208432
301746
488613
-907443
956704
400832
482202
169574
-939080
723610
558833
-611631
-386960
-569316
577825
-453739
-260290
-641654
-347718
596914
244075
-982782
-839161
-978102
-788599
-769636
662728
-914610
-694898
-248633
360204
96671
-946888
-151184
189229
-990184
-750352
-328569
179391
-689432
-604960
-261777
-301062
8081
168908
-723238
554342
908619
-364891
-793377
505532
879185
-776158
666372
901083
-564757
896736
563811
-479366
-798162
-684823
880838
298510
-631710
-270346
-512262
-621894
-20698
159169
557497
289871
554210
-704280
988809
-437710
464629
-734429
-883368
373247
-99320
-676744
-121221
-220136
-452902
-454850
-319053
-17659
-558114
-755243
502975
-356276
-440065
383813
942234
-71775
-886533
-570028
306331
92770
589142
-136172
-617360
143351
159549
-628551
705642
-375823
-362980
822275
997424
537700
-854470
-123798
-682436
-307372
421353
-1488
674970
863239
243270
177945
-493037
803205
-438243
-550803
-268571
-324776
-120831
-962241
767994
-531689
-98412
-849366
611663
-938864
-477917
317304
-314687
159104
139578
-317263
-303197
285109
558940
14368
977738
-19708
-987120
652707
-156469
256150
-169348
350494
59354
392409
799691
790783
-932367
-321140
828543
835628
147172
-269870
986262
-241166
-208733
-491655
-923862
476581
667449
215716
-840682
-635748
-499175
718258
378621
-521438
-301451
391501
-868732
542080
-352350
-38079
-107426
707005
-645671
-307735
497787
-578037
371125
326330
-742409
-481703
-943540
-756147
277131
-152273
-247802
353269
-675692
-580353
-431015
-516374
-216100
69810
-798117
-837480
548372
-99567
554022
679641
-557488
-798328
-358439
335087
908677
-4109
-972649
406464
417855
398477
-267207
675446
916774
-210747
919299
193904
636981
-328503
-452827
961289
91145
116158
-555086
875045
-814033
-353202
-962435
734340
547231
591587
413981
989744
793259
-944459
324830
701936
51433
352182
108399
-530713
-249342
841192
-855267
-332569
-369555
-935969
861336
-732575
-264471
-591492
-771287
826674
524666
-326372
701718
710634
320426
739284
444974
-132343
330870
-141046
-142600
124129
-85504
-817770
-173935
965930
534412
934464
-564784
-714931
775656
-420050
-47499
-593900
-356018
-186164
-326474
379511
222345
-97760
206185
-252989
575868
-92098
-542356
-103706
-352814
902618
763951
978056
-238428
-378649
102185
676068
-196419
928250
641997
-662008
862714
-922787
-376938
638369
-342837
575564
-955531
301145
-610601
-282004
-319344
611744
620236
886841
-641245
196104
-205257
-183601
-907603
441929
-280983
856349
419985
480590
-522301
-477831
156657
281281
-549582
-201346
619274
-686868
-124132
-757664
951501
533032
817900
995971
-165823
-792702
-286034
514833
819043
-665798
401674
-822203
530306
-803584
-5803
622704
638345
713215
479052
58330
193804
956752
580499
-649539
238032
-969083
149116
-142694
-655951
-975017
99642
-704450
558016
-82459
-708479
-607808
124840
5487
907026
-56117
339689
308699
121681
-130005
505116
-884123
-507302
143461
829092
971750
-798210
22896
928502
782289
373357
166533
813206
-477528
-976161
-842745
-452544
123481
-547195
-894529
-958978
-255673
-502336
165862
749814
-595311
-890256
89503
713389
231425
959498
218504
347303
-547805
-638036
176395
-576055
-436246
-800710
-647554
-653958
572647
518980
-840752
-904881
542819
-683496
-357425
-333700
-230690
-251954
-292678
513637
245711
873184
263451
650400
982929
-647047
363788
214354
-687549
-417708
-438344
-235353
-55744
738051
188592
508010
937342
541039
854053
509988
60019
-986699
605107
-397163
-670195
-752318
269138
99115
-4271
976460
-387248
-758561
849644
876203
891840
832573
-770844
255628
46926
-458393
837920
608583
306254
-217825
346634
-505154
-709815
283975
-964115
-855762
-206038
95904
-842461
-600931
698742
-512655
-353249
-32121
586461
642481
-55661
-800788
883920
-206017
-924586
775759
-373445
-695430
31386
673482
-153822
-130695
282064
-847568
651481
-371303
-352722
941667
912673
-316836
-914096
-293365
779068
-756557
105704
477810
-269212
752456
-554312
-682752
394936
390028
-483539
278856
-815990
-408125
54614
-189434
-103554
-914000
-515953
742624
-44694
766112
895056
-393214
-605191
-457666
-451548
-692519
225499
-365644
14116
4567
-122200
-880180
-517624
608589
872276
-71935
925838
267212
-681908
-557702
-453933
-497897
34174
600682
312669
930621
686682
796717
673245
-358013
562828
568301
248774
957637
-889365
797227
-734882
336134
-568417
279234
-659300
309383
399054
-176924
-82029
271330
751142
-156191
-461459
-930766
286107
84609
-428663
-679719
-314710
884007
-749099
-628029
680723
924146
13959
243551
492447
-737268
201187
603082
-940042
466306
-60785
-508458
-254461
279915
800925
-855408
-897009
-281104
415923
854134
562705
954464
923368
-151188
39072
-505295
169094
724362
-621289
419995
-903667
-940566
344141
110292
302985
-163413
373025
-495828
-560332
432984
970478
378884
924526
-283983
-341201
725451
-139390
-238210
-555654
-723468
-384077
-992949
-769005
-460709
-144136
270068
33996
-975043
-5571
412707
444953
90763
472142
-210906
-798945
-224873
625682
574081
279299
-934650
7064
249777
444234
-68410
965794
-896968
-342960
-173597
-135177
101387
102935
480746
108439
333931
-979963
964303
-396002
54033
989261
598428
-533260
434213
-310809
938882
-776694
-109754
-285992
848989
-535674
993308
914339
471391
243085
358572
-597019
208878
461604
60022
-964719
-673574
-838591
138217
807173
269848
-527852
827210
234151
76146
-118757
223411
-325426
347983
-342376
363765
286865
-119069
-745989
-999127
-270081
-281663
994181
-355743
-810272
237265
-997172
-407291
-553857
464433
652732
-518575
790860
814141
619643
598033
83989
-908210
425242
-681861
167937
-693515
541551
842511
654468
-800825
206276
-58667
80106
460287
-57794
810026
-821376
-63614
-545718
-631647
-826349
-542889
-38937
-380205
921545
-386206
101220
712404
-572066
-279138
310436
511924
-187347
-264322
830063
980590
42164
371614
823100
-303369
570789
29376
637964
-349105
-510338
-419830
-539080
-331713
516556
-84797
36640
690208
372314
997704
-689998
293859
-388503
411223
6262
39432
-867915
-683302
-448645
-55262
52377
-618582
-74673
-905460
753032
-251573
-208828
323820
777803
-570864
974715
-732535
9306
-564365
-64247
-474138
350838
972393
-783931
-276848
970096
-473928
-982990
-418407
937295
23273
621026
-930621
339972
-827620
14118
-607652
-446202
939445
-513111
-693170
-312128
278061
630651
-534326
707197
605366
-266860
-283497
-959000
668893
242365
391838
641285
458435
-885010
611381
984507
-867999
-807026
921802
155275
814000
991182
-504754
986381
5299
-112405
-459821
-55256
374485
-152991
632616
-347455
-522341
-901711
-640258
-916976
-168571
76246
-875976
-499679
-681390
515863
-858394
777045
630854
752988
761552
762855
945963
683353
-81870
759962
674534
413376
746342
-320167
-699029
-713479
624577
675456
133530
257192
-671999
611189
355482
-312256
694214
-813090
763990
818239
-312768
-917401
334102
-171161
859645
-35045
-418173
621196
-272190
-472211
304549
645940
-712249
-20917
59316
-965907
658916
360288
-679386
283492
35743
454144
-459317
363745
65333
896165
-948512
-240454
-916925
815478
-422215
-229692
898078
911887
599148
757723
-123158
-819026
378918
604652
-291237
-316533
250592
-3486
662550
-690092
30607
321465
670196
351222
-395044
-294061
-194635
145640
-930317
870699
41805
-878829
-369756
124880
936650
208030
895189
834727
119916
494336
592449
996759
675310
-28633
601410
-615927
654835
-147998
380588
317384
161910
-588805
-361152
-167895
762417
243805
538044
-432219
-610556
607728
-561521
431249
728899
68724
-443871
665549
-723247
-548683
500276
396670
945654
92725
393428
620963
-935909
-5162
-994965
718927
846840
385624
36310
8750
796819
675159
840856
559235
-81036
378899
-872985
308408
-13374
-434505
-260343
-284475
634220
295787
-618927
910974
747105
881349
307644
692758
-25927
-298929
313720
38165
695910
318756
-242908
542750
-295621
793402
-448501
-498803
468561
-607646
-939568
-612476
771254
-812552
695933
-242120
-247057
-564410
473406
-612837
731377
854479
-701864
478481
735828
605780
171238
-290099
-693149
-515042
748067
-997240
803715
-494842
545511
-491907
-701440
-902991
9291
767121
-510636
69723
-845356
-739382
257171
850577
18498
-989886
-713833
-508097
-602723
-982457
-653618
-304586
496024
-917790
-698806
-332738
-207889
-391955
152220
-459822
-389194
-44066
45336
-843684
464028
343896
-746674
-526681
111017
-257310
543043
265662
3308
-199787
116239
-978194
-189672
402406
-486291
207605
419949
-139909
903020
-84027
-57699
-795787
583235
734413
-187741
-264545
-725410
423065
691390
319927
579382
155418
-336177
832708
628737
774840
-424602
171779
40501
578707
971993
-843261
600513
-217680
559145
-885778
989926
-20906
-25686
892945
895067
916616
-902842
478302
651028
-90583
-786244
925619
-667518
905146
245546
911864
60563
909369
744572
-310700
684209
-680031
861079
-275291
898676
833071
-118551
499189
-384609
-559406
613411
-394684
419688
-412276
-501739
314755
-495661
-404581
-206944
-844633
504836
6812
-919015
837318
-88042
326531
749182
972522
235900
493753
-338179
-79892
813722
-477100
644818
712398
-644029
-473733
211586
-28638
-33139
-175004
576678
-613451
412721
-925061
701305
917060
-329642
-505640
-927573
-824806
501173
-846587
-987489
-586870
479944
761694
-614348
-284156
255446
47474
635952
69167
570374
280769
-218435
926345
807037
993151
-102294
-226103
-181853
-525616
160447
-769133
-450677
-138249
-852073
219681
356112
-779646
394876
-142716
-626233
407387
270415
853712
169080
656067
-430445
-575474
-296460
-794493
493693
-726086
486277
-724743
-799742
293313
-731592
97965
-932790
86555
572349
227657
317423
-878328
-910592
465351
341354
445520
685705
-263771
-697197
-940528
-856384
573219
913185
312697
229285
-517260
737223
932826
-311753
230916
-793261
-825476
506173
-593002
467837
774582
504963
535048
-138863
77311
-237295
-821441
198984
-147887
643910
-459663
-702367
329615
276566
-399563
389088
420182
-826345
302272
-267122
402941
785012
-529900
335766
-526741
701016
542506
-352217
207189
949504
-884380
-18229
454466
650668
842908
-468223
-586628
-978533
730761
265486
665378
-728903
563119
-5008
547664
-836445
-615920
-32154
-662790
686352
700725
740151
471364
-829176
75917
944623
871841
-381578
-407594
79030
-432074
-291974
-939199
-977609
-641306
903709
-445831
-227934
925177
-715071
-962448
590554
-443973
600672
-414454
-896309
764227
-30374
71537
-898563
-344022
-227739
841589
-872659
-56914
-82494
-928036
-185073
535929
-335630
893958
-896146
372396
954759
-873754
731090
858467
-319585
-496844
783644
-34655
-459291
374197
521373
-858620
959743
625064
905608
-70631
-303399
-992956
585347
468862
848634
712689
-588052
-233861
784653
226875
-697933
-550978
120833
-594079
821419
75591
-467832
552509
-65942
212583
-944335
-282299
-822073
-403626
-908103
699300
-262246
-948360
324363
-356639
-18990
-979036
-349594
-433644
489827
-500961
-720955
901775
265179
-936303
128650
567247
-487280
-750518
973168
-665861
325074
-494665
886648
-740869
717919
942313
-23168
895846
-461313
68730
595146
276441
120370
-80491
919803
-898621
-59527
-429792
-332264
-569701
69248
-53219
-667926
-665574
10479
460724
901674
523199
710207
874841
857338
35280
-619824
743986
294411
-901905
686299
-728757
993942
-775015
339973
589087
501426
-539658
-491405
421229
-438278
449069
991437
229459
879369
60685
-823760
-788558
395112
186719
672167
296785
-290082
382373
171626
-432744
-582347
551803
-688759
712064
649898
997540
983308
643840
-777475
323280
232926
723952
783623
741522
145180
-654655
190591
136617
574804
69959
-802699
751044
281401
592414
-62237
-46433
-110802
647681
-664060
-939176
-785063
-246407
612628
-473822
-534343
262525
-476282
-551036
-93636
-253757
772245
-860710
-529805
555867
880813
615375
901212
71403
-248009
476016
-858639
-50707
227060
422763
-458294
-835178
-623670
430905
812504
-287730
491730
-972560
465864
104357
-446381
931521
-633118
77338
-619515
273247
823582
-847271
412537
-706224
708597
293349
909151
609809
-635248
-338858
85824
-493887
610435
-687117
928877
-847860
-522295
-694794
583046
-709791
17476
74775
-682351
-516661
-820869
-128731
-585140
-453987
948607
-204654
819260
772188
-51924
231797
-934037
-343328
-474854
975115
-733519
-110102
-363744
352305
396012
-753310
665189
324888
-601169
-857106
630094
981878
-566897
-352431
56652
-249248
130909
235784
622021
545770
781798
570628
-658885
601057
342815
289192
-167146
408779
945865
358000
383893
-787655
-752102
-979851
564650
643910
-733161
229839
-31203
-334329
372733
-401110
-352452
805836
246460
704200
-443412
-622631
-60016
-821391
923139
-278219
749237
-735746
-677162
92052
553446
155692
-499170
499311
-486308
884724
711656
-238410
904873
276306
-594501
-828288
-493856
374297
-162617
878877
973188
484931
684712
219647
189131
-758700
597017
-870886
-580091
520155
-149105
-830854
784410
173734
261198
337856
-670575
762029
-162834
-156883
646752
-451178
604708
551625
825128
-989794
723337
-668728
384503
-439281
-789851
357691
-954351
894862
-422663
234781
-863839
-825647
363895
-443929
694509
-785210
-274783
478919
388524
986415
-183226
717950
748443
653941
-438934
395194
-797238
-834226
-53181
-972110
-824020
-329845
-640838
560484
230874
-430688
-81826
276524
-535827
495512
-488696
-399665
669866
875200
156406
364375
-910011
881623
-156707
478514
868037
660067
196463
616480
314007
757530
11673
516770
923304
958493
544660
-900716
-371353
903823
659769
859521
-526866
-422057
136045
-62692
-926546
647350
537643
743321
522549
-305952
107695
612538
-424330
950988
91052
-556293
611055
-712486
-939814
-74938
-954957
71860
-558169
968347
30352
986491
-932370
658999
890313
727400
518520
-636553
-694658
-345436
300755
-621203
-698086
-161603
-877883
824463
532446
229813
437001
-891884
180801
-471948
-448177
-208145
-184434
-387991
716917
-139391
683870
-841253
-171044
-285779
-854762
-103413
-626780
-964449
-376014
891740
-601002
-70671
-453696
699754
308126
-151782
-461849
430243
-327319
-929403
-339944
-890319
-821287
840857
-362266
-269464
-367288
453300
342546
-650372
-686091
26416
-491624
142866
740637
-346385
-960548
-886143
-310834
-336561
-994403
88165
592768
-448098
-212081
-99106
400121
326070
-668863
-927199
396667
-8807
-817517
575380
-167951
-179783
-694084
464761
-726484
648463
814390
-412574
-325122
-677234
730292
-584485
-23619
769745
-470627
665548
-566816
-465030
-246288
-974048
86872
541631
-73154
-513008
-132299
257983
-440206
-735633
-750825
-257723
839748
81225
562494
-854336
-454015
836011
794128
-639625
-576564
-530995
-316859
-846272
-115479
659523
923474
413894
325070
-643342
948864
-921219
-617390
35736
620413
309456
522728
-511887
-432561
-917478
-247519
-183386
-175201
-407772
897839
-612708
-262107
-556176
-776697
-467980
-195800
-353260
1026
487342
-199532
885547
146864
-276058
299441
-528067
80600
248305
-449285
463211
-715960
-828873
-227333
806769
-340759
340106
889291
411722
-843281
-285910
-996050
-945442
101382
-258157
-501617
324685
273864
302584
971426
-725111
-210075
-228107
-839564
936789
495836
459878
-591278
-423564
-291818
-40562
-960354
-7777
130565
-187687
-201008
789807
-847582
-311717
201528
-690862
402373
205478
-636303
-496245
947322
-137919
828441
221185
-835336
799866
496075
-45411
-428241
656512
-108622
-932406
116389
300101
-355970
824572
-740462
-316323
-183206
390104
495991
615787
179910
648409
-695931
-618562
957548
706442
586916
-678756
-789803
534238
183325
-961363
-244577
347990
838503
-748502
-697421
-589739
908010
193957
-522144
24399
-505942
121887
-151030
-246404
805564
665765
-856300
301554
281551
323611
-50037
585620
705049
-92489
292062
291964
228755
502259
-173798
-587920
540897
581625
760070
379399
833123
-937351
789661
741133
256606
-732484
-234469
750665
389403
614502
-495739
194967
280266
-352039
-503479
-438184
971572
446485
-852564
676620
-646005
439499
-31416
582751
-58242
794786
994831
-517346
376411
754901
862054
209534
817551
651714
-49333
74156
919231
716198
-175179
308633
330699
329082
-496400
-389035
977044
121
172781
948615
-553394
320218
625235
-199399
-240284
-406181
-616649
701474
-611396
-621818
-815872
765016
-866917
-953819
-25450
950634
697895
925217
24790
617125
641415
849611
-74242
-27886
178693
429359
583079
155736
-570521
-244141
104351
-123914
-923924
-270415
676687
-164207
323405
-939962
-462734
712010
-561780
-278606
477025
-428696
-232424
-548426
-478062
-534530
-623209
546728
-917405
-981795
396339
8354
-9681
-424969
-562288
-426603
730768
-132808
329257
-164882
743278
405334
564704
419965
-758874
-111892
480003
-221607
-399883
918224
499788
-922858
-510473
-732637
-471283
11466
-267166
-94492
-441807
-184570
-76286
954533
823784
914033
-470436
-738504
-512570
-739669
128688
816687
95450
-128034
222021
-339847
-708070
463148
548262
771934
-758460
-851622
690157
741329
-774479
-820316
-991308
-245762
191150
-258474
659746
749344
556957
-416541
703876
380741
-502508
-766561
642237
-15078
-506229
-229075
-198391
589221
642892
-976370
-750626
934823
486778
797636
706756
728318
946014
396912
469647
-828466
576597
478339
-74227
-232254
-780135
-414482
-482911
776822
168978
-779035
157563
666471
-545595
-200201
-348607
-51823
570725
453003
-462603
213617
476633
-213229
148439
-36590
-415594
-144806
-308272
-469580
-747895
-838626
-298045
828703
639713
627728
-403552
859579
-786754
113538
636400
382225
334504
-206038
48696
788910
593762
700089
-262914
164487
153091
274484
-621897
-370276
-938746
526543
593134
-354339
-618264
-715138
176082
-366158
-553764
878037
-537456
-914051
505765
58993
945528
719012
-827470
581928
101236
507035
-624110
-850069
295944
969652
850021
-966971
134139
3112
307513
512243
632836
368768
38785
225969
-985571
420521
510831
190511
-945637
957068
68548
-483093
-956983
-425688
575901
988545
-706677
748431
570472
394560
255465
946363
544492
-448591
916014
394512
-415562
50153
-602377
891952
-437605
-969542
260720
601181
256428
275149
21702
-232741
-534341
76065
-275674
534208
592973
-232657
-891481
168873
-244112
-598157
-82696
-673640
796404
-827231
-727278
340895
-275822
-811264
-264594
308617
238889
133030
200569
801285
163488
-538712
402466
-580084
736438
-575833
187175
-797904
500233
911502
736304
93206
-321155
844824
-737921
434733
-753333
179383
761093
-956930
352153
-966185
383965
-923669
-777449
-880629
384949
461441
252401
-414483
262726
-584111
46805
-334809
-164195
-216758
89359
-977021
-14661
-410409
934481
-278357
682797
-386674
-433533
944877
-951942
-186865
124260
809152
-143795
-523588
842967
-759830
-447257
-934482
-640458
937692
526959
611943
-476791
-210315
-972168
570015
454876
-136363
-646743
-455766
-113383
338597
133826
-178902
-939761
-183378
434424
-373293
-238501
482482
439842
885759
291634
-703953
-637830
134601
-463783
-85086
200119
-104240
-147394
-272922
-492298
375815
516764
-464466
-54171
-28361
399172
299087
515873
-714212
-362317
-350302
106886
-302077
466321
-458691
324630
-772181
-976209
-235528
-886422
315426
60519
-524252
-549974
596737
390663
650146
-507504
-756732
-622776
199
619084
893988
535734
-435087
-134374
-65095
864000
-618501
220694
-498318
31198
-672421
199605
-502481
-131111
-475765
-274661
-107320
288707
-161083
-791895
-650774
314666
-341868
945964
-294672
-691723
-561540
-51403
-314498
438660
-432320
-420511
-25607
132593
445116
909299
-3408
826616
129993
498275
-142186
457572
-302120
355333
-673539
222115
-919328
219142
-489178
-80411
427248
-139951
-765746
-914621
-193988
-60417
-606343
244473
888180
79159
-316868
-544141
658649
657526
588453
103765
566825
-414955
-69620
-303183
-916681
788194
-845611
-218801
143527
-519149
-996686
224199
699993
-485864
-856212
127240
374185
-621957
212620
-819803
317626
606277
424671
205805
-314564
-892198
661665
-655915
765329
250117
447850
332154
835162
-621770
-971029
918482
-833577
-816640
-300320
309951
-335789
-297006
-465851
-635796
217131
-322063
491444
-408685
55980
-295936
-228487
-626394
-689660
-803817
579411
-4223
-696014
241076
339863
-930685
-508807
-212288
401469
-673646
165942
430440
-755164
332366
613801
-55484
-357684
-721988
647511
176466
-357784
-135359
854403
-866341
455957
-89617
-162277
-772531
283989
148064
-576347
-136600
-856159
-272361
-895524
483704
-203045
-404331
-728584
-801577
-77976
437359
628863
166860
-230276
242664
-888625
412041
520676
758887
-411494
-837109
-376473
-557091
-703449
-920517
353292
134275
-693047
-362719
-717661
-269393
500682
-573820
458247
605158
909885
-744799
-799174
-818700
-546376
122850
618659
-917513
-710291
-611617
325151
-598915
800424
-154173
-840029
-611071
8718
-216501
-168162
305270
-137017
-814870
-560456
169937
-177588
-278117
900544
-676906
148064
358790
928252
57948
613991
-870922
239249
-932385
251928
-142093
-849897
541638
246290
475255
942724
46714
-678919
-897306
435643
329800
-113807
-732519
-364931
749177
-547388
74613
-80887
275025
796497
-180344
598119
-55440
-821555
526370
-997493
792437
655449
241757
860053
-92624
-900337
-989845
-550986
345954
485411
-608263
-607333
806492
-505568
828311
136291
380626
-904208
771361
129802
-451595
-154027
-951086
823430
-357531
-131430
421548
587030
47016
-52082
589538
-160547
-396634
-168706
-300495
510743
-69043
-290339
959758
-723089
-804929
-648506
-330421
-998437
-154073
-502110
137855
-773448
-406317
-90785
356355
142088
755189
405269
-34483
-602343
-726161
-612935
984688
320855
334984
574225
-839693
938350
-594482
-140187
449093
336476
569474
408850
613387
764546
760345
-717034
766109
-393728
-219144
-96037
-167176
374539
813178
-810822
-483373
568366
594448
482145
966024
868287
869210
950711
189141
204194
524936
349449
142544
930454
-790738
-408364
266930
778736
-999514
-119684
543281
760832
163283
309390
-632897
944139
-786648
199928
318678
-973470
389107
835305
594897
-16446
317449
560921
-148159
186659
511632
-959019
-609148
36567
390431
533396
-32979
599693
-874968
-766050
378429
-874482
114266
-78290
886350
-722451
-768901
-746547
-778312
-555548
453381
540366
-529017
-157512
375671
-934121
826043
-306880
626800
-322117
879779
138431
-281135
-729370
-825002
-890705
804027
142019
708989
929059
375969
87417
-945423
-509765
-990873
940928
-232216
-759773
-805620
-10528
-315321
647762
-470162
155662
-509750
905509
221542
-683708
-401372
-151658
-5825
-521593
986773
713040
-250962
-838230
822336
-446936
303790
531324
-517877
-320242
-381259
-463300
169993
-372131
-522373
937777
-131904
-327992
-72751
552776
-680231
457087
-291562
-189981
362596
929980
126312
961224
-221679
-879514
-560370
-234906
833527
188669
-73135
655862
741733
-769346
187186
-776144
-89588
805928
-239444
-919596
-566204
238184
-981819
301893
910192
-54569
-145332
-770039
-597483
563106
39981
765114
493085
-833708
726338
-728594
-713222
-834032
36500
-879696
354637
963365
776167
96369
-805981
-36647
320225
104431
-230719
-919219
184836
203077
318965
203018
-495030
229157
-851552
359638
459118
-449034
-77256
-500902
-683921
-584171
-334610
-957584
-312765
-47832
-791616
723736
72473
563022
687101
-151360
-340610
881120
811993
979616
-14449
-418727
-939603
-829614
784351
379362
373405
-710679
-391482
521854
648959
-932364
-927181
-428297
-433266
-611101
-12468
232124
-568684
674768
-815708
-360299
398503
256766
-797278
85604
-894594
-137887
-33276
917399
-158271
952275
-501328
-97874
-877339
-716977
-718512
496066
-427656
-109993
17919
-778697
-42356
90739
-206993
524378
479638
780539
-243498
910955
455306
-59205
-449344
-146191
-802439
-246622
939413
-697033
615492
-93864
-779634
-542779
-141589
-280962
359348
-18928
2062
640837
-522863
574407
-469157
495056
795711
488488
-414206
-411283
12865
-934568
-630744
769368
976387
824563
-289838
-472958
-321629
-92277
280421
-382216
210690
-104087
523921
431056
353134
-617669
-849906
-287519
363403
152157
-646683
840541
-273436
-115839
335597
-477726
-627352
921391
110992
385514
986824
480248
154881
963210
304811
865043
-509748
983182
-227234
770674
-399034
983457
-333414
-875113
414512
-980280
-492782
564607
-267798
870622
-283237
85520
711163
443327
969681
46759
965602
-657671
-31851
76594
727844
-45027
-443158
-117276
-81818
861653
-252233
408435
844835
520534
179109
-554200
503990
845696
-429313
-81499
865416
77906
-516892
-402382
-51472
199871
683138
-340310
-356802
652819
706449
-391200
995149
-325402
685395
722992
629571
-757764
-394285
-452247
-896112
353483
956189
948724
-125984
135297
-605477
-621995
-19007
-34789
296507
-153591
-956884
779615
444027
-8355
-20514
127164
651335
622685
-220017
357784
-768515
-224869
-967619
916880
-501878
661953
-840885
103838
-790295
-736996
-542680
-834106
-788273
331337
301192
-393749
709342
-717816
571462
5849
128593
614579
-214537
-427380
-393777
764950
699784
-742442
387634
-520233
615342
619119
254898
647724
535998
753020
309676
695114
-143143
519382
958118
314178
685277
-830156
-354486
-13532
-223904
-645144
268652
-652443
360705
-602755
962137
-853832
-30135
-431641
911118
-330351
-174082
298751
149416
-558740
-82130
-595687
-911017
-546133
-842667
398660
-851020
14191
-81958
-892902
-671632
-396682
-723057
-26117
589786
53039
328739
-141562
400597
-310556
255684
362733
-164388
-774452
931093
-253270
-104802
-242990
-954520
-955387
198270
-36649
-551073
287254
417218
-393740
-314086
566199
620452
603956
673298
948820
-792726
950241
-77297
797061
3280
-748558
-344502
-596124
-59114
911183
766609
776499
-863270
697702
-476772
31928
-545289
-431291
76542
652982
532060
525470
-59764
-50722
-868270
626150
-484523
752182
230106
-811226
701002
437380
-860985
-376296
234440
142295
-124854
889939
546172
816033
801122
312780
592531
937852
10482
-884241
-30220
465194
-315531
-953678
118175
-783471
571792
-941589
165807
703523
684562
681285
455704
-85333
870060
156705
-647953
-990925
780410
586488
151371
-344445
476427
-302458
-528412
277548
-989678
-935881
215400
20804
-820122
-814821
-514003
-135653
-768498
604173
80876
803295
662584
-753317
506817
347145
927969
-37480
-738188
798028
-880775
-386141
807104
899635
-799653
-41526
-444810
676774
656016
26779
-45679
666338
90898
-830280
-312859
270776
-645100
173138
-864877
-413598
-222689
216000
-610304
-560106
462684
896513
787040
390652
-140967
-951148
188680
-21742
-337288
-4217
-122107
-136941
954257
433084
-460168
610273
-540138
494154
276610
550760
663874
963752
-178464
-981227
136890
-43341
-394824
914201
-827341
-5127
-645905
635343
-108614
-858865
25994
750419
-810013
-785326
-271323
-147300
210457
606571
715759
164714
39654
-744409
-225014
499517
749745
-948404
50277
413618
-984652
871813
432392
152238
-171528
-962432
66439
1131
32441
420534
-363527
923827
561670
662468
674246
751658
877142
-597078
-395643
87599
-990508
-679884
-747687
49147
-424293
27300
-451336
-674549
78897
598941
739070
94245
470753
171462
-753518
-700775
209030
312921
300356
-758529
-266545
936830
-834702
-704876
599298
839544
-953219
476440
-757535
-348861
-435961
-748042
-28745
-183648
301106
546962
843653
849771
872414
-77451
448711
611483
-983207
-80536
-217055
-736724
218689
991976
576198
-480955
-766554
-690348
-544126
-601256
-395223
-944829
-761712
-348442
531611
-519246
302698
-904351
-267287
-726048
-87998
-966182
820914
-244346
883589
693328
678204
332300
304810
694997
-748237
-912245
958274
470453
-920270
534471
989498
-686823
844123
-554629
-288079
-551100
-499457
-49790
100458
-967847
430964
-596845
-872197
-836324
-322892
39806
-802506
-501978
795460
-918917
-808651
473663
413384
496160
168660
665147
583915
126933
135599
663645
-338596
125096
976823
-494473
570468
-311257
-45573
-928990
638953
-945115
-896836
69917
-541959
-769032
233593
135149
270774
431088
633171
66233
512171
824521
-460104
-74446
320680
708557
-409299
-95405
-164510
726301
-431760
496894
-148603
-454938
-997580
-578136
233806
-43153
-507125
-127241
11732
-403961
942676
469773
-172993
176268
-395078
-902219
-392645
-761907
164015
-880474
-937387
703911
45081
383294
412468
635782
-712112
-752043
362083
-143872
744851
-786521
401191
747272
-364656
-365004
-295881
128219
507755
715852
724259
450431
185625
-448734
-373302
790547
-350953
234053
-971361
813062
353579
-908747
516973
-601340
474547
-70560
-965558
762436
177398
396525
-381437
-77751
610005
-980246
-330480
-754652
-345250
373640
373568
-837495
89491
97826
612936
-724885
649092
-760366
-934338
-701862
473687
-905698
-888800
-172734
-814445
628173
225926
660102
-442387
260368
422538
735011
-343107
-958899
-342741
-733103
-939145
326780
-487754
-284394
-299581
885814
-121889
789911
-16361
-508953
-934974
-367269
-269319
-869312
-69130
-795632
-775010
42070
31634
-589454
-329757
-742440
-929352
227856
517929
493186
-37133
-825178
534287
620127
-558281
595142
-53094
-46034
-689253
647326
-160221
188859
437236
823419
679906
502262
-543850
-589413
632951
387020
-385045
857941
-570910
646590
-731514
99334
904151
-660865
-672810
422080
832321
290057
596902
366607
-89817
-961379
-38252
857090
-7413
272496
504416
832367
-538646
-58348
655785
-858740
-556086
-888066
-448153
-923136
498955
166802
934806
928045
-186608
-796708
27378
-282458
-457573
354568
-860379
-625253
-355375
736523
741354
554809
775145
-296898
411899
-232269
975599
-83686
-399903
-563048
857966
-744118
-421788
-698120
-632183
130060
-621256
866772
-703139
-686450
794817
110254
-483158
-177805
827796
59269
-823237
967417
434017
-178611
703940
175371
-623803
479084
878474
788097
-753185
854072
-295590
-153087
-708977
-437624
102795
-130764
-135744
470613
999296
243001
337385
-703843
556551
132201
406412
-926608
954397
234207
132662
-868840
201624
-433321
-47451
-94437
742050
328747
-615353
620523
116843
-368537
474594
821254
478376
765618
-616371
-418829
-365146
247886
-948217
-365850
-509114
389169
-69692
-952564
-478630
-663281
-879171
-524234
570927
253491
-393073
-227450
820170
559476
678114
562220
-111777
-937239
182743
-994935
-305776
-342664
826319
-827400
-577046
-790052
-246229
57809
457834
-194445
691959
948720
-805277
-377733
996157
-283907
-41013
-883015
191860
-470087
370477
798787
302463
190646
358263
-19423
-247134
-753515
43338
935609
-748449
737562
-407055
-922131
910162
15900
-712182
-336067
-926292
745652
469489
765668
694372
664212
-612065
690528
-619695
346922
807513
572166
876835
177990
370953
179298
-631364
-270785
-840126
121502
-24299
203212
57110
227252
-59227
650055
305122
-149065
-334046
592940
514868
-260337
338591
-15643
-494669
32962
-351432
-106734
-276510
28874
-759813
-468998
-398961
-882979
708992
971993
296320
-922372
-298793
456194
199130
676908
-340595
-743761
-95840
600179
906295
-790719
-548886
-427751
802222
965983
311913
140812
-49661
817244
-826226
598908
-289491
-102736
-372219
-49304
428267
228821
67718
137259
200813
-635963
214887
902021
820232
-585983
578929
-520363
-329744
-516912
-920185
-423449
-307630
-469070
148801
-505409
-503088
-539287
635404
447252
-722043
809178
46159
-11534
-293558
673941
939163
-865291
-97239
6881
271969
-896426
370919
-513145
-994406
191150
-99128
584524
670787
571129
-932389
750603
-852320
-240019
-718467
296482
254573
-221555
757196
-110024
-774303
-964848
-300846
271856
23618
405597
-54204
-37219
540306
848558
969662
-187726
952133
340581
299130
957728
-468270
-799998
542251
-797483
771132
609862
953121
918812
-630157
-765347
215294
624417
13099
-27511
-485607
238796
7641
213547
-489348
-968741
-380856
456448
-5960
-840551
305006
-36298
-28276
257138
-695718
-729146
214866
-163987
-529144
-242884
38530
-758013
-633022
-8350
-839201
-263178
226304
376093
-638762
-760598
-651419
-124369
478198
356223
-910822
988851
387482
-291678
445299
-618478
-132228
-249696
345224
839496
-992558
649507
-889651
222308
-514481
-418794
979425
524050
-176806
-653598
-484300
-16006
83224
742004
-639913
444463
981406
-291332
-679907
459604
-935109
-590729
448454
452373
117594
-106248
833895
985366
644057
179119
824861
651500
-171374
935211
-126192
314145
-483583
-146768
-161805
339611
199634
353895
-676396
-717142
95898
-316309
727321
77304
392360
-952586
-463092
457251
-543315
985363
-90376
574280
-120885
-256481
559645
-476828
922639
384506
-825329
-248736
319717
48479
-934591
836134
901711
-96396
175745
101345
-742501
499350
384204
353397
-816960
111524
-569299
575401
158938
-32391
32652
615624
-47028
942276
189903
832087
-314205
-250452
-644742
-391567
-865947
-470070
359698
453770
578409
425107
289904
480120
-671289
-534352
-418535
-413790
964998
965669
939608
-851962
77192
-629692
723440
-763870
337918
-243909
851755
-709111
-301633
41657
-877024
384162
791206
-521765
992596
925259
8165
352293
379029
-413426
-222600
-331068
-933307
106111
134581
-351841
692321
99579
-386173
631928
247617
691020
-997765
-28944
927151
340154
727148
778905
631043
-574486
-179438
754020
809677
-388233
-767746
802272
-462975
240420
154565
916055
826994
931965
-415013
893688
38075
719568
-458154
-269605
-180853
155673
-637677
-933237
-153307
-635441
37820
-226157
704713
-235033
-447253
335756
190482
373309
89775
158
985076
322030
-197570
-477899
-437551
956995
-561845
-610557
888959
23143
-716870
-72966
-257290
-175024
657430
561857
980650
-980248
628621
-172658
-615689
-333559
601186
-910976
431409
-846068
424780
-378110
527242
-485445
622049
512318
836585
-575522
-965581
-600966
-618527
-527425
-211522
-729568
495718
71608
197466
-761572
896585
-145104
800285
877235
-125352
428906
-295423
258960
-904653
-694238
347984
526756
-540305
-227237
-851355
986937
287319
770695
499255
123904
-804828
533674
522939
-423354
-993752
-688584
-152922
501966
383025
-955456
740394
279609
-100560
540679
156843
774089
-30415
861420
33049
64932
-832818
-618968
-408313
-373123
153796
-259667
-386187
-558886
-488973
-886933
565019
-293800
646742
87957
282846
652990
399373
-870076
154956
-217603
-825531
-104651
-937994
73910
-563972
218850
-152001
405613
80270
881048
-529456
247452
-737921
62232
874329
415876
802565
-511858
856991
-686408
-398790
422009
19792
-752049
-490035
-697362
900942
909338
-567437
55897
-308265
-392968
951247
-246259
680942
-612726
972592
-471059
792887
52861
-590012
-736569
-699687
-327932
325663
-825359
-912056
128228
-337216
944935
441820
263995
366943
-538388
511946
876909
-235750
412888
786246
196813
-531216
-522019
803846
-579970
231723
484788
-192695
204314
-986272
-399808
-742825
-576284
-136377
-442512
95785
-810714
-267870
183729
317515
394914
128663
-240666
-341091
-504394
220947
-829146
-627486
985197
583743
-841240
182010
-947473
-363259
-14145
-527442
868465
-529358
279863
72778
-515630
880055
329954
-91913
-256323
887442
-996129
-67036
-380428
187601
-749522
-985514
-683737
9813
-326605
-188131
-769241
-155750
184384
-784044
-572008
343144
397966
-519481
979886
-616179
-46923
848350
-145536
-767061
-78872
338834
-887006
-748919
-753079
-143328
-861477
-749207
789636
-241905
438394
-959886
-227419
754658
49927
445976
-433474
280687
-709774
750910
496643
-281782
94054
-105391
198738
73939
278431
-848186
-77712
-867106
-615246
843417
471729
-502252
-905503
718650
354420
-766979
969444
144056
-8884
407837
184170
763698
162494
-765904
209674
729021
514784
499900
479931
11427
-781883
-426016
906036
416855
647923
184467
568670
-429789
317361
953424
-586373
-210911
-548828
-491875
-492261
805593
-258854
-522817
-50352
732262
885020
-866183
495960
47514
-632086
-294367
-223465
882698
-794468
-743535
-105876
-576350
-169550
-199840
840506
-521628
984627
409175
48584
301988
362599
462211
-908923
813771
970336
-401184
619364
-288518
76000
-430989
-556256
-38980
-297171
939704
-991467
70743
-354664
-214931
-46559
-149131
41534
847565
274520
871984
-352275
115025
-649644
-367649
-475801
398941
934340
886799
-138848
-974584
700570
-168512
-375768
319933
542970
700232
888944
986714
-338749
-408228
926417
-330215
662516
-428247
454854
-384044
422623
-503612
-536479
-302858
-631628
111246
812167
-281271
743598
-663634
-882331
677937
-776836
-21178
703353
923734
810310
-672415
243666
353279
-972183
132610
339992
-310931
724382
266409
358854
386898
838162
-186292
-997147
260785
310097
-533626
957927
678469
577620
770093
-602802
321217
-893542
-485132
-846
-670377
493690
-297494
-746644
303999
30091
497023
-342723
57908
-370368
997270
746977
-645986
263679
105831
740912
101841
919540
743766
-637375
229636
-789861
-679449
-91895
787760
-909356
305303
108977
-802898
820172
-891870
-473274
313861
-189364
-219917
-382140
840728
-722895
275138
-101364
-93262
272407
-354388
260753
-463915
751444
1665
637927
670983
-254570
-999449
-99382
-44431
-678898
808724
-256672
-588254
114027
852306
-391151
-65802
960436
135575
-751942
-228928
915659
-134082
-388201
-807237
-858945
510435
99502
413463
-843953
-639746
949549
907492
361919
587475
578474
-892652
588026
-520908
62918
909129
-712184
806247
-679125
401843
658552
-70276
-663960
618987
-934701
-415901
-609941
980958
450018
1858
-826279
591074
-487707
273223
4536
-331659
633478
-45915
-424168
-4604
-458440
-845694
102745
-870414
-366601
-834337
-961286
-78785
971910
-640411
-676943
630462
289314
-340902
249449
354614
243197
639508
335572
-306786
-358634
509294
-715713
153659
-217484
288824
822001
-584006
-757092
-602167
411390
-215531
-447861
-485865
-85945
185538
-320202
-47230
-893247
-348292
312360
-570190
-717830
-398327
88908
531619
956288
-667895
171127
291859
25319
812493
-198848
309606
-33848
583669
-401571
-211848
999663
-158662
185985
411053
625807
738125
925189
-460139
-76337
-395013
492631
30416
256695
-195010
460227
538866
406664
-450865
70484
362952
-118760
-758390
-345189
906559
-945897
455964
216165
20255
39632
814595
808408
39295
-344068
-5607
-549652
-718261
-267483
-624464
-178399
656180
-19476
-685768
-313404
-762781
119223
-853178
776085
-474114
-304043
-153431
888839
577197
88179
-456351
483756
142282
999613
-300080
-837463
39245
-485485
970945
-921460
170447
-34663
-471112
452187
697855
-95575
-726213
354035
884950
-411980
-959370
-877832
707243
-812547
898253
-766871
-116589
-255179
-878033
-539392
833001
-334384
944364
-24717
-334771
-355716
137820
704474
158799
108765
783015
-670754
-925898
-688097
781433
771957
216329
-944780
125991
101278
-356760
166622
223446
-649517
354076
121699
-416388
-762514
866520
-294421
-301906
699520
371196
-357543
-325197
-963575
286742
812623
740899
-554460
-78613
523914
-225213
-4511
835817
-443780
-232554
52145
-388560
893438
-846578
254681
60059
376868
605164
-585866
-501434
-811224
-348379
-634914
-105644
349715
-935394
-734448
992173
-260591
-698023
278914
-447968
-957125
724455
473420
566789
-500759
-531091
402606
55461
236355
-545250
666902
129792
-391828
-78418
-810149
985041
-473254
-396014
-516393
-284477
255607
-151307
609879
-394678
-86700
875431
-402506
652709
-822593
876408
-795259
-779717
600862
678161
787073
-899898
-852931
189678
155564
383425
644429
-177535
-486783
-747400
744048
-296932
-762359
-729206
307055
-278752
-13683
-437338
569942
-403805
167985
-516759
-528374
765479
-864050
-350966
641887
-659309
-130683
242749
-981149
-343610
342852
-834080
846068
-501585
549345
490496
320880
-937438
743097
64928
-234369
980738
335722
-927315
-298014
-677962
-364652
-728073
-81766
803333
-244831
389861
568812
-108881
-961106
210698
231810
-91788
-546553
250662
564602
796299
416582
410669
-705287
-34073
-98835
615594
28489
-355738
-319479
794121
-375000
-983758
866806
326986
-661719
-497846
598914
256515
-694513
-645917
-353625
874300
245202
-314730
84998
-522988
593482
538445
727674
158083
334743
144256
-431248
629456
-889817
469917
245049
138672
-885821
925571
-67208
-260821
941813
-200402
-933835
-719907
301753
665080
536609
607241
-980838
-817016
481540
264364
-131746
-433463
741377
-538265
-895018
469050
619818
439725
-386695
-811430
69180
-276512
658488
-685771
862161
772667
-760201
-205047
-488155
-818388
594552
-421989
-538295
-103695
-756910
998314
-496455
-737748
-818702
985086
526617
49552
-448377
267993
511287
-343395
-262958
131105
-903671
350347
319675
165510
-926165
-21837
479740
935996
-249171
719540
-269052
262675
901152
-674500
840686
-637143
221805
-916224
-638829
725350
-653972
-457531
710436
872645
592021
-737942
140637
103308
-81337
877680
-765587
14993
228026
554088
-819498
301862
-467749
660242
237857
283080
379781
968806
-454245
280933
-705694
-613559
643790
516111
-529783
-995040
241461
-183755
-452571
-48104
-311110
-860550
213954
829527
242758
-867383
707206
477171
147610
-64768
31259
328113
-762906
563510
-11646
474951
-153410
-631865
443757
392345
649069
738063
778786
292858
254174
-750997
297819
-504366
65248
845249
447531
754138
984699
-338515
583665
227456
-205898
290871
-295373
941712
-773897
735887
269824
-536803
299396
-741822
938148
-854014
-373686
381905
538332
-724618
119968
317118
568241
-625859
566121
-133941
-130224
-368632
-288692
-682694
-614494
-303994
-21209
969171
923463
772893
260041
-371911
714605
486144
-636025
-15571
949342
663372
242608
887489
809358
868922
269394
347689
-855696
-610639
-335194
712546
-236497
-769073
-421395
633279
-137705
289913
950585
247802
985919
-70625
216972
909381
-297732
-522987
-462530
-583128
963158
-98554
401301
912499
-435182
-356091
799988
-625824
-487169
69382
721865
-342865
458743
-613329
-630319
-777754
-382402
-51714
855525
479894
-761802
806109
-272305
-775883
-264517
944668
-866502
437751
-578319
-329032
854624
-615161
572415
255925
-702663
-862768
899834
-902675
-488592
-587336
166707
-766727
69800
-374550
-380055
439481
-152304
237544
-612234
-296780
-282563
-374035
-490671
445133
-149918
244813
389801
-16420
-317436
811482
654549
-462813
-803680
226963
793112
-506342
364196
692946
-409016
875605
-894390
757692
-891122
175410
-616859
-271177
-385109
230838
966368
2658
934059
-316196
628623
-556613
-871063
-521295
688201
518738
462285
-629236
330219
116833
-92049
526540
-656204
-298937
-979803
707993
-605991
-388819
583597
-500381
-631128
692476
675030
-247986
-578702
-710079
982853
-612335
292579
916911
71470
-78798
-639702
200408
399907
-951502
-280855
-137808
-580738
-950636
979026
327214
575904
-677179
-971723
596102
-969186
-577714
-792718
614411
-78095
-423845
306886
-403065
328170
728185
-113144
311022
-884150
-820565
227933
187321
100637
588232
-612272
-499456
636731
106873
362736
-944007
156237
341761
383207
-267859
664583
411484
-671758
695397
833771
-464475
309808
-244324
111681
-383306
352611
-560150
-655122
-760533
750873
-539271
-581098
-21194
648050
519539
-432963
-964223
-979917
-796233
142651
382819
-740240
-701112
-275420
642968
31030
-610838
54452
359272
-915442
-111778
894797
394367
643899
6478
-988940
-3491
446328
-644061
235977
197201
-183332
654879
-823994
-535282
174418
-256957
-499504
194501
-53189
643147
-422681
206572
942036
301899
-150461
-26935
691062
903992
-667663
775621
-207786
-772866
169987
-563888
233612
181047
432622
-320060
536987
-331402
877141
-646346
-676523
-946854
-181627
497895
-203810
318869
-307605
743002
-37984
269715
-50427
-95949
-428386
799112
877117
-737325
703104
-790547
-961704
-504683
-563412
208283
-68571
670200
-610670
-635950
-649861
926317
32649
-772720
-720029
356126
-719573
98344
-145980
76618
-582788
546416
-180381
379228
-183869
769192
-716721
387746
568304
-839605
650421
271407
-630151
688718
766724
-193562
-103000
-301847
-523363
286330
62204
-173223
212647
-905147
54058
492618
450979
334485
-409039
-695001
-588898
8173
851416
230722
-612599
-332454
-87
-329320
-944709
-431783
-168924
705713
839624
200926
394430
606348
-992637
-708570
-695499
-515999
577761
366706
310778
-209593
461559
-635164
-716976
-87463
699321
-126015
217536
-889577
882159
68952
341145
-730441
736498
-658942
-59761
791789
-90725
771315
497502
-251101
-27759
-108069
-644753
-20396
183362
-340252
463605
-238878
-973547
-225617
551529
488012
139219
834553
-599451
-161460
-291462
618086
-51037
-409304
-312963
-709892
-139745
-576466
-368833
800495
-784677
540442
571809
712826
-710659
-455951
-395243
-355412
523654
788119
304337
-12742
-450760
330791
761642
-899232
-181197
-99140
935322
219352
739400
-356141
-162563
-311637
234556
524475
-21528
-905190
948010
609639
895305
-836667
150081
467114
876159
439422
-988837
-519085
-915991
534817
-730966
388347
-477925
-181726
-280863
-716284
-80957
537940
184577
-145635
-242709
-76023
498224
594729
612341
-267220
119204
-409188
-172409
67213
-799549
-277105
230547
350532
-809991
106706
-210047
-798828
587621
-126037
735990
856656
-737691
-741935
-325071
-18554
-458218
593973
-480615
726359
-551663
276677
-349664
946562
-128594
-737324
-320659
990610
-146511
506932
57823
53940
-770173
-711631
-595529
-580163
395075
194425
-378991
-17304
-931613
-643001
-160648
-669304
-384935
514282
312143
156847
108254
831529
-116794
556592
108205
533543
503153
979612
796220
-817506
970221
-350292
689427
28044
703649
919254
316414
-891880
-660910
-288511
302545
-39900
694186
370933
317100
-466463
701630
932166
-952182
13772
