143588
-996296
-754584
834309
708030
-544901
-784223
-27826
324033
808632
251656
-569744
-439014
-323728
626514
528323
74266
-119446
452830
382789
-663974
206256
-247347
470212
643427
-874584
-44166
-546269
941255
-539665
-285117
84843
-535960
-39700
-80849
-827931
415399
134929
144244
-260568
-56440
-604101
169688
504547
72172
-203798
32869
-853563
676756
-514301
529226
-987219
691955
-718121
482994
335382
-592705
-561173
789114
-651451
-100837
-496004
433392
363203
464296
-647457
535273
-120305
487472
-320483
619127
-568968
75416
-211186
935579
-852413
585017
-31553
-705975
261772
454147
823252
274554
146101
-894870
-242452
-518517
-487575
196376
-729403
-139025
-904462
-225407
-705633
458742
-761111
-353090
-5986
118584
-865618
673531
-262290
-434586
-251053
526525
-499007
-103465
111541
469441
190560
-626687
-76413
13811
647868
-930312
118942
-594585
-448829
631367
601791
-178232
-507659
697329
596362
-213292
156070
835252
433619
-849916
-46165
568002
823616
691546
-866584
-427437
218071
-365591
469098
-670388
-896151
-340342
-297075
27437
673470
-649207
97125
-207589
-243792
648296
-576222
-642002
-529936
-83880
-944673
-933574
702829
211398
901678
136447
361482
-144487
-295551
185098
-452941
-162135
757661
765130
472275
226759
-905258
576125
886417
-202332
-396439
559887
148461
700686
-647703
904669
348982
-223925
-737333
819047
692196
-682006
885474
395024
529392
787151
-468530
-109126
-357336
235920
-924029
189723
-926215
833633
-45147
546060
60391
49595
122185
-53192
847263
725746
-493306
-4276
426432
-141008
-99608
-224587
635068
163060
-405540
327263
481054
-520067
-277714
10446
-732916
253757
901321
-90251
-510324
977293
-900529
-436539
810925
54325
-890479
-128684
-896080
231706
818124
951184
-42548
-675182
-53093
-616116
183810
847300
159297
-181123
10359
753758
-853861
-508587
-766310
-131575
501859
-499225
-877818
403179
410524
-388142
380471
509996
175320
191396
-435679
284842
-937289
-331759
-483452
880836
-380575
474000
-794347
566332
857884
389464
413632
17181
-791660
-576010
-229061
-645520
-84596
4629
222906
-582738
505405
345088
820442
-84072
956946
200913
-574077
132266
-607691
-9756
-582893
-544979
658486
-66345
-664144
-722090
-592345
-458490
844243
-734461
930974
257874
282721
-860687
681865
-946341
-506206
-402732
58289
716700
14531
-436307
61787
-165027
479622
18733
-964115
905546
-849002
-571806
-104210
-431894
-116785
-445724
501762
219072
-167814
909418
760582
-323571
-825044
691556
934304
457678
830870
616169
511337
-675337
-786564
-430374
-958638
227968
133320
103149
-937060
-387059
-878119
-901174
-481514
-727120
-472980
414277
-159013
410236
968553
-657252
-370692
-199261
-747834
-610110
477168
-572877
-918555
411471
884801
912315
27640
396138
-763022
241077
965764
-721660
-530956
99083
381490
-468016
712024
503372
-369189
-769490
776253
157831
644788
-382761
-431933
613340
-40012
197375
-585922
212154
587266
891246
639277
668711
302717
524078
581026
-669644
-79785
818004
571433
-114022
-903656
-959523
985062
477835
-427538
697086
-18793
203273
927596
-242541
-638896
572384
374698
-70828
185723
-665314
-873454
599801
546841
713813
491047
186118
382523
-206236
-289805
-36451
124121
630410
-218447
-304446
-483612
-122102
-263969
-498550
-644268
308493
-801465
336939
-488234
-873869
-905603
-127130
698515
469096
802042
-115763
803783
928589
-515962
350623
642401
975086
-463260
24924
-231151
246936
988473
892971
-122655
-229974
-411476
393734
647924
324555
895185
-996345
-366952
-906281
340595
144815
-780150
434993
-982316
918366
-95911
819727
-197397
-292129
748316
286641
-941506
390717
261726
-404766
-584360
-969425
842170
-595887
923546
-280485
174139
-487930
-886751
-177937
836626
-991567
-174281
-530326
-897847
-833687
614489
-677997
601307
632174
-759631
-494605
451900
42972
213267
200216
-670388
271762
-409068
591339
866996
6572
621915
709166
410686
545461
-571319
-415175
-942470
-458069
406888
894157
-449635
-767394
-636170
-347482
-601080
978319
-25478
-999774
610492
214891
-494378
62392
-742138
718890
-737393
-412525
-9349
-146460
-821186
-142354
860113
800730
-433188
270798
346190
-4506
855623
403721
537426
262510
297878
-912210
495117
661708
-259692
894037
640027
714830
894263
250519
-70279
-600115
-687089
187584
-881226
-424482
775060
109425
429059
953874
967072
289171
754603
-466116
-440032
100793
529378
-584409
-495486
66803
678101
802392
154594
173218
464100
894902
67254
104126
609732
-38483
-645355
-460548
361402
-332444
727037
480176
243075
502096
-410400
-327867
455969
-443328
961304
210572
90556
-478728
-688635
-380066
-63137
-184120
686737
-385037
-381728
-158669
788181
-917628
-263768
-144565
186499
-654036
816952
541144
-114583
178354
-791301
-387547
-341471
451774
-885452
248130
-876093
570518
804802
-914790
-218910
-104642
-393518
92456
515292
543345
908337
202029
-841692
-473392
-956641
946490
-391020
-220408
-198076
795479
125556
-381124
336623
-989028
797230
545322
-376574
-544241
-2904
-262026
703890
121003
-691508
508692
206213
89583
-595951
812696
-817962
919341
356041
-909626
121370
514349
-383017
164729
460839
225964
944321
-737237
21443
69876
-118360
-641935
80849
-321131
903388
704275
134629
-99517
-557751
-161482
-978514
-249259
-652791
227700
840325
-248741
40395
-977638
-329400
-603564
-887263
791970
910786
-270279
-43301
371624
955685
-98981
634387
-22872
970896
-483974
335194
51745
194896
238582
-243981
-670476
-860936
198269
168043
-839449
949011
515253
388251
789335
-733489
-571354
811698
-62888
-174917
924435
-270919
-264132
-345844
685781
-892509
-390159
-413200
741879
586969
-442304
-742095
-77837
609441
452802
-839256
-634540
782327
-700191
563729
-49631
-539640
512739
-534379
848612
302074
-267867
-722742
113771
669245
102341
38206
-601674
838209
692362
-915894
945700
-697798
-329093
687579
889172
228603
945484
-188666
-161957
398285
-27922
203503
180611
271887
-232768
-869020
732248
-720029
-403398
580859
582045
328736
858117
-304184
-2019
-39542
734022
396307
-201334
426383
480414
-255634
728585
-848680
-568055
617756
379924
-622572
-570910
-782034
775714
401168
421470
-43675
-326945
-811298
87306
-594698
-531327
683908
986161
-949282
12644
844278
-253465
-989376
-195264
-519444
406932
603403
906939
-112654
-652232
635524
38666
-220286
253280
-581411
157142
682370
-363444
-67144
83538
-941974
889182
756593
-753272
-23513
-838106
-284598
-339605
-851945
-233879
673039
992334
512656
683663
-202931
993212
90595
-599529
900151
977941
-251760
535675
16606
527954
-211045
435196
-314904
-528675
-928248
617953
554863
-870222
507134
311455
-623493
-516379
473350
91909
144017
621406
858030
-182945
613739
370686
-499282
-589192
363897
591313
-188720
264048
569253
559521
-200278
-414141
87474
588678
-978945
772571
-939998
-907192
390523
614865
-777414
-102343
-73680
-400906
381279
-600331
691003
-474705
-978926
549033
342351
634814
-80282
843069
-954379
-716385
434382
-143099
547663
3634
-583579
-652615
589494
503896
936063
610549
276467
996066
703358
-333010
610930
925944
564648
-462751
-474962
-54074
-63081
-783960
471221
-42006
765074
-186428
-407193
-315208
-343360
-361571
-31593
-908979
495331
-483930
94656
911753
-136544
-315850
415649
-200481
-705301
-307885
-204416
998057
359105
-593486
924001
-76248
-56236
-550962
869679
880683
-334922
340900
-161323
-569848
-845529
431484
114944
-188889
-930087
-916649
-97867
565244
-400579
996790
476996
462878
-319061
-107356
-737604
-24361
584760
57981
-26305
-56136
464495
-102305
867617
-591742
346733
737295
-711059
-988189
78194
127618
-558036
232666
-440898
556908
-956224
-370984
640259
-54090
-805741
-760320
-57300
671256
702558
623640
-436100
964955
-400722
-851341
22935
572973
92524
-512571
-529332
-39859
-104312
817402
-302564
184629
829213
775631
-687753
-728824
8296
-128650
828085
52073
500366
468344
997983
694626
708024
-59317
365881
410581
-435678
929782
375535
163600
-921559
-601530
-263427
170965
-114101
207241
-868894
781588
24642
-171458
-33783
-146145
-395828
278465
125032
612468
-850186
-46884
-335460
650181
-578541
-337477
344806
-870517
603206
-289313
540064
-832473
-359532
-84401
331128
-281091
314069
-932300
889875
-800032
274942
-979020
981557
-700417
-150477
-52227
153439
453695
-773763
-721530
66162
-623948
231586
730703
-973768
653046
-606775
371038
782529
996431
-918275
322593
-836042
-277806
-761808
495086
441104
552262
562786
330978
752230
-162273
351959
733786
137311
-798519
-318441
-709251
655177
-92204
-430781
-278661
283849
800806
-547959
310081
453852
-154734
-318881
236381
-158303
-237156
-441026
5655
485039
-202834
-499260
-73858
-650573
-936474
-742880
-898343
-98746
609079
835444
-961436
810561
-482998
-670686
465738
424799
-101466
-812924
-291353
-300660
-360883
-981272
-846808
484384
-300152
389573
-673920
462693
948547
331735
-52269
-254288
832476
873873
95140
896002
-869008
196797
-202745
740072
32240
-164180
550632
549242
165134
16369
-25959
-936332
203446
682688
-236992
842563
701417
-83800
326946
-598736
-694227
653026
863957
-745681
-15239
-188313
32
-182764
-314441
-904829
-286763
-183449
291968
510493
-443377
-675792
-653688
-892746
873450
511447
123624
-152510
575115
-672930
-469822
-661877
-830368
-768406
254323
496578
-367142
560097
149604
-503186
814416
-865635
308502
-185552
-48399
994061
-90380
664839
-189388
-798413
175331
367235
-474204
521643
474490
-600754
33089
-401886
246737
-391796
-74816
776915
-53673
94816
-991491
-799350
-408606
-358632
760747
740999
138183
575162
875364
-553316
-610390
-173035
-559255
299230
-508197
251357
500818
667134
-381408
-973387
188776
-906919
-574141
-778135
-308805
672596
-169931
616380
449511
776397
-288804
458021
977047
302591
-900612
737793
43589
237572
312955
-81047
684256
702565
745918
-875000
1795
-762280
376358
-497388
904855
994950
-470774
93631
-911970
-44915
315496
-220774
-372319
-854435
-604394
-922808
921962
106802
535214
899009
-590608
634603
636801
452982
-127826
-50244
-628065
-443570
-347680
-882147
-318569
654116
-644426
-942212
-843273
-739572
-947263
-314047
354059
-859232
641039
-330445
-80005
-731280
-184879
315601
-654087
-262918
-577597
881127
-363909
-168205
515729
-727109
-715223
-612097
222647
-343287
-55667
874968
-225434
625764
529083
130140
683552
685811
390569
736290
-628236
-255372
877059
-987198
414183
-202947
-718477
-770697
-887346
-372563
-33614
-464943
-491437
602477
366852
-975708
875369
651630
-587805
98016
-691658
356529
-27016
82909
-17708
-497934
-786951
-334156
-812123
603618
-597866
-440359
-651755
-720808
-427556
762429
76246
-146032
991732
188900
481405
-41882
723957
989968
-439405
90809
-985740
-564037
-257562
-573544
533979
50781
782985
-493037
-866310
-234723
9030
-653261
431122
196907
950357
833256
756549
-701398
-887552
-671008
-938970
188694
182960
-947238
-622407
-335636
10880
-898451
-345668
571475
192358
-331407
-992562
934797
95049
541418
-14422
-121967
-951620
119268
643310
57410
466008
74431
-745684
416364
-92313
-989136
714967
20135
-660143
775997
-791171
522817
828759
-413578
-812819
-160361
-312028
-158486
-588887
880331
510107
-581449
815128
-394845
959969
-199294
483189
-991652
919974
126499
65759
385981
-799070
320075
-197655
108617
330940
-482688
-871248
670797
-706692
-662418
193614
-877933
-75995
380796
-38294
611977
-777690
372820
492308
732417
791372
307436
-662428
751341
-891859
820762
759690
-971885
-52740
-174552
414097
148190
-854478
-783558
-743193
476463
-266246
-614440
147259
27062
-276858
-659127
149130
647147
721669
-889164
259124
943979
483656
-248569
676396
275027
-941134
-986032
26368
-832993
834730
-213943
-804877
-218010
611505
609220
930181
757028
825662
-813013
233490
-440585
-427452
-619251
586478
295690
-278378
-264393
-57164
-556709
-153557
-798040
-612731
-669901
-46609
-936335
605127
12258
-922367
-368506
179266
912364
417551
374389
-305647
29056
-16392
-375467
-213916
-190730
-188479
-980426
368685
384069
-599677
-44837
-320242
121946
690770
622595
565237
-462787
824556
952506
-132688
-222054
-983829
-527561
790205
-906196
103933
-30530
-993832
-478516
-656141
-299479
550541
327468
325055
-663376
-863263
-863425
-643802
505423
520645
-243478
-539415
-799597
878468
-848645
822999
443704
-311432
647554
396210
555881
-574501
412381
-971680
-784296
506186
132253
185174
512354
653738
529034
-787126
204278
-143499
537930
540903
-6762
674505
897101
-501339
195150
-346378
-40754
395553
-467911
110601
218551
975794
799170
-133896
372003
355051
291604
-215616
383371
507308
-709431
-484376
-307518
802924
-830639
-778485
-984202
373640
78017
553728
-85458
-928745
228233
-188357
-430084
-576618
465266
529163
818935
997356
-360236
37486
973149
-561067
903590
345152
793985
195194
-870464
177355
-297499
-579894
692979
394984
-776971
862341
616500
-761173
235981
-305484
792556
-849477
-234229
20788
-37834
335688
444171
-572568
-135150
263106
-575213
504614
-699409
-602065
943548
-795819
743088
737532
399375
872624
-85113
-898124
-707271
-392134
496861
-484241
-529794
113360
-245414
706188
807876
-452858
856711
-426353
567930
-181123
909335
12101
246309
-225815
-724794
671096
-721202
-424203
-930969
-777654
-220022
812120
959878
-820647
684743
-125236
-718771
977473
482630
778090
-506769
952837
-108550
247818
659024
-300674
794960
515735
272973
362890
-665389
182308
-625010
580920
956493
-349804
252016
-764709
225993
321048
-542363
-994029
133167
-582485
-814676
-182090
292280
-533446
-204617
-225091
-755356
288614
-272254
136094
-463568
-613230
835420
-668609
902505
108392
694281
-762885
-709300
-930730
818036
-752807
-280533
70052
-517516
945461
-608900
-59878
951432
524268
357637
-863244
-657823
-350084
-396690
137561
424826
-152045
-573825
-847428
984049
-37393
-460658
819468
293999
-558154
-72140
-11721
-321038
218561
57550
-503002
465754
777017
567051
948239
722477
958151
-111640
673909
482418
-754003
810666
824596
-104086
-586024
-37844
-679260
261931
388331
-526688
245979
-649062
12655
65446
644937
454502
993307
-366784
-866537
211867
690766
-369538
-322380
467783
-802488
-374141
190260
-844338
514219
-135831
638081
760217
-325166
462676
-343869
88810
-575168
-23129
-649260
813164
450184
596720
-835899
-537162
-337835
809039
917340
-344528
-557746
-949197
867339
-866980
-318735
-455041
600803
-121223
170818
-208937
34440
-314963
655232
-327480
-554746
-669934
-864804
101385
418877
-439972
-921744
769617
-626809
528440
366336
-462707
991279
-971499
-653669
908619
-316026
-211414
959422
-448688
-78394
-359313
96272
-477591
519465
-732911
313472
-446096
-47873
-31296
226424
397381
298771
361620
-501234
-282353
921649
-422978
-512737
-705160
-894538
853600
-167867
-903260
882102
178465
-994641
-433924
967052
964781
117389
-111343
-394532
-786340
411066
-875068
-519250
-275462
-321164
432877
693243
905261
-169742
-7987
266880
329024
709660
188529
906047
-803077
483369
-988492
-949477
-684498
-891752
932625
493968
-886392
-501299
461019
-921612
616090
-650325
-316143
829750
760742
-191211
-689501
-514720
487626
743377
-821478
392886
-426365
170535
-340234
902660
-119805
848295
808706
77118
331663
820214
127641
647166
928463
60266
141133
-957930
558967
-397849
-879541
175056
-48173
-195684
4805
-287431
613106
315305
197849
100731
58682
376372
-506384
632318
-453094
153382
534977
427102
1676
343682
-495781
-666661
163895
631860
980505
92357
-307874
121638
134428
-748908
723789
254887
426149
-324384
-940797
-569046
388185
672309
746260
-413966
-226961
-195059
962406
266655
-562742
-490688
-579963
972235
936414
421714
315917
-559367
755053
-520189
-927507
735558
572169
-235381
-142805
-293404
15712
-419016
961484
-558140
256601
-979314
-127186
-355215
692996
-380927
230820
-533966
424015
193226
732690
861274
702539
-847274
833509
638952
574441
149425
-920415
329494
629236
-847922
65051
201405
-83303
922247
908002
932410
-496769
869485
-625731
759832
890172
247083
-595383
583167
866157
635437
-950800
290171
-171337
781891
151445
-468799
934618
-15047
-829848
509058
-865623
-750262
-161449
763614
-598184
903603
-34982
318514
825850
-126981
250923
-670920
-257496
625192
-911088
-367325
-127725
-506471
-784159
-261568
-871034
-734958
-971397
-42371
-953068
180048
488830
981551
-835000
658983
490608
-700623
908721
-670841
-937010
-689463
-767238
28009
629051
-941388
901028
-120027
-612307
-356469
-494835
-523395
276206
377441
-29866
492048
-884127
99100
757091
-855524
-943271
804024
324524
545559
785574
489525
204542
276182
788903
113262
605342
851893
423800
838104
-120099
52850
896717
-219071
932824
-715591
424461
-562011
-238986
-299334
815430
731148
-807286
931303
-169752
949805
-924221
-113022
753828
400304
-567463
539402
-110172
637079
-184417
-321270
-249659
-579075
-469377
