114526
-993849
89011
284301
-361923
770894
429788
113727
-570462
598818
122072
325560
-517644
439295
855426
816478
783072
194931
-764742
274918
-4481
206076
416668
615918
-219065
229128
257138
-542096
463666
336350
-590163
-421808
342502
498849
862493
980579
269742
292281
94305
699280
-108902
-783623
24839
373455
655673
-119736
189932
438744
-924805
425191
-286339
70714
-368734
-869671
-313368
412201
359457
943771
870106
-176877
280121
-720058
401315
-377378
778791
263808
-396799
48533
-443912
697506
-252188
447187
913884
772652
-179359
569556
-347084
-989427
8300
-271888
435764
721961
798826
-932971
852291
-514542
479230
211747
-570772
349335
-965131
709349
629278
436185
-668029
408069
-300008
-64828
-543399
256081
-367322
204413
-296733
-453439
-22935
523909
-883883
629981
534483
124417
-641908
-29754
-153622
-843082
37276
-301332
-357624
-483494
910416
71605
865842
945286
-219046
495119
381471
112925
-96813
-918538
-951904
359788
337544
-319226
-435799
-959189
227336
541267
564720
343453
171247
99202
-532130
529340
-930552
314248
686258
106724
-987084
-671366
623230
923333
400239
489071
868618
-818808
-15810
250089
294118
887378
331551
342215
247165
-330905
-977011
811367
-290094
250325
352633
-725375
-406222
-476120
373828
61648
-946781
443276
-624104
739478
-450000
-611187
-931889
-826771
-687855
468351
662301
-819237
649543
-353510
430852
-56339
-466133
-237597
-714125
781033
431498
-691136
592400
-858597
559190
-54967
-583971
-847033
468913
789858
214616
522133
233133
590513
261610
783133
979326
329722
956363
-708529
-201928
618664
-527766
-552385
-734847
903086
391276
-200979
-334511
677151
-419946
-903013
986016
-827547
-761609
545205
117486
-345580
698173
-413601
-555722
-87212
-891468
677411
-496700
370142
460544
-517374
-300136
416907
-225903
497936
35570
246331
945551
300724
149417
336827
-900255
814907
13978
-320201
911894
-7
-147747
-849716
-454803
969740
-195295
-756631
-443862
248983
156158
-335329
-73606
659459
-965188
-613062
-857916
-265323
803845
-83818
-767388
-160585
-837488
-821837
-859861
311930
514990
-760116
126837
-471032
-80317
38730
528961
771936
189014
-925842
741675
993720
-682472
-702187
242702
473687
-37516
-830904
133145
-2703
-443966
275230
731975
-640121
-808589
964587
199294
-646076
-857250
339433
665854
657741
579317
-207309
-813292
-501000
831421
715670
-729064
20435
789828
-987389
14154
-892644
-689575
-743144
581043
272909
-574048
-285812
-729794
-18014
989418
-997820
341865
-819172
966768
-458841
-465248
-890483
880593
-799394
767259
459910
-6703
953967
958910
-175282
669636
-770155
845153
459464
-757543
-140693
566821
-447118
116163
147864
825791
542116
862052
-904003
-475898
851469
-901822
865968
-967703
-935055
-592874
-432951
-825537
-712281
-232344
941722
747629
760953
895689
706539
-414329
565325
936385
-569177
24789
-821159
290131
-408391
-268277
-593707
739473
-442486
948410
601525
-346489
-527489
452994
-248310
-661522
485291
-183364
-254395
-947660
-8901
33324
-180004
-67179
-219048
-419051
-171491
-512509
166620
-606167
-576125
597444
418623
-397284
-112426
-989769
334439
293868
749705
891954
242277
351229
-454535
714788
-195777
297155
-946734
-710487
-886210
-201129
-658147
104889
832195
161850
-962290
-386853
742799
-133781
100638
-90581
260053
524513
-493138
-321325
-872771
394437
-311093
461668
-311696
-561388
353621
930581
789842
899087
645369
-405936
196241
698635
-116423
310031
-502495
225431
-585080
-670300
-612720
-547369
-57153
-869921
318850
-956515
39498
-421097
567999
546361
257579
695228
-59203
946486
156896
629101
-614903
-489483
559682
-825062
-590397
205050
-230998
605844
-96316
652580
-84125
401190
-121990
330796
730890
265290
783427
-326263
395370
102277
-282777
-565133
681180
-714779
981229
-61242
980449
-77975
-114756
137345
-448874
270342
647862
-889193
445281
-942536
315857
-785717
663309
-780459
866864
-420817
620731
-255127
909980
351621
-989837
693406
-974643
405533
-204318
-257420
840401
-523139
27802
821629
415620
8251
-256347
-699136
-854405
294779
571207
793458
405587
16488
850922
-278557
230771
514231
-59016
97634
-906586
-438285
842508
-996607
913336
852671
696799
938694
258204
-507520
-318726
98604
-30658
709076
-79767
-615038
-282673
663887
-314173
-137078
-41334
-742967
-343621
-635748
273521
-492699
85695
-495708
-978468
-973321
601927
-885054
-411606
444434
-881660
-498270
297105
815139
-559577
-444692
-692381
121698
653913
276962
-169226
-425854
661925
548101
-761968
-652249
-588978
196698
-395215
67402
560950
878307
574704
-353355
-617402
596236
-326675
984525
711183
261720
428959
829523
763450
-273937
644662
-796127
281372
952282
325571
-64715
229244
-843656
509431
-108831
704446
747464
238920
-884533
-55839
843706
182870
-494889
722013
-242426
151756
-895389
-646191
825081
-910864
-935008
86800
518095
894516
-149750
-755842
539178
54123
525530
491459
-620306
-539185
-279297
-463961
970246
611872
-759516
717709
-149208
-644048
-338130
-305502
538823
166981
-583490
-703604
-681263
-478879
-349794
-856182
-389743
-284802
230619
-871649
-390286
-919132
-627491
-851109
134992
898040
640351
514686
-641146
-638947
-949275
-670900
972926
-708790
-953191
-176283
-352838
-291321
518215
-814016
875661
934725
-517620
-805603
-544154
132587
-661784
66103
847785
568835
194455
-542502
649703
566965
-393610
-215306
465004
-753260
-700620
823859
-392206
-649894
-847042
-419281
-358684
-800232
404436
288479
-91553
-77349
474464
-215892
-142624
956845
-21494
313222
89431
316722
-620675
-62785
-114444
573780
394714
-464742
140744
-998897
319953
-394253
-752156
619334
-570394
-144362
969440
-417436
436357
-389245
-217668
-159207
899235
690780
763445
373698
-525113
-379180
330542
453393
934042
-580028
-229886
-686633
357188
655671
887147
-248099
-809072
27890
-246995
510882
633638
850
130215
-936757
856488
99654
-354192
292845
710410
428141
-866362
609644
118921
897083
-16659
593808
-482098
-686118
47201
-548056
-266145
817316
-234689
-908958
472986
-347542
-157056
663915
680348
595950
174796
313986
-403201
-694989
377229
-546713
404665
-976963
746133
115075
451178
879771
-275282
-429901
776853
708060
-836093
-705245
-978059
211108
-253300
-244204
28424
512012
-153161
-498590
-835531
689783
-834676
844818
285732
340121
158803
882532
645132
-463968
-664182
49797
-440931
-918050
-835129
-989753
961722
-110410
-419654
738575
-402351
-255747
-966670
-380409
955362
-219970
375388
-16215
-707958
-777774
485196
-543488
912009
650521
-698671
197741
-9359
460133
80272
-364227
996165
416090
685571
-444766
498041
850443
-434518
459762
-259968
145828
198337
337681
890082
231667
957273
845444
-988304
332660
-170771
-696261
554886
-685576
-239749
466895
964945
61580
-335365
-44414
-478287
744908
591360
-482123
160998
276930
73112
-340962
127372
638594
-881200
867405
-215578
317137
205086
-325497
-451197
162358
-480054
-439500
-504983
349175
-135760
-950097
663600
624491
516799
628544
-313929
-818566
-415871
207784
926342
-824511
725662
87339
452420
-201227
746378
-420208
-562633
865179
-552804
221789
182316
652282
896292
731120
-185360
-583762
-708380
309658
765414
155860
359561
429013
-219650
-123640
57557
466421
57794
641687
-325795
-15865
817176
-600134
-928527
269595
198640
817852
849387
636007
683030
-703418
-142205
-134655
948865
-245913
-403535
-236496
170326
-111915
-926838
-64261
-956056
432724
-635248
-175706
-690917
422309
-709285
366877
63995
-35079
-648989
-118830
364788
-577515
-849235
-436572
-759664
-999849
-800566
923367
-703266
57230
-211288
-754401
811318
385177
9104
-18356
-726739
82266
917383
-682794
-485011
-717865
141501
-175928
704444
432217
-809052
-231561
-602863
-458041
649610
761926
-35555
800375
-674647
204782
800526
-475212
128148
-902740
582019
916861
-657141
393337
302037
351963
-625020
575299
-565771
-707638
892505
-50782
-425502
34006
773290
-721059
-533778
964239
47381
-136640
-493802
-303010
-374715
470643
-502636
-49361
-324576
-702110
475428
803573
-604850
57446
720433
-261990
-549218
22470
-910027
-174238
-402232
-475798
118125
-509727
473420
692624
524280
246710
971566
990502
210948
18946
-146138
717147
715936
479148
187789
-786701
-570214
863214
-488811
905214
666787
-93660
-37340
387219
644350
413443
-590312
734323
-760795
7457
-741475
357330
497731
731945
49953
22010
-21345
21518
12512
-810398
-959536
866374
906750
756400
345521
94539
969700
775308
-42248
-519111
680521
-375462
387229
-356819
-988243
31579
-943377
-578554
-234098
-704172
428903
24427
653159
-73366
-243628
-296888
948644
735027
724631
-38845
924630
765095
-172471
831379
521495
-826951
-74083
491194
948357
883670
972083
628878
-491792
359312
-727942
-480035
-609110
-671318
-58589
156793
-375489
-629686
-818780
-722330
296948
-62408
-19218
245592
-327381
-294587
-793254
-402752
-529492
34275
-571374
992003
207325
354544
483196
155681
238214
455279
-215441
746422
-185410
56618
-733613
205481
385300
207799
-637727
-990189
578113
-456507
-712519
-124939
481086
268263
-879348
-846296
973677
-672601
-249047
-555816
361675
179579
-563813
-431001
-465877
919384
724681
772337
374662
-490760
518758
-810749
565858
785146
394733
-48843
-7056
757006
-39032
-428944
-699501
248449
446118
781586
-483288
566770
935290
-509611
894169
-313757
-65427
255844
865822
370761
824844
-600055
290144
549524
-827718
-335195
-941236
691041
-145943
624622
476186
-751211
-424221
-530871
-994205
536747
40186
-693706
-214804
-513697
-912120
301909
-946928
-976830
792298
947242
-290587
-273129
203085
-424765
-902369
27929
-24820
387776
-422547
147462
-947420
-363783
-161498
-93363
-739162
-685312
155427
-163383
-216183
161222
-626636
824003
467517
158561
-689695
555397
-539531
-636622
578567
-747233
-689380
-712021
-20361
513706
-136786
77271
-458366
838395
-534954
119087
-14143
-482374
755304
824360
424264
-983859
-860953
-420310
-147241
-77135
740913
226123
-253132
208429
-615317
57174
-236175
-154847
420552
-657608
97920
731173
-369628
-922441
244878
493587
154830
786512
331981
619876
-94401
-682162
-862498
-339098
-857802
561767
-322956
-718755
-858543
529803
204111
882370
-244075
950979
90798
140609
8152
854624
985762
-571296
-802985
83682
-840124
-172613
161241
404755
-679026
-683930
191266
652955
935947
-903135
970794
-926552
-242233
-887009
635216
434812
-605763
776673
-35386
598349
659042
720540
549327
-250160
-138852
-442521
-395537
-153090
-13817
-198521
930592
146060
628867
91832
-449186
949841
407903
742081
602796
343850
838947
573589
417299
-403286
686581
52514
-968475
-919182
-170814
-3860
679167
-511773
-283320
228493
238067
577828
785973
842531
-575263
-227844
-355991
-644671
918216
-727124
447161
-530970
-777284
-144936
-788889
825513
-801087
-949943
399102
616212
-353229
85682
-331275
-321703
166500
497911
674437
-154334
986139
-608883
-925841
224206
968945
860132
66736
-606318
-367713
710746
-250988
-449497
983623
-803828
19534
-793661
51237
230646
-968149
250150
280703
430953
-133638
927475
-483366
535087
-394228
683135
32998
-719791
-471199
19136
-328674
-397040
-756658
-359729
-536908
310079
33954
95380
20824
782966
645884
4447
979139
-334583
210786
30375
896063
242637
-719475
176766
-326411
146887
104241
190224
-318027
710013
-126641
714972
990222
402160
-265893
-338453
-994880
-22550
301819
-531788
-712472
-664228
563593
308352
-881263
209476
-687201
-902125
874893
523585
128251
770956
-233779
408776
-52279
439811
-444337
-948039
-369966
237636
761975
503393
-47393
752196
-94447
686715
-586257
-89327
-335836
715562
378886
-48308
-948667
-57522
-739956
-829929
-848047
-427157
-732053
-973155
-903572
396198
797802
-137351
-195026
-254478
-697541
360637
-202516
-67506
-401727
-440542
-564114
550881
-688346
341440
237595
-274603
-747888
901760
-559042
630998
-146548
-507708
-426525
113497
-337637
-274571
686341
-69690
-247725
782769
-673492
-449924
-354583
131482
295598
-52123
-507881
-906918
880371
90392
-347460
-683743
-358728
-35806
657697
878868
689591
909810
780628
-869451
540808
-365921
-377158
-885718
747577
285205
-160288
433917
-784485
591987
216686
-457976
-857938
862103
673506
437661
-190020
-834375
530743
-309649
256017
-816718
6608
897290
147477
-335695
776157
-162932
-425886
556784
-32382
-885079
-809137
590460
-770796
938440
-124335
68917
372357
91180
-339097
-410958
633204
-197035
-548855
306710
-759375
261125
472335
771369
951477
-271648
954652
-41916
-374359
102128
622390
-598202
939196
-803496
958583
-93186
-688575
-850554
-502727
-459370
-912114
372938
609547
460243
-535882
-729550
-950715
-902678
73415
-499570
404032
314041
761556
-123633
85409
713032
604720
40060
-328884
-769639
-857812
-706495
-367841
-918616
-509991
-409258
-11802
-198565
-259812
485471
342066
-171926
-141591
-48387
-711683
322527
222063
-662398
419849
-704522
-161967
-176119
609519
-400412
700248
-305072
-687380
304968
734989
-16264
535329
877177
277242
-832512
958561
767251
-241770
-53241
-431314
498419
-567771
910752
-673507
290638
-137636
-385190
-386836
-915574
-47587
-966987
-620096
790446
-143106
989424
-609966
-442858
-315648
-297346
862110
-580660
686391
397438
-703483
-36368
564926
-744922
-269117
-676844
201837
299569
821575
634066
210320
-851932
-75296
-927316
-237121
537869
-842890
715292
570882
-462985
505738
-572225
-473561
895773
-15082
210791
-401573
-152973
630132
-715183
-755536
926649
248449
809391
-818273
979333
-867454
383564
278901
954122
17630
-510780
-897811
942334
-438096
-134931
480203
-280985
-419639
51084
256031
-913902
478860
782470
981872
-536223
-6739
-419702
310804
-376607
-134885
555269
-449958
-886436
364659
-268231
-907104
497205
-884668
371797
451327
132962
861018
553517
75296
-577078
-581415
-444502
141937
-1054
606583
-602032
85045
85442
-819562
66916
549220
173700
647214
-139976
797093
-487671
-584708
-652866
-374106
779951
78903
-281210
277156
194235
-909413
-271517
-672803
951605
-718001
402493
-625473
-299416
957992
516465
699531
564574
914433
-215425
-349984
-905130
851492
-800765
268571
498706
59260
65663
-988965
474552
412797
-363071
254503
-508300
355720
-468341
685936
446307
260142
-986868
397912
542141
415626
772439
-757275
373618
288903
942256
-61808
203336
-273169
588208
298207
-421677
787444
-433223
-922971
-153297
632440
-911936
-678745
45237
-275006
575758
536938
-919287
-892583
222873
527020
367560
236006
-75068
-90299
-348368
-302630
152426
-974751
986274
94682
-36559
189609
821514
-448351
-512184
-600163
-660908
54593
-523134
185795
-312967
-435070
507051
732271
289925
82809
269208
370638
190226
-507920
-102342
-442215
728087
822590
467486
-620282
-480040
-380088
-595032
-493767
714595
368409
695843
536109
920058
-816341
935946
-740850
238252
-587189
444946
925286
-22258
-48004
657556
-732334
-965196
-73237
638304
225031
418844
-464039
782816
146930
-641449
250302
526649
-121489
870215
931617
384745
584810
300026
80588
120918
220083
264247
56863
479234
-497502
469674
-75821
-572217
-552584
876175
-914661
-284918
910980
12103
-646614
136010
-569054
-110652
-81174
577877
247899
-830872
104526
-873591
-960658
36142
511155
624153
-663833
-408258
-254930
556251
855989
801933
35484
-641513
271607
959664
-213729
719023
835838
-128390
-565895
746818
883714
-212509
-117173
-685341
676839
801654
892537
-75262
970782
-2938
51148
-989876
-966797
-437698
634277
-630629
154044
-620654
925622
10033
-818721
-38894
368521
452886
-79231
-845209
171908
-243393
26402
606013
-496576
-89885
-606496
386252
224775
-929657
187905
117311
-4919
158687
-885627
-953772
168811
-852424
-391470
-196912
-483052
762575
182434
-557430
-227393
363714
403676
-858873
-183401
-675555
-704081
988508
81053
322321
594521
584478
-767564
988025
-29271
457211
-941633
-841366
-425478
53448
317321
-311105
99676
-513868
-163528
708207
289220
353421
470781
-528346
795991
-756612
835368
199667
-615484
-348034
524113
-319565
-359527
-394835
-997244
-765007
-810358
-764808
-776982
160372
692404
-718615
319006
-733074
334834
-363674
-44179
-565490
122459
792294
-857284
-588322
145714
613498
-116668
-58296
856886
-281301
-858629
-758599
370666
665484
-78163
-988861
-729352
-75407
-753867
-539710
159786
-530849
620663
-147811
-249463
-60332
119115
-914630
575995
-925064
-480120
-301547
867230
-337404
110131
12943
-723907
993464
954648
-867021
-287838
-903982
-625619
-917172
761502
296218
-906033
-967850
-779190
-659900
-507559
380596
-190748
-886897
-767215
559789
52771
351901
645160
-371234
426837
-834961
327219
294067
-172364
-562650
-692990
103730
-569187
-738343
236709
142976
-642324
611090
225804
-880822
-92693
319772
-848672
128118
659873
-356231
-491286
-530876
-243128
-258501
-971087
809644
-906601
674073
-561591
520236
839113
765629
-185697
-333252
-797022
121313
770478
-366208
382970
7187
776769
740647
-381723
2573
859825
525585
-677656
-988848
-346298
982217
-345078
162416
-548659
411794
903915
-519745
221438
997315
-845672
659848
517551
993441
425477
-668147
-339812
628456
453166
-569335
-737753
-163864
437853
-960985
-423218
-943871
41588
-563394
581714
363933
-552242
-764584
346150
102680
397832
797492
-485526
301747
-722254
735913
299061
-567926
395760
-183389
-574486
-178763
148465
85703
-550308
-398370
516369
-288061
437766
-45779
-249045
-985453
10351
792544
-548846
-407936
156476
-101088
-172520
-497374
-998408
-774688
-699883
-483933
527059
-422136
-748020
-173880
9939
647741
642732
435454
-531023
-208804
-478844
-81331
392827
-962476
630608
-169407
-8254
-618437
-154860
-997904
-825894
296295
-405840
330583
-804793
421641
833209
-803201
646953
-866674
-287133
174012
-288810
-35153
-999869
721129
-387413
642864
156582
81564
-565941
677739
-999768
826887
715264
630841
-342521
-292991
-987596
502619
-290894
-813490
-201086
303267
517094
-5879
-275093
350303
190921
-628140
483629
903788
545872
-805181
-131365
546004
915949
481222
188867
72531
-437214
622927
-249731
-436981
449813
-534467
-806140
-892709
172542
-793736
609911
881648
-607225
-591176
184915
909869
402945
909822
260172
-406135
-718318
-256200
-502347
827555
-61380
366288
373558
-145432
-152490
-437575
927100
410297
-814649
-322632
973316
635165
142901
-832825
742456
-684557
-626560
352367
-802909
-233785
761191
382006
-323917
164136
291828
936255
758002
573510
-319945
-744346
401065
618675
621943
-225378
-526757
-530548
337048
-599658
879749
522400
77711
853065
157564
-779388
-979760
-99980
-463944
-606320
-747614
-266853
159895
-986423
-884847
835979
177713
406982
772233
-64286
-19508
-547712
191369
-618444
-929037
-186689
156179
-455793
282764
-506774
-55451
162512
-984375
-977740
15577
173190
-757128
35818
-926791
-221072
429498
-674405
512076
-410607
-660828
627230
-574629
516886
34211
-802396
-547401
-985297
-350108
643969
-603741
-279144
-542721
552438
265063
740043
-954337
-790388
-97445
-938711
-768128
918132
234479
-525256
-46051
307689
253673
-616553
633284
-234251
-27160
972457
-607021
398212
489343
427191
595816
941943
441894
-754292
585911
838153
-33436
-956811
390591
-768374
783232
436255
-558762
-314213
497544
-326889
-396081
-267977
147856
557869
-960289
-598472
941316
672996
167278
-85844
645452
560257
-687633
134794
-12553
908183
76737
-570660
-846110
-337353
-732507
120455
-294164
658084
352082
-510932
94338
793321
174855
-408118
-533569
778774
323905
614287
336642
363616
-984185
277958
36611
183094
-807887
-317937
-256650
-495520
816858
730798
-587337
-106406
-839862
-433446
556241
-572368
687009
-737923
-914285
39090
-248855
180054
-167589
926001
771936
298842
704775
95840
-86872
41416
-540544
-71056
-680626
496068
-887963
-488513
-821870
-144612
15968
994989
-413815
428631
-111417
-253676
995185
-555177
173956
682194
-293099
259672
-278716
458047
-560275
553695
384047
-788340
-147464
88822
307500
765665
-869763
766957
-305392
-550389
263024
-193354
-38901
441154
662034
977067
436143
-751781
405697
-675275
-5457
400882
-230451
-831501
83075
476450
428171
804359
-65503
867896
358054
-681456
-920445
-789410
407366
387056
976255
537604
154012
-329137
987216
-582965
477510
-51686
858190
139543
-74619
294332
387762
-668923
619058
-617695
731960
-611394
-449196
-184965
865057
978975
-380606
-200446
846870
977448
118098
926426
-811963
-474537
313481
-835708
-936934
-532508
-164844
-949719
-115472
-687335
-1404
-257283
452209
923977
-962951
-160029
-744946
656108
222276
987014
-955286
773080
-197951
909771
752055
421443
-290675
598924
398890
827423
525349
586928
-647114
-161170
751221
-584048
306322
-413624
-533766
-809150
-100958
464830
-66433
-648749
388807
-29383
191222
643861
-373276
-586503
630875
-328562
-813423
-567077
-418791
938632
854366
290534
537556
253256
117957
62905
-159816
470843
901735
-408596
886796
208057
177781
-646971
398907
-923177
817860
-667526
-571926
206667
303092
619297
-149472
929816
-967206
-518598
-398746
-780629
-85674
182464
-841997
-231308
-527002
695559
-978052
590955
-241536
-137868
61798
-339802
453537
-51407
868255
-368683
301623
267161
-291860
119483
599636
136215
-673851
-97273
-244489
176677
-167457
-211694
658080
433797
7677
-427594
-383739
165681
341099
89259
-138760
363047
-319786
619704
-774821
742012
-720098
678716
-309395
-851844
-689967
992228
415318
18174
111711
14953
-845611
437860
917680
-90099
-385463
-249778
698207
-727383
-815981
-294116
-154976
-199720
871565
-813878
889540
-267195
549170
-430247
-647492
774350
-688235
-367590
453066
2370
-219433
763099
-5402
-804116
-218727
-893692
210838
-64338
544169
128518
845563
-841294
878741
543769
-568677
-937241
-750348
276347
-136960
-878783
462470
-247421
-145978
11640
322332
206531
-214011
634098
838942
-760946
-363533
-380491
-997847
631066
-184607
-216573
737375
-973769
719090
281543
154749
564652
440249
33489
108421
871573
96249
358074
147920
959289
479292
-389611
-288132
-666686
622030
-965801
539845
-591982
668298
378787
-352927
-695236
998296
-350773
935831
-186311
432655
673205
-160080
151744
-45253
994670
-283604
-605004
28159
824818
-733432
-875593
182891
414489
-916305
-337817
-975122
-204437
-4503
646908
-170237
-464658
-945075
-501940
914129
-298001
-197175
912425
351227
-261345
-273886
-216119
-588140
566034
935625
366607
560704
-347980
761604
-411138
-523163
-971829
-286731
659729
442661
-203035
-678089
467539
592529
317408
114446
-577708
852751
169372
-79647
766880
871372
723178
679304
222598
-538167
-594583
-993522
-126307
971452
942103
-759700
532155
-405877
-998097
-878984
70960
-969925
-165714
-269311
472736
631251
52600
-59725
223779
-629992
-945280
646072
-777242
224093
-433576
989638
95464
-710399
668942
-681939
-248565
-925642
-675460
625129
-954190
-733358
865430
577965
-139234
867334
698982
931727
897409
-466733
-337585
370145
-835482
715016
-689580
388297
-914977
-634860
34368
-692218
589234
600793
-702580
-315303
890395
966363
2759
-358171
-959279
327299
-733042
-913469
593942
-867613
664497
-545293
999721
363478
-613566
897130
896746
48849
267275
-938737
-236136
577695
449561
-151112
942836
-516071
156671
532070
-915279
454092
-783234
975116
420454
219526
-383056
461175
-453176
-116097
547707
-859235
16290
212203
-404527
16011
-424320
-18093
-86859
-527575
-969244
-819584
-466312
-205379
758111
983249
643509
700947
-532822
-199820
233016
-448101
-745728
449783
-472986
674726
-330692
143959
135901
216133
-972139
-316393
356899
44152
895810
952372
-939837
-528510
-65721
-26696
-56085
-34965
153720
477604
759657
-88169
460853
403165
-387222
928031
-796655
845795
-520070
-542383
295577
6944
-867657
964886
-849098
268244
181018
-821236
951851
-462084
222916
847661
-509712
283080
-680850
424568
-743617
263066
-610397
410104
-259330
-850741
-678066
-798477
552425
-65287
-870446
755770
-219493
-390516
-786613
-923916
616428
-654270
-959031
767331
613975
221988
946095
565826
759905
169011
413486
-749807
-547910
732637
674761
-291526
-4298
-935637
-881423
736373
-786378
-559488
937896
766048
375226
-932550
521818
-844268
-323066
735205
-768184
-706638
-919065
-727214
-939307
694910
494775
-993213
260735
254679
175799
-325779
504872
627890
-593143
179632
-663637
402560
243996
-545059
138932
457619
-104546
76828
223666
-729321
144278
-254517
-573588
821213
-519312
-341771
-885426
-438377
-68985
-824733
-743467
-574211
-817945
517268
680469
357855
-808511
185340
-14256
-401653
-635028
322108
-999094
608968
777050
139839
66587
-327496
-783333
-709747
-56817
360946
35736
369596
182158
516425
-972176
296733
-921953
-41161
472000
-665420
384629
654056
851849
65097
11910
-956663
-749563
997655
-358316
-384591
319763
-357409
-775623
96813
782431
290964
769317
999098
581218
-287500
360043
-383047
-917905
-457800
-866623
-890081
838933
-788575
68759
310933
-453994
-546612
-35011
-602146
518485
976900
-558808
768923
974554
82876
-615669
294317
725468
-391291
-608871
507898
899673
-839554
506996
480891
-127054
-132962
-902157
-44958
409239
-768779
64962
248172
-557353
-866280
-440895
-11347
-412891
524094
386507
-894406
500993
827699
874517
475547
-89425
-741153
-230137
-363957
-132444
160993
-856059
-232771
321439
650937
-751881
-805615
-482026
-654037
149428
927214
-422815
-785611
175385
19833
-651890
734491
-991515
-64781
258584
394993
40813
-240424
222692
-84670
-764877
-866733
174177
4986
-230690
-958267
-834021
-86749
-191037
487419
-435813
57083
681804
82162
403046
-168768
9376
980232
45621
-815239
64
393732
919252
8550
-671049
177835
-596458
369765
937412
626235
-714906
-827466
759502
459271
177521
-471188
501005
343500
442063
-690033
-169081
-993750
367051
-487278
88413
-229903
343954
-902212
-249672
-610425
-717451
750393
783308
-798200
-241058
-887742
379636
162485
482023
317047
-211281
767117
489582
-451779
226388
-332897
77033
-272607
-989397
-480904
37361
-158478
-474654
-595589
354245
613760
174508
-301801
711548
924837
87775
994098
675229
-128918
-804103
-565829
-16660
575534
596657
-534637
-107419
-614625
-767520
-617838
-66404
458868
49266
-989371
-813739
59869
-470275
223622
901392
55071
628033
255636
-331170
-197459
953836
-619622
-272623
41610
-625525
-597394
912692
-429627
-163222
-103968
-854094
-566566
361395
38487
-181191
593875
420650
752406
52743
-530085
763035
239004
529785
-707240
-537374
431176
347831
-909341
-313188
-983339
-106800
-359353
-602960
620577
682257
-228485
-976817
594949
341889
-140039
-509020
487795
293395
852376
-473718
-887796
446251
946932
864611
-501006
-583154
627646
737999
946632
920406
-799376
377808
268237
-708717
-935381
284898
184483
-294733
681939
-194940
-612477
-546546
-171757
982473
795343
688204
-526547
283138
-18401
-674172
809420
93803
772079
756351
-41587
-728927
-826803
-413942
-990929
-880171
-493537
-790305
497637
774701
-499021
562256
59598
685463
-732478
-258463
-509477
-344954
194991
318766
-362481
-9667
6970
110972
-726530
988569
436800
-917111
82372
208879
839241
-959215
479952
-987562
-373157
489024
-867733
133307
698720
629904
-91993
-800302
192159
967606
885162
459682
-290858
-624316
-885272
904133
694451
-247753
-105534
-298580
863219
167936
-310011
300019
250826
772362
-491102
90067
813147
988851
102505
-560011
477874
234773
573297
176593
-135324
-518696
376292
-943165
-551090
261453
516518
158053
637138
631246
62186
331588
-616508
956652
-966992
-753289
124588
-277002
546730
-624586
-504641
-944373
465481
-691495
-955523
-432014
-251505
522352
802759
-678209
-301056
-332565
-196904
-924764
-275730
252007
336690
-759213
-589941
-26172
872034
472245
-694585
-744474
428897
-661577
-497763
-446516
61421
-951033
-71101
556780
-895405
-605620
865286
-850927
-37634
-386220
671425
-234875
-64428
-629631
432560
738668
-554394
-843170
-9325
782296
-602382
400734
-243877
-730349
-127021
61539
-474823
-698125
399963
27415
-144640
-538616
76382
784259
-981836
180977
-821361
883450
330051
141005
-502771
1475
906131
432801
371845
338691
171469
817451
495521
-837856
599747
893139
562878
-644130
-837210
-564143
417409
-312033
-262267
-182629
715382
593093
278756
-208236
377352
296920
972742
555991
180369
302792
-303004
677599
-695733
-396874
110399
676112
941818
-718132
493563
437338
-555988
93309
330477
-993110
449179
493267
-557252
-133412
-818766
180481
683960
896617
-226427
-37285
-311620
-849075
-740366
-338879
706916
440004
963913
-596088
117602
-731821
7039
-771999
944292
-51144
-490131
437854
-613806
-46118
-468838
716672
-39227
980342
209938
403521
-153070
391173
-415999
-469111
287789
357575
493604
976169
508500
753239
-362711
215416
193242
-398798
619328
-689157
-130618
-373634
-461156
-186327
575223
48714
-748473
961417
-997404
-217310
678088
-36631
-236968
-111974
-633110
609962
-720802
-49108
-859150
566987
-691533
634454
543156
816968
387692
-819555
32383
-419066
-218353
-348289
-108223
651030
278078
430621
-535297
-146700
-520665
-283770
-185284
-518069
498920
-507196
445301
-738049
380830
812192
871913
660029
-236917
-987237
227016
71550
647218
-229829
-111483
34909
-49384
920901
615844
732264
-427388
-492380
383293
850690
938242
847996
-296010
-582424
-435775
518706
-100492
-936855
-988490
-655192
-674903
392340
-843001
-802990
52368
-79917
-790227
-720617
991634
856991
49555
-119849
-108100
-999830
-198949
-492257
732435
373663
15364
115727
224353
-46395
-36278
928343
371182
527948
447049
-729311
591094
458559
-384502
916192
-149101
-227502
-886799
903268
692581
-677025
-817349
684214
-820035
232206
-435635
71866
232377
365416
579609
-35189
-260921
-405028
-919462
963433
548578
44260
891776
-80241
-427792
338824
190448
-836698
-202617
805946
-920507
648283
-421556
-807305
551550
-728976
-484330
734201
955239
-304364
-33593
-480397
767502
-801216
885020
347111
163595
-375901
942084
244133
-412469
490661
-711607
-520694
-589580
-139398
818131
600868
23905
-384487
406814
103398
-736205
985259
296094
815346
-743718
811764
549547
-788479
-492601
-484046
-268875
-725099
-285262
-383856
622012
878334
240244
564095
122466
827775
54756
410860
-692919
465176
-728538
-874788
66044
295367
-259274
-527142
-601235
4522
-541884
694859
-180133
-285601
506623
-630587
-74080
-985978
-114632
657045
-711077
600106
-726811
910936
478439
513433
475031
-399095
341208
-470214
-988235
648290
994963
-716773
773502
61007
578595
-485773
533865
977360
518749
991982
672219
-661384
-293620
178842
-291970
632301
192864
593398
289346
481787
193503
562535
392722
-328058
75968
-132248
272847
-582824
397539
284612
-934535
392502
567840
838967
-546492
146434
-646806
987373
123794
871944
979355
-203988
-789441
-314266
974854
-81411
-681965
167718
-488013
607381
-350496
705491
169916
-957774
-622568
-754116
-90021
650279
-336940
-692482
-65109
-271475
700020
-497270
-432508
-846473
649165
-79314
-859100
-227042
-207371
-879746
568971
3189
-194011
543825
921779
124025
-288458
-566235
-268595
361047
-860745
901322
403274
-483313
-852794
-686748
-833034
-189734
-379229
101858
538791
-679210
604589
-893717
-525682
253753
26969
-384781
-973289
819599
-264527
595682
-177213
541463
139507
-255435
-334513
851049
178331
396893
212096
317586
298215
-384631
834274
445421
-71378
-998761
-744314
549393
103098
794478
870184
-292314
900761
-655499
961440
-72270
-40280
988151
-252671
695194
583833
570116
236657
-276661
-685319
902144
-425612
493012
299037
786484
-189402
-402749
-598148
-355129
-957328
330474
-353890
-701641
-120134
749208
-907163
-249950
-543106
993599
94551
-581667
-78672
-945729
-593517
668657
749466
990317
238773
-13878
-286345
553455
-111734
288044
46467
-812698
74527
857065
-215446
476380
-498065
-172773
-193147
148046
125586
686720
-102746
218423
-563231
354149
212021
531321
772482
-866651
585593
-821035
802007
335058
-830719
40779
-678821
-117063
-405766
209445
-829020
640701
396748
245508
497766
-818698
-278113
999702
8529
528741
147748
-865885
215461
-954998
352538
652230
399151
-435442
183551
171632
-302092
-230857
350597
-500086
-895800
519879
540694
-574620
-597185
-865073
634826
-426204
775629
31574
819305
273395
212876
-458809
273096
-778595
-930068
-579157
-644480
285393
-534155
708058
-62377
864997
-727384
-878827
36628
-29476
-109684
-612775
470439
-5483
907105
11132
419897
-690080
146060
54722
-116284
-78312
-913704
-296979
-804917
299172
244212
468179
520578
314145
889023
876098
-400463
-645132
584156
537160
-780135
856773
658333
256493
-172703
-451351
643719
-702265
543166
550823
308867
-36937
860744
-545073
-982215
-255540
376616
-895919
447481
571699
403254
-308308
39878
-76169
-994163
-71099
-200072
-394626
283770
-615916
-857467
503635
-759144
800867
-239872
68153
-650484
-596154
365889
892683
954670
-325244
-144255
815413
129683
-126469
-440128
-493702
-22388
-992648
-922003
-619134
-300955
117875
304697
-295118
-953225
-895375
310257
330546
-511291
452791
-165820
-270434
253657
594308
797720
603174
998155
163608
495856
952824
838365
-648400
768237
-31953
225131
-671891
474346
-797257
-664539
552343
-416391
34507
-329783
888307
739390
-283007
992933
49646
-952462
-518358
-497564
-118282
211208
756094
-523974
8928
359267
-525820
-827464
-144877
-572996
-989100
206723
-804760
-21053
-568146
-476650
-546708
-365402
-141188
-994365
218208
893319
-324147
106514
632709
392846
99446
-317645
440385
581088
184792
-677897
-207704
-59115
-201871
801224
-699848
272310
973760
155275
699314
984661
-638002
894555
-36393
-206147
-582095
416900
428451
276717
422536
-353342
170035
-901612
753173
-197256
491234
-147381
485099
-68381
-566293
-330110
253722
226003
610776
-948150
27227
910929
324161
987
66204
23475
-14353
428202
-81970
949255
-777946
335935
366155
650506
-387349
-211310
-702837
782687
-112922
-949664
-414570
-621688
-97045
-929472
309931
336662
-259581
-436347
-437336
-648806
-384496
589892
-737878
939665
-409121
328326
-36861
576526
-243472
881169
525781
-21417
217103
-108065
-370912
829754
680626
-73748
612441
-432297
-23412
-802130
-53984
879543
-731601
-744053
216204
8818
-180400
778869
360012
435104
368761
622135
374768
959640
-49539
-662093
536165
706989
-780924
61945
-314429
436179
953881
314659
265933
634506
-759090
-121627
-797791
217498
76244
148226
97041
344643
404173
-686755
-646540
-776228
-907887
713473
658877
460874
335607
33645
420513
-713933
371552
-43322
993056
590628
-981377
-321373
26807
972504
993286
-707260
607010
-765804
171114
809220
451695
-752643
-42555
-451265
592000
-638382
-138020
945460
-414609
-45906
658933
-755733
-585032
-5461
277912
835481
280607
-350536
-207841
273662
-759909
-189218
952290
266899
-216714
945575
559639
-609704
-820229
-269248
-800485
631466
-21891
156961
-819799
-429891
518579
42182
-484431
-896031
996277
-825499
-651763
-588756
169040
626150
-753275
-550354
-724387
38884
723309
-484296
849667
675598
782603
-367047
621173
342242
23249
800945
-927007
222765
432411
51103
-620275
612612
621212
898305
-345206
-863220
-997726
-348930
-688719
-649488
62315
480322
976662
309040
929968
-747726
-652076
653277
-232021
-802410
328875
-449418
-169457
-49953
892824
853793
-249008
965817
76557
-816598
16919
456283
796015
-361869
354588
-549191
-225089
356862
101879
86192
707375
-835806
-433487
684036
473234
-503519
936310
821158
-850242
-295711
-981252
478633
254871
-150709
-571320
147694
-296916
179672
113511
779641
363075
-869570
235924
159089
-231439
-409489
609898
543473
947374
-288223
-370335
654748
-124029
196179
338783
-650795
692660
275093
-829637
842419
979382
-810889
321052
234253
38403
749732
-618054
741487
-70596
495458
521128
-707522
625889
-242949
451568
-605550
347563
61466
937923
294937
773243
-432413
-50316
-350786
763766
-711533
-1581
456426
563561
168782
298845
542943
357894
-380104
-222805
-603704
-630373
159142
-862218
299032
-345400
658910
591511
-719512
-584039
43079
-325061
763524
-895456
-387138
58460
877787
180450
-991856
-472999
-55784
-703388
525420
-599358
860173
-305798
699487
403116
-947905
-680618
-819690
-551609
-310990
339452
-413826
988042
994053
-754916
579553
-725460
-338955
-377369
-50520
-575431
-272825
562342
483029
-395038
-257208
491174
131963
687008
787786
-342617
-912351
647959
351585
787136
51074
403681
-893483
231385
852073
-204472
-429163
-561754
-216430
-435111
-316670
-636878
-160570
344376
-14246
788910
768945
712929
351252
251974
-682109
-905957
-256853
449854
781051
-469067
-892764
868700
-821109
458822
655836
229966
-137498
762354
-538650
-285426
-442119
32187
152821
341451
597077
836152
704573
-563494
180527
-309674
-774585
-50528
-596745
576668
-798555
-278854
670711
-55408
-829000
451762
475525
-721763
320462
654417
737059
-23703
-115618
-400440
-261349
345733
314135
296532
-622080
-533045
-362018
974997
-696894
-657445
-588498
483634
32882
-363082
-566895
436137
-786414
-365450
-842717
884297
579143
-671717
336059
54668
-393480
-343480
-290916
-656421
632818
593467
-56861
-628532
-60800
-742726
668000
317121
-275770
-694018
292117
27336
-351463
703620
-489030
681419
-659462
-55924
117556
-445876
578626
274839
-561579
157769
603123
774480
-787564
-790357
-569000
-78479
-446778
-936183
-485012
496362
-564714
454188
753636
-896714
-228692
-522135
-590732
-936575
505202
57805
767046
-983828
-260776
-892416
-39752
856780
-338291
-461126
131618
100130
696643
-265259
-125390
909080
-55616
305610
-169399
497607
369428
345589
-6031
804714
-200223
-252396
908001
571086
225470
-682732
634512
-269328
375074
401557
-253156
-885703
509142
707093
971077
-829150
-754034
102695
270981
942610
837437
-854410
851690
-218179
451201
-317710
-720573
-179372
-972122
273396
-374658
-172344
-979000
-466658
-601259
246471
-149389
-966748
977143
-774316
434810
-276013
-660019
-56049
-568921
-688943
114801
-322954
413753
-614219
-380345
251189
-468628
-528656
-966991
982573
153635
-687563
-196799
181514
585833
428544
-990831
606834
961887
-592090
-146696
-187503
-558838
-169553
38181
875973
554434
378163
-180077
985514
689221
934725
-337440
102973
-679494
282216
-645839
-148121
753561
-612829
-165549
-92805
-300392
637653
-911292
-714559
66196
-902123
892275
28082
-494213
-254422
840579
-53050
576026
-121240
-177077
130460
-743078
642847
115974
946143
577571
778534
49116
898078
60749
403278
-250044
-185691
790449
584408
721504
-509944
222060
810212
-224503
-711744
908090
-332228
316338
-586123
413351
156917
360828
-10624
-964323
-816250
-880165
-707401
826597
235810
-761258
404168
14343
287858
302246
-924909
-308865
-947798
-110600
-518416
636610
-389096
-28359
-141330
-578884
747138
146926
-670795
-585090
-536736
-256917
828261
620182
-896090
-182364
655859
-712340
-62528
948458
-885743
-826719
-812800
518425
187624
475059
-179330
262716
-833806
-127127
-847884
-352222
-490517
-236980
619419
368153
184137
366557
-484921
513343
781467
-21656
-743575
609727
-401475
-639665
-572637
-745617
-352005
364836
-797159
-237748
538117
-609959
-719323
-274259
865100
101348
988458
-968707
974221
-859427
-320928
-516297
-96406
-701510
851857
-912269
665048
-633064
601074
446514
345280
857499
56241
943805
-782167
483604
-801812
-134171
-151560
-598971
628082
-613443
-208930
908760
112298
-343830
10107
100756
-312536
-15672
241330
366536
468032
-855076
665027
319888
-767345
330074
686824
833729
-223412
32104
691228
832829
-24092
909061
316433
174096
-225110
-835128
575126
-597028
-448571
-633804
-688269
663728
22366
321839
-235517
709831
-693834
-994187
76366
774198
-849263
-258607
94086
-616608
-928534
-219090
-782879
-151946
813014
908349
-319117
-211079
817410
997316
963018
-407701
-837812
538144
-4729
-286382
904340
307003
-622655
-73295
-371159
141829
-363464
-64992
147643
712902
-290794
298380
-545706
803292
681772
-474239
-415799
898894
373816
-602786
807242
-945302
186136
624651
-947986
149154
-783050
-785798
-312703
212222
-72180
-408364
-480776
305166
518342
148066
-553005
-845123
-916927
594638
867780
-207720
-106983
-677926
-404429
-425211
-152165
179773
-526317
-778350
576987
-719076
-723651
-236877
905576
-671637
912277
-877475
-457435
-400426
334747
470386
191211
853972
-224448
-290448
2038
222547
-135570
85112
-182815
-267791
877392
710203
54284
-527037
-715008
902120
652736
-241325
-876230
229722
39599
-599881
992846
-54825
-271518
905122
67700
271048
-495304
-597553
-258566
695907
-743581
516986
-594541
258457
-260467
269889
-656431
556719
-997902
-779040
266921
56382
-306077
551913
-41499
-653342
-689412
82271
576381
350188
482391
569226
-704638
-789128
474348
363062
481921
979044
765510
-776645
674951
-978072
740342
-919591
280386
-520126
350299
623955
-963408
352397
844916
303514
-591221
-461162
-144573
367281
-114503
166015
-550449
-538123
-483798
931943
-968897
-188436
-857185
505451
-825374
624736
484495
940137
848092
159446
962066
588433
239855
242451
-931694
-409847
-133594
-895101
942551
-288679
408414
-648671
250160
-736160
718610
-864344
429856
-831839
-402466
946058
-899897
-371363
-242378
-757082
-865912
-67751
867655
618584
-127615
715746
-221971
-165549
304178
-982117
-923098
372485
-391963
-56692
477385
-449413
654630
-114202
-98084
-95211
149638
-379474
40446
-420506
-211312
637980
-474449
-111209
-733383
283174
131710
-599295
-784577
-635
-980712
87809
-284889
-202683
922260
-980711
-184799
999162
391774
423238
-57530
-130841
973826
-402901
754957
-124258
501889
-95405
496268
-457666
484089
-715045
-819686
-990360
173747
-553069
292815
-694543
-152363
508238
304822
-133075
-403954
-980067
664243
-481694
-960778
-520556
-482533
430997
902682
459937
-699845
876508
-942964
-944889
-247751
558925
-40293
-751484
-898742
-556204
-466528
-718427
-546564
707219
-271496
746251
-987325
576141
254489
317498
-556934
850536
337431
-892691
-631159
376653
-413247
-113691
-192351
-510565
-653754
107804
-634058
-596718
162916
118191
962207
-877377
366708
-936535
-433581
900180
-654962
19855
607399
73543
-233894
620074
-350317
-979405
-62428
92750
871131
-724997
200059
-760029
651656
786813
126281
-540695
-723753
472527
567110
-357811
875809
-269974
760381
838016
-147351
127088
901481
419068
27267
-753481
-561078
-365335
320062
205029
-745261
969746
225624
192312
62495
96754
467315
-737446
336726
118971
-950634
-536993
578276
-674386
935534
145386
-32196
811342
875412
-271816
649358
-271940
855273
550838
-852873
-117461
797358
-413950
517205
117419
791080
771945
87164
16703
-35744
-850341
-886543
-568429
-587786
450184
550542
-538419
913191
128818
-212805
848724
-725797
755000
660066
-850385
-516817
309423
-122325
-661544
-139739
24803
220996
-342382
610854
-261800
775037
401933
-489855
-137799
-581365
474402
11861
-467907
905973
424075
982277
456515
885656
895467
-414668
-327149
744191
-140464
-572150
404256
9151
-88966
-286321
886827
249490
573940
-88371
-529515
-768442
-477517
208686
-993405
924416
718832
-131204
-656950
193233
880658
-124856
99206
304733
-142580
-444280
190388
-247114
141053
863240
-502923
-999411
-708911
901333
9740
202124
-384988
-103433
-548387
-811048
808197
-77901
-579490
-669321
-869216
-572895
-744906
849617
295902
-401855
42849
176559
473289
-857945
-518709
-669292
-302224
671680
83595
838829
534919
580672
839418
826009
482005
-150842
28133
-902984
745725
479746
-714032
553921
-598155
-293521
884601
-467370
133584
-860306
-617754
-570515
-262161
425096
606045
-788872
567151
-912665
-458164
-735074
759016
625432
-896245
293934
206103
943174
119943
-311892
-207669
-851925
-214875
-461944
627822
71094
-908023
-970334
777573
976578
-437703
-88844
-883728
-55457
340642
-145889
-630362
-53314
65239
936790
34022
607076
-798285
-206963
232507
-694530
-913030
-561390
-751357
206914
126718
40975
354989
911844
579032
-17189
-17063
671009
12478
-239491
647587
574775
671666
763859
-480682
12307
-382030
-111043
958994
683209
-174254
-6985
290285
27461
786052
-477208
332932
873023
-38598
581576
79936
-911880
-377450
-565075
999964
-798419
417736
-17100
872591
-569786
743409
520177
-995012
415075
284036
-475694
-572619
902006
413263
-613626
585215
-760991
379389
-124501
266471
165441
398291
-400598
38463
-640307
-819022
-881601
-552187
-196472
-446676
-552224
5110
971061
430677
-122300
-598726
174086
-602123
-593737
-410840
681913
-69430
16541
583919
-656167
402916
169133
-417158
-217695
-955368
849313
947746
442924
-551285
-13792
802617
-370307
104608
-749570
433222
657932
-301793
-561669
628993
-871117
316032
-969733
302969
713910
-563470
892130
395822
367100
-91330
-20259
710933
-688414
-851127
-706226
93891
-806494
-856913
41637
636430
-408197
-972156
439047
221497
132453
689478
-345282
-209616
-612316
93050
-580623
-483432
-590918
-550356
819538
-877009
-113825
711667
518813
-746726
-379664
-501446
964208
-68077
-352573
-742018
-974187
-159066
-598930
67450
-522636
-7127
95295
916412
-785631
-772253
605889
-130912
18132
993574
962139
437510
-489859
-628780
887155
-670322
-505789
-226671
-958656
-986976
26604
-338319
-488422
-9189
593604
159006
248793
619418
999940
649863
-313132
-522696
-357264
782164
-606285
-142894
-990089
999604
726195
28044
993177
688333
-534447
-496682
-940448
-647293
-167004
-446236
126037
-125659
-433212
-847360
536023
78367
143451
129626
-762628
-607756
-250956
-762688
-957893
435913
-285384
-315156
218076
108331
541950
227987
107934
268145
-743970
101111
-43523
-278417
604430
16030
74291
-562575
569794
-799673
311767
-863419
-647033
-152211
214948
496419
977416
452321
888664
-273540
689633
930772
-837628
-595752
-384385
380448
512579
-842435
-391566
-379487
425710
-135535
721625
-617814
586049
326054
398217
-339661
763480
-31990
-139333
75247
104592
213635
923036
-680460
-289947
900452
771861
-401283
-373089
461494
-470512
-210717
865742
145104
-830270
378321
302669
-221835
998835
-271621
642630
720459
110566
228678
46513
-491218
889018
-190008
476792
-250316
885239
-418616
963319
808275
-99076
-326628
708726
-327215
272089
-664364
-865722
801578
124920
-999980
-53319
294651
378342
-750650
-927184
377176
-22271
715446
97634
-911706
-55876
-855853
-402924
-166858
-45861
-926132
582826
-160622
-344748
546145
-352347
556177
-780484
-643622
-771038
491606
-307985
-636759
293183
816936
-636739
-760137
111586
741603
-510786
184402
118778
466943
-100152
-783588
555237
843973
-639440
-847687
-322886
314699
-773819
-740060
-845923
-118566
806085
-198270
-562390
-974399
158109
-333428
517207
850125
29813
-189611
667060
393075
50253
-221354
134678
539468
963049
-746545
6410
-137104
-530132
-438353
-293131
-169572
-286040
383984
-854873
-59859
643924
-700795
821575
450009
100936
-740815
475611
-740955
-74243
-7183
-890831
955571
803207
776230
348645
-146540
-445125
-516678
-607073
-482077
-263222
399337
380820
206647
960984
-912311
-962925
-325056
471673
-817797
615085
115597
-518592
436660
-434394
582345
695845
-958784
841390
-378398
34033
950559
-422828
-162760
726789
925818
690700
-718337
-590860
-916373
-200413
145919
482965
-819594
-647434
443949
-731905
-610359
-881108
739769
-428155
733978
-144635
53253
170637
420971
-364402
-133518
462188
-523013
488084
-503780
-572454
-934744
333461
-845666
991075
24161
-564003
-599786
107788
235585
546134
-409247
415992
898700
-965299
684087
-711659
-846406
423856
-139814
887572
-720780
913440
58209
700192
-450963
924691
162379
26024
412774
658600
453570
478031
-7940
607905
469105
-983779
-956099
869320
124009
279487
415453
714763
-304522
314153
749464
-620435
602494
903058
803421
-537321
790630
-917359
-623881
-151162
782834
-74844
-226472
-54788
951181
-813698
-396188
404751
664334
595873
12655
133438
612094
56557
2758
-263897
-663957
-581789
-549135
31521
732364
-799671
411086
334858
-896613
214507
797538
894017
297148
-826344
-257145
79981
98813
516383
-974807
49993
702686
-370994
-545257
367019
-775122
467399
-499543
836973
-476045
503216
-426924
-140001
921427
23941
891521
653791
224271
302607
-11352
327658
-482887
-213814
221675
814261
-40158
964530
-105758
-941345
480913
-80564
108648
183598
548442
563392
-449383
773321
30790
51075
610294
554746
-445710
-816631
-585255
-524283
207311
-693735
-870493
-568419
608872
118156
759240
-874015
904342
-19086
940247
-135816
-54557
-165512
-77161
-573645
753925
-968514
609954
302366
594879
-839429
75687
-374331
211647
-314020
-819585
765938
-130651
-404840
-758346
-923341
-98574
-628839
-491759
-489702
489318
-732520
-363717
393659
248394
-423471
-742158
-806163
411018
180682
-379807
164942
212168
-769853
-532693
-192953
-609281
542994
432716
602366
-771027
613131
368303
98323
-791709
609957
174982
109717
981119
683223
620016
470436
950704
-743702
-135905
199097
-167173
121937
392935
-756156
-697382
-986872
408786
514787
-756725
876094
-678166
-366006
419088
754550
-763641
648061
367681
604663
-253617
575973
214619
921366
-314310
195738
604588
-694295
-333827
555292
-437997
530268
-245611
394831
-347795
-852677
638675
-45176
-839549
47461
-530389
-596274
-76446
-208555
37721
-657359
-454005
274081
990703
913676
-121257
-262915
489649
-906638
-341549
-824662
289100
-736961
-518957
955274
818331
43047
485542
-427281
-562123
-862253
-279958
-923449
92571
-119506
124012
562182
284221
-952434
-646373
-678059
-609792
-100378
596023
-619090
-186703
-525235
117996
-697054
-431872
776447
-521716
857229
-960515
-40672
812502
857817
-997626
298044
-569465
-559749
435791
150578
-483198
-471638
-968929
640815
-909456
315293
688382
-555829
637235
-921411
343793
233257
-540501
-842910
708023
577495
-539964
-723850
353942
-61680
-866622
393428
897648
945881
251244
900022
243925
681779
-659727
-320284
-167643
-142924
208078
-136572
-502110
298622
-821280
-813728
742793
815956
-735139
86585
49212
-275639
243676
-242766
-698145
703712
33385
655798
-357968
166763
49225
-460321
112644
-699532
-560299
-643432
982248
-220026
36284
-185396
637051
-755638
678033
-865060
542984
856754
-678787
285777
672709
-413926
-627638
-278080
310435
616038
479155
612291
319750
-487461
268089
961782
679302
-682687
-498539
-208054
-382218
-58838
148515
-399971
721137
-815201
414634
358187
-570839
92666
493128
972146
-50581
814341
257923
-377872
-599585
630285
344048
710851
246323
-176797
323142
-433928
335742
-408770
-472147
15043
-91457
29314
806990
526326
970477
-44496
-873646
691614
140304
540989
49801
569466
-366346
-457071
541612
583074
-642730
-200466
-794798
-242314
-570181
549251
-531464
676142
-627547
791678
-757786
708195
-617093
-229932
-276762
291451
799383
-469773
-182224
769860
485732
-55869
461473
-373964
-514881
-488726
-804499
118774
54204
737113
-298152
411474
-463354
-92950
-830841
-33534
-543700
-362304
-357392
-171247
-570626
-115178
-463053
-187719
654890
260186
-896268
454273
790413
-78492
224132
276145
865640
-314395
902181
-649242
196879
-902319
469533
-748917
834795
-828620
662557
-628559
78431
831717
337907
534731
-530587
980515
-636516
-101213
-134664
-99568
711068
-479774
-839383
814801
974499
951030
-263691
198630
227175
-398052
884236
129355
-47293
81114
227037
-577761
332198
61831
-406380
-5246
433273
672051
-173529
-228821
206781
295884
-248306
570265
-805329
617030
-529303
905740
-862744
-368686
720540
-888245
-417657
-543152
310386
809519
58796
194621
-61127
-988498
-724265
-834090
-566258
607933
227742
27362
-397313
-338986
-300588
429159
432194
906194
-274958
-816113
476459
-80286
800918
947156
-174547
938174
-421531
-454008
-950071
160813
2840
360315
-29669
-938364
-445064
909205
-926861
-169329
-924886
-493119
-561397
302856
534244
41291
963871
-766345
-529551
396064
-860152
195492
579951
616307
-884795
380868
563463
-59342
319042
-858069
486650
368972
302744
-510510
-270714
-726926
-448873
284222
-817721
-375734
-885107
-742607
131148
-446503
560250
-334609
594788
524121
-100953
-934763
-79816
38896
260729
-499865
-344797
375935
881004
-781335
-683408
200046
-639404
803243
-430983
663341
-707267
298304
936416
-156140
-417474
-881306
468127
-302581
-623913
-400726
250917
936338
264666
-154296
460458
-836287
-89058
-619358
202610
-828330
-119223
857813
547605
-238220
-923522
864198
961827
-562925
667440
-469157
-899585
960173
829148
-963170
-195967
-588327
-844476
-727841
109093
-468388
-128566
-639991
-532051
-863901
205714
928408
-700187
-883345
-690951
502423
-711675
189826
360236
835931
951607
436714
700128
913434
873790
367568
-555724
974205
327741
-726576
-988965
-868227
-314903
-833440
-596068
794190
-301827
275366
-845801
166123
411466
359913
94530
711279
476568
403579
213702
764894
-406595
-426063
600825
-454988
-989349
300952
-541555
884441
-331481
-97278
858646
996260
176146
869682
-871967
861243
-963759
-468035
655433
-265586
807332
809632
900537
218797
169545
-4933
-69924
-353887
-601354
-856223
-588994
-7949
-282285
-988170
537064
-271634
312783
995509
-387193
981303
-101770
-528548
977563
-925625
-658867
-894405
935619
-622625
-362440
591052
111789
-555108
400684
12326
663689
-429772
-992608
-406235
216342
-593962
-262457
627349
398090
455258
639179
-64847
-816377
-48038
-69339
-203569
-66736
828892
267883
-89174
903268
609017
16422
838887
986392
653982
429938
98180
-901126
-169378
-889494
762564
400851
-882101
-643672
-382808
-476062
93871
-755460
922028
-450872
883720
-142819
-267248
-164319
787843
529183
768946
616735
-202934
-320228
520002
-593918
696194
358888
-607527
350176
-211174
490654
449050
619449
601160
211613
20299
719059
567941
637492
-757003
-338188
882033
-834976
210941
765752
22206
943694
-398567
-189952
472877
-629622
-573218
-730058
50151
946785
-323975
-253656
305673
68498
-903481
-905501
-440849
545570
713948
-839689
-242818
-265753
879371
-674877
-628262
-877633
-13064
-746230
-712608
-802124
-980478
309598
-858431
-379045
-880354
614446
-8666
-453571
884389
-958516
-506787
-439587
-212171
798886
628912
-115652
893386
-811937
-570083
607333
-651626
187100
-658421
-772256
512224
-286682
-649888
-500841
-32911
-362496
-302965
-13389
947103
-161395
607567
-933251
-546949
-401099
-386822
-662561
-359614
106391
-102147
428215
-94723
-473236
-687437
-201338
-285173
-257519
-594005
63201
929581
-252425
290946
441805
460893
641059
940964
-572018
-721437
-362001
414594
-774335
476604
22161
-707585
929655
621062
-94407
-732906
-738552
-988017
164947
689663
-82739
691712
-997774
715924
-593462
-255293
-878082
469740
-325712
-130507
-239314
-883908
-669614
-598255
-942945
-241631
-319692
-304945
-827038
-94026
-828342
195124
198389
-898687
-183815
-896019
-631592
77634
-884035
533356
-232704
33227
225067
-230478
-250850
631606
514230
-128932
101346
-811483
740562
862032
-695390
-929052
-736224
-638334
-170683
-55915
56721
2280
850059
228380
-802597
48447
329693
13589
152429
698102
-908778
268394
231457
-141481
-698379
-543476
628042
50771
-911870
142271
921839
189476
330789
662401
51508
635399
733349
315285
997065
-437335
-740631
53786
564945
-890573
-717835
762348
157875
611859
-224064
-689696
309960
-132842
578699
-458583
725678
880320
-2058
353719
-68910
86072
-504011
-147071
-724453
826778
-484671
327055
462177
-751323
-357661
459242
-188657
-98292
-486973
-623712
11136
-204808
-861365
-830989
-592950
-85428
-520684
717011
781731
-941986
-741572
507408
938334
256370
-138874
-130577
-657559
357116
722353
-382012
183894
-762319
945044
-353930
-513641
-412618
-894688
297703
489091
-381661
673991
-499773
413532
812627
-330761
820583
-272802
148555
537593
-491072
206569
796022
-983664
144903
52391
-122537
-985675
394832
-765422
736678
-987180
418472
974360
957864
-935458
-539281
-454754
-830146
758422
-965663
-211806
432412
-465435
-798275
245038
203805
-977693
972237
-647641
559901
-518836
558929
355922
-502499
-296169
-591688
374964
-281843
803145
609543
-545165
815966
28014
-570806
773829
92557
-110087
-680925
262412
-351665
-646587
-949395
-919254
-112022
-747669
325785
-908218
-725362
298021
-555858
834539
779186
-996929
190461
-723314
-293098
598773
651651
425060
401918
261193
879895
217883
-710794
-690911
-8288
381764
199003
310788
-355825
847338
664201
-305219
928084
-447821
-52888
253869
-356039
221751
-448111
88104
56290
-668926
91175
-753250
-392240
798078
845524
-740590
223137
247442
520603
103031
-534676
809810
412120
457037
191574
-388878
-232176
835750
-541540
-567976
-469470
-613456
-15797
477643
640413
628165
-300606
-807699
-283732
755684
-476625
807444
-997566
131136
605521
847959
390547
-171343
95400
-88850
931688
560725
-279040
343808
17761
912534
954931
785585
748283
-586610
-782391
-721187
-200066
201813
756457
-559654
-170023
-544150
-367352
546246
-788466
156023
353689
-786032
-712841
-40791
-938074
677706
787866
157327
-411144
719554
-281949
309816
63361
735813
222350
18292
521398
-29368
431682
739008
249446
-768384
-59180
5902
-328038
770797
461753
304611
317043
673287
-539367
-329269
887255
-252207
629941
949182
-574502
417807
106509
14354
137360
824561
-675830
-799279
560373
546520
219013
81771
-482848
-349305
-179222
766598
-117689
761598
-227500
554274
532395
-765748
-141116
-150562
907539
319518
520169
794794
-932690
150110
743976
-507191
-432084
-149516
507164
705276
-324956
831334
905998
-764583
377854
125010
317189
895006
775705
-862034
661603
-341984
899565
-565897
-787711
431960
-331645
71174
-718603
-424106
-609309
801567
-629313
-541999
-48324
-885337
-49189
519592
-34853
-542026
224868
640192
-710693
130865
875610
667161
-744126
192798
562167
-968421
330764
223770
-310404
230328
657873
-98115
-337712
-673772
973060
-56315
-97878
-636250
-254749
272810
-178248
696927
387473
772563
216519
-647380
-769464
-558614
992812
-480156
572252
868421
-812995
828127
61218
749172
859706
-608018
-27059
-450699
622311
-369187
451187
-715402
-42959
424246
228283
859164
787997
973535
131974
-390251
670462
-480554
-617689
-113020
-127933
-387152
328367
-135122
132693
-99381
-266701
319699
-271255
794518
68870
-411549
-813500
-958189
137752
808811
-327375
-411061
-906591
629667
-986815
321693
488830
801183
295227
-379197
-589069
-34311
140250
-206757
852670
-987684
406091
181036
-122805
-461216
-918346
610494
858483
-189600
405012
-72647
398851
591512
-30836
-463398
400322
641789
125542
493731
271455
138728
-184576
-239716
-60090
-889350
381088
350841
76339
-478663
-855917
-70992
-466346
550175
-889956
410849
-911042
-808301
21343
947442
2099
-573646
-125206
-599051
-982135
843958
-62448
418188
485746
-936906
-88081
-242799
201822
727343
517486
-858269
837993
-101427
492572
-85668
419911
636656
843341
953566
186830
953386
364414
275789
-854916
-614244
223230
147183
-187890
-901976
548133
-170024
941982
-514316
-751837
427728
-451222
160083
-815072
750601
-112575
702414
892332
-274582
-399013
384904
639751
-979102
21559
483091
974464
-791612
436476
338877
484178
581561
724634
-292593
-271256
-463256
-194569
-723124
366721
-252587
-237439
614884
-824859
311340
-225033
-639931
61940
662392
-937517
-45729
-612191
-336529
-660826
-972440
-315631
360734
510651
-341167
569122
-52873
997710
53300
-471313
722344
760707
257431
-740913
-433862
534307
625808
313552
-703132
240692
488693
608208
-984342
848763
-329853
678051
911247
624419
-934140
-425283
963593
-906580
259087
324327
604072
917920
-106552
-448802
915630
946748
79885
637973
707455
-662684
897061
-726407
871624
522869
587146
-831509
-236439
75838
776699
-220780
-75399
-553154
-542730
-164153
-928736
-476870
410564
-965143
-383450
-330349
359184
-779379
-412430
-747368
-228180
-496801
-800620
851706
-858828
906836
-810979
-961768
-819571
-939356
561102
767575
-770864
-675338
-156587
-994165
103882
768014
-547319
561152
-396140
-476054
-915718
-985576
-441197
-299167
-315925
917988
-78546
271646
-829381
693275
774846
-630001
544980
916018
-723165
734001
954251
-542736
794646
515352
-775161
-976219
840014
68252
-970383
-56104
-163735
-517702
-494952
440126
6244
-410670
454551
565048
290163
-861374
483035
-788383
410273
653655
904892
185118
-976346
449871
101135
-699511
183872
55385
-242247
-21482
-429263
-17408
2299
-589249
-949156
31917
354647
-112890
514215
859696
-672765
-479541
-550975
781787
-914493
739189
920414
568542
950806
330686
222196
855697
-484197
245850
305568
616939
546340
-510560
-327676
-695907
467958
243061
286686
-529744
653813
337530
502174
8460
-775361
16388
-131845
-448125
536848
317181
-666339
622355
56369
-745925
190897
7174
584761
-586908
-137129
-899436
658943
-831561
717503
205282
-342121
-610174
509375
-874164
632888
-203940
-403907
286700
-866410
-901734
-704841
-641771
114655
163315
-89896
-348497
-519505
243766
-726143
536865
497842
464754
-455962
82602
877847
406910
183166
536790
575350
-99331
-257928
-766772
290495
-748553
-640935
-76618
47508
-44842
-789918
181098
53425
-494758
539328
-831921
668558
-550568
-180417
-850948
693198
93440
685917
191040
-441806
-770045
-726359
-563959
636866
456808
972831
212215
-642524
-285098
445444
647972
-33651
804509
-428646
-986143
-240333
-218564
194955
813093
286679
-265718
981172
-44764
183714
-199246
104289
-123088
894195
-209795
-932049
-547611
20161
-658407
-111570
-342973
798401
-138740
869243
-844123
576163
314686
803849
-457488
119195
-624798
-443631
878863
156639
751325
691955
-556683
-514394
673127
398553
669321
-526119
-497159
-453768
-631925
293047
-385816
-179535
-686792
-44223
708895
-29765
-245822
-429845
-160523
-89945
-853682
-845837
-286096
-311170
273359
89106
245200
152221
-754256
-3476
-155825
-310939
482131
-482698
-912386
151451
-8817
-409544
697684
359259
883504
-688132
-820277
-803289
267645
888619
166947
-978177
-541227
-993576
-68122
-394909
-839412
645782
293922
433947
-265112
-460879
-413832
-19368
535646
430344
669694
17777
947646
757309
-830773
-61171
-652235
866912
-701913
-768732
-821221
-522189
-572020
446425
-633571
594928
468248
-174797
601353
-599874
430294
761941
-954092
-275784
195888
-219204
263338
782057
761429
-201017
212400
431123
816760
160046
188431
985988
-901126
536197
852900
-603038
767465
-968322
-125227
-804555
478103
241203
790373
-53649
-933595
391725
346477
496700
153666
392385
-779084
-650446
-826820
484254
-868390
934610
-716763
344010
365732
-900004
-495945
-445837
-914016
-397070
-909641
938884
-108
857825
970563
874666
-946731
448666
115869
843643
-604984
182275
235368
741493
-321025
-610966
133878
-100109
-261412
307059
-615856
-129802
241668
-332618
-785792
-392601
-232622
-281736
161562
-146637
321194
251922
-207753
-678914
109746
-237191
-804249
163016
-788526
311621
6659
-393509
-506105
-757974
-652016
172870
-368939
481862
-927240
369649
-211080
-543095
-760153
-969412
124287
-545945
-362013
891666
172319
799550
-254971
-506488
51472
537276
-185402
-838782
-699915
10350
324234
-488440
-678030
-669107
118051
-184134
-427080
466035
988736
203981
-52103
-938504
-426371
736818
-481598
-186523
767406
642690
267532
-594607
534356
-560149
-795057
-720616
-66636
256415
816660
747963
417633
-883255
-241688
-258133
-371695
80283
72760
746356
896149
645680
212391
884885
-150340
-839712
946381
423290
897106
-535217
-763234
664512
-892528
504299
-930095
641828
944150
-725152
921213
-122487
531263
737873
-374525
-51104
854618
383788
690763
-517078
-535930
