680376
-211234
566199
596880
823295
-604898
-329555
536459
-444451
107940
-45206
257742
-270431
26802
904460
832391
271424
434594
-716795
213938
-967399
-514227
-725537
608354
-686642
-198111
-740419
-782383
997850
-563486
25865
678225
225280
-407937
275105
48574
-12834
945551
-414967
542716
53490
539828
-199543
783059
-433371
-295083
615449
838053
-860490
898655
51991
-827889
-615573
326454
780466
-302214
-871658
-959954
-84597
-873809
-523440
941269
804417
701840
-466669
79521
-249586
520498
25071
335448
63213
-921440
-124725
863671
861620
441905
-431413
477069
279958
-291903
375723
-668052
-119791
760151
658403
-339326
-542064
786745
-299280
373340
912937
177280
314608
717353
-120880
847940
-203127
629534
368437
821944
