-724215
-742686
128864
678671
-693177
-828483
-359438
702
520346
280316
296026
-459196
493747
-542731
-339469
-9174
395397
448294
77610
489308
404963
263801
-552536
993829
339686
-213988
-599803
-673315
-719700
-448081
-321116
-443915
-190767
807749
-765245
116057
979267
-124682
-883242
499613
-844366
412785
-959584
649381
870055
-299052
-359793
265451
-850758
717817
-245241
554205
-18383
202224
548034
-678697
988237
948231
-352012
-731464
-499851
326873
-175379
309383
134622
59377
-574560
113888
934696
-457802
-386499
-909671
954984
-346083
739711
825038
354866
-620083
90489
504109
-902266
845249
58313
79351
47472
-393653
400655
35709
-445422
-951358
304245
54727
375516
-871134
-635890
-489863
188244
-210450
624026
122939
331749
-762474
213268
286732
-108556
-47021
111769
-753690
332896
-797743
750419
430630
-952495
-191268
-490019
94978
415079
910636
-869314
969658
959279
434932
24384
334795
563799
388495
844933
-247958
-821956
468959
874981
509793
706485
88249
-203476
-402071
-958773
908294
-155760
374124
-889450
-405342
-195247
-841944
403391
314735
253035
-181530
225371
383721
-211873
184650
-181347
812512
-480556
-617549
201006
-635624
134493
379050
833335
9474
-111157
539820
-902278
685368
-862251
-861050
593661
-18011
513074
704212
576648
-682173
862268
-19962
632563
115302
798508
-142067
-500977
-413366
-957418
317676
-600855
-437973
700128
600151
-73596
-165380
-20799
-240261
844095
868044
-700442
941818
553412
-562692
-919233
147072
419297
593842
-148717
-4055
911670
-286449
975983
544232
828853
774490
-597835
-672124
-638876
-555252
645553
-239731
6776
345680
-639580
933180
-819700
339622
-307082
-975606
207666
-7523
966212
-238923
429785
-953021
908149
-150918
640821
-240568
845027
552491
472983
821010
96723
301836
595499
498889
629712
956624
943637
275264
-283108
-49587
-379057
77313
-116408
-198757
-583066
576511
-174362
624600
-431013
-208151
-614324
998773
-161172
-706175
-152145
-520351
53257
-307119
-967861
-473761
-486110
128862
828075
-890611
-372250
457787
-933988
-428613
-266950
-217095
521800
353994
860219
-594608
-844763
-722848
981903
-19125
901753
-449110
772724
-712571
-450338
-388448
-418746
397517
91201
634512
-909602
123341
-839249
-395711
-747798
988826
-286321
-120047
446613
-220308
451340
-820338
562597
-26860
533657
422815
378532
688894
699968
360435
-330231
601720
911325
-557508
889149
-539013
54045
-529597
858505
-854754
-895086
948904
268587
-734335
-446808
520790
-745509
266872
-599258
701104
-953437
852083
880767
609161
-174777
414423
31976
-796246
103317
-268057
564190
773086
-666337
475515
-784422
-777188
936503
269623
-306785
795008
414869
-201871
743911
-316544
63795
-702897
-795755
318286
563975
-395013
19389
610539
-542930
-99844
219699
282293
-685422
-748326
486048
417895
-16382
50237
190980
317281
-474248
406558
540094
-537746
-323819
-766692
-742739
-908950
31438
-998828
-225494
-904768
-701725
-21249
413518
862251
583739
-567093
472789
-959191
333063
-307512
323102
647642
-55838
-190851
65536
927781
859387
-743484
245062
-614861
663075
-214845
-152606
-660744
18464
104656
-569694
-950099
105828
204812
-854867
404104
-816437
558652
266354
767303
991559
-260857
808112
324622
431631
131213
-27737
-624207
940363
-962201
-696427
799750
-705684
548636
-815112
957391
-666210
32282
-703354
352254
-863063
-273047
402156
242766
931765
547290
-353131
-884672
105941
913224
882631
97500
-347634
690743
-577878
-916003
-178044
394385
-540210
-237682
432185
-236637
-437932
726501
-688002
-253044
683892
-354211
779239
980538
998044
916177
-292509
400199
158943
-360745
-52512
805812
-245416
-946571
719036
-362785
150930
-628598
-672043
573052
-544601
149913
-32563
-84811
912232
-600379
678553
-525701
-873879
990552
221256
810014
-363660
495
790552
-365616
-83328
-501958
-965417
-924386
137298
-17929
881427
891882
35501
600462
-470904
-813570
971864
-142946
759483
-572738
-993033
-273081
342452
919199
126541
21004
-606502
252662
11556
614755
62676
647897
-384751
-146773
-717720
531921
351269
-683137
607536
-511434
298935
488962
-619553
-665564
89423
-90456
-479134
61287
766599
-719651
488550
773566
7268
-168998
692765
-866192
852007
-913737
386471
-136438
701018
-550853
-488542
-683733
302374
-206261
848189
-346358
110602
455724
142208
-590463
-55315
522656
-256027
-965892
-567800
264840
95396
-801202
545189
-416055
972364
-447543
414948
665129
-313734
266954
751392
-927263
-869485
452409
-478116
-358026
768677
824258
435713
616865
-522100
-453686
72589
620109
-44148
-982727
142765
699825
-948618
574965
-35336
146779
773763
-490147
730724
746127
62311
145671
411255
748577
-587376
162646
821315
-456860
-384945
-656802
185114
-616269
-832544
-379174
-999404
-354644
167141
73185
-734535
-877008
90459
408230
822818
141842
-16806
-212518
-711380
-243043
297336
-980657
-496916
-640354
165015
914340
-891777
577640
76985
929538
-879220
692041
-727264
305894
-924228
-559808
926721
-923632
85549
93861
149553
351015
216854
-759989
-240756
39671
381853
742439
827154
670473
-500605
124489
689817
2480
484135
-145168
-83181
592358
-567528
993805
521896
-446748
685845
794632
859147
761617
-765176
785867
837986
320374
-120272
-12462
-328612
-903419
227550
430633
136253
-390597
173071
-36594
-720124
672467
-912105
969694
-325054
572030
-175475
591766
164388
256998
585570
-313717
810251
271415
-519085
669397
33032
-284261
455264
-128983
-963887
-665009
858556
-292499
-568427
86106
-861867
567827
695509
311205
-468768
975386
-16329
-380872
945079
658618
-808843
-230396
250383
355546
-973398
-164048
-958171
836853
-892633
-477256
506249
140399
238484
-38487
-988584
274598
296504
869973
982100
728078
-43922
-879768
295904
-348413
431438
827137
-373028
-584892
-553736
-427950
-926275
-362578
341655
324109
992968
368257
-839940
-965203
205109
-732572
-442458
-288642
407828
796026
672871
419244
70624
-30625
289216
52723
-302548
-754707
172956
993356
-103119
-395607
820493
523853
19501
-733244
-904097
93227
-95822
437558
-582665
-102854
-194186
-422604
-68057
-989077
-155176
489485
-277719
-747349
285511
-604848
671896
-643866
364528
-38888
408857
-938021
206406
-418188
-944665
-896714
186206
875828
627139
-794293
-857416
723042
298934
46762
160599
716270
943908
966414
-706334
-124149
977337
138491
-634665
-300382
391143
650847
94771
63038
-993020
-540702
-975851
415838
-478722
230555
997651
-423386
333841
183857
-547558
-39020
389564
-404974
-315979
-311502
641788
844621
-595233
585696
811035
-301566
-538454
788372
836925
-173118
-512010
228067
-522272
582761
-708896
-515291
-957941
-684746
900548
-436663
545810
898199
139951
-120349
82055
592394
840631
-528382
-812581
-475348
160116
829208
-630727
564884
414903
-819693
-736683
876450
968679
-899758
-296669
-543332
328309
181060
-960571
619414
665770
-918512
934669
566318
-355175
480478
464516
784777
-639872
-453430
377170
-799242
18189
564590
-274590
-821695
393797
94683
743189
-191301
274991
-993494
-314851
243670
-893252
388481
700339
435058
-430460
739768
54471
-764690
821256
-10861
801628
-533919
-530384
266143
-749142
-170255
812714
628029
30503
-169097
192618
755914
9208
-413586
-149403
-247603
395114
-874412
-241097
-919738
369258
-134348
468744
69596
-699291
-961716
-190636
355181
-726406
-369380
-655681
-924778
96702
-186064
341365
347560
643682
154079
-24411
-325816
984982
-831794
-569902
-5810
-245379
280696
746587
-850265
406284
-494511
-770002
-224458
371142
698742
845139
671851
737026
-345498
27031
-989380
285123
371351
-914158
-618176
-814713
427208
729385
828969
-418714
-295027
-496847
-433732
-126820
-66748
560458
627801
-786052
307044
777536
620232
812534
-992467
-604226
183675
706276
-759088
-144474
443301
-104585
882557
453922
-819463
253908
539764
-437639
439196
-33029
-708255
268165
548257
-3282
771319
-885475
869899
-295430
674983
497699
-81482
-17973
275235
-461250
-205440
282769
-65476
978236
-10956
175436
-166239
-567655
-929150
-283682
886267
-748613
970227
426031
-186251
409422
-606999
105494
-322414
941259
-897788
-551096
-944217
972111
153475
730767
469810
-928008
-287206
-254955
-389257
507355
-972187
545267
485590
16858
-279297
-680649
449204
-208446
35669
335471
42942
5895
-238499
856691
-584683
154502
-37815
92904
95761
64398
541808
151545
36509
-304717
-117688
-493681
-232724
595106
251364
378019
102460
279178
-76715
-411950
-703965
643989
-92599
745240
-564458
943071
80710
478484
-51034
842211
335175
364284
-3287
-702641
-542813
-907526
361758
998996
244019
-601734
-305722
-873670
-95415
461554
721437
-844051
-160428
-176104
435127
762858
411947
731162
406846
-680652
476401
842388
-737582
-442889
320872
211385
-600678
-343954
-424332
396035
-46594
32856
488510
-684837
31851
-267472
-286571
726129
-141141
618015
187682
-419705
773964
-972746
404192
209090
790112
-183862
-59748
196958
135487
-583347
39345
397906
-26236
-639784
-390710
373086
16263
184959
-230879
969669
-782186
-742369
-715169
249665
-9841
-1739
-24206
849019
-383724
-836524
-570686
-609760
-809270
833507
599330
980843
-350356
-460418
177800
785132
-43765
-782856
183037
930000
-422639
792327
303086
593625
-22714
-927794
563293
195100
-670163
848125
-555235
319997
-153615
420559
169016
462662
584035
598330
852902
774766
431836
452231
755608
-918520
991814
-66593
866613
-51951
150552
49649
-121952
727914
-158025
-818867
321538
819262
-746660
-115170
14361
-416822
-267046
459127
903176
579340
-120315
72192
42001
-536280
-329479
-105098
-761515
-897643
-652867
994093
-816162
-661054
-72501
-949550
286996
-921949
100100
-834957
805965
942076
-653823
127502
761337
-400482
-987669
-224303
182697
-254714
-765177
85872
-675374
114509
-841937
366627
578229
-171415
-738471
816715
-69057
-391337
810807
114782
-52390
-261694
165233
-765395
-183643
-734668
-600351
-377679
-792593
-254174
749823
968744
345345
762155
-255559
-471959
-492559
-20735
613913
-167933
-906227
771977
-801306
672003
-399439
-539776
488717
531505
68887
299523
-353714
-983504
-962171
811519
-748899
-145814
-923150
-349250
476508
-715742
396577
226331
-746999
-258079
-11515
-2558
269963
495927
976707
-116124
-672006
-929521
-344148
-473312
742483
256414
-13087
231199
-212082
-944201
-469278
434205
-927705
-431449
245724
-676603
422738
322574
-25852
-100755
606833
-629275
-874425
859834
112647
114061
-142725
-617391
-390012
-166018
266485
-62018
-95538
922337
464671
-353056
178751
-548417
878144
966669
-492618
-591135
400874
-420322
-22584
-353403
-96924
-599846
969172
877224
299399
576004
-752052
424975
435837
360595
-460964
-706888
743204
149024
127094
9689
-912994
-968444
-67975
551677
-321500
-889225
-996741
-443357
-922556
-489358
-34492
478318
90320
942925
-875086
993396
-656921
-905915
870620
642479
670089
-881433
67453
105926
479163
606490
399038
222367
-244486
-473868
-767945
-157479
-442312
164081
-605803
236189
274857
-602543
792832
352301
-91901
-241660
-169381
998420
-298735
-44467
991816
44344
49619
862435
-313178
-280292
981003
754276
825634
460166
360766
224672
-317468
-883720
750804
-85412
-41199
-691508
-921332
352998
544681
353525
750455
337512
-294174
-341446
-904148
536445
-343027
-202882
-508022
-351211
841462
541597
-488776
-471716
-738696
-507774
-717441
-913062
952393
643326
311610
-365076
759606
62414
549513
-281594
370906
628181
-928597
-84414
-18294
821859
-746902
687532
-519587
-651050
223977
137387
146068
715955
786176
-12470
257552
-702601
515814
518857
-210374
798374
605795
-257982
441700
-82595
376943
201305
979819
-73545
919711
350724
-445364
991115
-733690
536342
812974
-480592
223874
-706614
-131641
-552149
430773
-985573
-836195
216949
1957
421358
514349
-482229
-59786
-696026
-683855
-453991
45993
757845
463414
-577065
-40851
443233
349390
-121140
-206043
904027
-130025
60267
440369
-317052
579676
-335758
-23666
-551966
112094
-592893
-537539
275900
624057
464419
-302743
138405
982191
637472
442379
-701665
-816520
-511629
-943821
646894
-88693
15329
90126
-739304
894190
884083
-835278
-235836
-55650
605091
447112
-475975
-730667
-576554
-27941
381428
-169446
434521
-342673
-545390
-101061
354585
593015
-118871
-7944
35394
179465
175536
523766
235645
-177570
-564928
-749027
912556
-304231
-854837
796639
-139508
-90673
-259011
-534417
-643562
265014
-265084
-220115
-762927
-883656
610439
671594
-226328
-934951
-429467
-871744
658065
451663
120312
-306542
-368873
-704152
-782776
866773
118278
-347704
-882254
30834
348065
-737091
-172527
-791444
172236
568462
-325861
528675
-166525
409056
-691441
70549
525401
918999
-257858
-700928
984048
312676
-572672
642113
-235662
547641
-664430
395466
843489
-447206
262238
-38233
205091
379984
992601
-446845
642893
-179926
-238288
-184871
-611465
435852
-656197
222011
-155092
-347637
-707441
-629692
-428639
34702
-330620
-444591
-652623
96709
-802479
111716
-355651
-466908
-492819
-512162
85886
769420
449605
-709023
149403
442206
-155867
-207704
-737721
605845
607426
-349185
41697
951229
872826
886605
-396409
-834615
-743087
174953
200087
-73707
730362
547465
-976999
927884
-340820
-332649
-539025
166361
155189
546862
-64220
-395207
837839
-914817
-953001
-318029
-122520
-690722
-712184
-515095
-39907
329513
-563866
-167081
216118
39726
-1695
473031
-785322
-801609
-600676
945040
745857
-577674
872923
-594964
89677
-666102
571398
-755134
880760
-492822
-150340
718598
-407639
-103341
-599431
469842
205938
-311615
954748
-833970
-982102
-609119
-1050
234017
430607
997255
-292953
645285
-804354
106372
590325
941503
528698
463248
-653461
-381625
797147
917937
-136759
677906
-574886
712901
396504
17476
-390440
797073
-512683
815498
-514542
-557936
981529
-496644
-167054
-19521
737373
-736447
-22267
-555580
908839
173380
550792
499164
114883
79490
-37588
461422
697865
-240442
379358
-438894
-562537
804472
-725993
833967
-178053
-116433
631040
309265
-300935
-883503
751330
-319407
-380146
-415724
661072
-642773
-152171
-361195
-198352
-243333
812186
-647561
-744170
-72932
431930
218242
-611511
129794
977800
767847
690901
-584737
572319
964908
-750770
-605734
-151525
880270
703531
547540
996768
454861
-771867
-383379
-960864
889205
-26151
-113035
-471990
775497
643633
-659805
-872065
899464
267263
559866
117706
655753
-310340
95506
423599
-619440
510769
-4082
-654532
759999
390184
193943
640269
93715
-258518
637036
-451425
-30384
-746344
-412289
-141179
227505
474677
386831
3001
118310
727027
130937
17773
-5711
-309197
-864522
-349959
380463
230985
-926360
761023
-258246
69558
-893510
-498248
-540258
300434
-857979
553457
-958084
779057
-897968
11532
-967287
-310256
870353
260218
-835579
257183
-736781
282731
-15791
394157
-699497
978499
-915040
-564018
-371460
465423
666968
-297819
226446
-591279
771740
332936
-89526
-768519
-366630
52495
784939
-324714
-168449
886972
686818
-135736
-423285
557170
-875518
-258864
-185647
-612298
-976134
798563
781860
-675630
777062
866820
-239647
-594399
332242
-572680
107783
-441313
-163959
-120478
891624
746515
111004
-475007
-200991
-104058
200279
630561
-217087
-112903
-505176
359629
-555734
-380694
-899236
258620
7009
-875369
57183
-211132
-550999
-165756
-344313
209355
239846
987930
636675
-652372
-453383
-527284
227150
-561760
-780769
-661847
-36766
18240
234096
-836487
-351200
-982991
50610
143625
376638
494877
762932
477403
-246504
-230060
602034
810680
558808
-948965
-355077
-785505
260390
884770
-797576
-102935
-767603
-250959
369781
459548
187282
589012
797702
-849485
-392748
31798
-685972
256053
48807
364639
-600323
-574556
-140485
-837392
902847
613012
-67451
504881
423691
-508644
555916
-931387
-294149
-183695
953384
-91724
713370
-814220
657318
83151
645329
-155401
-327838
443031
-4885
279415
-525172
309143
-464533
523635
-326218
-64855
949080
533297
97754
851927
146308
-969698
356808
-430002
-478342
-87277
-361388
227510
729029
-408005
-864214
442399
-222224
793104
-474451
-576895
-362297
197712
866136
632818
-522873
-659037
-58039
12594
864599
615743
947740
813679
149039
45493
665605
-704653
75795
22413
-134654
597454
935136
503959
-175036
664164
-904046
-39250
106563
-126270
-246146
632112
296836
391557
-170176
162971
24375
306951
503934
966336
-680455
368533
582078
-732716
182211
-268883
312777
-152184
26465
-611428
870229
891811
986027
805365
395769
-189010
469529
491723
771741
-423909
-634547
-474405
-791798
662289
917153
38027
-174740
-58473
-655023
-670806
-92138
-335477
697727
-510060
-68193
-120062
221058
-755416
727754
-752478
-366843
597983
-860668
-380816
403347
535102
430174
-127125
26825
201915
448966
392279
727511
657169
54568
644663
-304805
879828
-413811
40173
-790979
494052
704697
906748
983992
-363496
-213315
205049
-118912
-485561
452572
514246
-887579
591904
-866571
515768
127006
563604
-611357
-846169
-234481
837609
546110
-506971
494778
-399323
-862309
-810027
-519496
-276119
230147
-310474
-782068
-65157
-403727
-798077
571347
382959
406973
-547565
897399
-140456
966682
-990181
-548552
-899890
525588
578455
663715
914231
732286
-570767
751840
278396
-77737
246617
879073
59955
436591
-640423
783836
-333263
49104
-998232
601580
645377
-796308
172927
28336
610665
625363
-74266
-529791
592044
-64446
-78343
692155
-538859
-499888
355869
-624628
-767603
785103
-872788
510794
-292635
373830
389866
767320
-189580
749444
551156
477157
-201453
552924
78737
-556076
756616
-748336
472261
367281
877027
-602005
837490
469070
333549
-240853
161224
794691
259259
-482907
-829938
491657
-697805
-702725
2450
9560
671105
-607684
-223120
-518476
-858240
-671965
958682
-59692
880960
37419
384233
637576
289083
-143507
4856
166109
254488
-157654
-364821
-411963
601493
796404
-617273
-139248
-686504
-447210
-647591
-384309
-149935
354859
625252
-478831
747176
-597869
2694
888936
-269833
-38624
-170757
-388873
998795
-786524
-751298
287878
69969
253559
-546013
-675543
-904096
89166
-87506
697398
-114430
295221
-441850
199066
848011
-89441
814758
-301924
-734582
440009
219246
-987407
842141
-778061
901530
-427692
183315
-269227
183435
182110
-55751
432138
-530013
-985782
-314303
-76025
-661325
-218398
-986859
251169
-521001
-101289
-453610
37149
-902223
-605599
947709
912535
92477
-786874
352544
-688277
-774280
194685
-466338
-872751
766994
716978
-141978
-49571
-100912
802272
-617434
369076
816490
68264
-706950
-844836
849866
-693809
406334
-671136
204903
952725
366014
302680
-652874
313723
215215
439604
526849
-432241
751327
752570
762444
-715012
879820
529438
-998034
-262158
-520134
-98946
-459887
-137568
-729870
-643398
930696
-436820
-488233
780562
-130628
918102
-890575
-925726
870826
475440
376955
-782049
-210837
-407831
657556
-683988
159929
408882
-931419
-77627
693871
948401
-548190
695837
-313758
-68324
-403109
226355
794108
-132979
582958
724804
430201
-905275
505365
-700427
-987174
614791
-626153
883653
90231
750802
-898396
879394
-657029
759160
-804595
502900
168041
-736013
-574728
-138089
-787613
-122918
-442252
-101371
808758
154639
-875016
602866
-978340
707943
327670
451862
802668
-166965
751435
815494
-552174
-874719
699146
538058
876084
800750
417451
-780945
559910
612857
721955
-272050
876844
-852773
589862
-910769
24309
-852391
-12139
-166933
302248
112846
-564067
323908
-179212
763603
-224231
-376545
-403362
-472796
-561051
44464
-347514
-861905
-417479
-471431
938846
999973
-252376
498755
612830
-530421
-773295
489674
-383194
816567
578905
641116
964176
-433235
-525818
266424
679611
-89885
-409669
-499601
-326282
366101
123855
270356
893305
562804
-685181
-454210
700900
-102659
74360
639745
-102686
821985
138500
-489857
-708436
365205
999817
-91630
181771
578721
-450514
145946
-854514
23668
-587630
825098
933784
2701
-674504
-392498
-631198
449351
877858
-737893
12155
-807323
-192102
-286946
90019
882259
-647201
987333
704244
491299
-502525
995808
-143496
-502709
-95823
-961726
-923988
453663
184221
-778501
-522669
596591
-953404
-588885
-400708
-627908
18617
-31905
821444
-103525
230203
-166402
89152
-961900
546652
-820830
920360
899452
-833498
624603
390750
-336022
620410
-752747
161270
-475413
-714472
237282
978251
469750
458781
-544419
66340
505378
-133303
665633
877470
885315
-366272
698913
-218211
863931
-467489
870942
902032
-920838
-949889
822391
978614
-783386
446993
369364
-119407
67402
616618
-958138
591990
902146
279145
570240
371896
-262075
-974179
-561764
-756697
-107482
-896132
-879228
-222167
-262404
819686
559622
-398473
-647804
430563
-496442
-568641
480675
-674052
-590027
697289
772942
779337
-422119
-159656
395955
-380256
-567667
298101
898889
-997428
-330004
-363186
-971606
108232
-119883
-79087
212101
889
698746
949698
-179425
258367
-448776
172772
-311071
54782
604131
-830396
380731
-985897
866893
153673
793441
-555226
994017
189396
64518
-573650
-512504
-36593
-571077
157492
600221
-542683
-734276
-519663
378230
477825
481227
76975
427522
-698199
-664659
978746
474573
24271
33528
78704
193875
-585741
92808
60768
567932
-113751
505543
561948
-924356
-429939
988299
-436860
533468
-582779
720633
133688
-125462
986357
614026
-747233
464181
95252
329743
-108298
397054
665084
-129552
-128373
-310645
903976
950332
883231
-681765
43139
-56001
886167
929388
-550459
448115
-994969
19602
436413
-431828
-446930
853634
-711196
686759
-271828
-724840
300784
-19060
739341
-603964
-689318
-368957
793091
975767
501491
-335282
-334879
405467
-384951
-451649
723702
658188
492350
609869
587576
941892
57983
592608
-38506
-505604
-839220
514564
-651971
-550416
201323
76202
-275255
-497894
-942859
-535915
-101857
-632177
95129
-308767
-656411
-403381
355951
8710
-997914
971000
557062
725789
629188
49412
335657
216764
-8696
-606361
-190628
952798
-111964
-29848
467362
236065
419737
-331316
-687733
-855519
170790
-630592
-391433
-931067
-262769
703696
-239834
80821
-699685
-883884
-910470
-697599
-912884
646593
-971811
716305
-303995
363846
-66932
687309
757486
742441
640107
-354479
-287408
107468
881587
-867672
776152
-806147
-723190
-53058
-436739
-114623
15875
300493
-410928
776042
-618687
-110613
892159
-529156
191789
979275
-882563
219978
695580
-186558
-416176
-371353
-499249
-658690
-628913
-859143
-13169
83680
248326
-131582
216009
24478
62271
492819
971420
625533
-621805
-12705
-73974
-32733
-236663
307340
856655
-344505
778184
48443
-365230
895622
-731579
-669651
-290937
-147754
-41003
209815
193556
330085
350673
-819614
-586236
-401002
48805
629773
623476
-888924
122592
594896
736610
500787
-417809
-337365
-531946
345528
969975
-675291
-998978
748159
373153
-364207
643780
641574
-33858
-647157
-506181
925139
562658
687376
255223
-86670
867762
668988
512328
-83433
298761
135804
27643
-578648
-269301
-235748
922140
312890
426887
-609807
-341582
396862
-285097
-340559
145020
-911945
295234
-211200
729630
-738625
141643
-776551
-813486
-295700
910825
441738
617631
778586
110725
129959
-304847
-590515
-734238
722796
-169162
-3538
-512953
-247023
-690648
913935
143171
-32230
310796
858074
627212
-544184
946130
-77555
244616
675759
183821
-613742
899208
370335
90559
810032
-187928
-291810
588618
922798
838149
-716230
-667717
-896089
-993435
163121
100373
-506388
916099
409726
-592453
59269
-622505
718343
-82657
-995293
-825842
-136528
-72848
418775
-460770
-889028
805033
-561563
481308
-104408
-751531
-706620
603782
837087
-783823
441931
-879144
-451540
545843
-872578
711582
-353785
-378965
627680
-944059
28582
-313051
-566563
-253076
604292
-561856
-78917
-532237
365296
-660143
6993
476269
-855110
445431
-42423
40483
693900
250957
-355735
530986
467135
-913805
651843
-984405
632038
779265
727177
-721747
-599700
354857
-665806
428882
-958195
-232369
-824194
646097
205776
96889
-886140
-428929
436747
120853
-952660
581637
-433716
4917
-377880
-739817
-744126
266385
791170
723009
352580
443013
738605
-15382
222278
465782
262872
622578
-179362
597066
51459
-137556
-635303
227266
-491460
570473
-675846
-377599
-858456
760902
743254
-811116
342538
-690462
193802
964659
-430278
449676
231043
-639109
172685
-416377
803905
-88711
568241
26182
-622930
-168888
-351240
197709
-571822
700220
-939848
-207124
-72515
-431307
-636651
251640
191094
-495106
12541
-65652
-306222
-644921
243886
887581
-680263
813608
337256
550780
-825501
-490059
-865598
978404
421230
702643
4586
798301
-466245
653346
-3991
-38066
353565
56162
754811
-718951
624855
-881841
532690
-184051
-376947
-454770
750297
316832
-99691
-5817
204412
220046
-192210
-458332
-229175
-17710
51610
-94773
-39306
-527161
-392130
965280
-728860
141626
618625
267150
-896440
-27810
-676689
858371
253240
948167
976530
-214071
-235885
-400417
331159
-485588
916415
-768532
508595
120827
451514
-683615
662496
-777662
298676
-285895
127566
-740631
186945
735437
-775352
458086
-122937
843274
-274765
-19377
-184536
48547
-161007
-931296
-3287
-184477
-145367
760829
415107
-814208
-724759
331521
-582740
783837
-547652
868774
-899779
-885156
-908888
398897
-171050
218679
658267
-984106
-45884
882915
473980
831179
726189
-800785
-188199
-458348
247762
650795
-389644
-755525
-533682
464990
-994696
881425
650783
-719455
212946
-931958
-935619
665295
936817
-835397
780139
-972071
563500
-390912
246608
221767
-375017
-799277
104681
-901037
-968098
-169130
-701822
-156296
372523
545941
-505501
982880
790417
-39183
447869
795721
-157758
98651
-923735
-944813
166694
-859354
720482
103510
-694751
500621
131440
868750
-890292
-621953
90516
-265308
-421229
-804803
-166345
-389326
26068
131834
454378
-601410
-322225
948877
-618531
-531809
-90306
829338
-736089
751936
-72011
-659824
807124
-905318
-519177
527605
198193
-213927
28226
-670368
-345177
137934
-292320
745339
872627
286452
940537
-293719
897126
-33396
838116
351504
365194
-484110
300381
746663
-15919
-789926
576001
247993
962011
-496010
588170
769134
-401328
-931008
296739
796866
-144934
-675036
-873502
509889
462899
-165822
255228
335525
-879370
195764
-958194
-982244
-837632
879922
369260
527562
-604189
-330360
274225
379893
-120285
-149774
-372115
-158274
354216
-783946
-389141
952889
-714953
907598
749754
140113
-767438
876253
-349999
695461
-289570
905229
30986
-168939
100993
72792
-151183
263361
-47287
-781923
-209077
348525
-112282
-934852
-271582
767434
-84626
356303
-390841
-730411
572358
220018
-777522
857406
127616
972232
-2482
360178
848484
647520
55639
-441086
552749
-913376
389976
-346258
159417
-761207
917103
-887871
-543130
-291974
460655
344588
-226826
-810928
112022
688548
545376
721181
958138
117734
-58801
-819385
-24861
-931186
-847153
972658
428993
-998669
620178
-515368
-439754
172927
-428744
950222
826669
730673
-810986
743772
842803
-354116
-548203
303458
990473
224972
492530
102494
-86481
37906
-176325
-128343
-844361
764874
52272
130779
833688
205120
103436
262681
206451
-276386
747313
766698
896541
-681431
716919
723209
-950758
905934
466981
892046
-448183
918778
195503
-457710
143749
-311967
644785
-942732
725940
-531541
-71074
881580
-766667
981199
12358
-932980
186318
-884206
329702
-607231
-160592
77015
-840534
-264051
395585
876386
-540843
444827
782319
926138
336873
-665864
844916
-467624
-123574
-11335
220409
-478789
45934
-53651
-10329
974860
-172072
223004
956058
840286
290025
142376
956081
-380274
535145
-204511
696742
694612
531438
92326
570997
990595
-462847
353315
916733
874026
687451
761649
-593599
-436123
-249687
626811
85088
796248
-426841
-925241
771107
401087
297763
727165
241373
-412212
-130459
197453
207514
-595315
992942
-95744
-900703
524380
996582
670294
514974
-466266
23609
431707
-592241
-288941
193355
-185839
274937
943669
-559029
-639975
739916
14130
-565216
511023
-584783
732548
238188
656590
-679665
-892272
-145957
527850
-487586
-153015
-567895
-388289
-628636
-571314
-717995
886339
-37579
305615
318045
370180
-983326
-488600
-815659
291611
-544931
-374688
651636
-805016
639443
-913580
706008
-945340
818968
-55805
711250
-860697
51924
-434707
667153
564338
412278
-900743
-823951
783642
-472056
-541945
669980
490365
763670
-11975
-139455
780344
499425
44886
71954
954494
670199
-276410
-850522
309642
-189990
855487
364302
-371022
-200318
75551
-231719
851606
640845
-564566
415944
53122
-465308
591993
-163236
62636
-949953
-493257
-446999
813718
494769
413546
594061
-5806
-541568
-333985
-51312
-871370
389605
98167
438273
-800385
-46347
-197426
-171407
753336
878126
596875
604941
518970
-967692
20884
-427909
-433000
-387123
408855
629636
-337075
915599
-817363
-523358
410368
596183
-929297
-595439
-945385
-263282
353250
-816754
-873678
-548584
621519
-674063
405070
-575908
154531
158405
-697782
-248595
-236655
821188
-216287
784230
-606722
350713
-602893
802134
-19651
60032
717733
162986
536675
128100
-240831
607378
532661
-186215
-655905
-114090
-2969
-529583
337327
-381450
-203645
-257604
42643
950886
900801
344861
-297710
-335854
166048
486004
-551625
559327
-163284
-154518
361461
817066
905515
79193
-19949
442189
-792708
739221
49566
739954
-446995
393662
-374136
550037
864080
963192
-831414
-339566
-294413
211229
-388680
-393613
-443911
313611
270534
722137
-200386
718909
281464
636331
-435609
-357076
453396
-530094
722117
-566553
912095
929410
-827333
-38339
669364
-274327
-644678
-704772
-724291
-780599
-741581
-555705
-120164
-35993
655524
491157
570395
-788387
-195233
-159072
933750
604382
-440163
215214
240712
124228
858138
-305892
594134
580255
127555
506229
509665
300223
-532111
179029
-974104
-176788
474257
-698395
42614
732677
-254099
922451
-303317
-598575
413607
-732923
-386962
-781626
108005
-453212
822756
667842
762002
63468
-207930
620139
757576
-613796
200394
-114869
892433
-289941
-814646
-639678
889088
-788750
183534
363344
-487144
-773852
96020
258757
-851402
792703
660182
562206
-940220
-726780
780580
167785
-179992
603336
-164373
-417991
-333196
627697
-797852
-575620
-986100
402543
309511
906334
-887399
494866
-733345
-998312
706116
450190
365032
-781028
676338
-538948
477729
824936
-746245
137911
387142
-686465
411131
167721
481321
-768862
-228943
-683053
-186852
437861
944645
15296
862241
958546
-582162
171752
864880
-469560
-333383
-868466
-467872
-627267
581725
897161
-408295
258062
-641788
-930566
82998
-388032
207345
-529861
-74497
-381524
637861
-593176
-150385
-591083
-276228
662764
846779
-331583
-321940
709019
-373037
95899
-119230
-508158
626339
547388
-376624
-841534
920121
-794899
-944374
-488175
463163
-586161
-418741
-453839
25807
788605
16301
951311
-592919
-345839
-641866
256696
63079
81907
-80540
-90143
750324
597520
-381124
-622714
-306582
499646
-130871
-680244
47034
492505
-521778
-32846
697607
-466151
478980
160769
-52312
-939762
706931
973495
848844
-276769
924806
-744076
377392
-717061
512621
-559530
364847
-567920
350328
115171
-970401
969204
492457
-276983
468850
-638415
42774
-484117
854091
520996
483038
551698
-945155
-37983
-287534
2533
22255
-580603
-23972
-128901
142628
-99167
127023
-479980
183773
-360356
-39509
-451381
71724
-689182
663790
101324
-719978
156247
824342
748872
517833
-132885
-735245
371924
-611889
747793
-76379
-557044
-290191
636088
445490
732065
-944516
-578483
-396837
198113
322350
730187
718133
-493878
-630170
-321377
54742
441555
-10558
-281469
-457122
269464
874779
-632780
18335
392612
234335
283091
-235464
622447
30883
688157
-934597
740693
324245
510893
472757
379730
932410
-924080
-422158
254759
806107
-704025
760882
-824063
-25402
-184377
617492
964040
534155
-839630
233503
408933
-472410
-748162
-198455
761925
534929
566081
384372
-434188
254238
449775
-693496
-421518
-39333
779262
958212
-106924
855182
-463946
-852165
661289
-167971
908717
837226
806628
-275661
454717
770667
-741507
615087
4170
667427
-857324
256009
-531029
904602
-209063
-964948
288974
356750
289290
-261252
663254
867772
699415
442515
825984
-407509
297697
-637962
-259674
-41015
194067
-350958
-203790
695
373382
-749074
-228639
631875
866014
775532
299302
-991310
31540
768274
913293
822478
803326
202266
179227
92615
941014
-157519
-39614
640429
-715005
-213630
-767081
582692
148408
-26755
-458323
-657525
622288
337887
343170
-4331
588814
-885469
-372456
454828
890063
926846
463518
-78397
695119
376810
-255919
498444
-420924
923309
-408941
-479911
-234211
551446
-839483
50785
-662185
-606563
-366523
486224
366683
175154
828699
-11030
-486960
171868
984639
-898146
286400
-387817
556682
176463
-460972
20199
-901935
-765853
-602991
-157853
732592
-23915
-234545
-676350
496175
531244
875097
656693
-417972
-787089
-949871
215506
699135
416812
-609341
527834
-594218
-96300
-300298
-609579
5554
986102
2604
-437764
162564
541633
582436
260630
775781
979445
-897224
508372
-44470
-131769
832023
-548296
-600525
707119
-891603
-18496
920031
-841474
-802991
619165
575339
-412332
146999
981121
491369
846701
-628458
-503077
832802
374146
59159
-4634
-84222
-358406
-744005
-308442
-378961
-641228
-800070
576569
227003
-968047
-971727
626478
739073
-863330
-392019
659103
-704803
-195009
278268
870536
392659
-574734
851657
-115972
-728034
-776802
380951
-895232
597345
-559891
100134
-486878
81704
356130
204681
702743
714902
404612
279311
-58095
436566
307585
-431617
175638
444255
176365
-165260
739452
981356
-886993
609987
374015
-461726
461644
-741958
-189760
684842
638994
-84991
282186
-920897
-984858
795309
160807
371273
-10
-136451
86175
-595398
-857140
-971921
841168
450445
-403537
16805
-105300
772828
851546
-365849
754183
964554
-755862
128197
-497173
705782
386240
313067
390624
25233
-771925
-327190
104336
-756782
-531881
-734857
614492
468109
128693
-299334
872712
271554
-271254
713879
-278002
325209
-269316
616698
98036
-417771
-749151
-147782
-453218
-505013
980416
49610
-799231
366655
-637324
591393
-608112
-409248
-735797
496225
-166029
-267678
761369
-551537
-799569
-109939
149129
-926858
-838386
877875
787022
-116387
203083
-482294
-499689
-698881
99936
-248840
153338
646719
246148
133753
-303672
446917
-499592
59005
38310
-107703
649758
302513
-611479
-516272
-965166
-850110
-67809
-764735
39951
-918680
-691592
201566
959196
-904571
-914822
162279
-386864
-414510
463398
713072
336651
-383265
359790
-417202
750489
-943883
-970286
-749103
115123
68024
143194
-235120
-629463
531716
248609
-594629
681606
-819200
-359363
-278443
-737880
-50955
923124
-778685
44475
-991699
383595
657611
-406208
-153007
370683
930443
463728
-269528
-486760
214217
-213410
-457045
465115
901713
610980
-391691
-333407
981517
-859976
915202
-613112
821631
-903999
27525
-456812
-641879
976571
-533689
-420563
21045
-525387
963032
-321344
68405
-189976
-950661
-1152
-726248
-220189
512088
487970
566402
-944958
-46916
468115
666023
561393
-865293
647539
701418
-950092
-965574
523049
-854091
61952
-933764
-495969
38522
-467452
83469
-940433
7161
46501
-261777
-924434
856526
-212438
74414
-869722
567374
-413498
618248
133776
-358455
-428668
-398109
-692433
-867275
-263402
955107
834144
-213493
989533
357192
-67583
51484
423429
436449
-909994
955978
-480083
-850427
-36861
566418
-112204
38706
422943
675359
-886881
553221
242733
-300378
171469
-623491
341168
742802
-21600
648736
875527
714999
603842
709670
-498495
593375
66862
433923
-355141
-509709
-129629
-265135
-553732
390288
-115562
409407
-43294
772235
-551888
-620352
447594
-438768
932870
-309673
260855
104339
66836
-397978
-152860
-954765
-749243
-277334
760234
854599
-567664
-738261
447974
499199
695662
-907168
989490
-433968
-172302
-564242
956321
712136
845165
-86974
484371
-706723
292675
-68035
-145490
225545
622292
-884636
-670117
-310873
-282614
177023
-265638
-31856
899690
-505404
-177258
-667974
-243665
-729284
831226
-548003
-636452
820715
18030
191246
-743528
-25650
-96618
-898363
887377
-612247
-605085
180052
319718
249425
-594404
-57990
364789
-264520
631138
-917825
912504
-634500
50319
812194
-139904
873062
-855780
616432
-856223
975446
-931572
-492674
796161
86458
698573
-947368
-939192
-398046
-845730
948186
-10292
-450815
128237
-690574
798610
533834
251436
163399
-730686
-117427
245574
-818183
248073
-704108
994012
-891831
-831047
-861769
724601
-687269
-886324
793030
-179943
909837
-120513
-481371
962470
-59704
120584
-883260
-111519
-889709
-334075
-983282
-580282
-535465
550553
671155
627934
819867
-446272
-126492
-998317
801802
169401
995695
909971
338354
-866074
634572
651086
-752398
427601
-528858
-842561
-692912
-10229
-880092
247385
-889645
-763351
-864135
-779353
-97426
-847416
-359635
367110
703137
-688480
-4956
523003
-134752
868552
524687
-332950
37952
520382
-422979
-623694
654308
-788408
-972609
901910
639194
-501466
-940651
946283
488306
-820742
193667
598661
-584093
329533
819309
318482
482117
-540327
-314409
185253
-228806
680636
-291745
636443
549188
-767058
-696508
-412860
753324
-119487
-36553
407631
92106
-9161
309541
-268700
489373
368890
-322417
-22322
548148
871250
-423661
964055
200783
-604353
282536
-317101
-144679
968128
868153
626515
648764
-423592
262957
197951
-190650
566450
785091
-437327
-553038
-251462
970304
539069
739377
279844
-729632
228749
-351266
-52049
-793573
-803119
-180799
-217233
-839064
-980017
178414
443473
-297117
-966266
411600
-428965
660250
60363
147443
-76793
-741686
956793
-510344
-956595
-480535
-63381
-208057
-510231
-524313
-468681
769614
-253944
760069
-581653
694008
966497
-384772
-486791
-250737
-223836
-466808
927677
-780364
236076
961412
631237
807111
621662
-308400
-45446
-455132
-50085
-88654
34524
-6680
430812
971144
785263
920582
-553170
-683418
690195
192887
-923349
-891459
-113105
-956853
-276230
400104
-207590
499934
933297
-279913
719571
169372
-318501
350808
-23517
-696840
-957592
931037
-151971
-7677
-157617
882554
985643
-726806
853697
770906
-806224
-699473
-912512
883971
493414
-835861
992512
-619691
-792713
-283718
780413
-302
-783785
713710
719785
935787
-116918
-598716
286595
859565
-295556
329003
790601
552473
-678675
-367016
435026
-693032
-93822
288723
-922126
99954
589250
-834638
-16075
82664
-670498
-23563
462973
-463210
692719
243386
536488
908935
-42905
256273
844722
840178
657557
131316
699742
-637999
-539681
490343
914475
-218356
-876674
349501
88613
29505
-361777
166487
-870541
-772528
331850
113385
310136
661352
-910179
-226891
-801858
782540
-983506
734630
691474
-26410
-9098
536196
-186232
-351541
-332489
-486491
10460
127830
-996148
-75065
909475
-872821
-725565
-1912
156685
-87342
-835426
286145
140130
496425
-600471
-549734
157777
-510649
223376
355919
-728109
239871
90548
963366
-786539
-918550
499561
27229
-270090
-832929
540739
740371
294902
544592
-334695
204377
671771
-60260
-797536
-171544
852398
-632961
-885399
-7472
863464
-485869
442795
21240
3482
-333830
-622842
275373
906042
467707
238738
-880498
549158
-261702
146732
-720933
-94630
-312530
-980563
-799729
-767939
-315258
404648
903833
624482
607113
-267711
476880
974152
-153110
-530592
837616
361021
912204
-141144
-635497
-421626
236015
639876
-515585
-296279
-121387
-396083
-747121
616912
750650
-468054
-477719
-561881
-448617
-277447
-329819
236126
-872800
-425986
-139392
734314
306303
-662513
708465
-846807
-193104
546081
514215
-280901
-595064
878718
297473
640951
518593
781888
-655328
-602794
-614195
-402449
-985883
-863546
129497
-463601
-425426
680881
258952
244756
-82994
386153
818770
777615
120466
125073
-884898
-171069
278266
-78002
-624989
-207519
641097
-220053
-328802
-61430
-579102
-810210
-279542
-234430
-413003
106263
363121
-398885
242718
-507383
137514
817293
-826502
-603535
62048
90504
782619
-119183
-131881
-96916
-994110
-16779
732016
284157
905219
-892974
-923363
546316
-113026
-252165
-515115
307872
-62374
205343
-926559
524623
-688394
436562
-874262
554325
929180
263252
371618
-897323
659718
-566335
193182
442336
314483
-938700
-654580
320373
44521
-922565
-395471
-50260
-815538
-318833
-503945
71436
429002
-19059
-620693
-633372
-813716
-547251
891252
-502109
889312
-983011
-947784
818491
280242
423834
921169
-60041
857499
114351
-617705
171982
175651
-272284
-507645
-779828
-194848
96885
169912
-10386
778052
665968
-938950
207054
-353091
-559642
573682
-166807
-106893
464933
331084
-217582
481922
383301
-399091
-237837
-192866
-477923
702123
-335367
636428
-915582
836615
-187921
-187865
-671031
32252
617287
425855
-797837
-393099
203906
868132
-332049
-589041
-484960
108309
984642
348233
-998584
449574
-320683
-216166
-68504
-937383
384744
693660
-130248
906822
395782
534385
543250
480201
370999
-644672
-707665
699969
387581
909623
125823
589744
-483477
-670271
457876
184474
-259311
972916
-707217
-274670
321149
-705801
-825097
-999535
78033
106399
-936917
-537223
-199942
-67165
-630402
-804160
-532781
912848
676041
838219
-731824
968377
538187
655757
877999
-335990
245501
-605478
-6261
-296624
578996
734428
-323709
871779
-540243
997440
-834022
-365339
997906
244012
741061
-939011
706789
-458882
-6176
-923613
-263041
461044
989235
-587000
299262
-742589
-618623
-162551
913169
-740625
501460
158669
-346102
-504802
862046
-767107
-770374
-461663
-895328
-310616
-464223
-729350
324046
-466317
514663
65106
-405328
221451
606225
588497
297838
-656816
49540
287073
-243816
-651198
544484
137561
186251
457653
396937
-312290
-383679
-949166
182909
-521633
-716272
412536
16704
-611599
-898081
552482
-340949
425966
-913836
-826286
-508929
-319164
395165
-902704
-730668
-306997
-559520
318872
980076
196664
667675
524560
-665775
-146075
-17788
731162
541636
598534
781997
-275456
-923100
-934276
-862920
93605
-545875
-761000
-353914
113177
664966
-267750
286891
-843964
413086
-317945
-746668
682419
375059
-306188
1291
355134
890477
-331035
-120307
-775299
522891
861906
955864
64526
460439
737860
789071
537340
803584
926151
-369056
-742291
-834850
277031
370886
830116
-990720
-342224
986153
422367
339832
-760515
104786
-285110
-66702
-893924
-929976
-176226
-224959
-50282
48476
-702069
-188377
4339
362458
-727939
-257802
151528
809401
-454218
77679
-559655
-196509
242830
717377
-825624
72946
726658
-167847
59098
149024
-828015
298583
-746190
-113124
-768119
-640114
-43099
55656
134928
906619
-895869
432860
-281759
108471
-204683
-9698
850669
946846
-200297
-603549
24525
240049
199942
-732646
-42575
374319
340300
-315918
-793528
-600602
833107
-621542
697982
-913084
265334
929863
-553197
-777766
-14482
581731
-871148
89649
14591
-152906
-801880
809909
837396
-951212
756755
-362901
-554760
-218721
877148
645183
48634
-165428
19501
-611067
518654
225974
-211668
351760
604432
-513687
438676
-130234
-583825
885479
92001
401694
467210
220854
-508657
-518199
-932053
-310537
-708291
905344
-261748
-951537
-457558
183492
-170258
-580411
-171326
878377
254161
848176
-732690
-227185
74149
55642
-875426
-321419
541955
563251
548347
958131
448730
-359652
359825
-84060
861202
851168
397741
929149
-459369
689450
834492
278883
737914
-623066
-537625
-432344
-203477
291050
-553968
-949316
139225
-286658
-176501
-786626
768984
-51927
-108045
310938
-488676
-559698
269069
960054
80650
-371107
-124006
-58148
-519939
-726266
-128999
20692
963185
-294508
-700425
701098
82426
-238049
-731247
878950
-947000
-285215
929634
192226
428127
-246868
405601
197110
701206
-702444
-491952
-787470
-262142
777118
-827416
818509
-593989
48578
-239640
-113928
322312
631361
906765
285496
-663147
-793660
-13406
419280
-31709
255347
298230
21292
970132
227863
-786483
398258
980996
619118
-404632
682202
916674
103417
894732
-345468
-119466
-932685
-526959
286546
115893
233402
-827382
-561795
-135238
-920618
723702
201616
-714277
-289705
-379104
254015
965642
919126
-724694
935774
146989
-511176
334032
127984
-892058
929401
-189815
-975384
32817
-295083
-320851
913352
-227768
152190
199897
888126
-614409
372515
-673669
250354
451898
-949968
-548031
737622
-239672
72866
-8364
-274030
-8009
266943
-338257
-861021
755767
995776
266964
863710
925176
-922851
888326
-42007
-217934
-432526
-128655
554298
719665
-928759
442423
-894745
443757
768755
355609
-104345
818787
807579
-366724
-420885
-119555
624913
305085
872436
-108145
966829
-988585
-352378
962604
278380
-488669
887780
355529
-600343
-154228
-862406
-32868
717117
691892
-313204
788359
134315
-207949
232116
-96931
-852340
-872229
-278144
955240
-238952
300971
-164316
-614040
-393944
-291880
277816
-427116
-280464
925438
-464513
997916
-563231
-576733
353444
-163574
269039
491038
803558
-13844
182930
-509647
-225486
-682755
282405
-993370
220315
430066
-865599
942172
385306
-104551
243142
-779011
281409
849199
-70890
-440776
-577918
648646
-515338
-42430
646562
-78569
380837
6
757857
-350125
-508956
561414
636032
673974
-948233
-589455
991220
334173
-582825
211535
-235762
-448424
153706
-850457
447026
-603152
-629467
-271566
-753954
299644
287659
-331872
-51710
772321
625699
-405149
-306249
6535
594857
-548392
656411
-914100
-986978
292442
759875
-935211
702988
751094
398963
-879837
-37371
-836800
-328260
-883666
-687256
-881235
-486817
-316722
-152801
-240771
982922
-865142
427358
-68789
907179
53056
526062
-399070
-940409
120919
52538
716002
206819
65560
8444
-33306
130350
-288569
-282212
-470688
-168406
680417
-307487
503334
796752
5258
622100
-690066
688536
-530702
69164
671458
-395844
-503479
-397332
-488665
549578
-871270
112265
609170
249649
-835197
325172
-543532
230364
-666385
423162
-639287
45047
-859051
-109974
876642
821366
582540
379976
618118
-412203
2075
928052
-723667
471373
-2785
947791
-924471
493737
-449542
-413136
43315
-320811
699130
-347516
928838
863933
977656
-614694
94296
-688729
808469
455010
356318
949418
-654964
232959
770784
927576
-387066
388901
-484627
615009
316953
-208294
86382
-685833
-260504
161912
807905
289955
748777
-148781
969144
447906
503703
897982
311839
481359
-716712
-593865
792630
-908244
861146
148947
-958827
-793819
-618094
811958
-866243
-5160
200859
-350870
-390151
-482189
440836
696232
-168022
-819668
-141857
-360118
470287
-393081
491102
439431
-945175
-5196
337413
366665
-523837
620701
772800
-731208
712457
633946
417740
753630
840128
799646
565588
973885
-205514
-233554
-376986
404336
284257
-936150
100567
-883765
-755818
958711
-243882
714470
-434370
-752781
153901
-379545
242024
-508687
987120
718187
-887987
759920
986979
824470
393866
404719
578100
233993
204365
143687
207877
998852
910133
830892
403188
194390
894743
-496246
310626
-861076
-537535
-933257
853395
28095
-686038
7295
648551
555986
498608
635671
274172
610621
395591
261151
435090
-210544
-334130
13190
-976552
870235
-843124
231326
869087
-932991
62218
272274
261400
-43040
776029
-427975
95884
-761507
-361232
-50721
266589
-47270
956574
-84861
-491284
455182
-449191
782889
65802
946400
44040
-499108
-264145
709910
514082
-240696
580145
670959
990631
449231
737969
52848
-278496
-632
-990193
-502468
571393
105692
-263974
-789840
-945030
-997386
162891
-988456
-82246
671608
466726
468563
454496
-467472
414963
-501465
33421
-849182
-791556
-452497
-89878
788589
-781539
-99248
237820
956430
953601
959324
-44203
963408
-543144
-472810
69099
192882
-262649
124069
195497
900243
135613
-886750
571850
-397662
581813
26345
134867
-3224
524881
-831713
147594
733326
-284210
-942284
521915
-65749
-41531
-240266
-109319
-87931
-280943
846479
-124524
175914
-626332
944575
-631204
111020
68644
564293
11262
-795744
677543
-416888
-193405
259356
609458
941462
-743869
134338
-890252
403726
-132337
-174462
461442
-610423
759790
-580089
149312
-349529
331980
868370
-503051
-792544
44283
-129382
-847969
413079
981638
220675
-22629
-7100
424932
-345086
576012
-768474
914270
185469
-827012
-829599
-680193
-717263
574127
187471
108275
35569
577049
-131935
455481
-273640
518536
-212540
-405271
-984515
-5083
639012
-113896
146948
52091
-132258
-632378
-970538
860642
792554
-315624
436654
-975920
-401354
-377877
-802932
-230953
-58070
-520195
-656826
-870599
588081
378744
706450
-543854
-165776
-567191
974683
621685
27538
990168
-383399
-333450
-123729
763550
718641
744014
-868829
748103
604655
923726
-567521
41309
947806
31125
663432
-855126
800173
-394638
-375320
-856654
-265237
-787239
522091
-558788
-331093
-643686
-125979
-356411
978000
901560
-366243
-405400
-431890
510029
-641851
-713250
254042
-510679
-965147
-141303
-586953
-532668
900006
-639147
498457
563438
-494273
298629
-831201
130408
441976
-96437
343169
-35934
344776
-987925
320381
-781203
-344335
298380
-879644
289422
892981
-311534
-200550
-748870
-24783
-946508
-259548
10071
-87811
153499
477403
-187805
514352
-24140
-624368
-979921
-725511
-455568
150487
716466
447995
-506345
-319468
-207229
-494269
-999088
11568
161396
299293
131924
-549182
192274
820391
250269
443405
-204392
303761
-816144
805679
-784050
337355
283081
28145
-148294
-741059
403777
-128214
-466569
948210
-977728
-750104
396205
-484072
-69571
-811025
21659
-68659
200543
-816946
-769366
-667533
-366127
422909
-847143
884142
-133687
-51535
187902
50169
-245857
403853
-612476
-962776
-568003
239231
-703834
835775
-888984
-170402
783984
-866712
79494
180188
-350784
-990078
369163
670876
-58736
-430295
853931
171899
-97828
-512197
-405193
55030
-628056
461121
-996505
559847
-488711
-242361
-36301
-101187
-205137
395697
-861956
91030
231471
-750940
920628
15454
-617651
122
-804358
31566
10045
564805
-297559
951310
-865490
-443629
123208
36682
44175
718016
-908289
416120
179136
-904793
-24033
690426
-147154
939667
-410761
647710
335363
-272717
-261261
-433167
-23657
-340633
582288
358692
659489
777930
-609743
-330466
342734
92699
-379157
477244
649071
744051
-486074
-306755
462067
-394362
-890635
-358798
-299155
85332
-668372
553691
24998
-79133
201400
-639639
648150
940140
-72806
-375508
-400493
-490518
983185
-741005
-712589
-626559
-71470
630146
466140
549373
107390
115210
293424
621317
808456
-244510
-773046
917821
396693
-72200
3153
728321
-518509
-971849
-350813
682891
-611488
-702664
623031
315707
-78171
-777463
825189
-94987
-518467
-887400
278455
410063
742746
-255405
-40564
-149864
859806
-747141
-528548
668262
8349
-301594
586082
-594958
626207
-410765
-866638
-892303
-382614
-217450
790589
5898
79887
413619
-678396
-998285
636157
-853207
-93271
-882310
-740607
-814816
527754
-997862
-70221
-512811
-147725
-210416
-259952
323727
-542154
748398
-977867
-956073
-846561
648340
-366837
-713198
756037
250549
69352
546626
-743553
-850761
-39756
-421949
-849046
-403599
-275156
57684
-285909
-15762
242868
-758155
-13624
-827354
-270966
838652
-37769
469082
162378
420077
217480
184511
464005
370920
-167149
-902832
657722
-411112
347717
-272926
-864487
604165
-123687
95758
-817785
27268
692160
-92940
-915049
-593749
891298
327820
-351904
-122326
500467
377130
-283675
-537302
-153788
878704
882776
-936309
63215
346781
434611
896066
443949
92333
-515047
-208334
819408
-379533
-604170
-304280
716225
-421954
722989
408384
485106
807941
814635
376404
135760
-537270
-745922
-363774
839861
-29597
98924
-313928
-150893
-18300
-250237
912322
-671520
-815626
808387
772429
276707
-706660
-435906
96114
-86193
-40076
791835
-369968
537971
514824
-961584
23076
322764
853052
-600520
-541477
-684218
-346442
94750
-844358
623962
-806326
-158286
-526932
175374
591478
-614611
503854
775852
-806224
276283
52559
-512883
840378
-851327
400925
-199698
940509
-969044
-661728
455332
-930627
361349
-221905
922425
760829
236619
-761793
-585613
-668631
-606151
-961651
-474956
235564
-488582
700418
-172958
-103192
204272
-397106
90584
-519445
655453
577702
-679068
804127
-21374
121234
744635
9582
459506
199967
78956
-179145
978063
1381
-418317
214682
239588
-3929
546051
633437
34420
-928906
-130999
545839
771513
696043
-557354
-24215
-701064
533231
456340
954390
110932
777272
758517
-910443
-101494
503152
99140
-641988
-296882
-821905
178867
-318820
179476
760551
895862
-580937
-243379
441913
-947500
791042
513007
-78498
336880
284520
-382456
779526
-739696
-83519
312757
716644
-129129
-576312
493916
-370613
-486755
-607579
-867462
612385
-249567
-164344
790481
929300
516837
-30043
689851
412699
389021
-553529
-145389
441521
-762487
-632382
-636977
574394
652138
-19432
353920
912442
897049
-333324
629085
-232080
90364
123000
397307
603609
515422
529845
215994
-734146
-634499
6474
-804846
882338
976431
885005
295036
365451
-668524
-850353
-193028
-431010
-482735
169996
-856617
-830598
-849437
497303
-918156
-952388
-836022
710930
-184468
254343
-166070
-787162
-142048
-650649
742684
-926055
-384794
-891816
80420
-189640
990522
56851
-304635
285558
-577698
26842
435205
229275
595832
952471
-600730
739216
-878127
-450166
236518
-796283
-402554
400497
914647
412979
-345160
-251423
625818
512792
97928
368501
586737
713134
476685
-332843
-476506
467207
724008
218860
-247235
-853691
-754298
-812031
375584
841534
-859560
774855
580750
-737687
-675312
-182732
-533969
-77865
-782236
-619322
-664887
-127396
129255
960931
-614604
-772818
329432
972133
940317
-193884
-360711
-536189
-726677
-636703
682671
26088
-490394
928373
214058
885191
769907
354498
660046
350656
616812
984734
-832077
-917158
-93132
-614312
-536480
241982
258293
592776
202912
643689
819959
-467656
615822
760275
338460
-744889
-775914
611784
-381592
906758
-362129
128015
835131
851930
13206
605037
206428
-326749
-44307
-176761
-342015
123617
-93918
564853
509306
369603
-193165
-232401
-37622
-990253
-588713
-217664
-457909
-972891
-457389
880552
-717780
-233303
492335
-99372
-326545
-869794
-971357
-491415
982136
41849
-886378
188564
715100
69315
-988197
-626916
-807068
-82114
937938
702238
-712512
-255228
-530164
249867
-245481
-118876
-967797
296611
-91767
-425185
177162
190454
341513
-330504
-908918
-985033
-200297
-880275
-476448
-218161
161574
-362826
970403
-123326
706490
982207
249759
899422
-99908
187696
601660
187580
932469
-928504
-562553
-313012
-47380
-530350
983599
860854
44465
160761
51308
-614022
830257
142390
-599055
-370040
262115
-75503
411799
-576311
561672
382202
300364
268161
364408
-449878
167583
-735501
737819
-230758
452079
670288
-159261
889527
-642725
793360
-640824
-659126
654213
403642
501635
-294479
789620
331892
847911
-809435
961853
110026
115063
373651
533716
-323266
-244147
-165921
944896
-879740
384202
112478
-615241
122021
881721
836839
-207692
-277541
726365
149584
-484181
-914459
490459
-829969
489184
-7906
-124447
278804
-676014
-276537
469369
-714162
833490
-415569
659490
367205
261165
-584658
-798716
206061
-464398
585486
-681462
-79639
-292494
-799741
-242800
499815
-77281
-516435
-350602
438538
-430894
-860144
608570
-941710
131950
-515878
337094
455936
207586
-193538
741774
41075
390894
401263
-591720
-347941
816605
-390436
858120
-647793
-804950
-823343
272569
-97443
-623083
-970232
-597629
299636
-486666
51769
-261826
82440
191626
-653257
140731
-676425
-169135
-522176
779512
-961549
284287
521286
79526
-324820
-77452
487806
327239
-260847
-902630
185358
91361
-707580
362016
-636071
194978
738933
-606302
597349
38569
-92968
-350882
776743
989473
840744
-876515
130203
-835681
-45649
608027
943831
-7198
-107686
465116
-927672
567494
-612336
560134
-105268
126818
657505
-919910
-781822
949926
442106
-417893
144903
181039
-24194
-257749
-780392
882838
391369
996351
872310
232113
-880164
2513
396433
74188
-389460
340263
-933011
502854
-194621
-860682
70347
193044
699452
965080
-680139
356957
-954831
-461960
306882
487276
120147
-548216
-331686
-904047
194035
-112078
978791
-414596
-115727
851101
817518
4110
-146387
213950
-921703
464154
-445787
-854713
-32993
359593
-715395
-962646
-447364
984058
-997567
-127502
341014
-952397
410538
-352105
534879
-469315
99679
-796807
-373362
-706286
91116
-394571
-120881
975389
-543471
-303364
-20501
310143
910587
57796
-225704
-535200
203083
741304
824393
487688
778658
-622972
471745
781092
249527
-187242
828695
-339936
460654
363573
190749
-439668
566767
817387
-145953
-342118
-577185
733166
-366729
-120655
-570198
612770
-810513
-659611
-329435
-36216
-194811
873649
-294913
-370419
361336
-516255
6610
-166920
-735164
-743864
645839
-906470
-83799
106492
457104
-893051
666825
23871
924337
-479129
681753
-652848
-745963
-684976
226497
-316161
927794
415985
24228
-401641
-620231
829418
-527993
84857
-541001
833344
568602
465609
-333576
833439
721746
-687738
926970
-362053
418755
384073
-255104
85579
-592057
-330767
606451
-910304
16385
860488
-595280
-757118
-455674
-667486
658868
568555
-69126
-961364
397972
402882
123493
856971
236226
-307905
322580
902650
-474467
44326
-785088
-547497
682273
633668
836576
-572831
-280754
-755481
96402
-674304
-665784
-887213
-813817
-261063
-644331
-269490
71452
-985464
-700935
-997675
-946827
697037
405208
176667
554008
-358567
868763
-123412
-455917
-605704
920915
-241005
-153201
603188
-607338
-316625
-969644
111909
-72106
126759
437606
262111
239546
623790
-998953
595216
-645701
72499
609753
-346635
74825
662926
-649599
-519967
-160407
904410
121466
-291645
-219002
665550
102651
-298087
-575456
949450
-694900
-182793
-367175
-664543
929117
560719
462216
366722
-177170
-298238
-9489
-176123
-703022
344811
896377
906731
998176
-28799
569657
-651423
451234
-590751
-747013
-427300
117605
33986
-761751
-779745
735899
-337206
-830295
-959002
480002
-197470
-623545
409118
-636751
838672
-224160
186079
-459566
766352
-990044
-162588
111162
906333
-255858
109338
-122466
-686202
457916
-671232
-276952
710903
-98532
840653
-255112
139718
-939092
-519213
802513
-769386
-478215
282514
33144
-101759
-308368
396394
-263087
467472
-417527
277347
233823
-407571
-885241
-655015
-501238
-141098
454323
376296
172701
-87761
705064
895749
-376859
-393468
736402
368030
746251
797310
848817
548763
-972077
-629398
-168723
61068
268844
522909
-542538
-994244
-9619
39935
283104
-775797
632365
397864
-430811
-868874
-743235
-976488
507422
429466
-64249
212485
325214
558893
819018
61616
-73078
565268
-141075
-224261
114030
-113151
146342
945307
947918
-584815
468216
-594621
-579058
-541404
445315
704047
-317200
77679
101910
251990
208805
358676
275502
-283773
-211859
-788748
928713
-886645
770145
747730
174971
-302933
312998
-966104
472807
-572973
-79254
-380851
-627666
-131337
34334
840551
274043
455277
-700853
-280643
159324
-18052
797037
-738767
-766063
5842
619909
509439
722069
-591950
720692
650782
-478595
490837
398511
696377
-812096
-288492
730273
660711
138536
-348982
-720141
510871
519682
314194
351421
-206276
-230529
650568
513082
928795
-367485
310118
-809973
-133547
-684040
809937
-624109
-961972
-782013
-903418
688811
-260607
587420
87321
-564231
775324
798830
-833958
436035
-62634
-182939
715895
-551764
-663258
30088
799658
130467
799559
450226
-356452
728354
-917259
953667
918382
-50806
-730374
728318
325085
-692345
946306
421668
996466
-314302
9088
83787
121467
-215589
-117384
287510
-779555
819983
-895430
936340
-731781
-558687
-33572
-932124
571780
-234013
518102
-784672
-505660
600844
-831006
-587279
-449963
-561379
-858961
875123
-253724
-912656
296791
-257259
-226958
-694122
826528
894510
90290
-290856
182019
310735
-470874
286590
247075
-202655
727903
-786497
-134778
299683
-20509
-616676
515011
473832
984168
684006
886553
-465795
-877374
-972408
-590673
-131098
-885063
706119
611644
-112020
-988004
438171
-217511
102287
-852685
964509
-586978
-323559
251098
660097
473787
-20999
873601
-660991
-721317
-146909
-277667
793695
-673078
-293499
477700
-786525
240706
600327
-758932
650034
-530772
-643995
356152
-919129
243985
368149
519043
-973526
-529565
666358
990983
-116543
-657201
242081
-456446
816587
-778919
-582845
-844405
-500235
270246
-122071
-706541
597169
584430
771160
810645
-174864
371486
-948288
-524830
840715
-592282
831322
921587
651703
199471
440629
678177
669906
106987
669159
-446637
449787
-88761
96918
266373
132321
514073
421969
632086
-215681
-700103
925546
-618513
884328
696705
-807868
-290536
68191
-756155
184634
-91095
-348437
15955
-169508
-696735
-784574
-728880
981443
885333
378108
650601
-561305
-172106
-438160
535613
-905733
694162
49685
516236
326247
834005
816133
251792
-784508
700461
-51503
-592376
-590076
-983313
-348531
594558
-74407
303032
-389487
756085
606298
-174061
-972795
587740
-288729
405313
238341
149967
-766794
800182
-314421
-672526
494343
735265
843710
-179411
569270
659843
-927619
784762
360303
20878
-807615
770228
37565
-156145
364786
963158
-853113
975299
719243
753185
-198762
746448
340924
512509
151760
-420735
-337525
384967
-620554
348055
712441
873789
83320
556150
-305623
-347411
215993
-233241
-562650
-423704
787637
-370264
-653477
-174798
473592
711309
-211640
620479
686608
-492398
373663
-512155
-745951
-285413
-999646
405809
293852
-337171
-209224
673299
-989116
-496784
547087
94205
-940634
-758536
746795
275360
8223
-815855
851656
-204141
-186119
-801822
621062
-712528
909488
-590579
907952
596095
-82977
281614
-916060
171072
996202
-915706
-423119
290053
-252876
367657
-36649
-241992
870874
-489562
852214
930241
-248098
599008
205600
760126
783153
57256
-444015
-402966
255435
-822954
-115493
164922
-413533
-207542
-238983
503491
-925928
-155043
-325438
-929727
-70749
251444
360327
676375
-380899
-676322
-565617
-510025
-165883
-713404
-579785
586019
885605
625816
346145
668758
-316929
902130
-734208
938506
-920824
150300
103428
-334356
942759
864445
-830866
-983170
-290598
-156303
-912896
638653
-904860
447432
315028
-285758
771110
749412
204217
-394774
-963992
624433
-808755
921613
250249
537391
590371
933321
439520
856163
871827
518697
6463
-24746
-815660
-50779
-160301
-646525
-33948
549101
197173
53156
187754
292314
-499413
-497219
-993445
-728303
-747808
210772
-123077
-711800
-164796
68169
-790187
-914548
-394441
800185
-981228
-954921
656347
890599
563776
-337190
-134147
748117
612031
705552
-898408
-421918
254653
298765
631239
-557594
-408922
-868175
-54812
-402367
-596477
197381
808406
280447
485582
-356390
-651385
695395
-270938
-45826
495579
-252165
-746
151926
-361566
-436970
814737
504287
-688853
426767
209839
-587261
-995151
-535509
711505
636088
-93103
-697418
767914
852086
-99784
-828564
49466
-291379
451883
-464953
352231
800499
-769558
-918707
-245327
726022
-170871
753927
-122052
467563
-683044
-307316
-28150
-371897
-880550
-818312
40843
-875700
-353820
-247653
760388
553077
54930
528302
405163
955146
699739
-545372
-336233
151621
-10325
-984002
-47880
220117
-902708
706793
-53862
-73579
460719
824086
-606017
777676
-483231
365834
-594222
-363780
547522
446621
-239480
-806299
-801033
-479092
746779
253898
-950790
151941
209043
748949
606570
872811
-99430
-403756
888809
852690
816362
986101
559482
-237501
-87479
20201
-413415
306505
-202124
103355
-327662
203655
739575
-780140
-349724
-499905
-586439
-150756
21004
-839660
-896859
70214
312282
312184
-180838
-81149
184994
719733
515096
73803
572422
331457
59903
131904
-906044
972425
-847896
-319459
278929
-50019
783896
951268
-846365
523471
-828873
-196088
-976434
-415311
653156
44570
-254970
756297
-885217
-942689
68481
-66054
-23837
-746526
-346322
-508742
327278
-773900
822715
-612820
358004
916671
-640395
510109
-402788
638535
-539910
-618892
589802
-386274
904579
760930
417638
928145
-654382
70793
-27285
90648
-172911
87499
147960
895570
-978556
-875878
-850956
-324877
-384619
476322
-98777
-561905
863503
-740773
-645234
-776892
769337
-48022
861643
-770574
333086
451444
-156848
237665
212373
-739211
165810
557992
331583
-861476
-351360
-841328
226024
796600
-945758
247469
920723
-796714
922592
-463896
679609
-176185
-25800
543112
83043
328966
766220
-147621
-719056
627862
81806
614031
79306
924958
-148304
-708321
-814253
-982495
849671
517331
-843970
-501689
676003
382054
-705089
730245
-370478
-784367
933532
-447886
-248262
613141
375929
725938
156253
-541028
54904
-77528
311352
335848
-449666
-606843
-50121
629641
-681885
801575
921320
-496137
819081
770991
-978807
975111
-730699
697197
357165
-435787
427442
986687
-220153
360973
-461200
531585
-25886
914730
257522
-869634
-626298
-687575
52839
685054
648274
603174
-921790
-401847
232814
-603675
-600272
154134
-99811
-781192
-74875
-78618
-806081
194427
-381422
551084
758640
-953981
537771
-461514
406993
-923429
-929930
-618894
991302
327593
-488527
-634997
640019
564312
-949944
288292
167486
-871734
886446
-599701
-475408
-713827
554434
424781
-495018
-520442
-653837
-301099
673985
-35258
-750015
432625
10761
787757
971111
-582246
864328
-958819
-201139
855629
368774
310335
-779369
8793
-125354
-729313
-702915
-957869
-601046
-816470
-557569
-76453
-530297
996865
-651673
-25315
-523577
-305510
673587
-849592
659232
923573
583033
-330007
711329
554144
87748
575656
595326
886610
431285
-35900
196944
651916
972893
-928411
922604
-730023
-886279
-678442
-546493
-443847
245105
-76789
-446982
593433
897897
29441
-712077
571483
179850
947156
495056
-237118
-382852
206384
-682974
704897
-217960
912352
591506
-786676
-123549
-211551
865241
-150657
-139961
787845
119321
-26239
-890598
572828
529914
354508
-503962
-917069
-52059
-606066
112373
235864
965418
-707778
183019
460473
55105
800168
-333144
372131
505064
448897
284482
96569
662221
-839067
885018
527462
10277
-254943
315306
-870403
718818
424709
702425
248731
-220783
-801537
331663
727158
-407602
-555964
-36979
-442185
-263742
-853961
-981712
791364
946208
-314855
163494
451271
-865959
-552024
-452160
796263
-391091
-567143
323724
619187
177915
-360970
748784
-103268
-936262
451208
-854537
-157044
649672
477127
-429887
-757931
921163
533135
-200116
-342579
679175
-181828
-551216
625382
503317
612279
76652
637359
-939745
624492
433621
-330835
-942651
-242656
-711649
235264
396375
-962866
-868004
460113
488342
-722541
-696931
138014
754587
-126818
380083
675749
-593683
-820034
-666830
-914509
-1861
-218045
710873
-498544
-605767
-212475
-861186
-545511
-587984
572435
123654
-530634
-670221
412005
704631
726154
449139
836627
186267
-62519
-885914
489336
-924506
868673
-637482
455577
544421
-231164
635544
877592
-145673
-366317
-340454
-434800
135139
53780
352725
273954
508269
764742
-153612
-368078
-765892
176168
-956074
938739
-97678
493066
775365
-911412
-569453
889452
577925
-493959
758124
940444
961619
302545
-290721
597163
180136
563607
-769155
839683
-871194
365984
-106538
481532
-360063
-598270
246274
486326
33653
480382
-337506
77579
419120
564816
-429355
194485
653405
1192
83936
231329
507234
-157940
171773
468852
-855396
881053
66015
324741
444659
296860
164423
573466
-337156
-942116
54997
302781
-540385
-698730
-210893
493268
781652
451602
-429153
200772
16417
141492
-604744
-330179
-857316
479193
901151
649918
-678748
72924
118770
-534143
-46024
-815216
790598
-601366
481644
-44980
972101
-855513
12905
27097
447269
472520
328368
-763624
-34212
110019
687978
536635
-689209
-295606
-321874
-293953
374216
-179190
-814760
275367
-529272
-493508
-651709
589498
-27650
302267
774283
-237053
700902
255927
717968
673002
400414
-269128
-299901
-152317
-796608
-971534
84059
169180
138486
-227963
-294186
449277
476432
383941
-844676
-149352
-795249
-659436
-873985
-324521
-152943
-525694
-735023
819407
776574
-960740
-417646
477475
295187
-699679
150477
-304399
31194
850577
543285
234586
879043
-372657
-596234
17528
399381
109580
-533195
-124188
-506479
-377871
726460
-301728
-37306
852475
373752
809751
-673220
638730
629158
-896646
677990
-788489
580829
-26823
-488167
-268694
668778
543027
-418118
212062
-222388
-539075
839406
181378
478454
238786
-709042
945259
-885402
-215521
-432612
841058
482752
530082
693533
-143496
339833
-979687
-504767
-31010
-876333
-826777
180502
704497
146401
692335
-564197
-184821
235361
17686
-972759
-987027
478611
866647
194352
-42935
105433
485310
-97676
220032
-730211
469712
61089
752542
-206
-245378
-390955
-660373
-225065
104279
308617
-101397
277503
-510881
-396901
-576096
-818547
38902
239083
416815
-943412
266324
429788
535199
132971
-375860
-507736
-761596
-890550
394588
458436
-620761
-135700
-480475
-868219
864095
274147
-259173
-796279
-950918
845106
512339
-52315
122609
-998543
550785
546513
-817089
-410313
-214405
599726
-353725
-948081
29514
-818526
184890
653655
-326262
423294
763105
-931674
-118270
-857656
-67374
401255
-725875
-203280
-324599
14952
441
-275516
-139942
-487221
672170
982667
-485763
222954
529180
-302852
812642
-685225
-703126
-541084
-633306
326389
-359609
551585
-19957
314129
-25122
-256853
382455
856609
-114508
-684919
257863
159617
111802
933265
-825431
-887757
-342252
34628
-374977
-670083
17294
139260
552872
-453526
836409
365513
-138751
-866718
824430
227944
459672
-535180
-220472
-560286
778950
754407
182862
161405
611015
-931647
476487
-131123
227971
-411712
-197859
402540
-299469
459890
-562833
325554
789808
454462
-535186
342680
-999064
-698778
-291807
-137814
-565495
-467378
-909871
894177
-2557
-130343
-666109
-223607
-375937
516754
937799
-764922
585107
414285
103955
-186922
-997428
906097
-784382
-296896
365987
-347214
-971342
155794
-892752
-506528
-501526
-891816
-205305
206667
-29630
229200
739290
60499
123377
-263268
930157
457269
513126
-445780
-25978
450924
-210702
-440871
-134792
893254
372207
-132219
799350
587826
570886
165336
-759389
599544
-678870
-652141
-906985
-180396
-543957
-112290
-973729
426414
-883090
765561
-513087
240288
-497707
-582931
-302444
-984582
-28711
671579
466342
760588
-769292
-668450
653841
602916
199332
453190
190741
-229783
-381474
431352
-630240
-60343
779212
-537224
759262
-764746
350487
785533
661669
467398
551094
-851419
-292315
-946614
-434350
405242
-931196
536940
76821
535147
297527
307529
866698
-48633
-89556
66029
-595443
-898816
836247
23084
532537
-793993
962741
311748
-331217
722003
547003
-980730
507536
208671
486668
58629
357252
-805647
112015
922903
599595
180819
459843
-323585
-284034
-242631
983945
-417337
708737
-105612
648693
-886706
-4428
484940
136378
-471892
690947
99119
839857
-640271
-178879
386859
-621001
-671344
-404471
865668
387285
952782
-939980
-500700
875685
659616
680120
335527
-663969
-603915
-907104
-680025
-21251
801634
214363
-372558
914928
-790065
-887619
51305
-261956
803328
-849576
-422100
-836943
-28454
964759
-457943
300203
-439713
-592276
-312512
-486932
-532255
186788
-611247
-872640
-133093
724280
-536609
262992
817176
-216634
-758259
618809
997729
-130817
533737
-792336
-18436
-414958
-54292
-215108
-264534
523608
-52051
707012
488366
490006
7215
-951347
897731
694703
-438278
-634525
-118510
-49525
-507164
748397
-325246
-43773
11389
-508070
739593
253131
-889261
737322
-877687
644476
944986
103878
-770482
-109307
888771
-35016
-585699
-163281
-328004
902667
-673275
679211
951320
-775544
373913
-486958
-410069
-744597
463517
82767
-996201
-861730
-961006
15189
-369799
778588
-731681
-259060
515909
-609368
-614584
460895
494511
-385066
-648412
383281
579919
-234111
-780000
-748085
-331444
-453274
931126
-380124
-228818
305039
132918
361114
560442
-403565
-556120
564242
-265294
-517125
-420570
364907
-738538
-152250
-894153
777371
238383
-508737
238266
-267107
106198
589855
-883826
-313884
-644257
-663826
-61969
24300
-117100
-130843
644176
654083
-825804
-222906
15196
734639
373529
459077
298881
-891766
941952
878311
473142
-796587
-273939
578989
980785
964444
-929748
219050
-302664
176450
-191096
-186489
862567
164648
149686
-199402
-811052
-967414
669756
833125
686669
843952
-389782
-298136
578591
983748
-839060
-122529
-908018
-897109
-244218
565124
-693695
481843
144112
-712911
446286
214365
506140
-856378
-609186
-684956
-42867
-746620
479693
-893181
53979
668641
-860595
-276266
501765
826075
-432315
-888017
-472062
-853724
-904269
-311121
23747
-812287
-208229
779529
752838
98077
261371
-103050
385167
-292343
-888686
-108694
-148721
-497871
206351
808413
-244490
-313956
915233
809489
-645316
-945363
-466778
856450
880713
100908
968434
-591349
247184
-935836
97530
-729070
-748122
889302
-949541
-995284
-12622
311831
-98334
-627456
-980513
12980
263851
-129233
515109
-529798
-320820
-729382
156246
-405588
-919893
510931
-350950
-386671
367380
-470238
714238
335814
-61587
-38579
399979
-964057
232352
651857
925245
282811
656573
-87377
-405359
-441761
285167
-385871
571219
-450982
484896
86328
19220
-835925
356947
-824535
-241512
437054
686396
407538
-949617
53776
937301
764621
-610411
-124287
-273958
789569
-88343
958395
441426
-163099
241205
97999
749525
835847
656238
34692
-550024
227457
583710
934872
-686215
-397070
-901053
670732
-221605
-142564
107786
-535209
-735027
158170
518567
-797726
-77209
908157
77987
648833
697725
989644
607227
139151
-173455
-151568
-762851
-423931
-315721
893387
610761
134255
120843
194471
69127
434628
797401
168074
105360
-424204
-974490
-786854
40587
-709516
371316
-440846
