-569125
-820928
-356954
198999
841965
-983324
-500360
384745
-283405
646339
-763844
110359
-233272
-422789
647602
-381102
716872
356785
-922161
-933392
-803366
-388937
-643365
-265995
-800443
179047
-456771
-919637
771703
840742
503057
-797423
-980186
-853897
401577
861780
-837221
901217
246524
-120626
547556
482681
989734
-685716
-940108
637335
-66818
776765
-5880
11022
843374
190755
622085
-799992
924760
821642
379056
-532011
902006
150759
-691269
405062
353336
-671454
551166
-245087
-809675
713945
-343870
436850
-406681
-796315
-80469
-416948
-482030
-20577
-779613
451152
-243812
214508
-537826
-400439
-594738
-915741
-200430
-669978
905901
-821374
-201988
807906
329385
106743
212968
-317279
435289
-235867
437634
625615
-521922
-906237
62464
71397
-702551
981995
654450
-184581
-38582
874838
-733429
717606
89346
-271255
-682833
494609
-186996
116737
824631
-281095
295363
-377358
-473189
-375252
729386
739780
307469
164675
-496087
-254898
-209711
-18009
-161134
852754
-946612
136315
834749
707839
951735
-203834
582676
-781695
-486228
-327979
-52949
-169061
-833370
760056
947677
991261
-521040
243040
-386097
5772
867788
-656711
-254448
175256
507964
249465
920359
-701747
-768544
-240776
-848994
-715155
895540
985755
992684
847275
-218079
575360
-934421
295693
-752619
12631
-873368
-585989
-227314
-925692
-594728
251647
317348
19175
-742582
185136
362465
2970
-639608
-129571
-747565
-719250
168682
-516108
39975
319689
-231263
-64485
305444
-238580
-217211
-912636
-663220
-151631
383058
-415839
861000
509690
-1827
-366315
583999
403445
885332
-98653
-577380
-857250
-913518
785085
145721
-553126
-344487
398157
-272375
824196
882049
767600
143885
-349215
-296886
-550672
412206
485903
-463307
748987
-665728
919751
-666852
-804729
429440
331321
-171043
13438
-265235
-285711
914785
157386
-142961
-998733
-57529
-997240
-551859
597984
400917
175766
422180
282966
-56634
-433936
933752
646480
15392
345957
132383
552085
94944
466655
471836
428092
661927
-98725
-240588
-509117
914714
494178
205172
829499
-348437
-937789
830766
594035
-935029
-721093
192018
465889
454674
-385802
-251145
-601961
180262
-317394
-955481
-804346
-971437
176903
747740
123507
-356443
219576
-448402
-694516
-879149
311011
-203633
-964436
-194811
-998462
865064
456753
-936250
695830
50787
-871278
974737
-757195
594612
429411
-142997
-656534
827450
-962735
26072
871970
-767080
54635
48872
980661
-821858
692430
200236
-270259
997914
321087
-959248
-205720
356652
-154059
-204181
221715
-697307
-140430
-82456
353480
-11708
-107719
596286
-417097
-678308
-546712
-73631
-850859
-509446
952442
-978889
-276526
7077
69983
-295865
185219
-237588
904371
914961
-239674
225457
955713
554607
-417891
-198347
-649574
803824
104347
209996
-278632
-542173
-801713
613650
-945888
-218809
935342
-492599
707561
-915517
-2045
660002
-894406
721430
-332922
175578
-574436
852298
937990
-670065
767259
-301684
555393
722971
-747078
-862499
-475376
-396652
941326
628971
813344
-337306
-913202
-988369
-723657
-859090
-207178
-788315
-351688
-499618
-703832
646268
-839616
-598237
367698
-172538
577341
793263
-320240
515331
-876803
-552982
-786354
678591
-830011
-533431
816092
-305387
69917
757418
-676416
-116739
-579889
-589618
-105108
-303545
-448707
687715
-91860
199606
-811903
204309
-154127
-651519
606073
-786430
175944
183414
-993167
855704
-301256
-869970
-697278
-87609
808622
-527289
378960
624714
167325
-551123
382131
490910
332138
802243
901292
-772970
-501303
-547415
914745
406838
652191
-897159
-388853
-501936
-548678
-782781
-288365
627267
400633
-281532
482970
-900623
-151501
785693
11768
-342880
-741596
-609272
-718167
425730
-160395
663965
-83361
-828257
466207
-182069
-601227
964905
270516
-686483
371742
-77293
-583641
982890
420771
-132318
-799892
-867595
-505052
600742
-149126
977919
700119
699373
763611
-288113
-643508
-977985
102615
-361674
447745
942221
-697710
-635617
-886037
768498
182315
-487264
733402
-547169
-173746
105144
375538
242613
88033
-203691
-889706
288142
-71285
-394758
-111117
779589
-416840
-410999
478962
-653229
300888
835455
-631213
-596497
-526219
816532
-654277
-223928
-819085
-540314
-455431
363230
-27578
-722029
816062
798676
383116
191599
41288
-528852
987909
151583
759291
-83376
756826
-351827
-303787
-660014
237175
-824826
-313242
-461937
-989371
55545
-58434
-515590
-127924
287289
260482
52992
746976
805051
-583778
-280603
-916978
-767717
-481927
466138
423883
559362
937287
411791
-289055
696577
-671586
-532230
-655250
24628
-192244
581925
199802
494514
-880012
210432
-449942
61554
694842
422135
-651157
-44677
-524874
-904181
-239626
-108652
-184784
-156604
123631
333290
-690467
-452487
-107348
-753181
959305
603597
943397
-712281
-928634
-711854
312347
-120877
870071
-487851
-626363
990059
722581
-76304
51613
417422
-654170
400457
-627255
-179043
496276
133119
712306
-688508
976516
-164064
644782
-713951
383450
-462566
-467131
342755
-858970
-523735
630474
-787603
-235589
-57180
91520
-365518
454970
465158
-375459
177550
-611147
676155
-405028
-265316
76611
-32283
555642
-427113
-899164
267947
-115621
-922648
-896117
-470839
-636599
487333
66595
-103729
-169913
207626
372537
-539439
420023
-863052
403382
-488457
-228569
-141649
976701
395972
-964100
-634446
72127
-369127
100238
-851262
598590
-344121
-278375
699427
923826
606005
776779
-972292
-864834
-859820
515042
201762
36452
-654871
-590613
-591012
-194310
829410
-454064
-790929
-659048
317367
67423
-682347
-286661
103323
-316793
785467
734196
783446
934205
332786
-560676
-344170
32213
-636850
-738166
-191009
-609141
-603000
-50828
905902
598763
985624
-748970
-991851
-605388
56721
837560
-59451
265793
-821488
-742085
-666785
-503835
-28745
436539
179373
-243279
170735
-37182
-309074
-496479
402143
346756
535734
765294
608591
-655275
-843848
-994409
293897
-937946
604354
279521
-686915
612503
674134
369806
450062
-385318
-364401
628575
-127402
-31185
-875261
843853
-594647
304112
-399426
576089
-733070
291501
-920391
669073
-361744
615344
434366
-753153
960069
590519
-747562
253966
652574
856793
-466513
965659
469295
-792380
335465
-80643
-177698
971064
-452069
694900
-60122
-327329
538753
345232
976784
-860673
-78679
-756287
430828
931
912787
-930916
-383726
347153
-684068
-423658
-62328
-431630
830309
-409755
-574838
-636205
-444097
894458
-428585
891368
-186185
393718
862432
361747
88618
-197691
-965583
-372629
-852459
-988799
-233302
68862
-745085
-802474
-930208
-832299
-733389
-313933
514855
-417457
262410
-547474
150914
92718
42771
576077
456513
598675
470535
-972072
490043
-715651
421646
352474
646097
-489736
-845217
680515
137635
-697676
691716
904334
371187
946631
-898141
440980
-885668
-631529
-872954
629187
-48985
389456
-918287
-898072
-517826
124485
678006
938687
-276841
148540
966616
-786799
432890
388262
565675
78986
898526
720458
-240499
36160
-977218
-548784
-59507
393969
-602153
42353
-165051
-487820
410824
-38004
-858633
-638162
-648548
-776920
-536233
-166374
347565
-858228
-227687
-929276
290313
-261072
-716075
-276798
-872811
849601
802189
-974285
570059
-438311
61875
592842
12906
-997632
-13190
410754
44722
821760
922934
-544455
-216245
-935700
-182616
135207
-712619
281151
968833
634946
422924
-258854
705671
-286764
480074
989597
436439
607264
839197
238627
632980
409256
800317
-305145
2097
-186777
-302777
988908
-776024
741945
810668
-853090
-802510
-405578
-788789
14875
729630
-501408
-703975
698462
-866462
718950
-560392
839210
-567815
919682
828806
868624
526946
668003
107251
159925
77258
-92433
854780
-920645
720791
-447997
-931737
944767
-706052
878931
-908323
-508562
-526648
-697112
506313
-797019
-198519
802339
901444
-64980
521289
-658949
-225771
953474
-739267
-396966
822098
787680
-728963
-70651
-52395
348295
836917
-197616
427651
557707
354388
495914
502474
648336
374844
594151
-860226
848197
897040
646088
-948822
-301480
448427
952623
633541
-30285
-706327
-592231
-76812
-445593
10804
-254714
-657914
281841
674636
289692
-369864
511552
-907925
-942213
69258
446464
553701
-428269
94800
-71455
-834118
234574
-223258
-937079
-119339
-172080
-238558
-670913
-219458
-605018
298803
74216
-197248
-778010
628624
813556
-32723
970710
95397
-358088
260402
725534
-846536
352477
783321
222723
-201059
337021
794455
893741
-734434
960337
128315
42308
-976743
-991024
870229
-215301
-661936
-349229
179682
636867
724988
982434
858858
353611
795990
-173866
324321
-108614
468047
-415278
-383081
621511
937200
-599761
-155766
-263860
737261
-361312
-370119
-997173
-400976
758196
45136
-377718
767172
-84636
406982
-894765
566136
-413337
742102
291123
-430903
600959
-355267
-634914
-572907
969054
256472
895141
-446225
873392
516651
-509026
-726369
-639115
227115
-989108
-427
856996
-986281
598597
615191
58855
-779121
382363
974220
627861
487598
540355
-785476
229700
-168523
-216379
-169341
476211
148707
257752
445264
-594821
152892
999040
-721429
-330457
-509986
-447798
30428
717129
-436906
-970000
574125
-423187
628598
189316
635669
849478
-428322
609888
477338
-940724
150242
691862
288977
981720
-524518
-880365
457930
624190
377388
-96806
-970631
-469721
-97766
-692060
199823
392248
-139858
-769750
109377
423237
-739749
-316498
-999950
888850
872818
635719
738327
-555504
245607
215664
-496227
-604151
-92474
792750
-622432
383009
912386
835499
7199
289773
-261307
36568
820052
640927
344508
19874
33175
-795350
250125
-857448
627887
510377
-173946
627938
399226
-301129
263657
137553
143367
-490737
-646783
647141
-94888
260743
439890
282681
-356248
352275
118180
650951
-357952
856873
-312482
-537901
497800
-967974
481974
-469025
-763324
-267901
-326473
864564
-757525
499581
492501
641702
-801549
-243842
-220746
341819
265421
132471
-11040
-829467
-606786
-571151
453214
36966
781125
-428606
-312083
-576828
-571734
375436
-114728
926067
407462
-632754
-542959
644139
99345
130568
508702
341821
-369851
1203
-16477
-171399
757361
762777
-829580
22781
-104752
159380
193315
288462
588230
-353472
-674572
369354
217923
13346
792527
646189
-611219
-322202
572256
796244
45045
-970703
440382
-855611
159866
-50917
486211
790015
950287
-530267
-381385
707647
-767490
-210965
-269572
127758
948415
923743
-583780
536644
-429729
-258351
-94002
788194
754996
-301476
434383
-856224
376323
6639
940021
-578633
35936
380402
-434243
-804199
-670515
-948032
985816
-720229
-478299
-395569
987419
-245788
393467
-282153
881970
341882
-358410
-701810
-121475
211861
39840
784524
55
-205165
-516952
-565562
-61388
859372
441078
-121368
-719261
-522987
-740967
-153504
-327185
-411481
-101535
-341370
-131710
420167
263062
-144291
-825622
-343472
573556
-943652
998410
-784855
-645462
-123065
427007
394378
-338542
-572938
-810787
144507
-138500
127825
3878
-697423
-993544
284617
-220409
-734510
-868887
452406
-145991
29578
-888964
722300
-550256
374098
-421991
-375877
-969375
-848436
-319529
-970965
-633290
35009
-94030
793717
-570613
567429
-779222
-381400
-288064
82279
746426
715814
384857
752882
431
-835553
-981628
131544
616854
-127618
-838878
727890
-405318
-389133
101988
172691
234990
132614
324255
915462
161649
690965
-49529
-932381
484682
379858
635048
705461
998459
-653016
-212261
744884
-937203
-827404
497766
63229
-662956
516139
-805227
953898
-611480
-644105
681788
-16798
-33237
-216225
-844108
-798247
916389
480148
-882786
78038
171113
67685
145657
-344205
-552457
-219295
-638745
-553998
127689
148995
-809115
190487
321591
688652
-746285
658635
204790
-551512
612533
593311
-195616
294320
-423488
771148
-921905
-267595
972901
994485
-787447
-909885
72522
383667
157801
-781821
-960539
605344
-1115
-599284
-948655
-873427
549711
-757769
317061
-128698
930884
570777
-470064
135673
-980735
-857531
-271016
-176350
436790
305496
-405203
514886
-962099
-432302
509370
-749546
-342187
-418108
634122
815614
-199929
673583
420958
798957
-925702
472304
925530
624010
714535
242591
-504689
645418
-186633
25248
-218909
-167368
167718
510075
656282
-395493
-184429
-748921
-880608
-146527
-181223
628763
103928
476591
-789346
-261951
292205
10726
-588369
-286838
-190318
-514070
-814535
-264788
-890061
900001
977804
-394749
545419
-208830
630499
-673490
623803
-201783
836585
280085
402724
-347844
531164
522117
505629
-650059
150879
-390444
826532
361533
347606
118737
-627741
759237
831900
181942
-754834
-982635
917154
-644894
917366
894957
-39643
462784
-313873
-409144
789294
-690070
389073
625879
590015
-208203
-721965
121179
-686087
783664
471120
464792
-606780
297652
-173675
740826
-583612
198585
500063
-751712
-619474
745230
-734347
-702320
-899665
-816982
-807363
60693
645803
-121235
651550
435097
188695
40623
60976
-221291
832421
339011
899888
-853667
122675
371008
611126
515896
-331341
-562549
256722
85048
636037
-243216
333336
-983437
-497987
598989
-685757
-397651
782008
-493119
663042
427811
385646
314592
-137093
-425660
-644785
923883
353050
-812365
262893
252937
-666031
-614432
-376055
945096
901464
292604
-617454
158185
-622348
-981417
914969
710989
-964854
-583018
309978
-650610
19331
91985
-143729
-317627
-480205
-758083
996965
382703
-183742
-647820
306585
-830693
-460185
-430522
422245
-126216
-44954
-953811
-181120
-143490
338794
201427
-985306
716446
220010
929664
427435
255156
-653355
-262588
604547
365976
829398
-539183
-951651
-650808
-297265
-954686
731896
518993
-602506
38481
688301
-62690
607959
110545
811095
-436995
156734
-370026
419516
-504472
831401
434210
-788027
51410
363874
639408
-693434
710519
-623180
911113
76495
-793783
-628070
124844
-444590
74666
170159
-712695
-406342
567653
325786
-718042
-495037
-66255
392504
-683943
496751
-450762
-53969
-83734
44766
-222569
-649524
256740
828842
714350
-103853
-864593
424869
272968
-953480
-498637
479185
-581549
626208
-965406
493117
-203633
-678101
-913226
-635980
647686
-631267
-131017
-418569
761237
185040
-921819
-689526
-868930
-5552
355240
-91498
344924
-388021
-262656
59274
508127
-127248
-515858
-218905
-80728
-14494
-739721
337723
-388286
-705126
-169161
408081
-383227
-82386
772101
-735541
286348
-358917
-154110
47584
826124
-75929
358059
957195
918519
-286701
-134304
263443
325279
603041
-677284
-166594
-524208
-193141
614501
395064
792365
874780
-267213
-595922
-830347
563627
812160
-213573
-518760
584261
50887
767588
-774656
896777
-184828
-948533
-179152
-826769
-991339
-260633
-113470
-125642
-997191
-788191
-522602
-674474
45215
-46810
132385
-340285
-651746
-75250
-465506
81041
328828
-295852
-355333
140988
490576
125908
-274752
-458538
-106504
-49407
-561762
708669
2060
259087
881900
10722
998454
-231570
885080
-998737
-19761
-637522
-673211
-974547
315668
459175
-314831
663923
-616076
219664
-255037
712753
923812
389631
-146259
414387
-484461
578989
955850
409035
-470418
-605913
117703
531642
653175
-397
-457636
651628
768034
-572557
652892
-251728
-210078
979682
-226274
-894410
438856
458895
769513
822781
-321442
-485524
535533
-397630
904107
-610727
-983243
-580355
968263
972607
828681
-502156
-633306
-53617
-970514
-980131
945987
-428150
671498
714020
-706
324389
-537708
789216
304070
236018
894806
-257074
-305087
664318
-434294
373472
-821207
-898761
975843
-917100
-509487
992600
-497454
-541224
965207
-668774
-43380
-668099
277609
-13893
-648230
223596
557958
-976733
-62385
-442749
347657
399907
-653534
-348273
-364075
-758728
394653
330839
905591
960360
-295690
-915616
-938401
-319848
-832716
-447888
-327248
-330170
10888
-362041
1056
967509
-30139
-721335
-46384
321632
502262
-488427
344900
-560124
68824
-307444
839784
415291
344283
-524291
656564
-261064
806548
562154
-300704
-489143
646539
-239105
191010
813824
313008
863762
-516346
-676104
-498279
484711
-708595
471582
763377
245021
-206787
