-286034
-84354
-655960
-35494
-949843
60435
90915
189415
-250777
-373699
344156
-803107
-892490
-323442
-362607
-160635
-863704
-481828
862405
153811
710089
-505093
-721035
-502534
274951
727067
262607
-871215
678369
835659
166938
-607666
-248695
510978
356841
-198538
-428587
-552245
990877
320637
74057
335033
517530
181567
-988410
-845077
-979069
-852113
-326904
883336
301698
-616816
-621757
580664
-119349
653195
307730
-856742
781980
-13902
978917
-51082
378433
-269778
-540104
-264726
531684
31309
183029
522560
-648055
-742914
-142407
869476
438653
-130816
-975601
459585
17071
-302505
342921
-681231
80680
721165
899434
961332
374359
207163
-895411
156339
-806739
-916494
-894744
571695
-186272
-434848
-693032
-654589
596462
489998
867972
948408
747084
-274436
817883
185737
594749
842283
-354679
-388181
-460223
988243
-69412
620458
709407
-169979
581789
83766
-962816
686378
-759895
-769554
769884
-654639
802142
-416388
-89486
-890891
-70977
-493024
599108
-203005
-544617
346191
522559
-726734
-468072
117308
-884451
177249
729127
-344673
165492
-340285
-724216
-125102
489737
857573
958664
526921
543951
-801232
757368
313835
-455870
559509
897447
454645
668619
-173530
961621
267726
623465
-582996
-386083
146024
-309729
145845
-736669
-194180
-676906
992459
461147
488586
-347827
736932
-636517
-858091
594505
-677853
668831
138455
-479084
426198
-547710
65046
-14293
-650263
-480309
-345675
176207
-518688
922052
-200328
-101683
-464032
945696
588588
681814
-790973
-605592
-995093
-798515
855556
493493
-146342
592487
856977
-4432
186991
-820877
-335602
-674554
-299961
-909404
-222263
765086
76304
127474
-715224
730629
-696319
-233911
652681
103353
664406
-811352
49049
252993
870463
258076
647402
875370
459561
502957
368863
-686781
95444
225839
308788
-717565
404963
973186
-392118
-894998
-936218
385619
870089
140086
-486907
-845135
-129285
-183226
-79046
-476604
920127
-414641
-287955
-30825
838353
-417493
-772749
485754
-542124
686812
-11289
826739
-999969
-915846
52578
308819
-633410
-542460
282005
-25528
-437457
345788
-639910
-567369
-514126
-126817
-412504
356590
689958
508450
879986
610084
-906191
-407970
-420741
932162
174537
-193490
417915
632414
-506678
-593374
459153
-506647
-509219
-488270
802173
-142629
-30729
84177
831843
531815
-570036
-808067
964446
-84162
65117
-448058
-727573
-244926
-939609
-847588
-634842
-845799
-255557
-55583
-913638
918981
750928
504278
551394
-755751
910904
10547
-262397
-598316
522277
-460225
259055
-508452
623952
90898
-976637
-946084
282831
987809
-30246
-652052
-460250
242182
103022
-399858
394595
468180
-245656
-860963
-587403
-159294
-941983
-836476
-655017
609412
-592227
-744113
-380042
145376
-342428
-857765
685151
916628
-366216
309103
7525
-342853
363019
-709644
-355044
-667227
-361696
184707
574955
741326
784849
-30450
209506
-460808
108587
622103
379899
166605
785627
724883
-223983
-806600
980770
395976
338777
-361658
538211
23927
-445031
-828005
-666970
562494
-170858
696049
852850
474098
-971179
-508846
-341196
603777
-767520
-556347
-426674
441986
-17154
681914
64088
-637255
-151481
-150285
-912373
624536
43115
-931603
20511
-618109
-293261
-441278
405819
261708
-269283
738849
-175799
559860
434898
-322949
33958
463719
168206
692763
67496
400686
-863585
640822
-157329
119262
322735
906760
482007
-828746
-243526
569635
795790
799590
638032
-183699
-818519
-655230
375024
587301
606479
-894259
326150
-569321
665602
-238953
107731
-300441
-775234
-724064
-607679
292262
676623
-471263
-66917
-480707
647999
-744182
-573947
130006
-572928
182528
-300360
-777138
-17882
-662329
39164
163599
-317558
-585812
-249100
-711080
-480071
-922951
-280400
-814469
-161904
827331
-114910
62862
-896733
277412
-644877
779890
806149
288207
-700817
454147
544026
-274764
-415847
971099
907764
283793
-806040
-110119
621464
233125
-946520
-696095
647313
-195620
-407175
-832758
-118571
312425
-647226
719526
139756
237864
-217613
243024
-484725
137511
22914
-678576
-574282
322098
775572
969744
-952667
-640276
940842
955098
643517
-865198
-155021
264980
367928
-101540
568886
15241
702841
-838289
182483
-415731
474137
535257
-696205
-386107
-226879
86182
856917
288397
-776307
-120169
609821
-350589
-798072
385392
-380845
-750738
745116
-440003
-795640
388633
-305201
49340
-346387
-937273
947800
-777502
77968
650640
-615790
-739549
-765091
858347
795709
-461296
-527760
-431171
624887
-670843
857227
848581
208988
467047
-502008
410917
-147561
117147
660179
-402445
677144
864540
986188
-628057
-86121
-360200
-565330
-138321
-137701
512639
-487681
246509
773090
-252771
104856
568798
285934
577096
-862373
-89180
906253
994854
-240599
115241
461901
257393
-473843
-685660
-625461
-813664
-88105
-948317
-949125
-101917
-576373
-35245
537884
-141702
826435
-599818
-629064
-661247
646692
-855975
85982
-248452
712824
-628085
-671357
850451
282736
-765104
845305
-957863
350137
307206
299530
876295
621546
674070
-937370
-466559
725753
-886494
431524
-850620
78262
-30593
7678
-95304
369590
378614
243449
16282
522640
-670569
767830
235463
-298653
-903527
85914
984084
-668631
-68782
-973780
681507
-761576
325750
557801
859970
-180
620432
-606590
-274427
733939
824935
-125047
-187800
-205658
882631
716896
-836069
261244
-39655
180214
-216117
289776
-51957
-980654
991124
44516
105260
975207
375885
-963522
-998574
57392
-725098
327177
-384808
-865129
-673003
-764376
-471718
52570
969563
-646783
927523
-218238
147559
810153
-501342
311491
71397
459004
-508296
855281
-251221
439747
874627
-260097
-515738
-20113
-284891
860148
16365
-283464
-82461
291268
-956287
532732
426140
-629290
768356
954422
423281
737919
-692362
350803
-480319
455198
160956
18339
-233312
-767647
-522658
258392
-912367
226122
-301862
962261
966025
182401
-57852
-318866
42548
958514
397671
960088
249781
441384
492819
-324080
812095
261174
-369658
235376
-908
-62019
-413822
518773
-606822
747135
-462888
159866
979489
14455
-581743
-932878
-759423
116396
-970617
-793398
-701204
-28469
-112264
341345
-69956
-714593
301432
-820176
726791
-205750
-144255
538886
-944576
486087
-225739
54517
-575933
360440
-426710
-182755
107575
110403
977112
87063
-875143
-604632
154186
-634566
511765
183569
-427964
810561
-844901
459773
151906
85143
745180
-546662
264968
471971
247589
-879288
10857
303013
606800
785119
-642470
-969134
145558
-69180
-151888
-746867
-958778
-174777
340196
-833920
220592
-505619
-468486
-267644
677951
103551
-457083
833050
-436676
694823
-81807
-691496
-851840
-816840
780475
395750
-696127
-208668
-301238
910673
-423550
56293
941540
722008
987114
-210349
975142
-971664
614875
315338
-805584
-164534
809720
-274069
567823
487670
829483
-889261
320719
-607194
805563
-761088
-298690
953724
-577927
-518215
349473
-274054
273117
-951765
-363381
849567
104528
-421841
571575
91641
367810
546716
119977
-17315
-137947
314394
818151
-328228
-959676
385973
-840559
869807
496713
480161
-737387
302275
719073
-36077
255998
-858854
445709
-394529
-132908
-281175
-346294
503712
-431608
758234
-918130
-860034
-150125
449681
686683
969853
-567635
-451265
284246
-749484
220508
324571
636490
379950
194378
133202
-139889
456991
-564523
-420816
-579086
691476
-279670
866623
-703054
587423
-414553
-49347
91134
153840
-291113
173005
293806
558763
-377315
-19512
528615
55051
529224
-187139
305568
-250268
-862568
-57943
-870318
331810
-924741
-10207
-211199
-489263
568977
209716
-797788
-710694
76338
-500841
876729
661786
449812
-32137
-184375
-841301
-859133
-890569
717462
-236447
89920
246076
818605
-380856
-941063
124172
368876
-803630
-933771
498558
528180
-858512
-511649
-683019
-347775
-942673
526697
-145562
-653367
-396965
353598
-776638
-735179
-196591
191225
80447
-37891
332093
189878
-320430
-904355
-720203
925647
914250
-101058
984584
38421
-732182
-819047
104650
766377
709134
246139
-745273
-973885
898365
-687946
552813
-247198
-341312
-844152
-893601
-117950
-579331
-90191
-926726
501116
871918
405367
-309007
-448512
501013
-29209
-522866
415262
869734
-538282
-546317
-862449
-357328
558334
903928
-648194
-195527
-841346
-622079
-297163
-529292
930735
455640
129397
-913418
562039
-988554
-492749
-528152
-915279
-991633
-656234
490088
-300639
-104746
-8900
670153
372388
-593638
539886
834107
-139954
677437
-523222
-581620
581364
-171416
222853
740018
206506
925690
-789274
137240
381329
340124
223822
-56632
351570
731074
415216
436291
739441
758982
-73621
-561199
-345764
917479
-891047
-973377
-676159
648840
860730
183888
326276
-662492
602268
-92361
166092
-174880
-352343
-627402
-249190
-141616
509838
-867862
-801493
-266340
75506
550078
-535266
-509278
-13632
-795826
-750296
912747
-357024
-96060
830226
-248070
-69436
-845933
-599231
-208706
337955
727045
128802
-59778
-365316
-705106
765343
282342
-332508
-483848
-859274
-822670
-351709
-660767
-89010
723798
889311
375725
-785481
-124321
579899
-535776
-211575
-777125
368164
-381349
-25194
-701273
-227282
375575
90021
-889328
102620
-781178
50895
737305
-486283
-183763
19646
181209
332390
160372
358540
980681
499606
-730470
704478
388917
645255
918998
-735405
225154
-616779
53021
448029
751385
671672
-577166
-949888
-555610
798410
140133
-444937
-98970
358956
605958
-361666
872674
-577805
657981
53882
754586
-181647
-587578
735266
-682041
-318048
439744
706876
-672794
358741
971472
552360
741963
24493
389
493348
-303836
423224
543460
140555
221633
-316407
695618
-877337
-957451
301575
-239003
915223
723771
-581022
-30895
478356
237331
381527
213622
555290
-936521
-346635
262166
-609315
-987894
233638
943046
754069
-741870
-56566
247416
-45705
-633343
-209124
-905151
588291
474469
790467
710955
517019
92041
-528048
432241
-184188
-109070
-598654
-705833
-871739
782874
507789
683552
846353
-838846
-54282
-762963
-826740
-820645
-819917
927330
-562515
123517
174746
391780
490175
965622
486629
78466
440091
277095
-210580
-42891
-630864
261372
-610650
184948
-847698
-209303
479116
-719437
-426430
-13095
964116
-580078
148059
-90167
-343040
321320
89188
-162957
248649
526673
960560
-576606
-81547
450735
-610985
-594919
-470799
829107
682177
318622
-213785
-948688
-420006
175566
236261
-267704
966263
-284624
12860
-460168
702281
-23025
-40246
-149661
886808
616714
-828342
-24004
-546243
420308
-497331
-585684
843702
421122
865052
-767283
826204
-605747
-938177
508380
712875
-151962
559693
-707132
-976396
-204047
25165
989867
511329
-961976
-470301
213610
15000
489454
-936052
-98192
106168
-764393
877804
559925
655915
-619528
974242
499617
801595
839293
732334
627798
-766454
794157
136177
946421
-357805
-304131
-760711
-334201
491823
264454
-344334
3151
302479
185365
-783240
-682522
-325182
-719291
219286
780986
-483683
97089
340910
-827768
477562
315151
671849
279156
154444
404182
-93047
387990
198339
-956870
334411
840534
-261000
573700
-493668
-769178
-161847
161999
233974
-859369
-652637
450735
-541890
22182
731444
677396
-196833
-752239
-225515
-855923
-580007
-747954
459229
-908159
531203
-386327
496024
-561845
-998338
-305638
-518714
336073
-465105
220286
-90227
41228
451108
747927
-796774
-314918
888558
-449410
-864184
-653333
572772
867260
-975937
-624061
-884980
-201452
-479984
-464986
50595
979246
-373145
-418203
-407082
-877122
19953
-405420
-182759
501239
930654
352136
-278476
-159573
-606636
-827368
-411647
-403410
-142286
-523090
147180
-6469
-176422
-280049
-139210
-152359
95890
-24189
646190
615907
510825
-303216
595152
-862320
278581
-811930
-739441
-701467
-217350
77800
799772
-286696
-570064
-478704
553731
-176700
-306071
-857917
419891
551644
-381006
-432929
-454826
442573
287023
405965
-709787
-617087
-618224
936404
998820
892602
-366813
593972
-969719
911768
782042
-709159
-789699
-435308
368642
-989927
277997
798579
-468631
-168272
-378121
225299
-26189
-958231
-223057
592806
-391159
322118
35378
895864
-271918
325592
-721224
109858
261995
-722404
2460
895182
871569
32742
806950
653611
323583
-982750
-781698
-307775
-972677
496300
-509197
-441307
-671973
112682
783993
301839
154452
-439064
-105356
763293
883054
930022
659157
-388865
255613
937933
720994
-482392
-784471
-276547
-587211
-912902
756195
-780261
740709
79778
-763010
959012
772004
-735686
455311
-737194
-176992
783338
375489
-393000
85177
-470060
167936
979821
-706767
50989
909842
952390
662125
165455
890323
383119
683063
-894149
-893429
-904148
-807050
862767
-684408
933659
-57455
-447418
892670
-285452
-183104
347981
-22646
639904
131319
-647157
-753096
-783505
-117216
414841
-803685
176017
-534170
-893843
128406
-872046
271613
18729
511073
-45324
124581
617645
50529
317531
480412
366121
251189
-577044
918704
143859
137504
-264400
-508161
-885142
-624497
623159
-532299
-377592
839654
350485
-962752
-964031
-473498
-496922
-857874
654909
-368967
413739
-326363
-857894
-631585
798219
759751
418944
115749
240163
-214936
-633063
663119
-296232
510797
-199377
439368
-997364
-84518
814871
625795
383184
-562721
465448
-266331
-525472
501417
260171
-22394
643543
-84920
608640
57282
588717
750746
425697
386936
510497
-155359
-497316
-249341
629705
-130378
-586222
-666528
-619582
214402
772840
-616946
-870117
587711
-991152
513067
-975010
474297
-753264
-500482
-24287
506907
477125
-380744
-578014
85764
676539
-989297
-163490
102236
397639
-652994
946877
900324
97666
576581
-230055
511444
910054
150364
-274155
682894
533418
-144271
270605
542267
-631204
295595
16563
-384468
795114
992277
-877561
272238
-388468
-455574
-641999
-711929
-444871
194511
390307
952769
541517
337183
853093
-360817
-86236
-376963
-849373
-176182
773401
-123527
-493289
306819
732202
777317
-150914
-899003
72912
865650
-283471
-131975
857926
-161031
-859738
-530543
383395
-501737
-242471
938525
692775
-852165
891293
234292
485018
744386
873475
-601219
-632578
-975899
222599
-859177
-99426
729311
447643
-367224
506628
-703271
-266227
-420461
-837622
450303
447565
-979697
-710729
587827
-510239
672666
-913910
247290
611190
778865
395125
502483
13156
-119858
246869
-113369
278924
614291
-89268
-498477
755115
811307
-769166
202758
-555918
737462
499487
177856
-682999
661865
-371841
764566
682168
-82569
352392
-828072
-409903
438482
419219
-798713
217347
-185657
703771
-769497
694486
-49361
117134
-26590
-435070
-972134
474933
-679955
839173
705767
522803
-716745
443229
22290
461112
760230
-315846
-910729
524795
-633678
6702
-122813
-461749
596800
-684331
957470
798087
533016
-228187
501858
763520
-533702
-547504
-119347
439708
17427
-91481
-85359
337472
-252308
-379593
-139726
30948
-936364
882564
-507940
823866
-433282
-418669
348661
-66960
588034
-774153
471292
184833
-458484
428761
-17080
-925468
-799427
-515223
838052
-333128
-62726
-281295
-893420
954701
627225
21221
292172
-625084
641629
-847554
405865
705265
-964990
897925
529131
-398272
-520744
-122209
534769
-932711
103638
6061
252123
645155
-565179
-764958
719688
-364605
-280180
557739
302268
657094
-723557
408848
611795
903669
-569932
-96034
-721416
-928303
56413
684450
776962
91423
582375
306092
693152
-938370
-816117
227921
-871080
287522
-766019
381043
-67324
-331197
616086
-347636
304199
-664095
-789898
-393534
993000
-513454
-984686
604794
-609786
-554618
-491240
-331201
-482920
565174
-646751
-705959
-343403
935624
600134
-650252
997255
784017
577670
-873825
71538
811652
507218
-995786
-519545
123304
-343422
784654
459209
-133319
-608880
452209
353228
-593566
57003
743443
-148183
565764
-587758
368897
130937
-234509
662939
787534
-298885
263073
-862718
-301630
47090
714952
-175455
-881373
526604
-668238
-877158
-992942
455066
-220579
791713
-85725
646103
-817168
-633516
-670
-410733
423487
-257227
441084
-10750
155015
-190019
-879814
920507
-527081
907720
-378378
735993
-954998
319992
-216918
759954
-855464
-98290
286557
-523701
24552
293616
931366
803974
85328
-154360
450076
268160
212125
-550594
857428
-364389
192179
298511
624862
-652806
-891509
745049
-732300
-418589
652769
-110678
-682597
697771
-790687
100485
457724
-646150
-997806
-255719
-169851
26747
-962103
-238486
-169280
123225
607155
-719204
-608615
-180721
-269798
-751188
454891
922382
547324
79752
-730425
655816
-175200
-462725
-762773
-522432
426598
-445370
-824662
635912
655116
633063
989762
657311
-622656
-180090
-315942
-584759
581425
514779
538467
188579
795575
929853
-992142
-474223
-821336
462749
-551842
725989
-457499
-282267
381804
367302
255009
619031
844870
-318394
-826339
-979792
-682482
828778
653272
-692721
486088
-969385
127189
-829854
-554143
-291386
684925
984325
897193
480500
914177
905051
-993724
-907159
367800
-545566
818830
910301
172168
200634
277602
-572824
-180336
122472
108783
-6674
142680
426301
-177897
-204048
733580
-691809
-173432
-139231
-521663
272425
569383
-836738
256750
466576
643762
170926
371626
650038
263767
-260574
-895528
82597
-350274
276640
-716770
927328
703817
102895
49800
-187401
-903780
-807520
-761101
-81676
-11568
972480
226516
815000
-166751
704853
87425
-597369
868116
-655826
869208
511877
515101
240834
161915
-221133
980260
266387
861465
-370015
-456973
-855306
-442687
-753157
247590
607113
59442
343811
799593
298342
-737866
-211976
270822
488650
-396976
-895930
193503
690449
-493298
61618
-965377
-624091
-426505
549724
616743
735411
-671409
597002
1797
-809945
-773013
544825
-665250
-215700
791668
582341
-608587
-148890
-73849
-808994
-850548
188285
-20969
420274
-323065
582055
524345
870438
272504
-968954
-67944
307127
-593044
505552
-143149
-976301
240962
185442
620702
-757241
375498
847689
787584
710249
-368011
579252
292589
23403
-569638
-781261
214409
-420185
407025
-806561
-999911
-916041
775494
524434
954398
47998
555481
-113547
-644876
962437
-607995
211975
986136
632967
-602583
606837
875726
772915
454526
663310
483163
-913486
242561
-224248
109917
672924
-5509
-675674
-747262
-598485
-482235
-747173
-514526
-706741
777261
-560128
341257
332742
326326
696381
295178
718331
-91644
281314
351297
305773
-111849
227023
78688
-657324
-109668
-438149
-570809
-867107
337603
539109
805817
-667907
863435
-941446
-266391
-618801
-688618
219084
-325542
-911357
658956
-984285
421385
-14719
712097
-283438
-296389
-379548
997877
-945092
926226
-113973
281931
4913
228704
-827738
566764
657895
-694845
-95633
197003
-889028
236461
60437
-830473
970070
441637
-519091
189154
-883905
-430448
-151891
-868190
990937
833391
843907
-292501
-462999
-535641
-294624
-408090
-609416
591403
873841
395498
-179893
-953897
-37738
-521999
-648741
866629
675005
-537768
103089
-264558
-368241
73159
-822921
112668
-737688
-706826
682221
110421
-575015
673157
-56189
-731108
-619344
480813
-266748
86032
-927278
123837
-322565
946564
-480666
497542
992668
481596
975544
-656073
348225
650549
-193841
-548687
-614009
437918
524472
-436930
-449415
786784
-143755
-767195
-102795
281231
905963
841017
550123
-713382
321829
-716625
372651
394552
407212
-949914
341116
926546
547629
333784
408142
523172
677711
-243634
173721
-516131
207680
559712
921787
-267848
-877219
-527628
-481065
-20973
-294823
416141
-739743
-388860
257157
810380
-102241
-421014
-906246
-729591
973539
500967
-679504
314655
427513
868125
-351562
-164346
391297
-673852
592021
-434983
-189983
-200300
-875271
-268196
531853
-752490
204176
-949212
226537
909354
466929
486795
-479507
-275914
297174
418252
303072
390929
688662
276611
-108104
-990843
-408735
-680592
877282
239703
155062
268579
565851
-252917
833596
-624132
546784
958325
107672
78636
-794165
-688153
129424
432373
-778800
-403648
-80833
-258306
320439
-783659
-840055
-376490
607271
848608
900121
-500834
857765
-508614
-181426
735047
731089
973637
3625
296940
-279281
-162779
672809
-732498
-204455
-219520
346139
1381
92328
-524438
-566246
313529
71915
352921
-944778
-607647
569263
-784832
15864
176533
-936225
-84015
675700
921541
407371
-505727
656587
138460
-532090
-339788
-564601
188629
497433
-891793
456132
-707022
-111312
-197729
294359
981016
277833
728114
294544
-650252
81034
349767
-257898
-349703
564935
757966
826831
628710
-326049
502530
550250
-918679
996804
206837
219781
-535287
867049
655181
653343
364481
763389
109475
657459
-347924
911746
-48182
-366908
189579
-320069
927637
539327
760966
277403
-718571
-588738
-157663
-960605
-761907
-528953
-286654
740623
-978703
-205333
737427
228134
-985552
-797861
95182
669630
855483
-540338
433018
-35043
-882879
-914906
-123297
68939
-281813
-933719
748871
-354177
605609
509836
923227
887039
921099
-234436
926434
-840808
236611
-360221
899815
257908
434447
637242
-513959
448895
839382
581224
118524
694864
-959114
-448458
-340179
-841993
-363363
536524
226947
354824
602806
-24182
-999354
208415
-514346
923874
95453
-593248
-310563
21886
-434056
926048
661666
-534241
183956
96112
-896999
669998
-454994
942383
251221
663531
637246
292107
-784927
-702933
450115
-148290
833592
-322938
-793466
436397
652880
-792820
-355188
-861467
-868947
740266
-454714
-179509
-237848
111231
-253462
-576183
576991
930495
519929
679992
600492
-935066
622374
-148287
728466
259619
-856180
943540
556687
593936
-204751
390278
-729003
1783
-173325
923877
208964
471487
-937590
340018
211752
-392304
-839492
973904
718927
-92953
-602279
295917
-162459
917650
-24091
-561967
982585
-401718
289747
711051
857902
433567
654590
414588
27502
-550161
-195135
298500
451623
631540
222376
-339414
103027
284786
-999396
-685221
892483
-838887
-711317
611410
68160
-313596
-92673
905702
-395947
883236
-656266
-413362
-518483
633482
-702312
-660581
67048
952278
754007
-905450
-597884
-441128
393050
853739
-809588
-384574
-485675
293439
900213
-485071
608218
792695
-323957
896901
404104
744203
-416695
-688570
649904
187358
-805334
993639
773997
-323817
627121
-928316
15602
-305832
-976039
-230391
-211281
-573922
328482
-818232
-720183
518894
-202805
-205857
-187668
-302593
309072
-579450
-509899
985116
-682549
894206
729318
-99244
-794364
379222
-911886
-599698
372861
862111
76485
-19
933795
-907913
694150
957757
-138303
-517132
-616165
-809822
-335363
-336348
709072
461832
457795
-478596
-840761
-233133
-58046
-350659
-248018
259405
-456454
-518700
-839839
-250818
860522
-751725
149484
233383
-889615
-774031
-766636
-955820
-681943
927514
-998063
179755
-589618
-614228
369934
75020
49424
79006
-463148
-492781
600410
-303909
274087
-457636
345432
-973932
801770
888979
-492631
961931
-361840
-632110
-789794
787645
601274
-679408
-986386
834638
-635228
-668328
762152
-633291
511428
-827467
-247519
-118639
247554
801906
960368
784406
-690875
560778
-519504
583212
-896859
825929
609280
904912
714907
-883352
866843
-646933
-515461
-922952
-859288
-914187
-602359
-845673
920451
-237587
-514000
682603
129123
997428
855137
881605
-121211
102690
683511
-160844
-112905
992636
-600067
367592
575847
-496925
193520
185127
-592014
-91573
301776
-725172
261494
786316
-648123
402206
872129
-250482
556534
792580
511932
-957467
475182
-358945
-960040
330319
-477341
-81250
-566992
-793830
757906
320104
-801195
-842161
-312305
774653
-339086
881216
-40220
68901
-210358
-738445
343730
-948864
-952130
695608
453343
920000
-554874
9876
712580
957058
52409
187762
-401888
92370
-481920
120772
-988881
-48911
326942
769026
-728808
525748
926866
-41112
300401
-412221
-159897
-739820
656681
629746
-478265
410
680883
-430394
-303982
134225
-510394
141144
-855899
-797815
98201
196511
389947
696314
-711120
908028
-182914
-700000
-140884
-855972
-930974
130308
669777
995892
-910804
-29823
-416329
-70700
230357
-759649
-440955
752093
240762
-760072
-678302
936780
374154
-188696
77923
518255
13490
-823876
-285235
-596564
872438
3646
-688537
-310476
303647
170580
-166448
372673
-699113
-496671
368564
-609916
473506
952235
319384
-296138
-807414
878430
-544046
433348
-881643
-222347
370127
492511
588958
-551950
10766
-397553
-375826
725532
5884
-503388
-270823
317348
186136
-967177
-512073
-980312
405497
-211185
-476983
-225940
178899
996524
-273705
-501718
-299614
-81119
-623289
156341
-647771
-504932
933994
722356
987580
522951
-829594
-1655
-874603
-205420
-276124
131281
291193
453054
-551372
-522672
485878
-63444
-502983
-108626
725371
20035
665434
-95731
16559
-608271
402551
716945
310610
779263
-126715
662839
-725670
-192721
385195
-738091
-669771
555601
260255
-544373
-649819
984132
586909
641374
437185
-964463
-881298
-76938
-27907
-384280
814436
-302536
635755
479870
601734
-347687
871599
4284
-630742
182209
-216453
242543
-154952
57877
-950178
-769757
319787
-619949
785845
-419958
-164321
-863975
-435827
-577412
777400
-998643
-541874
896103
-75580
430220
-488178
-261145
-872317
-852423
-781275
729417
-200109
-909676
-266299
169149
272533
517248
-588308
-882419
-424875
-538486
-652176
894912
-158434
-866332
-525046
677246
-730306
39127
-900167
-952907
40485
-442041
943196
964905
988179
-544982
-296240
-884138
-397405
-77515
845279
402486
12810
-421020
-428365
-714658
-903773
-16673
-597077
-328648
444842
-249252
-433736
-713593
-115584
41218
963653
154111
-919655
-936515
201205
120830
-378555
144400
85735
-390376
599419
789495
-274514
-797987
-288020
-429236
604500
724790
149744
-823866
-989868
245972
159462
-586944
917324
-395697
163804
-516412
-109290
-951780
524806
-145638
202331
605152
-82152
-596465
-274019
539294
547936
811716
-851083
147354
601211
-125597
349368
-686810
445168
-46132
-962020
-405089
130002
-951888
840884
-710537
-538831
758207
-106233
624973
-758205
784477
673194
766602
-361161
-124476
371753
556688
279060
-902266
95981
-173004
909451
244898
974351
510661
-880700
323718
823852
564468
-722415
861833
-840621
407588
909946
-999738
697052
-628886
758470
-409182
996088
-999736
-624706
669281
766867
14134
-455195
138619
-429179
823866
236353
666802
-349139
145803
-88300
-374789
-343536
31000
948929
-519684
-404532
-773486
-657852
-245152
634103
-747907
-244890
331154
-376792
-486420
921973
-380705
-486155
-702733
-711425
-719289
311401
-166619
419330
882223
-342754
-344317
549024
308107
801487
-539276
933318
-542049
491724
882247
-61733
-912808
-891239
280415
-157960
742864
532509
597150
74018
-844284
-889270
-4010
-224988
-375425
293257
63587
-94714
-395342
896969
-675384
-513120
-445786
-19700
-964096
862322
-218214
-503372
795640
239737
988353
677886
-821997
-924456
786648
458419
-82415
529512
-9072
-485265
-396471
146645
-374535
599520
921657
250041
-107223
-14756
-844674
497435
-117788
-520057
984316
436427
460243
-979780
298748
-757971
-483151
94388
481767
-494798
-227726
659770
-419254
-441079
118189
498331
-911568
-890883
-986934
-308038
255762
-361469
-708519
177418
888572
184258
-837339
-956102
-318307
44873
-476158
-333991
-518700
984086
-313771
780048
-773886
203079
-125565
707881
708281
646709
367651
-710973
-794370
-514160
787359
-705938
-405043
800425
-13975
850719
-561045
277506
28137
-672473
-538236
190798
-628575
143458
-764329
-104733
809467
-283029
-120648
-504304
-502981
105467
698775
371454
-186653
407056
18163
-819002
696083
223794
-333162
483441
517857
261796
283866
-496119
112515
722821
781387
-859349
-949652
-756849
331449
-578227
386609
567120
317041
196076
-715909
-803607
691772
-218890
301861
390547
-847437
-884792
-202398
170727
-703794
-506315
-605480
-36955
977126
912377
-775160
260992
-583742
337355
-16188
-802355
478006
34161
-559204
-190545
455935
827405
-623425
-227024
23481
-339334
-30631
-284748
441776
-728770
-894202
594340
-613562
-96599
-234934
-317356
397086
159587
645690
374212
71964
870531
-364797
488222
207885
619016
685867
-314109
-346824
-873337
495347
-890890
954069
871922
-117914
-22451
-467413
851456
692801
974363
-877315
798600
568703
-490877
-298000
-666232
191768
-900914
493356
-162542
473298
-434681
-292012
-891500
-946459
915874
727516
739408
-398235
-619308
866071
-902889
-510198
820139
969033
371889
-202313
-498380
223344
-509512
-524017
346029
-710913
-955315
855153
-8912
-621546
46921
90174
871810
884379
-436529
-562872
-407634
-328028
-509331
-491761
-600513
-769923
110004
-219820
-903852
207116
269982
916288
176148
-358130
-286025
677769
865215
204463
-846249
211244
493551
-801564
66396
-515362
-423110
-886684
574813
-551300
997696
-861717
-114172
-409939
-189744
376498
98301
209744
606576
-791695
989924
702725
415421
259905
619012
-408431
901776
-667014
-730662
766990
537449
-576911
-21767
31000
-378474
-955371
515639
198417
-842054
90451
647117
-844359
228735
-467055
-254297
-961010
909444
844004
248734
516019
-947691
238657
218743
467731
-501438
-162245
-940700
-599662
170741
-671362
-832672
-291810
-248272
145561
739191
373254
190191
254829
-428329
348137
-654721
-781213
503778
574014
-248267
-750520
613005
-338824
-906516
-138262
-822805
-854207
-899605
395939
613525
-401042
-766306
672825
-704
404435
-998537
166624
-887375
-246809
-687815
851816
-873555
502377
106644
-301884
-149487
451924
-83096
-645709
25937
668638
-396229
-361059
-670187
-302744
500680
-492991
-156950
601076
902949
-543426
-799967
-863358
-870602
199330
541078
-869138
-634046
653703
-115947
-321860
505519
10498
-819484
-387838
708615
31029
-935915
-374482
385320
90023
-705845
989092
728965
-376031
-313653
229645
130979
529398
-169280
33927
985972
30754
170569
-884630
-769917
-288354
-753768
-403963
-634651
130285
274177
870868
-859217
454694
-516970
849398
-514278
-452884
-525084
871043
637139
-230928
860134
366104
393042
-453519
-404252
-475980
-924122
426468
557948
-938150
-542779
-271483
-822779
-312695
440163
-576547
283343
805513
553739
-442480
676381
694522
-987787
-840590
543920
-502065
-293473
-981164
-631022
-656334
-212092
-770889
709770
-819051
-224407
-694483
-295030
-148528
731986
-737083
-86678
-810793
-8566
90543
-123488
-568403
513997
-840146
-762891
67736
-282625
913491
-237742
-270412
-927100
-693823
227524
-220572
-674987
596502
123094
112922
825614
-167137
293872
-398794
138381
998842
452679
-129633
-738241
-633999
59574
253193
456545
936087
684790
-29459
-904059
921900
-961724
-186684
835390
-199466
542904
908291
106712
-229573
-312281
431726
-633072
810813
-455352
-807458
-356324
838520
-206252
782057
837362
-753574
-347577
-900880
-387572
711998
352313
-931028
648084
37103
39513
744025
-40997
77790
-442660
-205607
878325
-899756
-297316
-14963
-129328
390403
-583238
237601
201215
-38590
430143
844892
-200070
-776110
626948
-362709
-529683
-720629
-263588
82746
991370
-911276
151718
639453
125828
-808769
383478
-915170
269022
940818
-120776
147346
-958939
581908
-867618
-88267
-27690
-450855
-850667
-826475
510556
579477
-981584
-689515
803367
645365
-52223
-726316
924737
684189
356430
916106
772914
-491852
555558
-101259
-300621
-60964
-16428
968401
-120147
862797
115747
-79085
444704
248130
832649
-582986
797275
981983
-409460
307830
561459
-391044
618316
364826
-745679
-433907
638511
-820943
-749719
-5059
-904837
-976805
503089
650722
-78063
-797533
-410243
905510
-829132
469610
768306
286615
-609475
213009
-465256
-776827
630024
-667981
-794844
-779437
639850
766616
-170481
258165
131441
83841
824259
-230048
262898
-925460
764893
358061
-902265
267982
8782
19672
470450
598539
-74819
641318
68149
-306514
-72067
458674
906496
462677
681848
536519
794697
887005
757082
434546
653620
-413399
-307289
-214939
670442
-483031
555014
-66661
-408491
319906
-708600
-310756
-412113
300183
708917
-941664
-101278
-365902
699655
966871
327584
-372413
425545
234080
-909736
107393
-229402
884961
-5603
-472321
319506
-351983
114281
-987784
433079
-215278
-470814
-11908
718062
120695
-692002
-990538
809940
-104114
309645
518856
-45778
-791634
-847047
-346123
-824763
480538
281464
600782
-285383
371728
-291825
485216
256689
702572
-987106
-423806
-649411
127176
-411589
783668
911898
117597
-228240
629959
-761708
79758
639421
-951769
975644
-50934
567088
-70134
157433
720041
583743
332670
200579
-134793
-66548
915197
-763065
641627
400412
493624
344199
413307
-930182
694788
-459518
-341771
478456
-547621
775827
-749785
-917662
-985882
329973
721760
-937651
305617
-329175
629437
-764518
828258
349478
819225
160928
-449943
-315568
-905621
-534747
-78633
736006
865665
-585009
80204
278971
-515191
-225008
819453
143039
-746553
-728168
-81135
-496337
-645830
-67016
833636
-924070
-4667
139252
-253245
-375230
374735
-424987
974249
193960
735942
-475694
878392
830321
-10441
-200241
566326
-144777
214750
-353470
-865806
699559
421522
953647
-157402
674970
-774521
761463
-821368
-420351
-305553
-987732
-344421
689781
151521
402335
-685449
-473745
977349
-711201
720216
713290
-186894
598607
543610
802665
-601635
109936
-342112
613116
756467
-207918
312675
177989
-254271
-844728
-147042
-28792
916736
31591
550858
-388818
43859
-793563
-699038
-804620
608772
-384487
-278364
586121
-95687
-558149
299410
717419
-959542
-156980
520084
-561176
952957
-822028
-948061
709424
-29945
364614
-112588
715785
519886
740371
-313008
436622
-228039
-762150
-952197
815821
-555713
-651234
-988800
-946941
-35720
-267163
639180
868593
174688
-61410
586012
215146
781611
106096
653970
734568
284068
705909
443991
-745878
70523
-668598
969907
-409591
-928228
-343101
-972970
-156266
-105250
-925166
-340446
339037
-576399
-329245
392097
387881
403592
31277
256474
-421721
969868
-157514
793426
751478
948582
447395
486045
232650
153304
-69965
486772
-776173
261438
456679
-185764
333210
-886423
-158733
-823056
8327
-83898
-163502
-652636
339703
507253
739462
-272416
-89155
-229262
984059
489124
-259395
-173456
282550
-507917
-224874
-270056
978129
-992225
883249
-91836
494548
-892925
-830399
-48773
-78688
502812
64805
762579
679756
-926868
-321320
-483746
-579504
-981617
-976493
-840043
-254033
-65648
-69304
-269975
-576524
671302
556570
706026
-836615
-668305
-564030
-858487
-660529
-680781
49678
834020
-573705
219280
-214754
347607
-277909
850051
110186
-598153
923183
788867
-81898
-656321
807250
-58391
-496363
-446783
875962
434333
283243
-700562
105635
-160188
-994536
269020
171508
-558565
410534
510979
-239346
-539789
344999
186950
679491
-869756
-465444
-598418
980295
644743
-196570
903478
433609
721532
-752844
240858
-336859
-249207
794076
-460897
-814874
77318
-161459
290762
917130
-155994
-440219
88638
285441
970315
-400383
-953905
-569475
944616
233045
-889984
-925141
767602
-488402
-944846
412345
315028
958633
-154047
36560
-794212
-913189
699701
-43418
880887
-761197
141709
-41795
77345
-567530
-124666
921351
-7749
963973
206792
-37434
-436411
252887
393092
-491796
-514068
503108
-416936
-746466
-985295
-361781
665879
329734
-403149
-488168
-633707
-197360
-401356
-934006
759222
-520470
-695202
-99069
437735
382143
333401
-686931
303494
-674348
-722959
-489714
288219
-159369
763173
-318690
348835
-750895
-815583
931899
-497360
-800877
-429883
-831481
528857
166968
-319649
895151
969608
278995
961145
728830
758526
-734058
-370239
196261
648086
963162
509331
-48420
-711186
786373
461866
577033
-372997
225039
-741658
975838
474145
-557240
907737
976785
-358117
-522147
-854697
-829260
644822
-174345
-934110
614430
-895351
-972966
343260
863176
-707023
973021
59436
941063
936183
-431234
-107358
-775004
-644861
-645492
802030
-17858
579547
-939628
-42020
53691
-496868
-134284
30476
145016
343570
175779
315756
-11608
-998567
381646
-397178
-893917
408681
946082
969259
701658
919103
28694
642721
855285
597461
-464638
-919719
952600
-110129
882312
-65259
-530583
942684
892721
523109
-554184
-241563
-446416
590832
-897994
729363
-93413
90399
730797
-711767
693221
836880
696914
639302
806139
398572
558405
-165167
41292
413689
-567707
576655
493971
-615107
-533475
376282
319635
-64058
318966
212356
-540949
764782
970793
12635
355614
-927201
-258002
-737799
163198
-527206
-449566
-143582
-690326
-752652
-504280
-884187
645920
-945876
-49354
-312788
467814
382940
-736134
-38215
767833
-269609
-661933
87467
666334
657033
-700177
-874616
421815
-729385
138020
-222572
-656585
880018
39629
506613
-647188
590064
-636969
-337513
837413
-141248
-221700
483333
-87124
728947
-829456
-619310
111886
-565590
342475
-120282
164802
680542
967186
-168864
337575
-732992
-43480
-240610
-462376
-905460
536818
-118960
974558
-423553
-612347
-672630
-833489
-249316
-10142
-996077
609436
768158
487257
-477688
497105
657801
-96998
-391010
-907789
-754524
488709
257014
926019
455895
-911851
263593
722904
44670
-977018
-739473
139210
559801
141568
113768
-863752
529221
441138
-697240
-720096
-569005
-693316
889341
-800847
793941
-588348
696258
451742
314655
-694752
543954
560131
793957
-199033
486150
249851
-110883
-250257
-27246
933787
-227274
233282
72996
-667474
-625151
-813236
-531225
904070
627902
-228465
-816026
-941103
78219
-926685
-741949
-127841
-515033
954310
-676099
799623
-740443
867855
359753
-946486
-331179
-154097
303365
557938
595646
-723881
491725
-631629
509402
-435279
-299102
884251
-248515
169673
788321
-620613
941208
972296
-561715
19427
-954390
-303664
891586
-469422
-349354
-784513
-669800
-89796
-916659
689954
-36282
-247837
-464144
-732917
-689899
-868498
-456797
801826
-500127
-947396
-633454
200771
936856
118031
-629556
725177
497418
-688349
697472
935703
331079
743082
-367961
222665
-726340
282686
438152
-396140
-807111
521493
-706186
156607
-726345
-170330
423691
-416243
-38827
966894
-614418
461046
-980503
-247872
-338183
956353
870160
32261
681529
367578
343913
379001
303281
-325009
122083
935321
897656
395743
218006
335807
999604
410895
-142700
-706583
-432498
130956
123088
991193
714713
-915740
958086
-899705
545307
977583
-147577
-792877
933936
-277417
239385
615465
-909840
-416703
-5534
393442
258289
-883452
328762
155945
512291
-453233
-508248
511895
957663
349052
805312
-474836
-519992
-71600
-483644
-805280
12660
-525559
-704985
-442034
-547976
147439
-234910
-614040
870023
-995526
-998575
960184
-412228
-4109
353625
846061
112439
-317614
2005
-375270
229154
493757
-863375
186816
-157191
941938
711980
322817
-129663
-771665
517538
882998
-297223
812554
-559036
154802
-40007
206054
540762
-169985
210529
542188
-209802
798301
-461922
-856177
644362
650518
-173791
-353634
-724753
-944638
-859877
-588128
242178
-17067
-646190
-45842
-694250
224147
182493
823289
107145
885271
635842
548109
40072
-404165
-245837
-419166
425851
964692
-876979
-783951
762993
-338901
-640128
407354
-688383
186082
-946280
-413136
241444
-806156
-1263
-516378
176777
352547
437780
482527
-423306
-379727
305815
683839
-494456
-58343
231947
545616
537493
986111
-873550
-36657
950802
-750529
179393
713795
-89429
539265
121148
222188
-274654
174869
809053
966791
368713
-192210
-549587
-454511
-839663
888194
-971984
-262969
-491533
333832
-579130
14011
-724512
652818
-440373
812981
638928
-313923
-223676
589730
-64451
955717
303525
846120
494982
-575328
68308
-779672
599542
-122639
-812881
-31746
685151
-362468
513744
845488
-474274
541760
-417481
34193
-124408
3390
-951797
151080
-343793
-392170
-35939
-704865
293908
740385
884866
-770544
696102
188390
-924424
191083
613063
143884
411411
212604
-978756
598530
-819142
706396
-763938
694602
551884
-238212
236362
-865598
795981
-888046
137793
844185
263034
794001
-547985
-772905
-910864
745923
967481
974002
975379
663582
162392
-949045
-145335
-224546
194839
-733924
988059
216084
864607
-831084
-77521
-899332
863519
-525638
-137543
99881
-391235
-341562
211835
746558
-497378
-525131
540558
-45363
-298035
629694
-299440
-330555
603696
-324061
-666973
-233913
-273106
187692
541542
921733
453769
529600
137817
318375
698517
-939705
419044
562036
-465343
-718499
-338083
143422
-60061
873753
-110020
442562
-651378
-569462
-602802
50587
-939768
97759
720032
663928
773698
-946942
-569985
-499409
240751
971557
-577676
-305480
501157
560141
-987105
199674
620436
431939
-238290
-844907
713440
423627
298515
-346621
297380
-811505
-904060
646002
-380967
-506861
-303412
-320735
590898
-583381
-656807
364595
-530322
-226791
865187
710430
-255235
-712490
-595051
-754078
847651
-582156
445596
468087
849784
-792695
623180
563224
630933
-78305
-783397
-71688
110190
-687457
-425687
729224
-194318
270902
-591511
-603421
687522
-248317
761175
-842800
524892
626361
867630
-730343
913872
-727421
-484421
761523
-309576
961175
229609
-459792
-831520
-147211
-896568
799413
774484
-679965
-272275
-115326
-367422
302039
-386102
438261
-427060
22388
834841
-739539
774071
596015
-582339
298962
222376
-714709
568619
136247
-442129
-915802
-102231
248296
-954628
-872622
788504
-786147
-19833
891936
-986735
-245350
-788030
-259009
639325
-155451
-956971
-746777
-717191
-384031
275611
-882351
-123569
49681
713665
294093
-651357
-63959
579385
917263
-927713
-862745
-998540
-29943
385552
-953167
97435
174055
-739314
-922398
65991
-726048
-167747
277962
14943
-528423
-877489
57972
-275200
-594679
673942
-999590
-477029
-449627
50092
-763365
844466
398735
172676
423851
315997
244964
561107
317457
-784979
-53342
364290
312457
-879287
624976
390059
186705
898929
-777689
-535333
-86129
-306111
-412822
971844
418690
-7501
645785
419100
515470
-803842
-530808
752106
-959376
867927
-75218
464475
183924
-830254
25581
-498619
-615232
972240
865671
697225
-907047
490647
87284
279658
389575
309595
744325
-696554
-996516
-668497
-724711
422174
324003
921075
-158726
-160527
-882768
310466
-408422
-842144
178393
516361
622332
-637684
686108
-352087
-136303
-929125
-379848
-270632
768100
-286895
-779985
-144617
992764
609591
-835022
737089
913037
-831537
-931408
-811674
590637
392595
-890600
-568089
-767933
-773368
742378
-176354
-615511
-79230
-659993
-993180
283087
-973886
-345267
-853216
-903011
274886
-123848
865090
987992
96167
-279527
980755
-294242
-114548
717844
-381206
53915
786436
-192880
-355448
179030
-83479
76463
411098
143154
-181160
-765256
527644
739611
-425249
534464
22697
-399135
-810803
169481
-302145
464084
-954367
-437056
452075
141801
283417
432830
847559
-831132
150674
-533647
222784
-62891
273474
867336
-883861
-810006
-56202
527238
333149
762639
761982
-139208
502249
-663267
-604744
-475054
-62402
-415547
694427
635453
-951463
740060
-801603
500612
-118140
481814
-66558
-270582
650683
-915885
195772
-126534
21225
-530755
-259199
137365
-340761
684600
-335398
992388
447238
-573416
-146821
-50513
-236683
248435
474433
700916
832889
168860
336368
881426
-91081
534766
382038
790780
16579
-684520
-479802
-332738
-600404
715970
540728
420822
-814786
-718472
-441814
-155546
966129
222788
-163159
413367
649373
690021
-637147
-587311
-61544
837287
-886396
-228655
6146
449973
-347229
915065
-15262
-965191
705844
-998684
-649710
-773959
-331422
-250114
942011
-790694
-829293
-872775
-509165
-271107
-28321
-543037
951682
808520
870330
601054
498541
-766818
-986257
-563003
-929532
-872653
208343
76614
577320
861114
-8321
-437943
895923
-302477
-436626
-753787
-76436
231953
-3901
-134425
441259
166807
-7200
932094
895701
964479
-610943
847383
772999
-740614
448437
271540
-507431
462180
708537
-436962
589527
-83121
639652
166847
-222007
-368669
728904
-326084
328854
-707722
-79871
-747582
524231
916229
117993
-34510
83035
-889207
-102416
-21265
-924729
286641
-173883
848271
546027
-725447
119810
-961405
736734
-171653
-398367
326260
745227
-758715
-506894
-476781
-127383
-777990
197135
-798530
-485711
-882736
-546112
-961480
-966508
571882
4010
116527
682675
901595
-904738
757947
188235
-78620
606217
-265738
195934
-273973
-227142
-67333
554374
374492
-741073
299600
615777
-247966
822820
-511606
-25955
19955
-310136
488334
137219
143753
526854
170712
-284366
-469136
-712761
-601691
-567542
-617498
-843745
620693
303882
762472
-645046
-500184
-511501
127812
432484
-957128
-497696
691411
342473
-881919
-556555
165293
-393525
417490
-814753
296339
-94177
322467
-559908
-567323
-506822
155726
-36459
-219583
554035
395999
162920
710291
16692
-533199
472762
371646
-33382
961261
-500542
-600899
-995867
1762
-909488
346607
119843
-466042
-488101
726319
951448
-302854
22657
-142729
-980387
462750
289948
-487209
-381525
-746512
293209
-827490
649488
-543872
882801
-333821
-77070
355563
-962176
889548
316824
-462717
-711351
320958
539046
-620838
-332436
-341111
-86880
179463
-614793
-135432
876610
407865
721839
896223
-129386
11786
-590986
489090
265275
702224
661601
-85238
-841648
544401
580941
81282
-100036
618766
-29170
-783212
-843951
259480
537746
695095
638642
-794691
-646016
-448239
384773
-260809
416329
261382
-852944
138168
157605
17670
-850046
566619
-493240
415229
268843
-831640
-670009
427195
712762
910932
-491524
-387275
529698
479307
-170486
685747
-261214
-632741
380842
-622573
-427432
734827
-70811
957342
-525983
-654482
218723
-378927
483686
-623672
638744
633641
942947
-854497
48869
211789
-686136
378860
-361016
-973375
289792
147460
-360649
-180510
-373234
468865
-494763
365553
836124
886080
742980
-591308
620906
-327831
-633966
-905077
17688
584757
-284004
-498626
961085
-645260
-864986
904032
-499757
183883
115821
-185892
-437257
754805
-159267
852536
-97735
480085
-327974
529032
-51051
177263
-105416
-214927
63342
-362436
193766
-315752
309734
559800
-220829
-672579
144557
495168
-171205
105642
849908
-36191
9674
-649849
-852308
-874505
164259
-289564
880301
-995009
-437028
-217435
485077
234998
-688403
-565975
-587740
206181
219099
475603
843746
-587135
-840149
153479
972665
-60978
480900
117222
-565811
-690305
-777137
-715904
273505
232538
-365752
421198
358033
798507
-868367
238333
803499
-305395
-979102
288575
929604
-667505
722601
-658136
538676
-58300
817467
382421
354565
977319
-464100
327230
-83660
-983201
-555549
350530
-673505
-332685
634627
600000
899853
-731126
21198
257885
-932620
152831
-503782
870880
847437
-482884
159454
777040
-150389
-117945
-881097
-611713
823755
936371
770709
178319
913689
-693392
-494452
-169971
-676592
-50000
-819442
-350097
617315
815185
-750097
517168
-915942
271101
-224948
-848561
-576068
271271
-977681
-728631
788387
181773
-951592
-362003
-936172
-832688
26285
887583
-896317
-203007
65902
-982628
103601
571450
-152599
427009
-478550
27959
-923088
-861236
-156856
-673185
655932
-72797
597917
-569016
78643
-978152
702255
100962
-706783
490642
-717265
-658374
-871362
-653437
-491061
154923
-765854
-387377
951916
300048
-370005
55517
-128502
477396
-517475
392948
-494645
-440562
531713
348500
-113746
187644
-724298
-515830
618629
354346
-493981
320884
-544693
-200763
-188475
-261958
140864
-59836
84606
649803
-904913
318752
-737575
-952997
-381201
-107579
102520
490297
-630184
585046
-116755
-124828
-855517
-585043
-776329
30737
602602
-500626
514908
221230
853720
-979074
-457887
-690974
-179836
353639
47069
961028
-706198
-868325
610831
-611111
450428
873257
-564108
-930773
-234323
538413
559524
135494
123458
-557231
-989335
267942
-142274
-765663
-701321
-539673
-266289
813587
681557
-412570
834514
-776330
-103543
-345323
577310
943527
-384296
871112
-924798
-773465
-739999
525630
-900209
-304106
594857
-134532
-765694
154381
-999039
357765
597150
-988373
-374293
-545125
-754036
-75614
-84798
-20324
-262027
-403241
567106
-427513
-179570
-536437
227164
-602261
-592910
842869
-731149
-517708
-930597
-471148
-992079
-830805
224747
602779
34664
459054
-242841
35625
-183182
-645692
47253
442526
-190816
293217
-633088
724386
-727108
104886
-678855
839999
677373
141575
-696438
-95463
539314
-289348
-252595
808166
192945
-183191
-662983
200867
-13995
561765
-196355
-979332
20818
560804
56294
837637
915113
-896454
280162
-275704
396764
647075
-551318
669657
-248040
-230173
509655
-570668
911403
813218
333869
450717
-476130
-918726
258882
716815
-101916
595900
-82319
884089
157664
721327
904757
-821519
282130
-38949
-983882
197243
64597
296280
921539
-538640
-56645
-629779
-868983
695315
140048
640673
-875353
51451
453890
458517
-497833
977760
539792
761049
694575
-562125
356949
-387744
-678036
-485388
-666418
-773279
-306906
615712
187772
-290788
-187045
-747631
-994508
-265506
-286270
-51153
104715
-155253
-355838
-755237
-514581
-231191
296214
939309
-772674
798381
917069
767118
559430
611644
-795008
-83621
-776101
-473043
430991
-442519
-246322
-875915
-826807
941451
-166702
-13852
-806181
-161210
720642
-92451
787638
-174643
752296
-568201
70120
-762286
200609
-633667
-822977
427935
-835286
-905908
195052
724145
705736
400045
-359477
929636
927002
-928486
-512884
-319320
-804400
-339690
-377870
28898
646458
-184051
867689
367100
723499
655326
-807544
475794
-912875
262577
713509
287735
628910
890532
-284331
793625
984625
910722
517770
690360
310767
-841707
619996
237769
-770192
-892889
918449
-574592
-232579
-459421
454307
-586121
356529
321995
780980
80027
-22679
973436
-444180
64447
236012
-730672
-647819
-135078
-840140
67851
-341453
-855516
-21427
-823684
834845
-710661
-665390
454840
527109
-435582
561952
445557
-10173
-670627
986137
-555867
-256748
342665
766129
-475769
-577308
-256551
-502333
-21488
807897
733680
247841
-839923
-401399
407702
227929
257148
552187
-793499
433465
387032
-504159
768076
-158129
-977051
-667507
-596177
468507
322320
-266804
454643
766454
476449
-202692
532582
-999320
220000
-723969
-501653
-801488
-916073
-767974
446354
-755995
-169372
-145945
471934
-912224
-593758
678436
521241
793274
-825723
289316
-364855
-802774
621810
38968
665734
-55870
772165
120377
-289417
248613
917686
-756835
249293
137685
-480804
747641
336198
-396876
979667
-217448
-152871
-189705
636608
-680937
-101929
-957151
997500
-580688
836123
-828224
708628
-528733
-630997
330438
510236
-965263
-725433
282400
155114
-14849
-468987
72799
228316
780306
-789516
747513
527947
546683
-649364
507614
-670766
197766
-682092
965842
516830
215979
-991310
514330
635291
844813
686107
343919
-683920
-944890
-325643
826316
-910153
-51076
108715
244962
934076
639728
-682240
162391
420034
-471755
-90096
-52019
-925073
260541
-544406
-595838
-541693
-226498
-629997
975137
989482
-621306
489466
624773
-776493
175572
-31309
-460413
230682
643049
-634097
320530
-408028
474618
-434509
-473952
114346
-116748
688440
-465620
411498
-401657
482361
486425
858885
937955
890588
-682809
-288543
-739410
-707673
-299061
-360715
781794
-674289
-137208
-42634
294403
402380
-811952
-62549
768283
508578
529424
242901
-925931
-944529
-642754
-42679
743911
-108373
-631181
-657746
-626013
855245
-798862
-688058
745832
-481670
23399
-993578
-189343
724338
-354293
-407549
-949951
508500
549818
344452
-89121
737866
-718098
-320839
246444
811327
922063
320513
866798
-720692
-722166
610709
170935
-353347
952964
544923
-498103
-845899
856865
-752271
-327569
-119736
-745849
483089
-395398
-100142
-924460
-345349
-591643
625358
999103
319237
363223
-718995
998399
-390333
-907669
920461
930180
959130
-800232
-791986
569838
370704
-145332
522801
-84373
356566
676903
-227509
604295
-650666
652755
858446
832424
-742643
-241697
907964
-87992
166661
533322
-88890
-514102
-103456
192116
-515704
506211
284447
-595244
436391
243576
-395475
644406
-186587
975230
-500927
-663786
-109144
855639
-986883
663347
459933
-637548
316102
318378
-805125
573459
-923319
-897161
-514533
243343
636161
396577
729241
-467295
-411308
-786464
-961085
873140
-381708
475307
116715
222818
119712
930129
198047
618785
-733657
-911098
474424
-720540
752250
-65644
-358088
68352
-747266
-163212
-358189
-670585
-60373
127278
572759
-424213
-476145
301999
108492
112548
515535
147408
-14313
-866173
-377285
-897598
356646
742427
-967469
-445308
361212
-701126
-356405
-164364
-421665
-604156
769992
220248
464196
-977274
-942965
-893993
-647858
-3338
233285
924901
572450
757141
226900
-319058
-130312
-257565
828350
855376
-123738
-548936
957778
-767093
-806509
990309
-212400
554704
-710817
431195
-609661
-132482
827039
-839669
-912234
291235
-816943
-855199
397243
-464800
141464
-369473
-539900
-286087
-612332
687000
394855
257356
-570566
223205
112731
305697
674270
70509
538605
867761
60818
-673796
422464
350002
757400
812804
-782480
584439
973135
-694714
-124326
-843808
-549913
-727084
-308608
591551
-96556
151493
-694536
291112
-161507
700319
-451532
267928
-76476
661200
-426376
-402207
-268292
-887771
-534447
792527
-561566
888018
142528
-804167
700821
360049
780273
673956
665335
-344054
830149
-884579
-71138
-478460
706973
832307
673033
-987564
123418
-488475
712756
671886
779454
-363721
333085
-646923
234073
-935207
-534693
699626
857321
-96259
587644
-151
99575
288465
-640103
-120153
-37580
-974769
535794
-207432
-859347
-535345
314109
847626
-703038
-12858
860063
420381
498668
572819
92266
278121
-790902
-574649
631199
443171
-509855
-903495
142797
-652534
246
-269560
347315
-900179
-981096
707213
-20332
-18675
732444
-484539
773894
873098
-19883
88003
720724
277080
-924856
580786
-302540
573812
153605
789727
-148068
362703
-784922
-516869
-194127
-294777
-420364
948670
52690
579883
-320890
-599996
679704
-301986
-892783
-340628
679340
839662
174834
453234
712759
-845049
-458764
433482
432031
-383620
14268
-870510
-809808
-832128
919217
42125
530575
-865706
525256
-663552
-160482
-895109
-714882
892208
684774
-35772
-707788
364478
662243
-600571
-976151
341582
-760910
198684
-205184
951849
353635
336052
385331
-214335
952433
-600401
-84845
-857376
-432529
-165628
184749
-901954
-31333
-289996
-565505
808185
-185104
-280387
700393
-500330
683841
992605
864148
346084
-607966
887998
-312334
-368876
86681
482482
-417027
-559685
-181467
968305
225981
-229034
-632097
-858864
-86410
-64625
-24492
-901661
33421
944175
-191656
467917
752360
623240
-812471
452752
-877090
871371
445357
987059
217454
837391
875056
905121
-531485
-38263
387602
51489
402053
-793865
19793
-371967
-22899
387697
-230831
890692
-676929
744677
989031
356493
688852
-202626
-175591
441211
-579386
11939
-106037
-456475
-116691
-660681
-469417
-899237
-823290
-594362
-994116
-354774
367376
393486
696715
-230572
599622
-283493
397461
-423277
-895796
-833371
-532586
-572725
911307
-543555
783768
600158
253820
-391823
41369
674434
620116
935333
-782041
-496575
-725348
-251458
-395811
-548638
154180
-389927
96588
-478444
-996441
-206698
290984
603181
509810
-311556
-820097
614014
-144926
-352682
-958711
-233620
103763
825058
-633462
-642418
-566766
407908
-967984
-946651
343240
-750025
-443226
617892
-1483
160964
-930747
-847303
771037
165842
-325747
774596
959145
965237
377776
468955
-346319
557680
82969
508755
-795003
124258
-724866
308760
-50685
-358328
666343
382549
-950421
698359
435899
392820
948335
992674
10711
-53149
153637
79965
99549
-75327
-754194
773802
-300731
-795050
739039
-922955
673905
-607281
634725
-243127
901474
839723
881132
-823392
148482
-169554
-181719
-185175
-787005
-132139
-486816
648895
-739320
-538482
641568
271391
408369
-204796
-648644
-492083
719878
-402838
-718281
-580854
-197887
-979242
-503809
-523983
-586522
-869084
232891
-685048
970639
114022
-508440
119121
944469
309842
933946
-842536
-822298
-552871
806359
-561617
-91353
447927
709775
-682984
-756870
-938870
-175066
963009
-341708
106654
-617845
460405
127413
-121653
936423
540891
9264
169314
855843
-20098
-716664
-652597
-900977
-772195
657245
-967031
-614731
834948
-519901
-808372
-726669
388747
639555
983106
705763
882686
-955765
-469303
845695
-297472
637352
-772151
-837067
-235236
106197
-900644
-694346
-884540
268670
-838503
95363
552007
-491100
194386
779812
-833855
227355
-834920
-998907
707454
-643291
-725576
96200
996264
-742471
-198037
878949
-698235
332661
724643
4293
-29988
952493
167227
734776
58689
266583
-959570
174150
-464747
-798073
-730488
-912741
-289172
463898
867071
-123027
-308747
-967849
-121934
-601293
-611140
152491
494908
-614877
410020
-703130
-735928
711786
629532
988716
-283921
-400457
941208
883306
-665681
-103
149889
-625251
-825954
685142
-423324
-556442
772402
287504
907457
639472
-835523
-401291
671623
42543
-2584
-939517
-804966
-507677
-554394
605055
-210806
-290321
316840
-581275
-301606
-967082
18269
-360399
916225
352588
639499
66113
727337
813545
-248745
-695987
-742898
-476344
591517
-835441
-836872
755995
-236732
834751
-201462
760685
895234
-6428
-746992
-659160
-401374
42202
50519
915466
460928
748914
948385
-520804
-611485
864609
831785
-971987
-69278
559121
841558
681978
863135
-901340
-794367
454652
-736781
-631239
210646
26488
-796488
-990817
-212827
-901254
2755
40181
-560413
601381
-917617
490107
516846
543312
239020
465231
-977492
627535
329839
854293
655548
-739439
413414
497106
942539
276548
595767
-851828
-268801
858986
-483066
941845
-114526
-279554
951029
672647
-180807
-46217
-287172
258781
-444837
-204789
-251113
-927991
-661478
987907
537240
-638969
615442
-132921
-784677
270989
127640
628738
-231905
70179
-94714
-636139
218351
636485
-777153
735285
578330
108321
-544269
529358
-219032
274925
-516859
493796
-466295
38305
-710993
282592
110314
-372470
270499
-352446
-11439
-114060
514634
203885
-843071
-357727
-167378
-74976
712453
737908
288886
-69197
374393
511733
-333912
-47277
-379946
121819
-517919
401022
-603256
-34777
-105182
-69551
-996473
183826
-786959
113841
811356
483541
761396
-200083
-630520
276029
-996199
-473590
918303
-163576
451435
630755
-425669
-259680
-438442
948725
-747948
227646
-98552
-127893
-650535
383530
-726871
-253791
-651248
167947
676659
-647721
-648228
889701
466121
-836872
373241
227516
-36955
742722
-496455
-33154
-730869
-578153
803270
720566
-947399
-622399
-539114
-385841
-673674
-287061
841806
227774
585046
-808730
-388696
858175
-62520
-39944
26122
-385861
312335
377894
-496161
-221544
541023
877080
-994029
-495933
619801
-490483
470914
888933
-68636
274183
609499
-16034
651785
-929616
598126
978112
-216677
439931
205886
-631632
631202
817190
-773457
-431319
-222755
252665
182821
-910420
-369442
686660
-131964
-828419
563740
-125992
-324352
183541
383526
-853439
72473
-685111
420745
-318028
298855
72530
-247644
-103019
50641
535680
-663089
-743474
904048
968114
-926285
-869410
-463205
-149039
383255
719616
-59459
-986187
406275
808578
-814606
-29985
-317414
-138957
-846445
-933889
7604
226029
-618999
-571651
908001
679857
500879
-339644
-423163
-448481
-803965
-86251
-191955
-899917
-118138
-118239
-769326
418657
732722
613930
138272
-326737
627743
-455453
-518160
813138
514562
164427
-325819
668118
230539
681785
-105854
611540
-889866
-197854
291396
611013
462503
868234
-837468
658539
-218018
-29422
758622
663845
852339
989297
82501
585060
603226
-779227
-741678
230969
-234679
-259837
44107
-720117
904590
718288
948001
135129
400073
-157854
-253332
510207
644293
-961936
121220
106795
906298
283752
-234666
-311720
-745671
-476044
-647876
-893332
-486748
434626
691728
-883523
655399
950051
347447
-579280
-309786
-608447
-299397
-405197
-890160
-351397
729933
509913
490750
-523400
20120
135042
-485335
-858661
-758163
-579038
425091
7171
109242
679421
531127
461367
786089
-955621
-104008
477817
-839143
-448610
427868
508304
-27889
-881919
899858
672714
-287115
-990302
-678683
-557183
519612
812067
-80582
-460269
-52891
434083
-318930
188946
855045
-893839
-803883
-35713
785583
727245
-574347
571672
771624
321645
49489
932481
873036
-522644
440785
-154854
-404562
340643
-482140
308323
350341
-160823
751140
-130048
-348756
-329443
409683
598353
-895360
-909247
-212701
959685
-803085
-16584
-76028
982498
-289340
349626
554170
-517716
-328730
-396342
-585235
-455694
81015
855551
389453
676453
196193
907313
-15225
-453467
-253510
-264085
416486
397734
406473
-173832
-3913
511113
-83078
783386
470798
113837
-233198
-605231
96335
477463
744396
-349496
959748
-584335
254163
-625488
-40028
-664823
-769938
-650576
-988371
426256
-743264
-3595
972789
3227
732321
389274
-599039
138793
-784558
397048
-350094
132365
180434
-879296
-753799
947236
-484526
342537
424698
-740131
993041
384446
-324466
247204
758958
635507
582381
989021
984931
594011
415276
-758333
-409584
388065
244894
-677264
-222661
645855
461530
-7218
42903
-888565
-874854
-776664
-767860
-628653
-829429
-252386
713885
595270
7483
706925
-20285
683018
-45871
-261327
318524
-463491
-272307
303455
-869480
-857031
545122
-279064
531034
-209984
43672
-691628
-564129
-494799
301154
478774
-383363
426301
702110
-151223
797649
872682
596392
511533
467951
-396126
218458
-552334
-713108
-827414
186339
605416
-290905
914033
-91130
-160384
-942999
-546008
560552
588036
244008
-395777
896409
679879
109425
197563
158652
726063
-376137
-139238
-425161
-578489
-266557
-828770
933044
-798606
-224895
151501
-350940
61997
324087
835400
-332588
-966818
749433
576283
-127202
806434
-969725
-566651
394469
274283
37573
290877
-45838
-853002
-511561
-887186
873061
112303
-26424
-552101
533814
707019
-380870
466857
908414
394235
-381642
-442526
-543768
942446
-607127
123645
975629
-857695
-300073
-151573
948740
-269797
281777
343209
-995515
-680651
-365914
-41352
-533653
122526
71462
-660592
-765172
-954962
-212693
768642
752058
406438
235499
660471
-199327
853858
-782056
256905
796303
-389182
-619451
771932
-246877
80477
-379642
-298137
810680
902135
-954929
815166
-778516
-320843
-226186
-312168
801684
845276
27240
-963489
890315
814548
805153
642372
220985
40652
302843
-978342
-105491
520787
278564
-309188
-868396
659113
-537257
-115272
-260410
83101
586592
-449730
-14765
631663
-634564
206720
-689180
139250
894552
-887496
-15474
-78208
-850985
-125160
-263661
954168
-482788
957325
-5180
820055
978984
889329
340841
257547
-419860
472446
-83340
42883
-642826
656251
-874016
943766
-793480
111220
575429
-428043
-682061
886250
711208
-787509
998754
-304267
134283
-852232
570574
870623
-898064
-912214
827947
96756
907841
806930
-13915
248682
64476
566225
-278872
981137
-390892
78302
637387
-264908
22068
843907
846312
-402504
-584136
-835749
-516254
-872929
-623258
-517501
-177195
511025
-369732
-606621
381647
-267796
-518835
209594
828961
-610995
16524
-184955
637688
-919000
-618730
-641185
-937864
-9621
437117
699523
725471
-540816
543430
571783
56681
959294
736034
540427
-913636
-887225
-977074
-90830
623801
-346806
302549
5448
385399
783714
-784958
214360
-827281
231566
-970595
810407
312566
-589325
-830778
374702
401054
606340
74224
126525
-934476
-382347
-301692
122205
-423053
-565659
-337368
-336689
-452883
-314442
572482
-829082
338752
-124970
176367
-275849
-341256
391409
938511
-168537
-377026
967916
-358130
935541
-621409
-188908
310242
779646
-582569
-615534
-93829
-517045
2120
604479
605161
579067
-961181
-732208
-757622
-414063
-46649
814860
-243145
-707897
-310111
933222
16254
348633
324630
-45236
-819904
947605
-77320
-178034
883145
301271
633058
193387
80917
-949511
577853
987088
-466555
-420027
591566
-861394
-840961
630386
-593602
-598583
-783678
359750
-783724
-26822
651853
-93834
-93601
-331894
-745202
-768971
622871
-565106
-821366
-454450
256860
-938222
846821
-110082
255166
-72262
-59592
-166982
-85175
473854
412991
-493610
612460
572031
-863225
-981142
973448
-646903
378608
-810276
326275
30460
95890
-767326
698566
350688
-536296
321436
785583
-357662
866987
42443
-295883
713808
932362
959283
-358455
-127231
-207699
556370
-653378
-794708
-937241
959083
777323
-800465
977941
750770
-447367
356548
940495
878909
-612993
36384
-888417
-914427
-612928
-424713
407010
-827346
217625
273996
215098
921743
-12197
147459
881025
629348
-979772
-326675
185718
-633149
-121383
248477
-674067
-344060
448013
-696127
-593291
-999355
660421
-652797
879555
-952572
383588
991138
-866998
770660
-433576
540012
943315
784050
-185992
158412
705792
801811
-694130
586816
431159
-673901
-739859
-383124
-307050
138759
865354
18883
794699
313366
322756
-798592
314012
-16823
-451388
193566
30606
932200
184703
163608
702860
751127
-296381
646174
535177
517628
-195414
240968
319438
110457
-172216
-249403
436556
87926
367473
-870495
-773316
232826
148389
-978617
-453808
-528855
-777209
860204
454322
-228597
53769
-515072
-296397
-761528
648536
-593538
989600
-647845
-947364
524776
869783
-142778
-234256
189221
967679
593529
939818
404234
-318546
307290
533740
-91861
-459884
-317872
-70478
86309
153274
152314
-53487
-392405
923718
-999718
92523
-372680
-761246
-258941
33783
-771647
93214
86419
753130
-37004
943642
-481127
-847784
911320
-887599
-907966
315554
-206144
399325
-150706
701995
939441
531423
-368483
25750
-315304
783831
972263
292292
707548
972545
-615185
-665132
-788701
125874
368652
-560348
-780912
-544930
-807218
182085
-601289
-288345
334302
-689969
-175943
426336
625586
617913
-174340
-525121
319908
-234899
-993699
951425
790851
-309002
735256
763114
983290
442804
735659
-631896
777673
946958
493979
146324
-613390
713067
601395
-420608
-104849
-999894
291048
-770547
-689863
-884896
655789
935723
733018
-518552
-589398
52925
246550
-583096
4350
37401
107902
-260394
-199486
91192
-817590
-463828
459296
960083
-516870
-46725
106407
-130260
-333658
-292199
449133
561494
-292093
-259819
790947
18044
-144715
446735
-46233
-411697
928184
364370
641229
174734
781274
-354421
-787866
-110824
385185
12649
980368
567596
548822
439664
527679
-968049
-607061
-365915
-98308
59281
341886
-649175
-379226
-950208
91006
-588280
67837
946292
858455
-978396
-465406
786639
385974
-824178
-38628
167248
-178598
173507
-943577
-793413
-813845
-963209
774183
734977
476456
301861
766928
869395
935946
-331380
-71325
277831
19445
549449
327624
-889550
961169
-604540
-943258
819624
-582936
-408664
606263
803039
-232841
-432365
-29714
588561
741142
26710
795148
927297
63501
569331
662273
-460044
-128809
429201
-590650
-192863
-902180
338026
-915033
117266
-112526
412592
227717
-151357
808052
284459
-331733
-774884
875795
-725470
-971846
-357046
-157835
-1560
-768486
-416694
-974851
-973338
-489397
88651
595993
-827124
628608
-532816
602077
-962042
274321
699898
375984
359289
-182836
-736542
-228120
-955120
112102
-420068
329339
780369
-194952
205134
-945102
-166798
848088
-102936
831643
-920398
480370
856793
-893735
990974
-54556
702259
-836151
-425949
-830558
765926
-387990
443763
465824
987994
-196949
-717013
-748548
574931
-672133
363554
-845138
657207
143923
-40089
-137659
198822
793114
-289571
-904115
624756
-209969
576256
481549
-103703
567229
-573008
-401445
731079
1044
-232002
497004
613054
-788240
-37172
601048
14812
245815
852500
-410257
573683
216054
-255394
230889
-640023
704518
-906771
558799
497631
-196342
654685
122387
593690
230941
-396065
-510013
-201830
30928
88543
-470752
-968029
856541
-973748
645026
-931699
-10920
246073
83114
-765105
98573
672858
808578
-685373
-582537
39467
-325396
-878020
132697
-766597
619611
936356
888089
-258002
530046
119030
345933
-979968
917201
-623140
108576
-553552
-591168
-34883
-527299
-946142
33418
461782
299932
-883468
696677
-601496
789390
505255
-286868
-793148
-455278
387737
-671167
677419
621140
948445
613774
509229
-309558
143820
-371741
-963625
163853
-454541
-586764
-727572
-8092
-177932
237545
464609
-124073
-729037
-73609
-824142
-612505
-376933
-425638
-823116
-871678
287495
-616263
-326956
-324769
-287430
-649538
-703629
-338985
964237
805600
351457
108057
-566142
387832
-728091
-20683
801068
-455663
971225
-376864
781883
435834
499063
-947154
-637776
674921
-559659
-14708
-750717
-382774
113615
536778
963
786659
-787991
713534
-862879
-491620
-625451
-898642
-686021
726007
209415
-252162
113838
481324
727156
-85094
-974339
698381
538043
807545
134214
37106
860391
496439
-287973
-699268
-518269
-38690
-82042
595346
-501912
918922
382005
-289903
632456
519127
218478
-992995
620485
532457
733012
-170100
-719705
-153150
-688776
-992550
761756
-663114
705831
299799
-855570
-159955
-663096
-995179
-663516
48931
-694447
-181785
-989759
223512
-586439
-491670
142433
795567
218428
-225111
314693
-563095
-218106
-64822
969363
-485095
765079
-750343
361755
-923698
-742893
123511
-586812
962939
-576690
-442381
-197017
-239786
-437560
139467
809146
-132007
957683
819387
-908496
-628757
-672283
233938
-833190
546145
-991173
481504
983051
-209279
-583318
952413
305627
-818240
-797930
-332618
-741938
-540822
790894
-328749
-577884
-785797
228870
225100
-25583
791310
-635434
-216437
-340697
-677751
-397050
-249192
-306507
-69333
984746
-139697
-523188
993573
-658194
-540138
-215706
-241512
-587725
-910079
-59751
-385655
-242697
198312
73523
-451803
869563
495640
-237600
98433
-279261
736817
-110257
85306
-479620
549046
407555
123330
-700147
-898953
-946004
-715401
-38650
-469191
-721828
303157
-9329
62466
-938355
402947
152388
1894
-982709
909692
-799795
90815
-542112
-930232
-413546
220288
168201
307194
-42895
-942057
-607501
477485
606990
800054
-399186
906844
901101
-345189
-808558
-137549
185620
-530386
-834393
-823709
532081
-772748
579238
-315532
229147
596530
-405840
429352
-312655
52048
499121
273800
-727664
-332679
-419007
229441
-274735
-26508
-293074
-667745
-226455
307741
-760902
-325354
962552
-569460
537097
148172
-99846
702705
324464
-567765
929957
-96298
116704
159104
-499769
710864
-411545
187577
-237089
-912424
-538624
35248
-245103
42369
-735312
480163
-984139
-28385
812418
-210593
-720645
-948485
464053
-758093
-517944
1150
390079
382211
-296146
-285458
814446
-366189
618244
-68851
792915
-881525
-357987
-618630
306052
404924
-531054
767429
-559829
223844
-190202
-295140
-295994
-174341
676475
-483576
615066
955830
-432061
79119
-802263
49996
-919731
587816
-567794
-215877
-697642
-753349
417935
920603
177801
210850
-960923
819814
592221
345130
224738
-938833
112558
664910
285011
922357
-630230
989018
-251985
-953756
-494559
-636919
-997926
73381
442201
-800189
-876624
522470
787628
-444417
-693407
-910015
-197766
724529
-989412
980036
-64622
-950335
799849
-472402
394796
24587
-411235
-492646
-310504
873777
-570290
59266
862794
177726
105511
-631765
540807
107586
441617
-16992
307398
564994
-494523
95025
-879424
-187929
185011
-77189
-463401
195599
-97154
471978
245265
-297305
999577
-359940
727283
-411658
147415
-583222
-537882
577126
476045
-675088
-245149
-418444
-306852
-704343
689142
-865235
278666
-3461
699759
784143
-908436
820335
-403786
276575
-256854
132813
-527826
645992
-395209
717439
-651313
-395633
-642501
-924031
192710
504915
-507252
654829
82040
968794
979742
836891
-449651
-327111
-867452
-760509
-192346
411214
236031
-492587
195357
327595
-672252
791571
-395830
70894
-75616
76345
-283115
529176
-206217
65573
-866457
151283
141543
326253
-343803
634291
-18919
738238
603085
-39178
575128
-846567
633712
707677
-607075
-558634
118890
628956
-51221
-685753
-43449
276527
-894183
560722
-652579
30202
-362934
64307
-440623
430849
-870121
-307080
-417868
271422
-980827
238330
-94287
255
-23433
-491203
961078
-448305
-337769
594789
-740629
55156
-963845
378262
-315888
-15065
692509
640663
-738538
798327
201384
-391117
-171471
838450
673190
387907
269299
803069
-919174
851432
74491
-900000
89761
980205
100255
-933672
-510999
61332
-381976
151233
-343879
-122605
-793612
-307724
-744344
-109499
677212
948166
-468837
938674
746493
732548
-452443
-424979
570998
-779254
962928
-159703
-976185
-956246
-308272
98307
-856246
781490
78511
244010
847819
567513
-694659
-534158
-281255
-38538
343238
-74866
653739
598894
815635
330950
547060
-653202
269624
293552
-920655
817181
868573
650344
-962074
831500
-509360
-938258
875255
182369
160049
-980992
-36141
-761441
263019
-188323
806072
568360
277519
-475183
-470178
-379244
449951
-816440
-780350
265585
514511
766711
612383
-215866
60262
691729
-398685
-71165
342072
-360758
-239665
832712
-299016
-364411
15080
861033
-345402
978939
-900408
917617
-209384
905665
485977
-931865
-569519
-984202
-311108
880432
-800641
-91458
146016
713870
-324747
-241601
-501996
735515
-549873
99319
-335651
792199
738561
424685
624911
-560455
-939727
-360010
-699422
-285128
-381071
-599830
-367512
409546
-694166
-881536
477681
-263684
-865737
-833428
-383253
-666378
75115
762764
-952509
750368
-478838
-454504
485883
-28711
644815
-849768
-236512
383376
574917
-611602
822922
635190
28389
-876501
-649938
647318
-476331
-17450
56863
-170496
101015
-465456
565820
235278
-298884
-817434
568900
776231
945331
616392
526599
-533508
-838113
12481
437781
806703
162713
-798731
190079
-262371
-410333
13000
-627181
618056
136499
-277119
265374
660169
705432
-677763
-510327
-193553
-143219
-944508
-958275
557897
-761941
610625
334128
-816611
227017
-139273
-350118
388904
873208
-912337
195607
35920
-711068
-614315
773550
-121401
398686
-853632
-503346
-464815
-130750
762028
-804647
-425318
-915736
-314973
381129
-58954
-259480
422854
-501057
-21421
33479
833072
161969
-739505
-306202
811852
649400
-432995
899515
-154994
602926
-811554
230692
376475
67045
-370623
522844
563700
164563
-607907
325728
359916
-33225
409993
-955057
-652096
-648962
-214537
770758
-150019
764043
-195764
-316947
-73989
64732
376851
-262137
-285869
943857
-362623
559138
546782
-174177
-210171
-76744
892869
419207
-553900
456569
-416231
-161807
-217704
943686
804969
-807712
988629
-847128
-456673
-225909
923631
393309
-461866
-272133
-923639
464146
792599
453212
-797992
-493270
397068
-160615
-934133
-56150
665209
-144303
867107
558077
-725097
-686794
14645
-141328
151400
796942
-197642
-43632
989231
-209014
109241
-467443
565078
32872
925866
-896789
760739
-997773
567357
553338
455439
769365
-939933
-147493
-391250
-874066
796357
-726042
-18369
663463
832036
256535
976670
-153319
-884793
128069
-356378
-82435
-915563
-367148
708552
193678
165410
273629
-773451
91275
376841
987289
93502
-55802
540626
-451059
-286437
600693
401449
322313
726628
197806
596272
-291741
-138731
428307
964794
-162062
-725012
-920000
966008
-81390
-2435
-949556
551463
-293883
244122
-283128
979747
470672
808148
356587
457960
-98350
-699215
-1415
450592
14348
-400722
-147959
-663339
-674095
-950154
932933
34164
-88884
361240
-1043
749055
636228
78958
715062
-445162
-923477
765506
-893699
-217360
9628
-176826
-237614
-519701
-368679
-881027
938260
532972
-580242
-63155
-16436
434107
536123
835605
770768
862029
885452
703701
-103808
-203433
64940
895150
-454379
-298832
-25892
-739318
256007
50631
-973813
362308
833272
35815
-814519
-404343
516115
-183197
-285369
454375
-650225
134389
-608781
333339
-431505
927343
168943
-660737
789371
54394
-957037
-314437
850962
107904
-419287
-603418
809073
554821
-342735
65079
-394548
-316547
-572614
-561277
719269
-387132
34381
235383
429671
749012
-310243
779447
-116599
80977
112785
451897
8319
-718272
791161
-202311
336123
834125
483253
187084
-57972
-936035
583667
-248899
618787
-759069
816180
-775762
-75616
-756434
-337039
-356347
-143565
697343
879036
-713894
446355
-431207
-934448
-670245
649770
178337
781653
-341912
460066
572813
455778
-203812
406937
-60969
983272
-651035
2996
566938
100066
-378218
807870
-83754
-153979
-267746
159812
508983
375907
-983753
206325
254943
-697647
-347321
823736
-632095
-17565
473506
546243
-235913
-868406
6308
-663100
587373
802496
743837
-473597
785768
-907198
529399
