-824572
797558
-504132
333263
797621
-437823
290937
-881338
619037
18955
-595973
718001
-791002
425502
-466215
-1521
646855
-390602
-799793
-314324
-616689
515836
-362260
-293737
-82689
891734
940308
-739255
305083
-89244
421157
480512
-291686
917026
-186226
-494066
-520798
-895290
-375403
-901761
123665
28625
816241
332664
-545874
-649975
-668858
-899019
-40576
-468651
-213343
342735
-952815
424398
-951002
-35503
316132
989307
225243
-378785
-99938
-353601
-898274
608376
-436576
-84499
-885691
42627
20211
-261093
140866
-856124
767532
-42894
476541
-778342
307131
807684
-677360
-733446
-660967
109298
609290
-613782
-466304
658289
350716
849828
647595
-424042
-528958
-452344
222358
-427231
-843969
785783
488270
-729659
-171591
-491519
9248
969275
-347642
-223220
-73620
-871102
-1561
-766489
936583
321079
-499934
-724385
-569624
-890645
-338166
-35928
767644
-987450
-186100
415238
-411492
284943
962895
810867
857713
-881075
596649
345982
-610734
-574942
854464
398515
-605668
-493179
-824705
320713
-364280
173734
554225
-427697
-505188
-945710
-152082
-74811
-836354
509753
889262
931290
522304
-296838
346528
-889189
988105
309422
921679
845817
428348
518328
191799
817615
943386
46262
216130
-662282
553084
391425
658432
-811197
-434842
212656
-238894
59971
266946
609025
985160
430592
118778
874422
361882
-358919
-422417
-291590
-248107
-434312
-982168
-326429
-588495
446180
-808101
603305
263795
-864716
-350434
-520076
-526998
-797350
871349
-868566
-608547
-563493
344090
152560
496478
-388964
-238415
481638
-958372
880364
356060
403511
-478555
933643
-888080
273338
-500669
-870247
946910
-89163
575934
-861192
-485859
-160272
-725907
163707
319652
-252904
366357
191001
-121470
757811
627509
-777381
-89629
123986
-166344
671957
-394376
-124716
552321
961684
-721206
-926235
895327
-609285
347103
-605342
-479531
294013
305495
-903598
432822
819636
-63870
706915
-16657
-744218
-545990
-650300
446784
332540
-892489
74292
555160
17883
-801722
-611184
-310160
-196097
264100
-757840
-234413
542895
-684075
-339086
933611
663029
55572
-545921
-42958
-638933
-449519
-610137
-819297
486612
-903222
164047
742395
-449212
513747
189178
883329
621259
-736530
438489
-360858
-538251
827305
328982
265652
91405
571142
-968761
-365700
887068
-307847
-432090
550097
747726
21989
-492861
-891208
572471
-102998
-710505
59083
-6220
453543
-198523
544569
-32711
990656
427898
-411452
-745874
-133613
227690
-284125
-306309
-443328
981528
785097
-872186
-987234
-580604
-985118
-295080
-12693
564979
-547355
-990704
-927883
-438562
581767
-30880
-149067
-359151
962901
-695525
442327
507469
271765
432982
-64633
860314
687109
801754
88004
-597016
-504555
644676
-615489
-719459
772490
-602722
-300062
787372
102199
687245
352351
554844
696541
424468
-883719
278308
-606412
-32785
919158
-643512
271691
361484
863958
-456544
-205534
-200676
-596231
-518426
-398923
491773
-115442
96523
136449
269070
377065
-91062
666349
-922998
-303690
-231453
764248
-951340
-676610
460788
473129
-560328
-260904
866717
406888
-341747
-776796
-321422
-980264
-912839
222035
-185797
-113514
625805
295777
487564
117578
-819665
-415914
-745974
449405
961151
162965
115753
-961847
859275
884300
802401
907935
-792310
263189
381064
-352637
-997716
247780
-945750
-339463
470985
-267171
-319726
558146
954864
494477
-555368
580668
-209747
932196
-301755
-29411
-483719
-47728
-580007
-522568
-884764
535747
-484415
974511
420047
-682015
882446
627738
581174
263509
-724900
583458
-488712
-670649
-756005
982273
62180
-75731
540419
17044
-581255
985051
-402288
208999
917247
295958
-820413
-566473
-751771
-400419
-89041
-636535
-864673
426545
-662025
555374
744530
-779580
183111
325704
483930
458212
-90839
995218
787563
153156
977491
-150258
-922575
517910
866787
-503829
502961
-535502
705170
420207
760456
884758
853735
-991316
-515662
-235306
-627851
-380334
-808762
-289875
-824961
935768
-69454
358151
261471
-585525
-183638
-829368
-590307
-396075
323789
-612816
453668
401214
905094
320454
897385
408054
784952
602555
-171740
545408
487312
-318006
554092
971651
446688
926242
-408684
637926
-363633
-233644
573694
566914
-875493
-164835
981389
-59130
5797
-608918
544795
-670415
-221734
-1538
730800
-316641
-681084
628185
-908588
-896132
230740
-80327
649276
-281948
601668
203368
-310298
48355
129610
281019
-313719
765977
-952626
-740025
332890
-828118
95140
314279
112752
-899064
705361
-342453
-569478
-516373
656009
-838678
166986
974926
789507
258399
-921207
20247
-821928
728069
738299
779740
-68563
-572000
-171906
-938954
709020
514376
827024
756395
774351
159914
928277
-130510
-525808
41028
-29573
-820447
698575
400949
-336820
354584
562271
830167
329509
351778
88565
408303
-627976
266637
136372
-889677
46377
-932192
-461676
874472
-871145
-752657
388847
955880
-996263
163198
115793
932015
-967313
589986
-26958
3115
769539
-328383
-595936
-567281
-973799
966336
-737115
355711
318113
351451
-235986
690138
-381912
900386
800461
664465
968195
-661216
538936
-902950
-413873
-72217
-947071
-410135
-909020
168722
-478121
-876332
-241292
494922
126783
-471753
-833461
530847
-39034
-807260
497183
223852
548452
-184705
-424697
-687535
-494567
193392
-787150
-694107
-142144
-818955
-355322
-603208
-721905
230806
324575
-668976
820672
415556
499747
-657450
539224
-741546
837473
-333993
-213299
-995989
-803146
747668
-803248
694037
-28481
745204
-490668
546823
-942332
14765
-259786
-729481
320659
598071
-548436
965338
994863
-270340
196143
319438
60684
16814
-265007
-439570
359365
-725783
-181116
196837
-59775
605586
200848
137080
353253
397601
-168884
-675228
142804
340449
871595
200473
-644786
-388191
470993
675874
-790121
922558
641211
-795258
-347783
-162646
524181
712902
854169
-740826
-726669
213533
-466609
92216
-589630
473617
-302199
611219
-389304
-948946
8819
441813
-624174
-848378
-217739
-752579
352096
137476
-140770
-176912
-186651
69110
-254354
-545441
273852
397864
291914
-201968
110765
146082
57207
384096
-640386
590598
-523688
-230016
64215
174114
-618798
674911
225168
390021
116724
600995
541644
898986
848417
-106260
36461
-292354
716829
849811
776757
-537526
-695630
50608
860338
596284
848641
-28898
-257635
-94153
-644802
101980
-503555
-168489
871965
560661
-994376
-746834
235572
230793
643188
-647705
-168212
184832
-748720
-319796
-921429
287742
387851
795401
137552
164607
-742126
441922
-784786
-881788
38206
-936145
89315
780571
-30297
444513
-117450
466148
-723977
-245486
26808
-718352
7681
-737621
512442
-349131
-385325
-655771
835702
-134044
24433
914273
-846303
-587717
709673
291250
576890
967548
-266828
792105
-914241
771378
855960
175075
551949
-174337
-380412
-565501
-708190
-104388
189014
318619
177260
-803306
580999
-310299
-152436
-804326
33930
-316735
61630
-941637
-402462
215328
-529354
-692789
-493422
-952464
-725242
239750
839641
-639482
11128
695601
535593
-436924
-478736
-844820
-2424
-186925
50792
-813411
-868307
-771948
-616716
712693
-82246
230848
908367
951685
914113
-30004
-989953
-488349
-814676
-519306
-181138
-308098
-471770
93620
931653
-632129
454139
-57220
-936528
-10268
505857
-415264
144913
-496567
397811
-804295
-309978
529505
-576243
73306
242198
341512
-695847
150564
293196
-781734
-879440
303243
-270082
-694115
783938
548780
-2213
-687832
-357600
-70561
-319961
-903462
872220
-256488
86271
378077
328249
-768817
881510
-273940
-573111
-428468
-744435
-149354
644838
497763
-807843
948992
-351673
485354
-832742
-231112
-211404
-102824
74773
-427467
-554045
-927440
-115299
88356
2000
564741
184894
-125781
-691747
-728835
-747704
636503
-497651
-866195
-637437
-70762
-294663
-381871
779884
-649825
-884109
972042
-700834
-235781
457395
-533575
533108
-754009
363601
-392120
-181475
809557
-319560
703227
-102088
682441
267968
-917194
-443341
576222
-646029
-191045
212724
-143680
-57239
575288
785558
648099
-806584
565442
998275
-690692
537484
-702559
73527
-5121
-236134
-393366
240871
-872533
214515
-940605
937024
894956
762623
-165064
577396
30590
-82258
-865945
-393189
271714
-56989
819536
-871966
885773
394823
913593
533871
588239
479034
532146
897547
16518
829587
-28926
-988603
-406548
577709
252268
-279081
-207777
311664
-342057
-312821
74287
492879
-735425
-895124
-589380
-601370
-288312
682335
341641
-468777
810369
227414
926047
723961
-238715
514286
202995
-706570
411832
-780488
-876984
-617094
-769090
-283532
960615
483178
437388
-247162
-205158
-904670
440017
869129
588209
704593
974006
998830
-896778
-314306
681164
444864
216918
491533
-327723
142964
215493
433563
-342751
-581513
726993
-930919
-362000
850009
-548013
-131090
-433523
-587398
-647912
-996136
165440
146930
-900805
-394543
16059
687405
-689951
-9935
686234
-586728
675759
367398
858137
-107324
-141070
-469586
-964360
-925577
963977
-307110
-507090
690969
-238029
130911
540978
213959
999821
-892546
626561
-648092
-888681
-207999
498839
-789486
397458
-485102
897919
707508
504963
584153
-879220
180722
-48450
978917
-926602
810481
-490669
-890962
884904
-526693
-198072
-622186
-835724
563900
508725
705254
-222142
508545
812709
-595581
860454
924028
196420
359293
-865459
-406122
874192
-967540
-698614
379155
616613
-577834
-440124
-431837
-598917
-366726
-621357
-89586
-257687
-736453
383722
544241
-358639
547998
108140
-849915
253252
885999
658631
65960
-709583
519085
-10012
486837
-121622
124530
-919286
-247431
156990
-617899
-868277
-226398
-195733
-308400
341766
205351
324874
720409
-884236
-932814
983956
499487
611428
-374684
47485
-280432
-224598
-699264
-394434
-565967
366697
-104017
953118
-643315
-617180
-168505
481215
-536466
584065
-361796
-154365
715788
411807
649903
-592613
-246428
-144747
732262
-526019
-28982
799449
-542064
-529496
410877
83253
517990
-869556
858656
818727
-263990
-707312
185423
631994
-754194
542108
-985187
77302
23323
-521652
-338634
661527
323984
-622846
73334
-26114
-215458
826907
829140
-483197
-699113
-199842
-683748
-241176
270663
727129
842077
-211348
857573
700733
-392622
-406417
993422
792802
-774424
-760773
334910
-759610
316529
-641768
-281262
977896
-980241
-957279
-644951
93094
16608
139591
-80000
-154252
656395
220887
645906
972647
979711
-83432
699775
821788
705220
557348
522520
-687402
-849069
515941
-894601
-623493
755169
440310
-383103
71698
798542
335636
49593
818302
378357
404642
-88605
-605035
-455767
831395
240713
-799373
52282
-113382
-826726
31993
803186
873050
-146220
508406
430397
-623700
821004
581329
892242
926404
957837
647411
366713
-425266
-280892
165255
910370
768701
-16444
288727
173343
894952
683692
717576
726347
-75595
918204
-221372
811023
-908523
810622
614209
964527
-335599
122614
394924
40702
-56382
-23748
-67056
-129979
-65912
-419646
-763267
508822
299462
401989
419192
68163
-614455
-292082
-758494
-719504
-608390
959083
-993158
316015
877286
-214529
127037
968764
-403907
-258754
933291
260494
863860
328214
-698804
-192522
-695534
234141
677499
238555
814495
914233
-252623
113957
316221
-833432
-817880
701766
-125513
-576374
982263
266097
-617292
989106
-417889
-740007
-225423
709149
-771243
370670
-549606
-837953
-368836
-685746
490261
-67640
121732
794728
-833499
-200769
33282
980996
-286536
780659
94953
-970316
947228
277073
731451
-178286
700699
713714
-912190
-916594
702819
-330078
-656600
-522605
-620929
-427842
848066
-170535
-265795
-520771
143720
-775534
411590
-734548
-980807
578091
64683
52475
559086
778147
-166866
-345961
807832
-219638
931112
539283
602076
631810
252996
689887
715217
-44186
-640191
-941383
433210
-261120
-369225
281275
568346
364980
760504
-287935
589446
172094
-22483
608640
-249816
-957800
-338885
-690730
820347
494249
-36691
628179
-725389
-105580
167461
876687
-473770
-579544
566574
-758553
376271
926384
-699936
-190519
-334737
-69160
-909245
-766392
-704180
851260
-54326
885267
23353
923191
493906
773537
965392
-844980
-917194
785739
649270
46116
413917
923881
940536
-418622
800568
-533234
1835
367142
-291787
-621895
293525
8278
187587
958788
939118
278342
-807604
-765062
129602
138070
-879796
-847046
61261
614111
926492
26652
769131
-990702
-187609
418401
55414
-773693
342281
-4051
-192314
142848
462716
809521
-490011
-829072
-812374
803515
179206
375213
762302
118324
-346446
954699
353262
783156
92769
473466
936111
-845971
87576
862602
180682
-143293
871901
993073
-724893
-72686
-780620
617389
923264
27066
-239763
385979
-163414
270227
556908
24212
73741
-263887
-600576
-163957
854437
52979
-209259
207699
-163865
883510
-318835
-227754
-962461
768742
-365152
218221
-374552
-493252
211294
-99444
434062
430675
-482056
357326
-542260
278181
-256695
294327
-451592
-699788
-681461
622149
36325
-282036
-541809
-109238
770943
248932
-901539
-392922
132442
-220374
379324
169981
-451633
-985829
-611798
173816
-479080
599496
-925629
954983
30170
-407684
312308
487911
870498
-944388
-217763
-581095
-644175
100777
-958946
392150
818741
-500755
-717088
589684
748178
-618627
-803239
-119381
160999
576086
-949401
709367
590258
-561198
-116818
-888823
-961703
-42446
-933841
68468
549871
378467
-443621
420369
434080
338616
839274
789905
-560608
880328
182055
-741867
-620427
464967
847817
-872250
846341
-955423
8370
7340
620664
58969
-283294
210921
497771
599889
322098
536069
-442557
388257
-395463
-892687
-233277
160916
527683
-799197
-500468
366956
990709
-61075
247284
172763
197058
626857
-362270
44874
754608
-515930
89452
-237023
491410
-289885
821947
-791884
921036
319718
808006
243133
-144213
-634552
-368611
460324
-527238
398113
-378761
-999556
598917
120772
367401
589625
-940304
-385315
-237613
256754
-758459
400117
-698373
996150
884188
391079
-240874
375598
-898807
-418927
583714
-977771
900791
391719
265362
-243423
757168
896751
-783099
-770070
294864
-161860
-769626
-106220
958912
597776
-516596
-981392
-787540
245791
275362
-545998
-354092
576990
-549849
-469905
-31932
209278
905694
69262
790351
489407
91491
691141
-118874
-643147
-552282
-361706
-746397
-335381
-131776
548468
502760
98599
-557753
461672
-303626
-74348
480280
-91165
-828557
-244358
362837
-182649
-667369
812988
347447
300699
22266
253141
-630039
-187384
-257453
461453
-496243
623674
818306
-48524
-738032
-928091
616095
130192
620377
118855
-771210
-937376
-419473
-74835
-11724
-939193
834000
159719
-183551
196836
977071
149080
9824
324518
-550221
-967911
-422342
-180259
-155294
320206
-718807
348463
-56120
-900502
-700062
205848
-828593
916034
-663960
791785
34889
-435169
854409
615416
489996
-157316
676223
323996
-997597
-507328
-479168
979475
641752
530656
303992
-908469
562746
881651
-88728
-592549
201857
192466
755914
-854264
291964
-944148
351585
463372
971886
687625
255156
6774
-747545
109565
-377810
742452
952250
-701587
66447
954653
-208915
587279
934128
-567163
117935
238119
-475632
-319320
119770
435641
88131
-678374
-371894
-155955
-532637
920071
-100103
818948
383442
-128217
506572
-361402
878558
759028
748164
-499253
501479
700413
-200840
-432075
655066
590246
-844796
589193
-976918
273139
-172688
-452549
953819
947083
983092
41950
-731292
-388802
885995
-263928
-468732
-214108
-444981
914711
657676
-938409
-446691
536233
820620
-698528
-963021
322098
-998115
-163860
890024
656951
-573615
-954773
246144
-550532
318366
-926544
-3081
272185
-979462
-19989
-685866
-710754
591210
-799871
25319
-877522
-13978
580338
-962812
-356303
641930
-409502
-820070
462549
-108029
-783090
-215353
-106144
53050
-325330
-449193
479436
-280102
796951
928904
-961736
870407
-74177
310449
890946
905835
624584
-819808
497044
824714
205511
619522
-189264
-214151
656711
454433
-572222
-752792
634364
890328
139179
851274
-325026
-966965
-95676
349645
-416158
-616241
-930458
-619207
-687337
-892194
-748800
238486
418256
-857855
144320
42839
-677663
-358637
-132448
527848
-739115
678288
-686304
917596
132721
-258525
-835197
-232915
-368198
303983
-381642
306777
337019
522682
-343579
920862
906442
-274037
-698346
-780896
-166230
-447145
457591
-747975
-304999
-398090
294864
17338
243274
-837584
-454814
504159
840705
-141117
421754
-26574
600358
586558
740511
-767841
-109459
-641132
538937
-772440
881551
-804643
-851579
787993
-78680
-549924
-992904
755091
2931
464687
-992885
697932
-933403
301979
-284730
309871
464396
260456
-185970
305100
-880662
-764216
-721475
719696
822342
-980965
951856
-287117
-622096
490793
-59557
-740545
686150
88865
-952553
-392530
538941
-945456
-637440
-458129
519231
-630325
-760197
585828
671655
-44927
-104301
136050
-784471
709729
-558850
-665133
945513
-280325
-945437
767855
-261289
-993581
-519262
116616
497212
421182
376072
183362
-489954
423519
790832
-951014
478063
-846609
-409142
-2706
-476933
-169339
-416878
-805279
785735
478821
330771
-998737
188550
771922
-663869
134063
-508404
-609305
-98083
230308
-602886
382656
-653076
894327
-196163
722996
77688
313883
146514
-131481
362869
-375423
21911
953728
621872
544978
-215612
-795007
739700
-429877
683815
70470
-428614
-127636
-157608
-92483
-993574
333988
298213
-91656
-435704
695327
-709001
-88780
589654
94836
-365785
-332658
-591281
780730
535862
771588
-594693
-442228
725315
-972822
-897250
-490297
-767828
842450
79826
915987
-87080
651213
-211649
755312
-441270
-205222
89300
856943
703122
653596
552270
994122
-435185
141923
88958
199031
809266
497677
-20239
345127
269264
385068
902900
-5421
412247
-994351
504283
644419
848099
-415892
560406
-238981
-764679
-651244
-483670
-205949
143535
605630
-349007
-153343
259226
-796738
-159222
824041
345186
929736
23072
154451
427412
-997168
-500423
-303324
387900
-597524
691256
-199854
-591874
195538
-555435
-743775
779647
-995030
17244
-985033
-646273
533574
-190982
497262
139204
460011
-656082
-601571
663274
184696
-777530
8460
114432
245542
-837090
-458157
248375
-337512
238520
-363725
64965
-70225
436422
473091
-874687
880987
729316
904960
885958
-253441
919927
-760316
-719867
-271055
736946
419337
-811044
-919137
817767
852230
265560
-959764
-139311
-620009
285779
23600
-78165
-465847
686088
-839645
170429
-248947
90130
-393150
-775857
215444
-512163
953460
120403
-626206
-299981
40330
-386522
-19848
769275
-649577
-600511
958231
-568713
-782745
810461
696847
-742508
-328850
-923162
543271
694750
-1327
-922576
380838
159028
247853
-868109
-750842
854704
-643966
464602
-657460
-690506
-414995
-283666
9513
625335
329813
989666
394610
680236
-610846
352840
-888477
-393590
163301
808371
-136098
834451
885209
-592827
529201
-116118
-515403
-89961
-957090
732451
41930
-707931
587154
397965
756672
929695
707459
-658324
-353972
-283028
967012
975841
-293363
361621
656077
95792
-285540
767601
702202
877761
575971
-433896
712212
461180
-26723
241412
-654938
457874
-848549
-612028
190325
193381
-319958
-222521
-408655
-563287
-292827
-701196
-221611
353202
15776
-254600
329042
722414
-892980
-14881
-181795
-178519
-247280
-479594
-300758
-671310
86510
-588547
789871
-940213
652866
-865068
517661
804317
-477095
-292014
-2303
202947
485465
589043
639660
-807363
887847
-581951
545839
-96377
163449
-125119
-373964
270470
860001
444241
-908049
-387280
964648
-208807
-58589
51158
202647
-268719
110945
-144488
-133786
-371394
-340171
389119
336592
657527
-407935
-177944
246569
-768276
14693
134416
-350227
-439468
-961962
813223
435413
-335926
83693
295414
-891686
175644
908134
-927039
966837
-150455
124119
169484
580826
-764936
-975005
-552961
-136330
-315175
836159
-799739
-657649
-571777
22318
588920
-340053
-962989
-276664
309721
-402457
-238626
122944
-967044
425448
-793364
328370
533763
382281
236503
606725
349118
-913952
-269156
-481399
666874
-34092
-456403
-886087
829578
228422
950073
-970161
570773
-621705
52157
159693
38243
89168
883030
-652036
686711
-355597
470908
719668
-930149
677544
48037
603614
59824
-715460
210338
-591058
-629412
941182
-72457
-962538
-92911
471140
-848624
-263333
-300438
-898552
-233494
-729666
-520257
818663
430028
517987
-92170
313057
865951
-405459
957461
336858
-685792
-972689
14402
362246
630925
-925774
646786
-158737
-516832
-982626
-217555
410711
-945164
689535
-118149
-793788
-573799
581413
-692339
192707
851748
-212596
11370
281775
-694610
919201
-405168
-828659
-486259
-447707
508199
-172050
-420396
-477400
-809805
-789471
-403173
836982
51792
79995
854356
834237
-509294
909192
523772
372557
-884596
949973
-46031
-576935
142680
-194284
210470
-845951
-912509
515861
-926750
-317676
687202
-413009
234617
195401
414942
814222
718001
605137
-975250
-685172
442118
76543
394823
296473
-89220
885529
205665
-565449
258086
321070
-615477
-787946
744135
527203
17771
-45395
681253
105263
-529534
754503
787587
-842333
-658506
22204
353069
756436
-163575
71069
361573
-138824
385898
-196309
937719
-219280
-899836
-151502
-333751
305830
283049
924335
-373101
667573
-863611
-628966
194776
154161
325639
-123972
-740577
796105
-369469
-952990
953773
-27974
69215
306841
-271538
905640
-622090
-909966
-233185
763808
-106274
-295466
-455472
-6110
553032
210778
-700281
-163919
135112
-73381
-496347
271502
297653
698429
-574338
-376708
-425543
-314914
-580603
204989
-267903
-626831
-822986
801312
680011
-94523
706952
-942079
-4488
-526233
821730
889238
178301
-633743
-116872
-268667
577035
182848
567414
-287853
-890534
-928934
983650
407119
769496
-590688
-969590
-656047
94398
-550192
548942
826496
-177023
725957
627807
-497012
-368567
334759
-439091
626945
808526
-617362
516183
-13173
-251104
-600690
718160
-674069
582158
285574
38079
691624
356641
21728
98743
126136
431040
129154
470089
-474562
578962
19031
-648067
-598061
-255013
979741
-95073
376420
314500
465837
3365
123026
848476
-480453
-890148
-402629
-81143
828013
-76697
-498985
113587
961382
-807362
-529773
-16891
291382
596364
-585851
-579465
66453
-60412
999498
-914517
291522
-598564
-169529
271263
306364
-793109
-414238
-227800
210256
708788
-379325
729804
818641
218047
-351340
646654
-858651
149676
-239759
-897269
342315
230468
85840
-366304
-173168
499990
54232
893286
-560423
53729
978769
731099
455166
-190760
2361
-238470
16131
588124
533730
-773613
296912
-845595
956191
115552
372453
-395149
-237794
513803
754527
522447
616534
96841
-247085
-297626
730538
579748
-797637
-215231
473033
-358059
838499
451802
-626960
293665
-738959
375402
-944806
277172
-36475
588925
503560
-739564
743331
459750
375989
115783
-935400
-861805
-370414
819128
660642
-753881
-84032
-586443
-51507
-353495
993305
150857
431275
466337
792798
269773
-81861
-834163
-436563
179180
541239
-381369
-543648
-495236
-792445
959912
-234800
950886
419661
-858811
66669
484262
-720616
696255
303389
940026
942375
-780643
-646417
-109132
-134138
-653113
-958276
-702864
813225
834523
566910
-268637
-999640
-869654
910544
541600
-251022
-633105
-953637
-43466
-673194
-188436
-92580
746468
-47247
974090
230730
232137
670344
-465881
172163
612719
-246524
525746
-496414
619339
872634
-454689
916476
685859
-620167
483385
-582779
-619806
613732
-672236
921794
-637290
-305340
968158
319244
21467
-220279
-773336
-232065
732475
-799247
998665
-35389
871098
-467216
-863226
483816
286260
662521
987402
-94401
535155
-467287
-177926
221013
-87454
-694541
638235
292740
919191
966000
214534
-718100
-339341
182691
601145
682126
962412
827809
-549939
694886
-971439
-551275
-340503
899660
-18490
-203728
383475
-732231
-541208
370877
173368
993947
903590
995443
214959
-183864
-699099
-146806
-891124
-779909
-180807
323410
-498008
479852
-493900
-896863
161978
-531488
930946
612039
-836602
959508
-939236
-177104
859167
42274
619168
242642
310044
-922040
-386482
-516588
-928094
-482892
-521146
286866
333244
-220245
-859941
442120
-153
-40747
-234471
501840
-560896
271630
604977
601083
