-612954
-598964
251600
170465
698742
-756651
-337144
-600249
548063
-744831
-21414
-257541
-925576
-379180
-1948
477492
889529
-23757
-839239
700349
848927
357625
-810170
691186
129317
582515
-83389
-644942
10581
333859
582520
397627
734895
-165880
-431908
433636
77469
230949
833388
-374468
486118
-188026
367992
560543
432795
-633957
38035
322323
342287
198796
22672
191213
-443580
212502
-117601
685738
-204983
799010
-959204
805599
132868
623316
203225
-132237
-542564
771318
-698602
534905
2266
-865214
-839563
-511616
-53239
528429
-951073
-620445
894473
86962
701879
236759
-714242
-275450
-572029
-157822
937053
310370
-472084
-267930
109380
-431288
-462332
-757753
-807972
740894
110010
-350536
512211
411409
-815631
-485523
546196
-655194
2861
-507044
873235
51788
-127489
767708
-861250
-425611
4466
-575492
298940
432437
266687
235993
-257193
794603
968063
852187
-636685
-494269
-905566
-444657
-753376
204445
204807
758836
-384146
389177
-726688
-837951
733983
276174
-344995
607218
-672038
527517
374925
-533288
-898094
-620610
-108779
400846
811828
-842093
-363162
-445365
952511
-395099
-593178
-684174
110632
-498743
-128831
357257
705702
-924024
116093
-678445
465153
389405
-516395
199136
-334421
138610
-193647
-6459
-333873
-818722
460253
-231967
-439331
-648526
-831121
-627503
-490618
-194282
-72868
-538108
410619
333955
-222281
-478749
835212
648888
878509
540913
724865
-5399
862469
190018
-615994
-653927
-610847
49585
484684
195507
-956875
-849189
376785
503379
-81156
937454
854853
87723
-690050
-635766
893442
237083
-173873
304061
-428963
603846
825313
-593752
252734
703821
947162
-22402
-301578
809630
-832385
82428
-844297
-443231
-867988
640388
752276
-824862
791199
129060
678517
-289958
66514
533370
797766
376465
897605
691208
-386453
-276269
-4732
184585
-672423
-179420
590833
580311
-475600
537995
-442091
222822
347625
-274475
-694750
503328
282294
-562738
143716
34569
-387599
-65086
-836371
-709083
644957
230143
824287
442722
-393392
721891
133929
220155
-554378
-870803
-595260
-226800
-50223
995574
-646490
474178
533568
-88580
-303000
-118807
636945
2250
-615480
-80762
439513
528237
953807
-948087
-536850
-882564
-657170
-891894
347579
-832883
550829
954188
889009
-315242
174343
-665369
-186045
579083
107831
763733
574656
461342
237910
108224
-627239
934910
989417
-990294
-62841
-626063
-71055
-623329
902174
-117248
-571416
-634677
188
-228585
-526570
-652233
-61467
-975742
-698046
-172458
-290983
476297
162173
522972
55379
-729996
286705
-369965
731346
-475386
738259
-895893
-540476
727675
-886187
396684
-898389
42758
773356
-996216
925511
-798061
-630892
-74302
-26645
-157462
273465
911889
-133204
575419
-260570
575814
51716
901603
98785
-892906
-828394
-614511
-262870
902953
-89896
-524612
-992940
369628
-796937
-879126
-233689
-695326
163633
-460334
-691541
89143
-258394
-322433
-985160
714962
520106
288305
626850
-613098
-136276
-633720
962716
915440
-732118
61501
-977466
-560511
446991
-240336
-657558
-642906
235053
-650498
726723
438116
-529624
-506966
742791
634009
32701
-948751
-276848
774308
-271183
-262008
489269
-751078
-973703
116119
-364176
-109979
482399
-401461
-194539
750282
660041
-172004
-810229
107031
587661
-467787
464125
-177287
-118284
190848
-739171
352093
683882
-996381
-13898
-283418
-945131
709254
-509111
-216314
-552755
980159
32609
-526458
96277
668434
363564
-421324
-733027
-830976
-671043
927014
-2980
-481272
34044
-415320
50942
-501831
407394
932658
689017
668223
284750
372899
671843
-729148
-910519
726712
980106
-419630
-489602
-572650
-439471
543008
-99107
656807
211441
-735544
-764518
478415
-566519
-435561
405428
430502
83168
-560528
-984818
-865891
-62359
422576
-933233
-373342
90799
351518
999557
-237358
622370
-910963
-510647
602475
-330592
-248
-970175
229938
-457240
-69282
-113256
754201
195175
122226
232615
628656
686666
-361957
59158
-230167
77515
74340
-96057
-984844
-503084
-29290
-358186
587716
-677773
-358629
-649643
944598
-269592
-160289
547072
399817
839464
576897
-370246
-617777
-492385
516499
-863576
702790
-361275
369040
331445
-674610
-992918
-609398
95224
84598
464943
999167
99754
961859
-30123
741568
549574
292105
-617062
899931
236702
113347
-260358
-216227
-486836
-420895
-639330
142919
-38672
-131715
-340583
97752
-428926
298142
-533209
902520
623532
-526127
-706878
-281244
558472
758065
-282078
-341775
719924
687799
-600208
269497
-20097
-217269
169428
-783395
896078
909070
378
-590759
-511825
361049
552160
449503
-770666
-788423
-452746
-199592
509719
14046
-297072
133251
487920
-3950
852007
46391
-245885
-430071
704616
-525962
-742272
-895593
743536
237631
-112861
-87036
454236
-216784
-177966
-545386
192458
310209
815664
-255382
-240289
-955003
-43805
306966
-154594
-534087
-678989
548334
599165
808931
-455616
451171
-144679
298500
-978900
-440063
772538
-721172
-335656
516074
516460
551484
-570963
-29304
-665301
251072
425310
527158
-438720
240973
-728225
320992
285971
227970
-372043
-868624
693884
-51032
679710
293048
-242101
-775906
-255781
613221
522594
-234681
-826843
295132
44148
-162498
-188795
-439393
-611015
240243
531303
-276316
-508686
-43388
-749159
52595
-802415
-477383
-626414
483556
750587
1543
614933
444470
950512
294642
-262482
-291589
518737
481737
-678369
41331
-752944
-505212
-663538
291204
332290
147668
851811
721275
-612089
383114
-555041
-120774
-660275
-304199
931821
-462689
218418
-694593
-979133
-30995
306950
635800
-586526
257462
-69558
150993
965873
-550821
-367271
-712497
490510
-120214
-217709
826973
-829011
-885419
-25360
-977200
835857
362552
405914
-719185
-758223
745640
-23383
-826402
-717049
-804966
-520995
-696182
164040
785956
939619
577515
43417
-129939
-271493
9289
319240
361237
296793
-190250
-758978
-920916
-363278
-587989
-806335
611362
-565188
-970479
-26087
840726
-689663
215691
586366
286954
389289
869317
481989
868294
-826865
-353972
654249
-887247
-776458
-302334
-17185
-47951
706955
-697945
-686715
3748
111805
-445693
82832
748527
-33681
276498
359889
401132
306019
-666198
241857
616357
549493
-171778
-96690
-61219
-302461
-614702
-192925
-129326
31326
-538676
-16572
254869
158990
966243
-793083
-134055
-731703
-479797
869693
380102
74511
-47476
128629
-959170
-770979
-511483
441962
535041
-177681
-316181
151397
-628188
512041
-945294
310593
-790421
-559995
-882332
80254
471332
-421008
-936319
-273800
737983
-970077
-66882
-396073
-701779
453322
-526381
678323
-472167
426144
-193048
-431337
655165
295469
-989376
190206
-882212
-305557
-658398
-510400
-793516
-603691
800194
-583936
-163685
917862
496318
-692353
-503146
559999
33848
-765164
589923
966967
-161236
888144
420288
312383
566467
948121
-261473
-626582
-483216
-606308
668887
-472592
583898
786675
221852
925501
-723726
428337
-678190
-923533
844401
158125
994330
340719
465773
-508816
-99283
-500380
-273979
-509360
-533414
564785
-621217
886875
-122832
945250
834996
615695
-681333
-648221
-990614
987555
-120812
593285
774230
-898960
518785
-949496
529377
840595
-873028
373778
-1280
-878699
-285504
-535507
-387514
615214
-35887
338507
-894147
430699
-96709
-515364
317574
780459
-570114
152569
396154
-251446
504348
405541
-263891
-616464
-1175
-489662
-515424
-482391
-439158
-986048
-641796
-312185
387730
356925
-190884
-897774
821418
421602
717440
-214469
-239891
823294
-783770
663400
-692070
533804
443859
-262184
-313628
-159987
486371
-809280
-754447
-777521
-425744
244378
-267182
58833
761988
293661
72785
-879808
981476
-539485
477118
-209408
-437258
298535
-787806
-719819
-915934
-27697
-896526
-699704
-364297
-588596
834100
-920439
149221
-479528
-80426
-364409
-288808
165128
-141929
285449
-590495
590890
-655719
-828508
-115450
417067
-708315
-133975
877583
768803
656618
-559676
67338
868812
-279495
151404
-158886
-176020
451700
476817
235385
285800
556379
-615395
806272
-524048
20197
-482536
641081
878269
802913
-949415
469158
-852806
-777922
-646293
564261
-486237
219733
441843
-717434
-123650
882167
349904
-254839
-397328
-498693
586276
426652
953007
63092
-337963
238807
-380530
46642
45078
95423
-933161
562542
-263497
945108
365455
-212911
414265
512649
9168
767973
76910
522931
-12295
-481247
805497
864056
-599081
155401
-390784
3592
656708
-804508
-569756
609715
258584
92281
-151479
878055
-861078
893600
-26522
-794238
456141
709982
-849131
-178404
-502929
565134
-665755
506239
333106
411156
29170
-679189
929909
-165333
-815134
-669172
990068
-205917
334420
646775
-10425
764665
256490
-751841
-143055
-894989
-873786
-4132
998611
99692
201630
454752
-190326
352499
-723653
306745
-82367
-389407
-187016
-749261
-978252
842154
-428450
951657
-323180
-243584
-717515
-333113
550499
616905
-686338
-459926
381570
570152
-211767
-761486
675163
-85553
234382
673774
-985861
-563988
128525
-176187
788511
404873
-869442
-293856
-984535
-56458
-43117
-962787
-214305
528433
988871
462516
-715151
-728644
-870598
835348
888262
-556935
-624579
269831
-986783
163655
508345
688381
-921899
-257273
362154
-907760
178739
-509322
-83946
-32750
895551
46612
673394
911016
990155
-369723
948230
-224150
-841291
937101
-761635
-556442
-791544
-632232
-721094
-903283
-189167
-345672
366548
-175949
817983
-125107
-487569
896085
617620
874585
988325
-203641
-634738
-95621
763610
-739187
950991
437003
-828171
941146
-932720
-879942
-283005
-774011
-942841
-44640
-330452
-734384
323129
-51545
-637666
-866038
602783
728883
-41987
420766
-396225
470444
316850
-778605
345028
305175
17754
710291
-790447
-218637
971104
-839456
-781634
-857067
-898311
-714354
-737008
-181315
-488364
-679849
774046
181185
-414232
97174
-870361
-51898
231136
732423
-323016
-810851
153188
280760
659593
-529962
502155
4621
775214
-480091
-285088
984767
301273
-313984
-854689
519640
-171051
-753000
805287
91941
65686
-683078
412093
-160269
498108
997861
936906
627747
-54038
168041
360170
622947
357191
-486642
-96294
16784
-16604
-594139
-978596
-241391
-74230
-263683
-256624
-772957
422333
-111313
746683
-748719
135688
551969
343223
-798627
868892
-244685
41105
366999
-246825
-21990
-5254
699138
-853949
-645085
322084
503242
-131727
-774210
-479975
851670
-368349
-458570
-389721
557422
277747
353655
784465
-299921
-757658
531148
-48639
378030
83116
-705416
579404
-47992
49899
-379491
-680993
803075
598519
313754
502212
744570
668670
-175704
247812
-463057
50086
767838
-611388
681738
-690733
-1109
239159
587014
-647454
23623
-712907
-405111
-445229
238455
972919
637888
533039
552323
-410105
-417062
-827169
-91097
-613988
771351
-777344
888224
515920
891326
-287480
-236268
-571732
762606
-468431
-183119
444343
-159164
815773
-316498
-572150
-831682
707126
-285056
-236793
-738104
953399
-263874
899784
486438
-711551
-510321
-930625
-538719
398582
-544613
-767369
621238
-656389
748551
512564
56131
-487717
940832
-181263
43852
-242288
-736920
884688
-426516
-53417
-687462
-258197
-346292
27482
505011
-84395
-19119
-758863
-184612
-532682
-470413
305067
-463306
-9132
-296351
-7918
223499
-675114
335693
-27950
837451
-608176
484333
778282
210562
-471816
-464006
473643
-587128
109479
-579775
-274589
851283
73933
752893
356294
989538
-266227
597431
-195074
201092
-872983
-890007
737786
117885
-186358
-270132
-658616
138529
-934440
313434
-24021
-542615
-202233
-245739
667947
325951
290256
141590
738824
-600266
561815
-535766
-748983
-364252
-782873
607311
-374714
-49100
204742
430212
-848008
331760
540206
889779
-550355
-646152
-380354
-208971
492377
-314793
-895537
-531644
142592
-97770
222618
-189461
-771819
-487127
952129
967005
-87392
513944
-568761
163626
-850309
-351634
-229063
-225022
599266
975679
-794810
751259
307438
745396
641038
757084
-900757
-739317
-451887
591621
-54110
-347424
-940023
-911518
554806
282595
-100978
782987
795469
-148849
749992
-291923
-634905
-818770
871703
-485213
-170404
-357361
289765
-571138
-381682
494955
-819880
925757
240351
821158
682840
339595
-918159
-769048
-68785
27732
-116471
-8807
116215
-561666
-726213
-984763
-778679
-930744
-133612
971314
-222667
231483
-847457
-350964
746270
-17861
291676
36035
411002
909994
-469011
591123
835750
771341
412281
518590
110935
494122
749542
-957851
-478146
-366930
33342
638069
71405
307130
653306
292727
376387
-480306
264040
-846280
751178
416584
-197244
497448
-601277
-905569
-466518
809725
-995575
64472
400847
840175
-164188
-186873
358764
946747
-692751
108306
988897
-170897
741377
22239
-532828
-187218
-670632
-879522
-894491
705756
-359828
369549
859476
-608650
-213868
-337768
888798
184855
-243336
-577721
-5420
-238911
486752
-604574
-398736
-677437
208554
960029
-730691
515803
68335
-741795
-655094
-190288
280444
-187921
622494
609813
-67443
728003
315568
572730
97552
175044
964080
883685
837277
852878
68540
-406060
-724843
-936881
355030
761909
-541455
956295
-915529
667099
916323
-646220
182902
-15342
-388014
527809
794370
892430
-660113
416864
502243
272445
144867
-182189
-154825
-757582
992855
-190745
-873897
830131
-337868
194643
-575929
-62711
257762
779101
-300803
716307
735395
-216331
383406
651718
137450
-433692
-363624
749436
-905883
-569255
641866
-565996
847610
144108
706450
-7524
961919
-448376
234895
954774
360879
360998
784904
-976990
-444360
-791025
-39700
813402
988076
659498
529709
723471
-556834
-86885
375189
580616
479423
-988436
330052
573540
-557690
-28083
-992456
-710081
-883976
713994
282395
-922057
-734382
-482710
-967284
626497
878288
817621
649508
-566073
-973405
-390192
-752671
-985329
-730695
777038
738142
-287528
-309848
113331
-706912
-830425
124895
623140
743116
567205
-404944
750660
857125
-288919
464654
139519
-210975
730272
656810
-178259
356769
535097
-360638
6277
969025
-334043
616085
-783647
-319372
885391
993392
-581230
-402138
-316456
532101
-109050
-146880
-343004
-485910
-403765
-775800
109146
-653106
-918676
820228
811549
220844
-390748
541821
-122347
430994
-101411
-587250
-929645
904867
-618226
-263688
520951
-401872
416941
406342
-408480
835711
-995797
275064
367812
-104846
-871817
-975193
409245
-275582
-750992
-481610
71313
-669668
-661382
-117138
551177
-52130
-575318
-571170
-621137
323272
-158420
-550781
228138
223355
185531
-250911
821483
-397528
-844570
-586998
-561817
-840367
688067
805995
54788
816250
830802
-535968
-459332
-920191
-17577
611982
-589858
321042
-505156
961320
-731089
-80474
-609851
-352225
-757202
231729
96995
470936
-544916
-717475
-779976
-723434
-115002
-624546
-310431
323181
-464912
-622365
129175
589877
-806115
-40023
-946091
-265446
39786
36332
-653464
449929
-642627
-158620
411248
-373715
760907
801397
274061
-996296
33126
-628945
474641
488210
-346419
694665
764777
538579
-929881
-545655
-138240
-394793
-168019
990935
-804917
25867
-49089
-751007
760421
990698
285325
-893043
440626
642699
-51663
-148127
-731016
-290756
-346731
543046
-287051
686396
914102
-812411
174605
-432318
882254
-60618
-893739
952373
393728
-31979
-442420
-774292
-41044
-247336
251576
909867
1657
11997
900564
-713018
118954
341190
929682
-932709
-806938
-801335
-223465
-153668
741712
489485
-467273
655813
677074
707332
-776505
559327
-353287
-670244
511700
-959560
297778
-930721
-733851
-743267
-178056
517725
-833400
823601
-470279
-932836
-889418
648676
408354
-959737
715967
601417
-761071
-507498
-552252
980642
981987
-19525
636454
659061
-312193
859950
218387
334520
-810294
-269913
374961
487484
-200633
641111
744218
621311
158836
910818
444912
688558
977983
555494
337233
386336
595758
53200
-12248
834688
545703
435501
815330
527690
-584025
451783
186750
103782
311733
-594863
-561698
501439
135224
813263
-11078
934592
454374
-266861
555903
-386791
-356043
814
-698234
-378061
-443692
638999
-991725
-847935
-307801
-3972
986754
-762099
-568472
802083
765591
-152497
253866
-47659
951285
-434401
357478
-610413
-932963
-507298
-797151
55959
-572706
657223
789099
983197
-729568
-566944
-15990
-427802
54995
540318
-788803
63271
692384
-96604
-940702
679138
141298
-509173
481221
-93111
338330
-264913
859230
289615
300686
216708
679202
367723
709410
882052
-576319
-863297
539275
-787220
-880100
809707
-354164
103910
-618095
700832
-355773
-406898
-235897
-663390
496499
-176599
-984253
-362204
314229
496969
544685
-347442
-767945
403914
942174
532741
-379379
621376
-99537
-669969
503428
324145
-533265
42703
536925
-413365
-147590
-817239
690546
234315
883594
-665228
827418
-352303
-328617
323916
471099
-312869
961712
-214673
-815901
506396
437885
-583846
-89691
380059
948895
530931
1434
-150643
860963
-495138
-826498
-672302
547565
710427
-85666
-600026
893189
-395121
634289
776783
-60349
461706
-575521
611035
-214379
895578
-701835
-252668
-319096
-517736
-746272
-881211
-101581
164038
498849
-152687
-305031
-499717
696671
-444069
5145
870173
-116370
-447291
580600
797964
-47316
473789
-597158
-413028
250571
342494
-951322
675051
-46472
-165700
570629
251694
581633
-748467
733958
835361
-629678
-367623
-602
869172
479690
694367
-630546
176361
-749702
374599
46533
133928
927309
-372867
-68109
-120008
-899079
334734
466965
351493
-322773
515643
26544
630756
-650057
-402828
-117551
931576
-151295
-383593
766937
219028
248784
-233665
88199
-271526
-539298
457653
904835
-288999
-167748
-48632
844929
-240440
578501
-223180
639553
679423
-888446
106517
30915
-211219
-377840
-942542
-580463
-27897
-345369
301986
-96321
503336
918393
-329385
-277637
167177
436951
810563
895651
897653
268215
800486
-391347
-899533
-248147
-546418
-139973
-669646
230403
-500420
-990224
341957
606097
40692
-869263
-771744
98151
-449726
200360
752782
852261
-895961
256118
770653
-225346
978482
-62170
-788395
789044
-166520
-890743
57259
-366035
-282089
157726
385819
171493
-982247
716173
-598105
-482667
725950
743852
-876571
-233359
874590
-648314
864792
-575136
552047
617574
-722876
656086
-126309
-952223
-569260
-147828
-14393
-357655
-358785
819088
-248397
698474
-546947
469514
-143800
838872
-358993
-126047
555045
42903
391286
280994
-213245
514716
-952365
-338655
866403
912428
86209
418449
530001
363334
74535
-596309
411112
505275
255864
-603281
-852380
897079
-784194
-100777
595553
-331141
-631263
-548248
-492269
9744
325706
-937225
-947353
-283008
343770
-160598
-768292
391405
500747
-901890
303832
-413044
516560
-166167
950290
-408906
237524
361402
-903631
-506613
758121
-756011
-609534
973928
143212
986020
-357213
511950
-562228
150518
-478307
763478
213294
-425660
-519530
-442937
413743
-287822
948468
-85511
-189711
252300
501446
-673151
-913868
451736
-82056
323656
-186863
14313
817044
-428742
258303
-792490
-454814
-598485
-806471
187973
913465
-368699
-661509
-564842
-605221
551785
9499
-124751
-891153
-576759
587428
-942686
337731
-602283
309615
-160824
-275434
395747
-709089
642510
-280597
104049
-343177
-463554
675308
915126
-256043
-779507
-683359
-62514
408466
-769895
568788
746957
-334736
963567
298741
674763
-161184
407589
-901996
-573756
464904
435735
-176039
-225482
-725089
548527
-829736
-434177
191037
-110333
669873
847860
426114
345180
762986
-829930
565673
-920374
107557
-25861
-690268
-323656
-278905
-25004
-360089
-980164
-350241
478728
427425
-252237
904972
-107672
-816502
-271068
666846
-541590
-722541
837111
24233
468496
-273223
-305894
316356
-847109
-960715
79342
-677039
604958
158969
430518
-420904
468701
-893138
300192
-556303
-253227
320029
93456
-774499
-252547
841220
-869528
639782
-975283
-140596
306628
-516873
136863
143738
507361
-394641
870516
-798534
921715
-976594
-759249
1056
-653632
845710
-839976
776887
-575194
628726
883749
724999
-927577
-369478
45027
165880
-143977
792480
7099
-13504
432262
31817
845900
-261111
514944
-17237
882628
22305
588122
753143
223771
509837
776550
464523
-489107
-877083
310232
-329082
899805
735039
-700356
783553
460037
-627933
-585925
-494937
537947
270099
-702457
-454954
-743406
729805
576863
-897506
-531306
91807
85257
-648679
-885889
-326621
-895536
337882
-816784
881015
-197596
-305891
-996068
-887364
365027
903737
847675
664671
687290
307712
-963262
-898635
812775
574686
371464
-889682
-880269
628058
840124
696595
730552
-691183
-211599
-184191
-339861
-97488
489188
-235396
-759607
672404
-354382
42798
-633487
-350449
155434
731541
-446713
3109
396212
-759423
-689180
432950
-658058
-876406
7635
713406
-766087
127367
341464
-925964
-176039
72016
-617147
612362
887825
42993
-485127
377013
807597
-244733
49417
-546785
798065
415930
102766
-46501
147470
656054
956608
-456319
896631
-732573
976632
-761427
-608978
-15733
951980
-375065
-888367
293443
-301029
-64405
-634541
81824
-452043
-746717
-875184
62831
630297
932414
818098
-320287
-614372
616163
-904357
488395
-430339
243113
144449
-473732
786795
41080
-206305
763426
279653
184717
-252308
231632
809652
-140674
-474925
-491378
794922
-109466
590447
-657122
143818
715264
405710
-225885
647677
223808
453828
-966695
-160030
549471
521701
409632
-207416
-333851
935900
-420622
707229
-270405
-657196
-13119
914313
90497
-781487
723965
949824
-256411
-767413
744745
634124
823035
-912377
-222058
538298
493333
552057
185975
-282860
5885
219281
557111
-444645
-259019
-33258
347940
407130
-97358
927319
114359
632237
-729878
-898760
546550
360619
-680247
270514
310442
63343
503102
55187
-302533
326136
142810
475409
-135567
-363857
27465
-949592
353284
-966650
269689
-89606
-411294
-989330
877137
936646
417801
-220222
863964
-467841
-587985
-865914
-366601
958565
494705
-46847
229079
-194853
-983504
-267820
860334
-286037
-941685
3144
-810629
-77251
639288
216837
-26843
-7429
250187
-757154
902966
838893
-746484
780102
775539
671317
-440120
639503
-796525
-28105
773589
-163125
-69540
268293
790028
-840461
-926560
806524
-108281
933775
-479514
-49965
-63082
-290142
872785
-423795
926695
-154059
568777
176882
88787
471742
15775
342303
251843
-208687
13619
811723
-569185
217095
-216382
-795596
-946031
714078
472698
843998
873618
546138
650522
-234663
479912
-828992
715372
-583170
-119134
588156
-6964
-192439
-565903
-438188
984444
522884
-966446
218
-134813
285397
791532
878807
97120
-777653
95901
880738
-573249
149871
594816
899449
-6132
468433
445587
-355611
-766231
-74501
-184602
949142
342330
696264
537298
-664635
-496176
971395
-102822
-511733
494279
-69268
488486
-640535
-783871
280017
-761729
313249
502365
334173
193987
929116
-515956
-211198
828565
477913
-742765
274151
-877698
-508996
-800350
-62300
-559855
541980
-366037
977443
877345
137788
948838
-225477
626056
443116
705255
114542
802582
921385
-605442
-959148
234633
896923
375026
-571381
826039
859071
217422
654604
336983
474657
-71246
459285
965661
128405
-603016
-594194
-329616
30947
-616751
-452271
-831265
-667913
322252
794791
775203
27507
-90668
577784
-51109
303891
618637
-816476
200814
-6337
-387857
26853
-147267
829566
-318544
-810285
304222
610211
649000
269883
-261385
-954017
675690
408999
76931
-941062
956729
245666
-608975
278980
40457
-833772
-693514
949790
744012
255378
253681
362649
438902
-545505
-643689
-948955
481348
209044
880611
-837196
398760
184832
773016
47759
-545285
-488370
93743
-869596
920630
-829327
-810658
877358
416340
-419632
156338
-543203
-253404
462825
-593413
-509392
-281798
660269
853257
-842896
-885237
-790432
-791851
596112
418612
-911241
758917
-182628
273592
531932
865131
728307
-956439
-41127
858712
964192
129547
-951946
841550
-454113
-371578
-2113
2684
375019
-539289
409272
865628
178914
69540
718885
336018
184303
928453
544167
-219585
347065
632927
-460669
-835564
-93482
-928737
-970433
-365175
-885175
-11559
-506464
-920984
-882013
-458410
920566
-336125
170013
-81547
666560
-454968
379164
75831
-589340
-441923
-854630
-870456
894096
329674
-942003
438262
-889911
405062
71188
-350579
569499
977707
-279316
599067
-387468
-164491
-412493
106069
-85475
-294505
647660
-164909
369370
-182327
753544
35929
362705
132708
-888240
773365
690786
-742870
902910
584881
586805
960907
23142
696894
365969
-905670
-653685
-64532
-927963
66999
-465466
-315430
902508
122041
790640
-182967
827536
438299
652124
196906
-744029
405668
-767165
618677
-461625
-655405
392042
-770840
-398274
294951
814041
-811470
255858
-162817
885425
-378174
-68486
-768261
557294
3551
298739
-908173
688122
201247
213869
478761
-981721
41405
-82940
670404
-761690
173031
76072
-528855
-208292
614447
-184259
-816251
843608
417467
478701
657649
605997
-265442
-505169
491422
356385
426345
723162
-86322
-570104
21900
5506
-881982
-776854
-780626
596779
-758574
260779
-486162
911830
499090
686870
-12099
970236
-521422
-397652
-214024
-337672
-554045
-796558
-858971
-896397
809440
-124413
-401565
300861
-768029
-975220
24023
145650
-545323
-954077
-848844
-427305
-730931
-629470
-830526
-489504
631310
-316687
-577675
130399
-629817
410227
100635
-151239
-987425
886611
511090
-541469
-909948
652119
-437865
899493
-472295
160570
200354
-240323
185351
-775624
905328
640028
-729701
-943517
-787278
-460631
-572986
-617804
49865
-941677
65510
472191
188723
435693
-117583
-710643
-715547
-105007
-824032
795543
353524
-733979
447662
915659
-834487
975368
76229
365867
-264956
-738421
590243
-359628
901607
860543
-303145
-885671
-600089
123869
-503474
449776
182193
562036
-78034
-629084
-2272
804384
-339726
282182
-300624
-163758
77725
-947101
102263
-474614
968558
267777
-499247
44786
-366357
235798
306365
-776114
876170
207972
-915572
-426975
322301
-515661
696894
818827
934115
-120913
380862
-143920
250003
-621411
-339537
910277
660771
359840
-253481
-261505
412739
848782
263881
381297
116558
764635
-573918
750202
432
732448
974088
-123399
-59581
-941485
449626
-737281
-457146
146520
-918454
-523031
-974394
462408
333050
275610
840997
993514
185887
501768
353353
932406
-759737
-233909
781187
504145
-852613
-102255
268779
-426530
-352054
-730790
-694083
-377966
145812
246337
-319451
-404562
509057
223404
741958
590603
700373
767565
53010
33423
43175
-105993
26936
-770939
-604225
-619712
-838534
-363961
146380
942654
-859817
293767
-159601
408963
867238
488345
678174
-826845
-889622
-176015
419493
-209072
419423
-71451
-985669
161381
-480848
714705
-71054
572162
-251873
972121
-533831
775063
-798819
-138055
-844649
-637352
497984
301731
-694699
638167
-404502
145700
47130
-537265
-365955
-274697
-364109
-255576
549289
-944617
535352
-31288
-16068
549684
-869908
503084
264389
59038
75246
-987485
31159
541416
787579
232340
-596640
942930
594989
901344
244661
900290
539511
840159
45990
-413359
-697106
680035
311944
-61215
-575541
-138767
-5832
959812
829945
978101
509495
960038
481184
-226117
19076
-443570
-213601
-949766
-902155
-426022
282575
-498794
-483092
-122437
-597451
761569
-222147
942061
601728
823843
-471298
904622
503878
840646
-156593
928337
-298122
837576
888148
-468177
815676
397643
-508140
296860
-828474
510936
853290
-42075
561171
951136
531904
-156255
-547659
-951189
721308
-145109
810381
-500840
-203048
412108
-676997
325654
316730
826881
166299
-839863
755218
868178
997713
643365
-600000
813388
41008
-108139
110247
212534
-597204
-36463
-829541
963967
-85328
702363
-192288
367013
751175
-470980
-778097
561555
28180
18855
-26337
351184
-655492
-709608
178064
510808
-549470
-66719
378986
-551758
-423354
778987
-738370
617655
-329153
371878
-169812
73644
-664586
648
37611
250087
-296989
845324
-382901
-545815
-625657
-160997
-984261
402523
857859
-10598
-246293
-797633
279795
931771
713175
730325
-134948
92161
-821433
441699
-128853
-559803
59354
541995
812075
889542
-384361
-852512
-109810
653251
397575
593201
498574
-985326
-952615
872917
-146322
-936875
275440
-288464
52528
-970854
-86097
-667678
960918
-372922
-937353
-174030
719239
-758786
-732332
-409614
-318589
327022
-867620
-506514
216564
-251981
-359025
-893246
-598730
-961451
699955
899844
-946776
747341
772760
-93098
810466
48199
618438
-137006
77346
-467659
195316
38263
159419
257964
864233
-121343
499179
-868099
469043
-819410
458924
601423
-325924
-324512
-650558
315051
-217758
-249288
353601
-517803
-349444
406825
-770463
-576685
-686273
-959997
471515
932166
-97003
-451140
-535494
-901687
587123
623925
356278
451356
-497419
-144544
583257
971624
36046
42180
573047
710122
717669
922490
25173
-500090
-326798
-621227
-17893
323758
785599
211645
747074
-900674
251648
218588
-968509
-845356
767448
-504003
-747042
354571
-880079
609236
-194073
-377498
-535309
-610816
-405874
500738
431365
-832827
210860
149033
-910337
-763968
648943
-237135
-385194
-368950
-913377
-599595
842695
833697
-500269
94343
52284
-468778
248988
-180268
27219
501946
-825697
147140
111181
-19769
769643
575873
369415
-636231
76610
-199221
-469057
-712531
949812
-379394
-476498
598755
383472
138308
-770195
470095
538714
-927501
303791
-961556
166843
-643925
-430334
-584170
175808
596885
917776
350112
-255975
28957
-669658
-486332
-395170
699757
-122562
681441
-499464
408381
968910
-549653
-971014
-507588
-950898
412458
630721
-721093
-117447
169434
-648593
-813656
207878
518250
-457581
777544
934080
718228
374429
851856
68339
-881546
-119187
398682
-367877
485643
98438
509561
167083
598975
-82059
135993
-950678
-53072
628405
-901576
-640615
259126
-622669
241939
-571441
-271261
428283
636437
-753012
970702
413981
-818933
688930
-211590
-967077
-242732
-93135
-86264
-844051
538988
-600622
254388
48548
566461
-146638
966489
-297546
-97316
-86584
-669142
1109
272802
589984
378441
-485260
-981457
-892821
943023
654981
-645833
913725
68961
-464765
602654
857372
-431842
-640078
-235764
481895
-484128
-696777
881273
770261
351771
447734
-376377
318260
-849813
526308
-768325
-518954
-472584
504478
-928970
905858
-980783
-910427
-986964
962241
744554
-632796
875966
-186485
-97560
478619
-329114
470599
838542
435123
-47507
-645586
738346
-166234
-875326
90117
-718501
-251702
-591624
-568313
-725395
-359948
-87267
-197978
-855471
-16237
-292121
-836253
73336
-279084
-874013
-182110
88120
-998048
631405
990561
480572
-697710
461159
319114
737414
-586349
673528
475759
247417
798203
-434125
528917
-453499
-25748
960604
-178894
614304
-126663
623129
758834
857100
-668992
922581
-69564
51924
-951432
748326
-859956
-949479
379730
-869396
531093
682021
591763
-149793
419434
-994586
-476265
-104807
252832
-678062
461069
-218251
-131561
-564680
-257648
689546
-950376
615690
312674
808458
472789
643683
731039
-596775
-304394
779607
-848450
-164349
830128
531281
-33745
361221
213302
-441982
-788573
-367264
-436567
-264837
527930
816266
57101
-11002
-401986
925540
424319
340367
615086
473944
-43944
-72240
282402
-571156
-428558
13440
-167930
267049
-206954
-16379
-897301
-376826
-485099
68955
984395
728204
626974
-804178
-639060
-809594
-69015
888870
-993329
988086
-122132
-395314
913626
-697814
945053
528712
776131
-98892
-543529
58532
329953
27914
-928029
-837978
-705038
-134983
145643
-602339
488192
660545
466617
472586
388749
93590
668408
749689
283996
-400607
638558
290668
-412521
-483575
895355
-498896
-181388
840407
-970184
-405258
-258485
-513713
653274
-928533
514201
725245
-766510
809163
-409738
379134
-793176
-921547
39679
673441
551040
-571573
-232969
219448
-821885
-948973
818841
816673
341696
-593681
-666902
237050
-92576
151710
77456
-62760
746453
818971
423528
399726
890439
-62271
124971
-876072
-253108
715234
503063
-46284
793688
-457259
-372843
344728
-28832
394188
-435825
149283
445216
-616984
-34044
-213089
-210665
299054
-976040
696760
-549236
101416
-366000
-802783
-79613
-942472
596943
-189174
-4743
-278086
-65245
742149
-562852
-562183
-304135
-769165
-19442
323023
575563
951727
-282789
-860262
101010
-837574
-477246
-933035
-50663
312090
366020
-26703
8849
816785
-925287
642850
-985999
-4899
700378
610945
805927
-304365
-667142
-259319
-562217
-229993
178499
133649
842
-840943
-543329
-423595
-889217
173882
-283857
211793
336309
238897
278759
-714355
-449014
-355222
258943
559836
-538437
333656
202686
-524436
-671243
-96937
-913492
-865317
598699
-580633
-124635
-963519
189374
-946137
170130
-809784
-787079
626802
-233378
-676296
-199316
482765
535498
-863008
-278338
-185744
-577363
272649
459034
681580
-167516
920598
15236
-964831
-603839
343993
-61767
-517330
478677
-463069
-97962
-645958
-426587
-908588
-592094
743544
-718371
-379173
370345
48251
-55468
-828971
-468985
-519971
-691979
252678
294285
-269342
-474674
-246681
-587762
357811
-326084
427474
392980
70078
-228533
-668787
552748
-749856
-131855
-545214
-395813
441559
-453801
12093
185102
-172172
632920
-444553
876079
-422548
-273524
-592906
57481
34497
659772
-648235
765156
-814902
105084
-822607
542909
779000
604868
-64112
-150923
-623665
267102
-598175
-373521
-864753
-143388
230666
576806
402811
-757241
-238093
-769362
875680
317355
-893284
-546869
-956169
-486189
510612
78329
-826417
862377
-156516
-641319
-32539
20878
901590
-253540
-374255
-162522
595538
2080
-895421
997364
628560
-760174
-146025
-140774
816633
-743215
101986
-421460
-512576
-22335
895895
-405859
430796
939727
107952
-58592
18055
281535
-196215
861540
640217
771246
-117583
541806
-482294
508162
-620716
-886756
-489758
-516136
-889393
-861198
-276309
-35417
-1971
-459677
221369
-899986
118863
708793
77679
14758
-697067
-491525
-45516
410886
449884
972540
-307579
-746332
834079
-667363
-975087
-283505
874444
-457381
-775343
-746273
-344137
-265100
-262409
-233529
-126298
461282
731054
871732
-998396
-47578
971746
120467
-338786
49425
-864776
-35852
557901
89709
-624967
7784
62248
67454
261452
-103674
400092
286366
612821
274535
828985
837479
528262
-515152
-427622
-734148
251319
446081
727134
-17628
317812
728738
934795
289558
-150795
-403991
-661017
-15570
560157
896885
-925861
935191
-95332
136387
2644
-833880
-967287
-597265
452486
645535
677270
281471
483013
205532
766319
-944609
471384
17638
501472
198518
-999990
-180716
-72744
934805
-891159
776461
-469187
-552175
-239109
-909030
-655291
-164970
-973840
249378
971418
28805
415499
-995870
431541
-132015
649665
108811
-850544
132678
-685658
915775
188069
785727
-66587
-310460
-15756
-66577
508824
911500
-131772
617666
687961
399042
-934509
-551149
490012
-589800
283882
516173
659579
255299
-455023
75078
259429
976519
943063
-90906
85329
-907482
-958229
399672
-991707
229840
185398
-58293
919381
-830359
875130
428204
-918860
-256642
45870
769101
-857601
111361
-782048
632412
521562
501834
148584
181140
-242868
693562
-743782
-983439
670081
-800720
-74344
-244591
-708201
-32573
-844920
-699907
-802733
340479
241800
-883353
510120
116929
544852
591261
860288
-409279
360361
-997314
702083
578313
635099
223644
80147
-216318
-595216
837279
-522756
-338998
853841
-852676
-139717
-220504
-97266
152082
746924
57815
452175
944191
-601707
-306026
-939163
908414
810904
605689
499674
671191
-803590
-139966
673878
898493
-561653
308976
122136
518494
-907342
526921
355773
-430098
-812078
209614
-282773
48205
989110
619961
-799713
736034
-322224
652462
680224
76069
-653564
741062
-15518
-842660
346751
-515845
828531
543161
344190
502409
441654
782538
-188616
-436210
301032
-95957
-909290
-343196
473946
-721367
866419
-808827
326839
855528
811134
527126
591561
-511090
179587
271785
564979
526024
12846
-450539
683364
-640403
33617
511895
902758
-622193
14303
344412
-839656
825688
908202
461376
-270270
998913
-881820
-796324
-722455
984599
-605151
604384
840127
-794017
131510
431688
-305107
-688904
-296528
-740128
837121
716319
-190667
520484
-924085
842951
32378
978674
-779243
-953319
323085
-618898
872369
231287
842478
-397901
230200
960659
-194225
507745
945257
200625
112129
785384
406608
-756362
217071
-898500
-445265
920544
-638627
-608145
636863
170707
912340
712778
13657
-55283
691452
234415
-8601
14537
615517
-136233
-754177
457995
465867
476023
418653
-728358
-16232
363910
472267
-904103
149293
-121126
-660465
-633637
-19625
-105729
-713093
341749
286127
923770
-487545
198466
636548
526113
-856817
327999
-239473
134582
-657465
-623957
998350
-411641
834038
464216
-935619
252691
735858
48150
-383400
208125
144047
765893
-913002
483583
-867744
67374
-622146
-580837
-590877
663981
-657067
-78422
-137553
979481
-552310
5630
307479
208217
-859789
650014
584261
-861440
-761627
418299
602777
-697245
-329011
338634
350905
287589
-453242
-505048
53481
-366243
978536
185738
701132
-643611
604901
-889746
-979630
947834
31832
-117183
927315
479523
888448
234793
-312260
-971342
-115193
-728000
-832781
123180
690299
769996
425935
-638713
108630
-223160
648877
655389
271792
-297642
-710855
250328
888096
990278
606718
492997
-899468
627088
440831
132365
-490095
368145
-388113
-601648
-397062
299627
-572990
487745
571628
-405770
-389075
261927
-635774
-963140
623214
472856
-186299
272091
128244
-914507
974449
417390
335821
862544
407668
-57462
355541
508200
-430374
-203629
-359436
79531
-835485
252452
477883
-232546
-447921
904894
-744801
-876294
-500877
-133876
385633
-136650
-97015
8847
-663795
716686
-719063
464450
802179
-744614
-118160
138000
-882070
-710492
-919463
473471
797708
-349837
-730159
-561728
729695
-565643
690724
207577
201811
-757198
112470
457011
-633491
611594
-676866
752142
-525057
226120
-239011
-188851
-57195
41926
-724401
-255016
297313
157439
882984
415243
446948
963522
-111287
244655
-386315
158555
682928
-656621
592913
373652
550956
-205276
616455
-336574
-748266
982964
-724981
-425131
735105
-250037
800989
-503906
561112
-256206
538020
836711
488778
-164668
-5850
371762
-749425
-558903
335283
139288
685753
948968
-702157
368681
-707654
890756
-257668
843303
-314521
-641214
-493272
-62786
-658251
-218253
512083
-923146
531710
313071
-427052
92822
-943135
-889032
-70467
545643
-53699
923683
-82595
196876
-635220
-747313
-663836
-949467
-798345
-365993
419214
-505999
-475237
-838455
-662697
210243
-479668
-155969
-852544
-137919
625779
659540
-61064
157489
-27389
511884
-749689
29476
622853
179844
-424881
-430846
103527
492524
766030
468308
745211
-897806
518841
946866
-263798
-61945
-559133
260965
99600
-221829
-528792
619932
622202
-381335
-517987
247981
-721796
420949
-594530
250815
-67167
-344219
-719710
-444314
835625
-144591
124840
-60849
-652068
-109130
-592541
-906857
-6936
926300
-959991
729266
-135646
-519124
-9769
963955
259047
461440
583887
-118751
-919896
-934100
-870771
-641692
486850
-465301
609124
-580317
190481
889414
-24631
26105
-255177
-899792
965257
92756
-8921
-627284
185899
984143
-700985
225908
713409
163370
706785
-296360
127325
-34169
-834921
-288788
847080
-754817
-222888
976310
-396509
-736039
-488991
-787386
-316355
701490
-897972
659014
-272405
-153148
759223
-307148
939608
-249699
65568
125507
-265556
364584
-648585
-552148
-472047
-941801
151492
655279
24031
316571
-633510
-128890
561755
143603
-152580
-834754
407565
358429
-622139
-908791
59919
-520111
750224
787514
326741
509446
-519634
266349
-740253
545934
-608144
-5809
-89482
-256729
442043
438472
-198529
-406465
93750
825502
910107
460240
-303388
471861
-396157
544032
637108
-988593
-97540
-985032
-897384
962380
-505143
852840
749894
821599
362286
-769741
87948
622033
776194
479804
-383777
-313289
-776926
-941734
-874818
24546
-348198
218933
-149953
-438091
-320827
546659
-966231
283016
90690
670878
294423
993151
685846
397040
955531
-819298
249880
705424
-997699
-387835
935684
90249
-765803
711877
-429948
-149579
-601412
-206873
-91312
-476229
817674
560490
742705
-332280
-877602
-578123
-785621
-843832
704894
305070
827046
-684
298221
512891
-603644
253751
693594
646236
-40825
695896
-741600
-105142
-213856
-507402
-393265
356197
343020
5324
-850676
-748293
529096
966998
812198
271800
-365282
934596
693678
-150902
-909236
398571
-845833
917810
-602113
452389
430701
-205757
-293861
124295
-559521
665315
-179810
-301120
-439828
606334
191478
166908
-37469
-465502
-827769
111856
-213795
701327
78854
-401598
-26873
713572
-467002
-333196
-437331
-376238
-934626
-283163
-458428
-536739
-830775
972273
257505
-124635
96567
697984
-459321
916757
-603137
100852
523091
588342
-732241
-514379
-877161
-560010
597478
-90955
-858683
-323669
507447
114444
-610098
-959555
781249
-47428
-335793
846623
669410
205779
-690117
838635
178051
567389
-286000
-725382
265372
254680
-808625
662235
-644469
714466
250577
-376709
-799913
373416
63282
797565
-717539
204599
-526105
789908
-680957
-136202
830353
-899709
816370
-505440
946915
485780
700339
-743202
324415
-121610
824187
-961586
153009
89558
293095
344384
-248207
648626
58849
-997631
-728084
258937
375786
335199
56501
658247
-460203
530397
448155
-141159
-605806
278508
-40867
-789436
773069
-93953
696344
473407
162845
20758
-648203
-12969
59173
504806
-923411
-647733
-150811
-171618
-999107
908039
-169248
-727190
166975
-793462
608009
-776524
864785
-852194
753873
312940
6647
-851934
-408552
965780
-641369
-635484
-128173
-945026
837924
-965329
75733
-810280
21703
-865095
694527
98292
-512827
-456284
926674
-511934
-548245
-242574
-239124
618731
-36036
-631116
842207
-171251
-483309
596080
-858312
523338
744146
-266863
489118
-897224
97653
-639056
-842249
-64423
-604385
233484
125297
417318
368390
-180176
-484390
855563
363541
-557717
-656372
815296
199709
104505
434026
-836327
473390
276233
-7578
990081
-127688
134110
513418
-383543
867248
2536
-280766
-35100
363480
-123014
900478
759096
-889530
25774
176414
478860
845599
692024
334422
209139
-865693
678051
24434
334017
-217445
-541540
497690
-744055
734693
-509888
-753975
-392996
624223
759444
223462
491470
-238021
942697
-543630
-874541
-180318
-643153
884556
-69848
382622
60969
-590988
228220
-247007
743435
-562641
-112699
421485
461794
-778683
-795960
920254
719008
-540015
654947
-790881
-293989
-738050
833342
-534546
485412
324812
227434
428109
781182
352893
-752210
-861972
237448
177943
520650
-701583
586956
-251130
51410
330390
186229
938712
-248125
-351977
-839971
-44085
-431724
879037
415901
-776778
-911844
-878088
-514827
921499
-412634
970586
246310
814801
398694
27492
167693
646485
165521
-594859
-175572
-313829
-296441
-588617
435041
754969
741773
-378730
693681
-506353
269293
853710
449563
837570
732746
-134536
-939209
820903
-12624
-454035
742402
574743
-483450
-11288
389544
915244
-983797
-442763
561728
181725
-37622
-613845
867896
665937
-202461
302936
420906
-460688
924207
114586
32960
193500
-31705
-517478
31069
-298959
347987
91861
-478056
-664637
637826
-735654
910107
-845625
253058
299650
-930382
269262
856887
631347
-549014
-180735
-982498
-681119
-514799
-184959
621818
906108
354354
546025
20694
-612687
-260476
988990
-130164
770594
-309969
-782178
-137546
211976
-446814
-499721
476322
-536708
-345345
-270621
762942
-275726
998641
619828
-644379
-550373
-560907
-626877
-231491
-75706
188165
-609674
-169598
-457481
936351
851097
-70168
-324125
840086
799668
-553532
-469883
-982510
308922
742093
-429324
809202
218414
33968
-536143
947793
-203090
188131
946434
-583262
543753
-603939
-144169
916877
164570
780126
105041
554896
-389472
647561
491247
-538376
-422608
-832878
-698290
-622941
-386410
-168173
-605450
922513
-426080
-34774
731715
792334
999195
-804429
740127
-203895
383703
686561
212843
-72544
-917379
-931326
-155668
247191
848800
949374
-197913
-540673
596934
-706666
-79048
-825675
-539544
222662
-448615
74047
-945511
-54065
-3440
-371591
911162
-271726
-579258
910356
-76154
-839131
-293540
-692451
847430
919304
235005
930051
987978
-920663
177242
836777
-971290
979329
-703896
625644
-727337
217056
799970
-266880
-560282
-648646
807167
-505793
297289
-196274
122616
208450
532001
543359
118806
-544153
704228
825267
-236604
551657
744570
998402
481708
732547
-922262
-341051
569324
-893552
-361722
865428
732093
-89059
82483
532062
644061
522202
883416
451228
-983592
180705
-745047
139024
-610845
786955
-317617
507961
-757199
-613390
333227
6198
938268
77797
4599
419975
-189657
82338
-921077
-620334
188787
-282798
-754907
-79121
628143
327577
-547059
272204
-150222
-663644
-276569
-133813
517062
-21615
-994789
906218
-234660
-312406
414179
8141
74205
-252594
-985662
12472
825203
18938
-567554
-364455
-898725
-488630
15212
290062
228573
260306
-789059
-143284
-412117
-336118
-871081
437662
239
-147649
-696152
-482700
830737
-690941
-576482
-403924
-3346
837697
604217
-929142
-414898
618556
83331
-589696
-362507
515778
45850
-261232
-972852
-938939
-971170
255721
321367
-760229
-887564
909251
-96347
-758645
346912
903893
93707
650760
-578808
-75557
959820
-155289
520519
-43526
-317593
124736
27332
267509
-256709
-889338
677813
380784
626441
-276337
-880448
653589
-215276
-851617
-90691
-893909
-611846
21745
-984659
291808
263101
362254
195700
-643192
13014
616893
281251
-27167
-538397
-198230
929308
144010
926506
-43360
-588481
-330203
67303
-910668
-949420
-306257
-187005
-829867
-652669
597720
-681484
256640
703811
-293329
-721615
719153
998479
541486
81406
194179
898294
-905581
-188928
179545
67253
272675
981315
-3440
-583315
907821
953200
-171795
-422383
20502
-82463
-371802
714245
730532
-201669
-938425
328251
116848
318216
32062
823519
596601
-248786
821998
138087
832621
16177
36380
927040
827249
-784075
-5707
99924
-802761
990853
516610
-894941
944053
-655186
-317323
-35445
262351
310875
-321200
-7118
-890795
-259624
-678867
226054
-941409
353195
49572
655192
-895591
-128430
-206721
937030
887747
829660
864070
714995
-954416
-141638
-185081
-757176
-150785
-668472
-652116
-206733
-323658
30561
757823
938693
-658565
-563378
-68425
-549359
176998
252709
676695
235590
-394096
-273734
-109219
-289687
597836
684061
-352657
485583
513720
-488588
200577
559304
369774
-984505
802128
-781012
-652976
-849989
12256
23366
180572
-229922
-37941
522008
206701
893635
972649
-616302
146344
649344
619288
752248
-624390
-489931
-537439
973446
-805871
109904
459029
707849
621316
-340395
267153
-8911
-324899
69280
210078
22125
219292
-777666
-954509
-600136
-7588
7551
921873
-800887
-98815
894521
-417189
-952471
543864
-797901
799777
919475
-287831
-737663
892920
-93701
372241
351949
-385853
-6443
-988446
881301
984647
-313345
-49419
194724
708781
-830128
417058
754273
-430263
-590530
-238177
-508391
-391417
663009
-613870
191395
710538
929995
393495
510314
849469
-894337
772652
742389
11962
144893
94337
626110
-861551
105891
507411
-876905
792547
-542009
317820
501328
-372136
-265122
255600
197601
144348
-982577
689211
752932
680432
-924660
-55673
390969
-994665
-662179
-98717
854804
-556515
-326065
597193
455448
818829
-308471
81557
957278
797421
-411033
-919627
589967
46959
398193
91294
674823
-866930
-653106
-127576
277419
-635683
-438366
30351
-955252
-363025
974679
435718
-357690
-687500
-662999
-502886
-244015
10937
-905694
-788567
-170235
-214165
292990
-212957
-416744
881958
-132584
-826778
-71084
-734391
264517
-396261
-601321
611411
476163
676099
975729
-962204
-293550
-979523
-325229
-318871
456195
317082
-6371
793197
814196
749615
-195866
908502
961048
633899
-305663
254038
-579059
277593
135995
288357
450816
-935089
553966
-284668
-331350
952646
-673257
-855188
628745
-697529
-817391
-664805
-677052
-142619
16324
779144
-825538
-990048
572341
988658
759567
-623526
897160
720615
-989628
-408504
-25348
-568686
869089
-889353
719672
319904
-824442
273637
-964764
-155792
226283
-638021
-10979
-144972
-335549
171630
190223
-12600
-970989
-793454
-233457
-796527
-783501
-661116
-807869
976067
-284642
-910710
696681
-274269
-319214
-328668
157045
-450125
-218021
-123284
869779
-42462
-849647
905016
801747
376637
-733006
-209233
-768336
-68554
962398
421887
918846
991409
628433
-314611
-805118
844932
24273
-612987
820998
739632
-523697
517679
-534638
157089
-810990
622408
706964
-29010
-500876
576743
928528
-350523
481758
730274
-973887
748753
-478959
-742223
-319802
-516561
679664
-400956
-525152
308097
284433
-330270
153029
-691294
56743
-25973
-951663
533046
-508295
-486300
-309865
-319285
-863892
-602902
651706
-364768
973841
580233
284709
455599
310507
310823
204351
831549
568600
884549
-685013
248264
-516408
-210165
-443639
768026
459565
709390
-923268
-483692
-316584
-874930
-950647
175121
-361230
-260512
855837
-225122
136587
507542
410111
110428
87775
-305181
-433974
-601719
-994359
770377
-770170
574242
654926
-455183
-177495
-861482
334653
378866
906545
-205782
88256
983277
310526
771672
-891654
359879
-53208
-252883
-900633
-197372
521996
235954
-689830
-67894
-653619
397945
626926
-87593
796227
632567
-317216
-973944
206809
-662291
-429127
-970686
-523772
905527
408180
-617228
-300256
-503564
-633952
-989731
-731893
-525605
370149
214900
221513
469516
-982472
-256492
-294531
-672302
675615
51851
725644
302540
964259
521870
-64893
-352958
547926
-858085
-15248
-881201
-828771
460980
-975675
579410
843753
-275930
-924155
-790199
-265661
-656047
-315804
-895513
558853
905709
574004
576382
-350783
-720528
904081
-675169
331324
629724
627371
295582
151593
-437523
942624
-300481
-295607
-72624
-181681
-124378
-611644
-157355
-544969
-767892
566715
-469123
-558091
-698946
-125170
126106
-594458
-566318
31815
979546
-989936
681033
-740983
914145
-994137
590341
543868
633235
-114077
-304539
-804288
-171454
394981
-99895
755923
-786701
775728
-855722
55944
-769242
-623614
-377341
-238365
-181704
-76286
636466
944403
329256
-929852
-23783
308801
-919788
-342751
567819
994357
-336887
158160
538224
-703652
-955918
-766315
-507940
-127371
628666
392166
-371449
841965
167893
-227170
-102091
398652
149217
520569
-839713
967513
-555718
796753
911915
773538
866902
-111868
82338
947114
545382
-349843
941470
-791505
808317
479694
-495157
852399
713379
-3096
-274972
342044
-610930
353579
184009
556964
-873591
-918082
-44385
275626
602487
115903
243138
-953232
-87344
155053
820307
-220443
-956815
-97355
-273329
588568
552802
-331860
797063
361118
-852166
-698094
213517
861214
298810
938545
203258
687880
292124
-612734
244844
418533
-530815
-799542
-305842
-928329
316362
937297
-881560
-770982
92350
938747
8575
135536
-158608
735246
-275897
-605807
-596614
-478834
755312
-448779
-176928
-31172
-587566
-878119
-92627
615693
809762
-800503
-997042
54605
618030
-527856
255064
-687812
-456185
-428574
-750515
-337744
-199556
341836
-398997
809019
-522629
442395
544265
201475
836588
947652
722641
591900
-501127
-454288
-439272
-88693
-332406
468101
-473001
-522645
667599
-470042
531961
285629
2102
-212975
597817
545918
358451
847303
-791827
-841106
189139
-190823
967914
666510
-748429
512179
-132016
-911841
459830
-409375
680059
958703
136337
-759214
-129990
803931
708888
397010
-718714
376486
926969
813248
-337886
-70929
-399728
-740069
-525012
958723
-892766
-316838
-882383
296373
492339
-914470
-37118
743911
597709
830867
832070
57539
-578508
512128
16242
557829
752915
886253
361760
461803
283262
643047
-161712
210231
456294
500403
-860699
-943435
760335
-385710
-984712
867569
297453
-867095
163941
-210209
-781564
-873177
-466299
816145
957691
-634229
-126316
-620818
877900
889927
937012
630814
776180
298772
92616
59441
-58182
930905
-730328
-601889
431308
-591027
-545323
191642
23264
-530035
59210
-679284
-397129
-776849
110507
-178693
-650026
644209
-362548
-692335
-990020
511137
-313152
887880
401063
-376141
518693
177242
922632
-388691
-763317
-135551
-457786
-493645
262561
973522
-84671
717239
165164
938593
-812796
-775626
-740692
-209925
-552475
369816
611382
-202500
14025
-751167
105165
24005
759970
792013
-88116
161033
-584128
-569423
-661725
-661497
41887
-425042
202953
584102
81314
-534486
557624
996643
-817248
-277213
935236
-630044
-52839
-805457
160032
394686
564360
-228587
-807815
-421616
20247
297351
602390
-219783
89363
-485727
941250
505236
-55149
-720476
843740
986738
-145517
46692
570839
935797
512207
128462
932440
694960
851250
867675
-935085
-201590
-937782
224948
-806904
626579
996362
-614718
-795038
16608
682633
807352
796826
-228004
-678375
738075
-722769
266476
-982401
-879030
253214
-127918
167663
-175948
-192121
-320131
952515
-259681
-625172
803764
-392007
-560256
-397826
-329788
664692
-204730
-703210
661053
180553
-498247
-322339
-136815
-690895
-525514
635181
-369269
-787439
912413
897207
-769840
-966618
150420
102243
201046
974473
910123
880915
926988
-349559
-744257
730752
258435
-304512
-667075
928648
-639821
128196
-774562
-978768
-691252
-272809
-301106
171934
36297
173381
-192886
667028
385942
-280473
564235
616103
-247091
-285346
-281654
953956
-310873
-371532
834870
-383885
278910
-909387
-653134
-462656
-213899
-320209
-534008
146281
807988
-308570
167514
-883264
418621
866408
288670
-545082
39788
-904216
-878055
-574270
-184689
686180
-958168
568221
-599166
-239821
522176
89962
388648
357046
706077
-332443
447659
-947058
204902
-766240
-267266
670894
380041
-459278
-637677
-452446
-342542
780945
-586038
946128
-764138
453751
-958089
-642192
879482
-142778
-956013
921315
-574557
-555179
-318507
947619
534784
-929860
304664
240860
-262303
-247677
293803
942600
-13917
-973464
613493
-633877
-432742
975817
-86322
224716
756761
327640
170844
992624
-218609
212756
-649569
-339128
-930023
-605581
-417814
-504579
-160759
263679
-556961
-625976
333820
747703
614884
-928484
-499975
-91314
-985885
486108
-64777
627609
852232
502481
603425
-234091
-272803
360186
-906451
898042
352810
-125060
110797
703242
535813
180775
-902340
-882002
676196
-63099
381678
-880766
310925
-284503
866938
-74191
-212986
-633037
834496
-198870
853072
-230282
-571262
705303
-727801
-967837
-528789
-603
392350
-435239
-102562
-254841
439701
-991765
-551599
-24486
189010
-453939
93512
-134795
482963
-524810
-15560
-206112
190687
-148623
719697
977702
218341
554193
-221169
71412
-676089
207570
-223286
-403889
239734
247926
595508
-367917
812687
-507054
377243
252388
-498818
825644
-772099
690192
-628295
321414
-444603
854668
796604
539837
-351445
-12709
-608786
-631748
-35008
609555
922445
743824
-319033
-753645
-48606
457682
-157533
-808873
-294393
-562025
-176789
-481706
-69078
-799546
770683
432104
-973902
998585
122295
-602197
319998
677693
-747529
116602
217530
-98974
-896107
608745
269278
68885
218300
191723
-187291
899267
438079
764103
356948
-719455
955231
-937445
-281480
-221559
-419151
649442
-21104
-648468
81546
4995
-649884
-796159
402798
670115
881534
655269
-213283
99063
-443705
-109390
-292193
825574
959496
926107
17296
-227796
825374
-544626
-463694
182321
-264080
-508463
244876
454441
269979
825726
103883
-751126
-822743
-814572
253869
-472626
-610731
-343333
-802512
-729198
-688064
-15794
369866
-131768
874816
-922327
-306195
834311
-996220
711101
-393485
829154
-833525
142822
11474
-97605
634359
-743650
-643164
-95663
-917925
460719
153212
-740668
646147
-592919
-213293
-964584
63748
-15804
-693781
375685
968402
