-521175
522284
-650957
638848
-935851
284915
-343014
767522
-460391
196113
-375782
-99057
614252
-259258
284110
914928
-667933
442925
184579
850308
220035
379946
-140215
-697996
832807
-706941
-669665
279701
638670
994057
-638681
-882506
516341
-289637
756343
580490
995278
-586672
348012
-465114
609442
972231
435829
223693
-287027
-280061
138621
45040
-837136
-676800
-104653
382900
703147
755132
684904
535954
-951809
-984761
-184346
686861
-990705
176974
804355
525637
887337
560697
106126
882614
974026
-545862
-582500
583467
-573632
853330
-192840
139341
-426731
945782
-815620
-263866
-731019
79728
-880967
972129
-165140
803937
508082
-116949
819177
-676264
-430089
828472
500710
-625734
354108
388046
934963
-539766
270660
908989
-85628
688161
492455
340741
541490
-700385
-519919
-885241
-754604
-335538
-149107
-485622
744190
-30074
-513494
-420951
-226137
994589
462101
-406961
-681676
-967989
-578489
819034
-593723
775620
207080
-658760
-764147
-522261
-749772
150226
-834101
742684
-509034
707390
-957702
-28952
822150
-712305
635511
-326958
-197926
379700
642969
288580
958750
-583168
283169
420850
9872
601493
452862
431383
420527
859140
207003
-372394
-799621
442856
105345
-549392
-406918
271245
-806709
84049
-21365
-764410
-944904
-199216
-476714
690607
473827
325360
70307
116796
-386060
29057
533629
897109
-550094
-456500
498602
902769
974884
-80872
761908
181886
546734
962288
-375259
-347921
-587105
217824
923324
-393813
-698128
-98041
-158223
-643031
702743
365064
-952425
176570
-309577
117883
-706634
304363
-853061
826995
201471
-403154
-629506
-299928
-500386
-654623
619201
-738478
527263
165934
-776191
-847996
818013
-363295
369829
741337
242892
671701
-356704
-915331
-971331
-653961
449733
-923755
522609
-859845
194128
815975
444519
341068
642969
-354010
937914
-986537
346063
-562472
-641160
-34737
-300950
886104
-868804
-77140
-961892
949210
559565
407937
690547
-197543
79638
-666158
-112874
108307
-320119
-663141
184553
-797510
-522985
-621319
-981535
921534
719749
661434
-432477
657663
674897
913586
-904810
-966263
-121151
-205759
919842
10046
717101
957951
-40744
276665
365887
-350198
-920879
-554476
-16355
-33752
553832
663527
303108
-261616
866018
780123
117066
884483
701657
-163186
545916
-730821
-505523
220813
-817235
-410333
254551
61615
383908
174393
-928340
101008
132343
30916
-622327
-501770
680719
-543205
-56246
-335637
423044
-502414
-672110
-273849
235971
-806093
-493727
-646964
-921610
-792071
189851
624306
-522891
684328
-154881
-340125
-726006
-900330
721490
657903
274064
793150
-241089
-593594
-175934
136585
-95364
-495216
593380
848391
169148
16423
-654024
497038
742575
581947
690946
-751152
934984
769336
-543223
124834
393642
-66113
-190839
-761239
593763
83156
-661568
315253
-258942
612496
108403
499970
-981098
932469
-363446
-76461
-562748
-770066
-228071
606401
246358
117906
103438
-11068
-300147
-205616
237780
-365164
-436280
694558
759670
957363
-371555
-431169
-803877
-777793
651987
-465444
537460
-606955
-852948
-354137
893015
-834046
-421669
-470431
89493
15584
-240497
861423
-378016
-994140
-20671
725423
-5207
679182
-480194
-767428
-685982
83527
927130
-926312
40889
-444425
-357481
237013
-222218
-705494
771569
-684758
-312449
918621
-38895
-419434
-915425
539437
110135
174069
-444980
869639
35491
177004
875499
-985180
-97574
-129709
694002
422233
102864
-991980
-494241
29994
-918292
546648
585569
-275772
-216339
-636649
18734
-444771
-321407
706286
-526150
639699
-713149
-441574
179135
396987
732495
734155
266625
-232014
-88842
142124
-217194
813585
-987585
-523192
235817
115279
-515172
741576
-854727
-433463
288224
730842
290765
-928116
-905807
-690502
-372886
-227214
-984217
100965
-587515
-697365
659391
591620
699622
391885
325775
-33753
-840130
-763067
-891629
-57323
-949483
-879214
419485
286334
236066
904314
27909
381339
-529150
-683868
112181
761615
-611983
206374
-928887
15131
979161
-913103
-883905
-608354
-610468
775486
983267
-910846
167371
309041
55402
327242
545975
163773
-730082
596492
284560
689404
-117174
-479374
593717
910736
901966
-935433
-773132
14147
826182
-385115
-779480
897296
630016
-800319
984193
746112
-408673
-626275
521598
-425407
-537120
-311031
883635
518283
-983790
429609
-317944
-713871
26101
966617
975534
908927
-512758
569250
819662
-610793
633817
-953470
403355
459999
-338585
623876
357295
-708569
823557
341488
-962458
-585116
715213
559141
-10522
-821907
-751891
-126887
696376
-735680
-697278
-621568
-449550
328823
-654952
-474017
237750
-167710
-904767
57412
221498
729051
103942
-375148
189049
765358
-751273
-453656
-943212
-927716
887832
-905669
-512831
603044
653472
476647
781138
901582
-650241
477514
-834099
-347518
855946
-283648
981305
-799007
242335
219055
33284
337568
-723533
-745218
66618
380410
-120366
-744333
145767
128362
-197989
202556
200647
-310158
296887
687816
-707114
-49641
164463
-925977
-148060
514222
551537
17842
-833296
407483
734194
-851991
608476
-23472
367064
-358241
-685904
643532
-103459
380715
23941
776176
636382
-830292
-95462
-561608
372264
-894815
128235
-330850
793001
421121
619509
-42537
495145
-528551
-528315
46681
489291
-361611
-545837
223484
-213602
-937361
-799988
-846538
-295601
-485891
796994
600941
894824
-179065
377117
531205
-9357
-718345
969598
-637094
-613160
97832
32056
-820160
-481047
-348435
137304
-985903
123014
608989
60779
-387696
-752622
514943
835789
33777
577582
-964199
187239
-718019
-450090
-15767
882922
-555266
805168
260038
975939
-204190
541693
945537
158716
928534
43369
-809228
-891627
562323
-157663
245677
576420
965351
-145334
-362801
-422345
102045
-847859
-586556
-864179
729724
-550755
323060
-988296
-844
-692707
894627
443891
-887540
154665
419829
-91730
-303642
365366
-933014
-375109
-591265
-742241
-266736
971058
100096
978942
547477
65447
-166392
-815324
643103
935654
-663183
-943454
-928526
-933459
-494208
394535
-921754
504949
701828
972873
-51161
814288
127538
-631332
-277442
823896
734035
-210455
-551214
-857231
47304
182051
-886174
-852600
160993
661304
212848
994602
845980
-144050
930255
-817203
-87503
-998271
-750662
418290
396264
-672415
-76761
98091
-699542
872078
-87621
427996
-759254
634938
251891
974781
-575518
700678
-882450
471787
-117271
-768624
619187
-956278
892681
-167966
-961677
738660
687985
968579
921458
-399518
970308
-829204
-981229
366572
-501619
-57989
-535337
-201161
-185911
377042
-773166
54835
11979
478726
29616
436462
179403
147166
-91752
-937868
378543
-472566
-894146
271223
359469
-855822
9883
47454
-887243
-68660
647936
-916936
102136
666708
449637
600518
-391281
914300
-600644
422808
291341
-373810
-522357
-696680
-895085
507259
739783
284319
-345575
-351970
346451
-967032
175465
452306
304192
-465066
596485
-685925
582388
709242
245415
230324
792306
-652449
-102968
241943
948069
505751
156242
-652576
-71441
-552417
-26385
406202
-249096
78531
-86539
-509314
-637150
567886
138716
709302
600855
-685819
161607
-94954
-150885
-241909
219121
-568498
-532668
-535464
661827
-740362
-187912
-441141
501581
-239843
-935391
-342177
107582
-6832
105406
-918804
-600630
856310
159728
312831
-653004
522578
-119284
485712
231879
-518429
799893
-606514
386618
-350992
151578
-394262
80511
618910
70275
-257663
878549
882364
301196
380130
-357480
365806
-962047
750102
-641026
143359
831299
-241656
-331
-8974
-928826
346666
-486397
-48109
-167622
745483
433462
-367729
-861032
-179921
281279
290546
425818
-638211
-90544
-503907
104126
-211995
-621544
-594678
-831865
20977
771129
-793912
-228922
-869898
349448
-397624
-111554
-650883
593403
-40379
695783
-892994
911512
-471840
852489
344974
160431
991458
-834947
-558291
282004
590871
-196501
-808540
-913036
907626
-20535
-534579
-687053
147601
486398
-915924
353689
-742525
-785822
-296863
-140148
102625
52254
-546745
-937755
-251964
-439739
973758
276197
-587251
318731
-563372
-595793
483784
-121663
686211
74655
681837
877671
161619
589462
-142864
627041
902410
-995264
113438
986486
358426
370914
-799337
-938438
-769234
303289
113816
-315979
365534
861853
244282
339291
138050
657031
-341978
574678
-938762
-858195
-546985
747449
216461
-865149
625120
-621920
724313
-517745
-994880
626722
-513008
118558
613208
845418
-510529
813871
906981
-279763
117159
20797
404258
-517307
-117350
-351461
821985
-979301
-694430
-519994
595378
-633192
-378189
-951608
-885743
838272
-816756
739377
-783649
907558
-778368
-778529
534280
-291376
340030
147487
-445958
829501
-38642
-538978
-450262
-921483
481819
953997
-438790
-635532
-397464
-616806
-614832
-91893
-136800
980546
274915
485012
-971062
389173
323284
-787818
128549
539636
-880261
350182
761108
654019
-941195
101137
-198494
-387153
-69362
762864
73870
480377
841381
-444311
434373
-597410
-79842
-963092
-214215
305326
-54985
648985
285872
-780070
133997
314810
609103
-542720
526993
-262348
996917
646733
-912167
758024
300752
-853361
-140840
-897743
-240513
789799
865122
833357
270175
706502
-610955
-295452
-890908
309203
-258544
-105123
-385471
686472
-456138
900401
906403
677859
215211
515506
-864861
-257797
-746843
-867945
-611064
-659009
890079
689688
-512369
-250761
791946
247118
-460962
657067
80474
809213
363569
469519
-486239
472661
-221278
255218
-632463
393251
-58311
-88600
293651
-151909
-410741
-491138
-636404
-275602
251066
-383246
-143546
640002
-42254
-253467
329690
445377
495772
121635
-307506
-965190
-221298
772969
844024
-857730
242488
-642216
614931
-978791
613002
982469
414461
-445310
-106131
-291888
402782
483128
216974
766379
-792474
-531961
-616867
63980
-891959
340880
810513
437731
-213743
306285
-440634
478752
341095
338068
251720
185118
480338
-505792
542903
95269
-484582
155904
77737
929879
710595
971607
-362009
113377
454734
854965
-120245
662260
-676996
262889
-273760
-568955
-396232
-463248
868777
390026
843038
-571858
-131223
184132
766210
-879504
-630750
246548
-385296
912153
-658184
130123
68057
419554
60001
-221349
391160
697993
892028
-154106
552957
-228217
-491847
875962
-965328
234393
-692993
-361559
771146
-824217
-971534
614183
-396075
-102757
-201685
-629865
17740
167566
616684
632445
79718
958500
-237433
-852225
378054
822569
-73574
-230786
520561
-181546
615108
73518
590237
-876739
-50521
624910
357654
256486
-736650
128800
432270
-708184
-257017
-963805
189060
541298
-593670
-793201
-291137
-976987
839244
788582
981514
-398190
936357
359568
-575621
-137217
-871219
944940
681237
743890
18457
271474
867151
967936
-103617
224805
224422
159734
-646396
-343309
451551
96588
-307113
-359390
-362115
99217
-152591
346749
122231
-313347
135331
103745
288463
71688
-536687
712842
934471
-407906
657782
615708
-664016
-323762
-112819
-796866
-355826
783565
427940
868597
-56701
781545
-474712
-605151
-121868
218175
35459
516017
-682608
882869
-137234
439624
-430479
998097
-456632
857985
69784
6681
570827
4255
598776
228608
-380038
934760
904847
507144
-862106
-450980
290709
565834
-582383
-765993
347378
-57095
-371143
-774491
-838921
664316
741527
-521528
547185
-395707
918096
-883295
-397610
-538537
974690
672174
468145
545517
-323571
66921
-225876
296391
1681
-321030
-196465
139575
227991
-905757
-294591
645608
-671749
-947213
-411487
-42892
-721704
-250407
-378576
-980177
228065
-831391
-375884
146160
-714686
226506
607624
-739996
-101320
75769
805521
575110
-857311
-420355
-128499
144370
258615
675036
-716055
-513394
769280
-10645
-867786
-902469
42142
-279273
54640
320439
470321
676064
340262
-301615
844673
964379
844545
-870013
190885
452168
-610008
-910435
-472064
-804488
664676
-329374
-224843
-463824
814997
-966228
-788789
-901058
-479621
980492
88297
-347407
-921978
-869562
373321
132662
450877
-156359
-191274
-208861
542026
-346601
-244482
386571
-216614
946404
-161261
173378
-964031
366675
368891
700645
-962699
-855952
-763180
852298
-822180
-551968
951241
-301801
-571477
39537
350793
-493454
169976
-275886
639209
-379148
567755
-552066
411992
109781
101333
-832490
-503649
884720
-886086
335090
58098
-850117
-298235
-573011
850528
-260934
-428963
-912652
-408636
-251142
-464620
-457396
447058
-36096
582142
-202150
470451
-247883
521964
109659
372970
89719
557593
-215038
-800501
-341074
-47528
-304150
-456355
66386
-969060
601744
216270
-267295
-971268
66797
471772
-400231
154146
-936864
348627
689527
-394259
-204316
-346570
-812118
593535
-876120
-60000
115499
233539
-687031
-794783
-208868
97932
-595284
450058
-949597
100567
993704
116790
131507
595448
-666941
864213
624180
399857
335985
-776051
-445997
399121
572577
-756471
-995138
-631739
-103041
-807255
961797
20840
132745
77295
-745621
445715
282513
45511
-456354
687229
-504431
-405950
-212204
-510727
710841
919304
-915280
-956100
783517
708901
443758
119501
932851
997761
-481378
505427
-758711
-476516
873689
138249
-283770
835485
-840912
848975
-87220
-586532
294689
-804708
458980
838336
882522
954549
-567615
-329683
-556178
-856775
-410379
-471458
-812875
-626863
-762557
630884
492639
-829707
628644
-988740
675721
869933
-465255
549409
8182
250976
384894
167271
99950
-702327
580739
-605361
-507035
39718
-767026
-624514
-5733
-334640
45803
438089
-191414
635425
966632
-4288
-991439
-795926
-373405
501200
-625633
-744762
512461
-949912
-874829
-952794
599497
133353
298182
-15610
-699376
-601868
282063
881363
-207229
775029
-78919
25746
-849486
915348
691106
196318
353437
-500309
-168258
320068
495403
-159696
524142
-878003
-658497
898510
-622764
853965
948598
-497593
901172
548095
635761
199353
-467515
936385
597486
814549
817748
-609744
589577
-261171
416002
740091
-345824
107108
-63591
-992388
606800
768151
327681
102203
-391546
-148177
224201
-50042
-249668
601437
-196077
-301070
-896156
-294906
-752976
739606
904448
-220491
675991
501933
-405942
493738
892190
-816366
-767434
308192
923726
-113257
-584701
-139866
-105644
-977901
-371715
-777964
124302
236740
73859
-651498
-813302
824192
949940
-9378
-476879
-946217
695716
-229854
793389
600164
549656
469379
102097
-856287
-36883
-5714
-672653
195684
-697523
-748927
-917574
-282223
111208
-23217
-260123
739494
198820
864179
-23766
-727321
-787320
162932
-903130
-837380
-846447
-380008
-783597
849270
390139
-990208
449433
-60206
479172
-448471
83508
-557712
545816
410856
637973
848294
661929
720400
-433930
-226864
-302818
305948
-487370
896003
170126
488864
-831319
382807
-348205
-734448
545427
-194651
-114455
761831
-345382
-724317
771623
-895949
215478
250794
-344419
-701015
693083
-798604
709841
331055
-950310
371769
51455
-384239
-855095
748637
921709
-342465
644639
91834
-853602
813321
-525359
-201806
-921127
-979933
603543
-35582
781899
-741839
240101
553521
-637787
-544422
-195685
17795
-245436
-502602
219192
-535596
828454
268882
836174
-120092
884643
981079
-371456
806351
-361386
-726817
-101815
-214987
-913496
372826
583207
-834623
392894
186750
129795
174792
444912
-630104
-271688
807125
-174525
532628
-175081
580039
-969975
-955890
-955558
858479
312992
880616
-261614
197635
861695
366931
3985
-499691
640115
902170
285322
726619
274995
-131471
891996
-332111
-944722
21791
842681
500190
391687
-429007
307315
-782838
-896380
-867767
797201
-866355
-823656
841643
992125
489337
722259
-269489
-313029
583954
-902559
690957
-915738
737556
593127
369585
464175
-131879
-761887
356170
536011
-706609
-622039
378691
793582
769649
949684
100896
986811
-946696
233130
784011
-813050
409475
625654
-820926
-101189
347912
-90415
585783
-68134
7026
276739
16128
-255418
-130135
-614287
-791244
737987
-376174
564927
273998
-82782
942889
-347312
-289201
712537
-397628
811696
699347
-344324
44826
483358
-157374
-545700
109011
21701
353112
-543077
931286
-61105
388790
-61688
-784366
-595083
682895
85500
-209369
891651
-176513
414457
456578
-902516
-668326
399466
-249828
42474
112002
352544
-145830
-188651
-991780
898996
-705293
-149154
-646704
403719
872547
706409
860642
803833
-354697
249431
-257856
-139063
654349
-574962
946437
-555020
-683311
-230076
859437
773267
-132592
-808889
172732
617581
233586
-715266
-29875
-912245
96084
-21655
986752
390791
829192
-659953
-205491
701738
-953545
-344849
505571
-308241
904583
-752285
552696
558932
-327246
499133
-996089
-10557
-730944
863348
-237290
136465
-945542
935443
-245955
288045
-779824
724170
375800
316260
-297486
362551
-292949
-468295
702599
501560
-766557
749055
-843290
739014
-559187
-938708
986730
993510
620225
-340517
492643
624136
648926
761700
487483
-588365
-101836
541942
-652922
652209
-170014
-432746
376378
-794214
883515
-921108
568338
-409434
-389402
270936
-907875
-155958
19991
-751164
-416944
460805
-689871
-430215
454315
930354
229268
-53043
554489
-121807
-291343
41972
289829
606821
-416086
636907
259030
413901
-795839
-364592
619687
-912324
-285700
188025
-321758
324898
-541039
-229632
-831060
478952
19204
-248004
-60243
329333
321781
-605929
259687
-448952
341029
-185825
429242
-950315
856148
-280929
656507
-559939
-644022
-84464
853963
-439860
550944
473649
-352183
-734756
-338327
326059
590143
120635
-903574
759083
-400414
115631
-488922
539343
-555036
832860
933415
704651
-616092
274443
-481174
813150
324129
-625027
-467779
-19365
-184966
-111800
896172
-331004
448340
447115
-857355
-903844
712360
-195681
422216
302502
924954
518643
61584
-475460
-365727
572663
-936117
79237
405522
997298
-216112
789430
271740
302714
602580
-404131
677687
-865199
576504
-507279
23001
472675
161718
-528659
-80210
304364
-432503
-367851
-891318
989714
934652
-966364
508356
-3765
-441823
-857371
-431102
-377940
221867
974420
-380643
-994246
763850
891098
308468
366430
-513034
-13845
501231
-936530
478876
-475769
536146
-359407
-4428
-544065
944957
563070
88085
-946361
552783
22736
-912724
61138
-981029
-354547
203767
-412131
267514
-574366
-437711
886871
-568612
-673861
777969
739856
692569
-735066
-273989
193799
-671596
-795114
718030
864550
-154520
-286398
-679515
-209563
-723329
408571
-155923
829455
-568693
-68646
-109407
-549721
576807
-905641
38148
-155679
-480007
600438
-268808
-48618
926577
-490840
-308762
619145
-225905
417249
-187056
102499
622135
-469027
-32951
-532385
244576
287535
258052
521248
-303894
-897871
350702
127413
33483
-758706
577692
-389710
-664346
-384160
454611
-144352
-783722
-814198
807030
-857146
-305038
-501733
762000
469057
915517
-425057
-428444
537651
105917
538606
-994734
-649507
-173859
263318
871741
522247
365447
222442
-350340
-601070
463736
-772648
9220
799391
-156808
-536170
-344962
59471
-350368
-537933
202325
344595
-39665
-35675
-186348
-124149
539268
385209
-586498
-354815
-76185
-581232
-4322
749956
682087
-132582
272203
47534
-910140
921864
446464
553596
-850785
-544316
352987
-7592
-80486
-991976
-948122
569147
-529908
254204
-86258
430428
-781472
727394
-693722
757797
112602
-280219
-597019
-963583
138550
398660
786373
-179363
-733922
58576
868171
-644062
-19561
314635
909535
129655
770319
262521
-877938
-310167
270545
-826059
-741021
740638
428145
172721
171065
646674
-99885
477343
404470
-987283
-802876
807452
-950866
335674
206112
835508
-843690
472190
-105917
-975519
828128
874523
339117
737662
4177
109436
182
126240
799269
-729273
300182
-941752
-988636
-271673
230970
182429
-625000
-868915
-340228
779471
-856198
-143104
586922
-807063
-807430
-206967
-971556
-651120
-734778
-77472
-626638
-906650
-202950
712479
831012
801228
-178086
-168806
-72532
-378817
101921
-772351
-320568
113286
-44024
910403
-704286
330977
-958513
-44513
110447
-814710
812384
-302631
-621773
-995047
490403
-593329
-646167
755625
329200
-272805
848975
-873751
-560326
679987
927478
261589
-488820
-145054
882773
613102
82596
-437796
-273613
-961428
-527393
22102
369549
-485905
977589
-520004
-300615
789973
177365
77612
794926
-332233
484284
-851241
-576608
-186516
-124046
-727633
-60267
315629
952354
-132789
-422783
-536466
722157
-540011
-923365
-195247
22194
-196977
-156675
494802
825126
-787127
-991104
802714
-307131
-291719
592687
870235
785894
387612
-461999
270178
536371
-38607
-916339
-587675
233761
23395
727954
186114
890607
-694829
649649
612764
-234839
726285
-582484
787355
-470693
260841
282157
-645568
473715
291053
-842854
-833416
999335
749833
-963182
785229
137445
-425180
55407
-326185
536214
139069
86140
-230026
-837536
-185907
956089
-946930
119265
605737
665834
884426
332022
-916650
671781
861329
344192
-46063
-784239
-182094
-755010
-627092
-15509
-755676
-877259
21310
-970447
260186
596130
84960
934001
132343
-775971
20141
902317
-613507
834235
858406
-560437
-46501
464142
-894603
-162076
-203837
-811253
-490296
-342508
532940
463642
-126746
-649154
708632
246162
335337
952957
368904
-643354
982511
-370911
952776
67471
-436911
85119
291500
583230
-12564
677993
417465
-154159
-882444
-629037
-690018
-777047
208887
106146
-588299
718592
763639
944641
182233
-363107
-704513
-109135
883055
630824
-156179
251958
987471
-173668
881048
940247
893803
-555863
25365
185302
-972634
-987200
-136706
444832
-141359
-19149
815795
168624
203804
24682
-725230
615506
-256727
-961591
560147
925507
-324698
855634
-183629
-441643
486457
660193
810316
473928
-513476
691363
414174
-619673
-864501
-560461
565629
-837134
-547661
-571077
607698
310981
409774
423492
-520395
-386422
-551827
-245624
-770917
191447
-207215
789230
116954
468087
644864
933326
-973556
131321
593518
836760
-394752
-919958
528123
-980579
-539631
663622
-541039
-974002
826489
-88699
-545079
434186
-777719
864696
-142322
-298113
-521727
305852
456263
-292643
-502701
-750952
-503413
614253
717136
-858550
547578
743580
272771
141096
580339
878019
221139
108461
897441
681509
-227917
-643599
707507
-401429
267702
-837572
-967243
489984
-972876
-109565
-808129
-494603
-803714
648134
212755
-306414
897182
709342
-692162
614317
850792
855416
357897
123562
-3488
-61764
1581
-782350
-953303
-100978
899159
-181220
255424
606666
417351
-476874
769094
450108
-986891
796219
-659457
-795019
-698384
-463170
853115
514371
230416
750297
223712
538254
364614
74503
393670
-277490
-801935
-609819
660746
199647
-392169
707443
-901332
-493010
-473777
354093
-886345
943575
877219
882750
393683
890329
678968
734226
-904691
980584
-728945
948425
494954
501472
698721
-281334
39725
63334
793170
-566605
785845
991236
-176424
446591
190882
431408
154034
289551
938398
680257
-356357
-947948
623831
-479138
934803
17513
-588810
613770
-248261
-493501
594354
22795
-545077
89307
-475734
-846356
807974
563992
216979
601143
997387
2824
592378
-179037
-550586
-216740
-747630
603448
-927190
-809232
283705
-283546
-757180
-92464
237316
-822377
925049
648507
791393
-323213
-844994
385746
699583
-390070
-524947
-776152
-236426
-716973
787840
980554
884170
785226
-16623
476548
-393811
432791
-740193
-141441
36239
-667382
49327
-680056
49072
292148
227480
-713612
469772
152528
934896
261164
829316
-910099
-353090
528898
-300168
121964
752747
463406
404991
540586
443959
289161
325812
-572664
-234292
932001
860128
25515
-209440
-103634
358133
839888
216310
-592795
132036
-556211
-306406
-398193
596318
-371510
862972
425634
-281608
-490119
-45468
418224
631846
-292722
-118371
36837
-752136
-674412
-674003
573676
-247076
91705
505677
-386948
-882780
-703763
509418
475354
-863876
-274272
882559
268161
169518
-423847
869969
-234164
204644
732940
-808531
923036
-757179
146002
341259
874667
853281
-777112
-88497
-898856
-451524
237501
674821
301401
-670795
180497
914453
-553575
476735
423871
921780
612860
-850401
804339
-118980
319117
-619509
-249012
-915047
585135
-516072
-723577
508170
-273251
422425
-150571
-398584
275705
72317
512920
376850
620794
-249580
51670
-77805
79626
-767834
-163352
526052
708901
-739482
447831
321761
-589882
252169
-797220
729236
632660
-46231
814189
217795
437697
-909389
-274035
-835554
513037
575395
-234138
-211258
-352289
-721219
-834409
-731496
29202
217261
190699
-891173
449428
-972654
634879
158329
-712135
82709
-519911
-302017
-665123
-317131
-572782
967538
636639
-758593
185333
74336
-667982
911299
238782
845056
486693
-995357
-366203
-865597
-716575
-200612
-597092
312627
-983351
593608
421454
466077
620954
56333
-375595
908820
-860959
104495
-393198
-526081
787365
34021
-558543
424003
275428
626791
-501662
607447
538089
737120
452502
24782
741764
-913701
159186
-974812
-114312
562094
337816
-97663
155701
-240731
-631586
-223345
815603
-7181
-314526
954644
-902687
292276
-571437
884678
-673703
-129980
308681
601725
-503189
807019
209172
-965101
544139
-338327
59681
285903
-252027
-781133
311091
633661
780961
-351094
-464003
-63338
408176
-95588
713317
223778
897231
-601210
178422
994545
691067
606985
879223
-982637
-522995
187904
619089
-26183
-5077
-171740
8716
-460938
489934
-931603
824965
-762094
-712736
136055
871567
-931775
784962
-592436
4887
193138
311976
-281796
-583084
209207
116994
595338
203752
-191939
202323
82975
-174575
679329
-729122
-555487
-346855
265801
272773
661862
804863
-237293
730260
629827
613
-982477
-234118
-127820
-914251
-449156
279744
90637
743982
-408280
808841
-839102
800927
-74166
756236
4679
733896
-41441
-912347
-440680
-362113
-641468
3833
291033
624334
-723394
-47106
429197
39313
-316847
59023
-960074
-299323
824906
-87894
-213574
-624250
-808150
877063
-880268
-216430
685904
-719370
-415503
-388262
-963134
589176
-654367
-4575
676830
-95047
633312
-964638
908787
-75655
659696
-814607
877239
88892
224707
-439609
-852085
264633
261069
972822
-823262
-952505
-651429
-631411
924559
-531697
152159
610462
-251066
736657
-777801
-214200
325833
-432168
781225
2662
472786
414537
38024
381572
-661119
-302280
566965
-783880
786612
-208329
-223488
934527
-943696
-962420
907348
-766957
-914925
-744081
-398368
-990367
-275777
753791
620096
473157
490447
842295
-741043
-183721
-589873
-959819
818942
882913
454719
-143034
264485
793601
554686
-168551
-990280
341297
623121
-213768
275824
679425
-176188
183172
912468
-91112
439091
-485901
-81478
-836687
-732110
-461383
636471
758337
-619088
895428
-425384
-208961
935610
-606443
-326048
390328
250524
938437
183928
-194791
-230114
193648
-853494
-606994
979881
422330
-927569
-196308
-394499
984900
712581
-955408
-501001
-368898
-792094
-233111
169720
844377
-474774
550632
739805
99843
-658329
675414
493400
15624
65741
-256076
-45940
-750331
549133
723946
443318
695639
-883048
423198
117969
-810616
-773111
723471
-825717
939471
768063
-326718
-429428
975970
440171
740293
820347
965398
290925
560151
65240
632597
235564
-441360
-351780
-698695
302564
602281
-449025
-148303
326226
994293
-452664
443179
417490
665305
632563
644380
388775
806847
583850
156838
-519872
-845578
132808
920300
894715
-46846
885697
185640
-486696
-49063
-181764
748869
509577
466456
-949827
-187859
68736
-398852
663838
-605038
-404559
-788827
838142
-987070
876479
470705
657310
265254
277551
241160
-577909
757679
395582
554900
677979
290297
-491947
563676
-524064
21357
-485387
294172
-229774
-975811
-239372
-179600
-163669
829365
421549
-499832
-775673
-983011
-288658
-937532
-970081
-412180
533173
687230
853074
-189277
-71611
-724835
-431598
-676029
830065
-753619
614268
-661883
810057
-909796
359475
-675331
384377
-870300
-651141
-854996
-49899
185191
974370
-628351
685359
-801304
-611362
-603299
-738836
-581442
-15479
794337
-894213
-162406
-394940
34177
112759
173463
358149
-57176
419844
-27583
280941
229901
62621
-359584
554571
-553002
-229883
903431
-407997
720218
88621
-433628
-908134
-226020
-234932
-519495
170681
26232
-100937
-844799
-179431
4851
-7204
425630
-960972
-894445
-400908
397177
48379
-981064
-630406
-670680
248838
432216
-30263
-196592
879214
739854
-293161
-528784
460072
795460
37588
551939
-430561
802656
-967557
740121
-171112
-68493
895322
649458
936358
-111882
75087
975387
-6327
674180
372564
-957948
693116
742158
-628628
-58046
174373
341109
745362
53586
80963
-547800
524802
-458966
-752340
-437610
-907028
-182900
-634955
-874584
-442780
193934
56923
-547458
-156609
-6719
340660
918479
-31333
-665668
592659
-658769
-623616
285775
-916612
-252243
-772272
257762
-911135
973090
-688653
169829
-574710
836150
710863
-327049
-601461
803836
490051
-236415
929252
-952729
957520
-13826
-500187
-199089
979456
840473
-280610
-51878
-825195
-687952
289354
-448811
597823
372742
298946
825551
-369497
387812
798641
-58149
-442360
-776069
-221999
-731497
-103117
176541
-927662
-613067
940127
-998410
-565795
897646
-12236
-65982
-301443
-32780
-225509
417947
915343
-50704
729996
204696
500486
327818
-422563
-200568
153369
207941
-812757
-47990
-850208
-255116
175942
-72207
13388
-927176
-895666
85727
-540242
-955540
87317
-106037
942107
-924919
827981
-359336
42301
-397528
-941390
-42357
551768
788606
-837662
52253
116424
-260224
851685
-730207
947718
-961072
221803
-902491
-216187
-602255
25303
797201
-529431
129637
-117073
-69673
174098
970244
824291
116205
-954676
652272
756869
87626
-745257
815479
-954732
806511
604085
-792394
-141236
-279491
-52617
-289551
-9698
-104900
-250623
-787895
-7391
533190
-390150
-982088
330391
80420
147549
-786683
-989253
-678353
-816439
835038
437852
-771114
487309
194720
316512
742053
10199
361781
548563
-385717
569387
-592673
334792
-483231
117776
-674906
411870
867154
-462801
-595522
400344
147050
-577610
-269266
-772531
569940
-55948
-761784
891588
127613
-926747
329439
356500
560563
-475842
-326989
302615
534357
-965209
-148822
-851360
604179
258506
483433
-879052
-623719
808527
532818
-756566
-654275
937297
643778
492775
-640313
-625488
720245
929628
318564
958461
821215
-553823
-968286
150653
802677
592278
674812
-524312
-105107
209169
-489520
746071
357810
-885341
4577
-158758
-764392
380858
-350232
768427
624293
-4506
705724
268071
-511731
-934590
642583
-791487
995039
-38853
-833026
816254
407324
-801312
-33093
210001
790967
-358282
685690
-314141
850888
-803830
-568070
208697
-689171
436507
-950062
-453562
-182635
-300293
-685136
-558343
695201
-979413
709728
-816531
-914002
352311
-608018
-918963
-686543
-441043
897291
720782
-242355
-135803
-69217
-451388
505916
-383528
234471
356803
-187358
666401
-434500
123472
102908
-384562
669910
920273
315145
984774
-638071
10346
-994639
-928343
193815
-908641
423969
585798
-827604
737427
-855246
-930314
458209
-97600
-66116
-611009
451012
-560201
5463
-314517
796602
818106
-648116
-637899
-58423
454792
-22460
-388514
375064
-707315
-403741
736994
303031
-398379
808652
-503155
-307020
232621
-917357
-134623
-29953
-772603
-64936
-571745
129798
868948
-182754
-419190
-691254
822710
266293
-894652
640815
618177
-532550
-417609
72969
444991
193877
-551967
737676
790137
-814973
40706
-608243
993679
537552
84738
226299
620196
950116
-803654
847594
-114820
-375398
-22609
-245873
441848
558201
62874
264558
-175507
168223
-94628
-557330
635673
487763
515640
80663
-318360
963673
-181661
-528223
-851301
859046
-136465
-857622
396597
948274
368678
16792
898389
565024
-135615
-216432
-810375
841777
537696
631474
399977
-399430
-103969
-775530
768794
801404
-332859
404467
289166
-817220
-514871
970807
-853547
303469
-557416
-704847
162514
306119
-562469
-440890
254393
806209
575903
152781
371233
-559712
936350
560859
-717935
474046
192333
682043
-925384
-911637
906513
843410
889767
-426346
247876
178933
-243565
733006
149740
-97112
36474
592324
198041
-801013
-101557
635573
-241902
-847165
441782
-665999
305617
-186986
-225710
241967
-626127
56355
-283987
566206
-261603
-209371
654570
-355090
-365962
544337
218565
881915
-276730
975000
614920
873011
-122112
-348606
465334
-924071
-149618
-636223
711503
608480
-483387
153284
942482
822230
966299
-283228
64197
-659829
773127
780210
906378
-488476
-429162
560947
156435
204877
105284
-625001
86791
828554
-650001
-298289
701564
227888
353105
166898
303818
-796514
530676
15320
811967
-952712
-831397
754448
869518
-865098
-528780
-66286
-524926
-755653
-286076
-618549
-244129
284762
942399
912306
-510361
47683
-712695
576430
-123764
-362696
-721859
-422200
865193
631246
744699
169010
834732
275374
-815671
646698
322663
-647067
401146
192181
-512164
872367
-874106
-37090
-883287
-160181
344362
-127416
-875420
286761
-215110
-385780
-665557
72196
-809350
210680
709501
-531209
788481
574693
-899964
533179
-256298
934769
-191447
-71968
581467
-868785
280966
-17388
323396
768802
-145021
449291
-268288
-28308
-710891
-923927
844277
-586310
362835
-370834
27910
697278
701363
218561
-92042
410863
687352
-303562
-14445
787388
-770383
729258
722157
38170
-342711
303623
169386
938256
-713765
-507219
707057
141214
942073
-561232
-887095
-768819
-485158
957182
-355128
877677
-413652
672783
574955
-712289
-108657
-517088
698574
-421306
179351
-315871
-633918
408968
-586614
-911762
-552863
70676
391862
616523
8931
678097
-890696
-284012
-180690
-948624
154757
-67784
-717443
669600
-110602
-72570
547276
475747
-399788
122231
763458
491555
605143
462032
-929751
-215507
-853840
-563668
-806539
-440453
-475429
-359402
630224
916433
-742879
-360845
594530
-633574
355143
-586160
-582198
-490100
346056
-299640
-820501
-764546
627790
726776
711202
-771998
-150994
474659
719557
-545851
-63309
789807
238642
82852
-773862
432104
642399
-249290
-927299
272623
-332858
-670177
911778
-738329
-303751
266921
-324489
114051
776821
-978433
814412
956321
-742978
442201
683096
968224
670204
-467899
442883
389760
-13750
-620427
179567
-775108
462425
405706
656996
104824
-843585
729698
-622554
-176442
-940479
-710777
85229
-244230
556144
760741
869822
332965
782309
684233
289285
-960670
126434
-27619
-992447
-203363
504482
450436
-813603
-509268
830010
365965
-284375
292434
-228330
-627380
-602743
-71914
-897682
-225296
751644
-838161
63927
-163127
-82390
-379929
-402386
-212569
953037
-620078
-528336
242321
-580747
598099
-785299
-573194
-605264
719184
877243
-418866
-790084
707252
947099
-74459
-314
-281231
298162
396944
646855
400480
-828353
398498
562320
235574
-764629
-520071
855646
-167015
267361
808682
212907
739026
51003
632160
337125
265705
-941034
731861
-15111
936210
-687005
194805
643461
-739906
-879655
-356854
-21137
418508
-959910
-374282
-181013
-788263
-975784
-618693
447312
-740413
-138763
302957
92572
-871402
111639
-694522
867624
-837358
937639
204749
428348
996606
-63390
-586764
932815
249605
608042
576275
509699
728388
-780579
-511438
146895
-740489
114280
965883
-528751
138496
-652811
918561
398083
208427
221518
-509345
337025
-666843
-203866
204648
-504201
-266228
-590603
924148
-269622
346007
-662616
-336808
-404389
945426
-760533
-894690
673814
-541111
-406128
-179292
-281599
708153
-213409
189650
-153351
133780
108210
-755269
-657794
-670272
-264614
679232
-337115
531520
-116121
158685
-734708
293277
82832
-4330
-360717
420216
658863
234895
365642
898330
340205
39455
-642782
934078
860164
75620
642230
-353246
-734731
-511122
780535
373480
-266390
-877259
703208
468997
801973
-633908
517
-314148
524778
265810
979129
-392391
-738520
-381589
-972175
920343
853306
393468
818673
193510
-567078
-824109
127588
-706914
251511
-230183
-60160
516780
258696
-279626
-109740
992307
-156885
-406533
461304
-354913
-40440
-538180
330939
-515663
727631
310067
91947
989111
928479
119773
909454
781784
-486760
728126
-24706
-53837
904017
-897118
239249
155528
-127301
-820912
-327692
-868605
-100537
562568
-876298
742579
-843966
585006
-612335
115595
-953175
718605
599932
774456
28672
-308121
763567
-42850
811652
673020
-261066
-675108
401145
714229
271055
305162
817111
-489697
-539311
-310190
-310608
132998
-178794
588855
-304435
-55092
331434
-148401
-470087
719100
967195
-423261
437704
567126
-648805
-533624
-740995
-885239
423527
-929343
787781
-837540
-604451
188926
876690
666604
-505912
693800
-823093
-45222
-616390
-133701
-912225
204816
-544846
-216660
-850277
786588
634940
-320363
505687
602134
256376
-56609
169260
607571
409767
428266
722333
-166707
498923
510113
-4246
894472
-300961
-127557
561075
193128
-433757
737982
-852095
-50147
-395719
-764320
-845332
59435
19021
-695608
-153977
-346039
-15971
-648290
-743905
-759596
295101
425355
847976
-295132
-146379
570308
538162
-647457
80421
-466085
-752986
779461
406359
808090
-27412
972602
546072
120493
-77545
-849647
356174
77123
209789
-624805
381515
-944189
29156
-634456
-592478
285251
-394052
702623
-289394
-546077
-592509
564227
-975769
945653
916770
104652
-520433
-836216
-115887
885926
971875
856701
858528
517947
-22807
-219018
668300
-666633
858106
-121912
-291438
239621
-66100
737718
605165
341422
22969
-788888
44045
733575
-334964
451536
297802
-310732
397188
214572
793921
876755
378356
-321967
762681
350231
-465267
621209
-131822
511927
-597810
-463523
845294
-739704
414566
-446144
499917
