-586069
399031
-593139
-282242
769063
-73525
445506
258423
441590
460931
-891851
846355
-851802
857405
768565
-816414
-820210
-338421
371605
806537
-810505
350024
-476880
-454055
982916
-525223
-383784
340838
482426
-540787
876354
896357
858245
-716786
-385885
627307
209690
-940380
-114270
-348721
520551
-6121
-502366
668749
-148716
-733802
852336
31075
-72222
223941
-162388
117274
-426036
360732
663220
-443120
835510
-720565
897719
317936
-261352
774072
214292
-403108
-942714
828408
-775801
266976
888028
109929
918256
408579
-896192
-584111
77328
-44908
-317912
-70336
986167
609866
-846396
-176222
-272861
-272432
-815490
-609642
284449
-979980
-330206
182167
337956
408442
-43761
-447752
-994666
13525
-619345
-770467
-719499
-731317
339463
-801244
677262
443271
-385355
-245411
-601637
296734
684253
-615470
-93401
837857
208309
633739
-434575
392819
-975903
849875
412840
-306109
32041
-249205
-897667
988281
303043
-892332
1805
683699
-662799
282307
952382
676665
481063
629643
119936
-904292
-615768
518299
392442
-931516
902829
-700959
906342
111138
932780
-528233
-496044
956878
-678359
916796
-349232
353683
-332409
-246899
341963
970634
-139231
-656232
654333
197971
626075
606714
-125364
107138
236356
994572
202847
620589
512870
-404711
689073
415699
-105670
595415
-473164
-172890
-932819
30793
-216013
-611177
-52411
434755
742506
615180
-812144
84468
585814
48626
428237
240146
-753403
54312
-153140
121233
-838551
-916785
115805
364297
703804
-371326
959586
392877
-955627
-146085
-11708
-428790
681026
55473
602004
-534988
444297
-450408
899768
186802
-835228
-912376
-728730
750587
136251
699508
-9267
382848
-246181
837593
-495919
-84732
920809
619886
-720435
624613
-751440
-760850
17490
-707066
93066
-994219
-135856
-225909
61255
-533852
239104
-494449
15740
138871
692353
180513
226496
963624
-68900
-637254
663131
921833
745595
-583051
759425
-750325
332218
680234
869562
611783
304846
-881879
850933
-677665
-588945
-56001
-671884
275200
718090
389372
741348
-42807
894923
-242912
-903936
587276
937601
322561
550899
-131299
685307
214030
-209467
430901
630980
-450042
680577
-36803
-769809
550138
-425020
535037
668260
-574087
857373
-920686
369912
-814511
354515
88002
574861
95862
-954805
469783
852950
-858740
57059
790551
463821
-392042
-340749
149128
821988
449785
-419971
452967
999743
-739395
-583836
-770066
810744
-8855
764971
479003
417058
622344
558318
-213030
807833
-87168
874972
382693
-991306
920167
-147524
861645
-938574
909535
652196
525247
-482508
-688553
-325626
-660520
761232
254403
792448
760975
515009
-791388
990909
325752
199757
755880
-195245
-383185
378223
-636928
403785
186055
275905
278756
-431252
284599
198923
421224
146244
260349
330759
-201561
-214404
848252
109886
459971
-812269
-128882
-285626
980180
-367908
-770618
-811208
-376999
555135
388549
-621120
-640110
-994636
757103
-277037
409149
-56842
998868
-312096
511906
283467
886828
-66870
-570289
147176
-736112
228150
932773
-887861
-661964
392743
-700129
209155
-892884
-719949
841247
-663501
-531157
-535752
891635
857393
-156872
-748476
862757
-399769
-25512
271905
543390
-26644
959810
55295
-743177
846637
988426
-313466
-6187
-747687
914685
-73415
-635547
-747280
-680673
-335676
461875
-573556
-55625
303122
-237057
413219
767370
-345422
270611
-389502
-93897
133367
210730
880591
-594729
-245881
-146054
-634919
809415
110770
-788283
797840
797304
205530
-949848
711988
-867885
-585395
964709
-548558
78930
426584
-122114
-976695
-270295
640830
436524
-502925
-704593
-292866
107574
201511
840502
-681697
82101
-754227
72422
936048
-389146
-118164
46817
-177428
-320325
-155880
-971898
-270172
-443892
-839783
144434
-479183
-388340
-776637
947401
489547
-753331
-322894
130376
683193
174181
425784
-609673
-718246
-372706
-769172
-399943
709396
-523398
672480
645443
87456
-445685
-307741
910029
233991
536380
938131
963819
-907512
-901652
108252
-386695
-289992
331616
-439295
-800446
578285
237811
329931
261478
-588008
-244286
651805
-306253
383009
882634
293805
92404
-640765
-33716
-262154
446692
520600
430106
356721
-245410
-33514
294852
-281591
58975
393200
826662
672280
-896792
158277
-767015
-697237
-263438
470797
632695
998040
882790
-611591
649845
-423464
771418
532479
870341
-136178
891715
-163375
601668
338407
-642776
31774
-304873
111815
998261
989979
830224
57235
383179
656886
-270485
486388
-184837
-37499
789151
551725
-566703
421846
549765
-683914
810255
199609
-107377
581672
-267913
-237037
-554507
-376198
599588
-952839
962209
956813
78936
-342665
68627
77196
-352686
-101149
-865569
-969508
-444263
-136053
516881
370900
826448
306031
-77375
-740256
-272123
-527611
-424169
-461869
671999
468454
-880198
-595914
-768583
-434704
27888
831006
-387542
-9904
787818
691394
647431
-143555
-231410
-705256
755297
-96978
-674763
-688967
766969
842118
681934
593416
148149
-395442
853161
876026
76947
-571009
-585844
-251055
897446
-466041
153032
-871138
99256
-819081
959869
711714
171015
747687
403108
-181554
-395869
-828302
113191
-640572
74720
438429
-329539
-158311
280546
-647605
-564896
-571305
-43047
-711736
-695279
-966101
-282744
-281122
-217155
-385299
252838
935878
-256436
-647907
-883204
-296568
-936193
287812
-548881
466916
-893743
55250
638615
219449
414679
-286665
-342123
-914860
555024
938424
-562465
990128
-632882
394488
-721608
-328160
428388
-4352
390718
-788767
610350
-356445
-852890
-646087
-4351
-736094
57346
59457
551718
508465
-473627
657976
-436285
-835013
-122576
978394
-121678
535301
-936466
-566655
473724
-498931
-576527
840843
895557
-298135
-487318
323944
697513
903401
535177
307863
-453045
682288
661777
542605
946194
-280878
-397938
497912
-772413
128435
155888
-208697
293423
-966689
-230303
-828255
568613
-166769
-394910
42336
334300
28564
-116821
229857
730429
395861
-446199
427942
299261
-911022
-264196
846217
771266
-602420
388822
717460
116703
990884
215371
344291
119319
-628742
-864407
-587259
-595430
-94709
-415514
973183
738522
189577
15519
72822
-781860
898698
-697322
948570
294559
-143521
376511
-406180
-54543
-887686
-559963
-283278
-490105
828859
-565819
626599
819743
649553
-29111
-60939
-979189
106483
351803
-574619
-988227
936290
-601436
750295
125867
414083
-176884
344007
312781
125794
292576
-392660
982274
-330913
201160
-72270
-218598
641197
644453
291297
470056
-921366
-82105
289799
728187
888785
-771141
748999
-4733
580663
-825621
7040
516953
-427057
-242666
-357181
987027
580451
986826
299807
-293755
279402
907148
-311482
948489
108307
616249
-270110
-250496
260702
-978813
-780440
339336
-60917
509359
67523
-172133
738219
-183479
823134
318881
-9099
-169827
-164167
563844
587508
478653
550870
167958
465479
-149323
874203
-255119
-242176
-437279
-306631
866132
-821031
423260
-384364
439671
444448
-164804
-220993
-616470
-655446
846530
211397
-917227
-336949
34530
401655
653952
864703
-762512
217795
452211
716141
-231335
-379832
181619
619343
-505629
926500
-622833
57092
-380131
-756701
236062
-956871
-141065
-324268
487577
694131
454740
871107
-961315
301270
82504
-878542
964321
-882967
523113
618272
981737
760601
-163933
433947
476742
604733
-945885
-341640
224076
-451514
-415140
601243
605579
204729
844542
-158360
247858
-296523
517373
-264565
-602392
-27888
-393458
-563707
-726619
689046
-442248
-762299
806079
-919135
855974
787816
841467
-307959
221763
318208
-703227
275878
976569
520850
824365
-438572
122092
429943
766158
-33366
-728418
14016
670112
788955
749451
-932281
-238933
-644008
-495987
34448
-954963
61765
272150
851117
142631
128124
638932
-15902
820165
-139305
-697695
-883062
-863427
-721126
637788
960938
-159698
-240120
390880
-393540
726515
662463
620476
396626
451418
369926
464345
-787516
725918
968358
246933
770956
30123
-480917
622072
-827247
647207
261004
156852
467372
-878302
459157
584310
-741729
738032
222098
-780791
-421667
981978
610090
184793
708492
272552
-194732
105118
-276030
-824806
-430538
-63545
901112
-462180
-816613
672067
567944
-297529
294139
740698
-650323
-444857
-102451
817050
-323158
-643295
401360
-64887
-905264
-376543
154323
-326930
-394566
-235588
857864
-686074
-963036
-336868
419045
-239066
-161674
988508
697389
-260562
-473673
880777
-588495
-905730
-416753
705645
834969
-67075
-739213
-267483
-250026
-62371
89223
-848667
872743
183960
-225210
27065
857031
380225
791477
714894
694152
828441
-621974
113196
-410626
216352
101703
-713237
955791
628031
-832461
-632705
722302
-249214
-927060
557270
683712
-666273
-710213
-566315
271356
379010
-414981
144098
-437031
359810
-828837
-580001
-259965
962640
-865107
-565814
791081
-487081
547383
-619545
729272
-350914
-332782
685063
-722884
-165242
-947642
999419
