-442819
-335896
305931
575605
381312
-338597
-113258
-697214
659779
952678
171213
982698
105404
660537
-167064
-324160
527214
-735026
-967466
944385
300259
-548583
-744625
-881426
732254
180257
117972
-722095
875419
617981
-82384
-567400
-717915
-776453
-991796
663397
-115049
-105053
966184
-455271
-152376
137397
-472573
953028
-202067
360363
-371132
-674854
625338
-338598
-730469
-74404
112819
-475093
44171
-154927
705164
-837858
122978
580583
780123
-959406
-986818
-937792
-735859
-978613
725605
149093
-83666
691788
693823
763959
-170816
-778751
716987
627117
581612
-654146
952264
206949
7256
-778206
-867455
-879925
-253299
176716
-34852
-548135
338858
-911875
-967553
118981
-871280
-954370
181189
-607138
-932983
-93207
541955
-16648
-401419
235777
-252689
427765
457026
-535703
54882
38638
-189848
7146
-754413
817409
228940
-621868
937484
975642
554848
-97368
-572493
-106294
-9242
-540046
-987314
119478
-494415
193876
512340
-427397
-899332
54295
555955
-300750
-709929
-696734
-872985
747098
-232437
181897
-214264
577716
-810957
31323
395124
417984
409456
332608
393625
-35696
-764761
821132
858010
225998
-718914
870697
-654525
-213328
64572
857816
359275
165240
-87890
-84770
864491
202182
218496
991506
-50721
986060
173403
735016
563775
362446
-233662
-41101
-219571
-824206
-708494
-825946
140098
-473254
995187
-1893
752744
-723727
-131197
-901781
62945
933375
956035
-577781
98615
-131856
337449
-36895
-929674
-444056
-45389
19606
-457997
-871987
-245379
-894222
490460
520960
64677
-729111
696754
356184
-555057
-163149
882930
-559870
834959
635674
-283597
-296239
733893
779348
-362864
689928
-798434
735751
-441928
539016
-301144
-371602
-905040
653468
648004
-363036
781482
-597376
-257258
271942
923585
807419
542831
620338
163602
987775
-542812
46532
-572096
-707854
-317794
144307
-4092
-583902
-76345
633044
-893975
125222
368795
-335903
-335763
-932349
292496
-240803
721120
-59501
396162
502601
343124
-861097
-225458
266708
946323
-682627
-112955
109925
-694853
344234
-843544
-266948
636381
-161338
877360
-367711
254761
-198986
-734667
360787
926236
634129
-975117
-409527
701780
317379
349671
422900
-742122
-254168
-74500
601002
-115264
700043
-132290
-168942
-982585
754756
940983
-677437
98990
-902561
55615
-264629
-63898
-67026
367660
-809138
733989
632993
551649
660225
267122
576533
-749302
-31099
-106088
600369
-608199
151790
-653799
317301
-247208
230937
17344
620503
-938006
34759
375258
-997023
357323
-525752
-899584
-587063
209619
36518
345912
-422722
227381
79901
-789729
-220970
-259875
477393
-644437
-9176
-553706
249475
-408808
-161905
-598735
-62606
-844604
154058
-831670
172741
-225440
-769675
-792500
-850182
-766698
564823
-375934
-666281
977761
833685
370238
323672
-589037
-402382
-596427
-378765
376649
143699
-901372
732212
-865478
-455078
-18313
-274285
383018
382952
663109
538415
-462990
831440
-288845
311570
-938236
-81344
461389
-704933
-516522
-914546
-371213
-538762
919140
999025
784911
-669898
-403357
-811517
-48663
973292
332182
49965
705504
466705
594888
-312810
-807581
-22094
-929859
855528
-483679
-392849
686967
227477
918722
748732
-853868
380110
-956201
-370390
465565
-327414
90849
384704
-328390
-124240
714807
268254
64244
-333856
241545
-603574
716110
-52952
863131
310998
634239
-944451
-711097
704381
911078
-194775
-688468
598044
-967299
-769747
346776
-821167
610364
390576
-191556
75929
-936839
899294
-539368
-265228
-224947
-824561
-996975
839297
-158417
244571
-764278
-442308
-808381
-901148
868690
825858
-845598
-842407
530238
-934521
-37182
841770
663524
-4480
-927977
10299
174354
682388
-599125
982799
-241684
-535964
882092
218949
198809
-342856
394388
201835
-503559
-764030
-553595
-267837
-206337
-361975
-168984
-337647
-536117
-14582
-180054
994122
50898
782765
835891
-285579
-221715
907915
724721
952639
590303
-874405
935437
-651382
-410369
817528
567568
788441
-525328
-38045
-9725
-28887
197926
436681
703277
991590
-925295
-465707
-346058
-461412
519712
473889
-467291
-429391
256653
-631400
285030
-965063
-723485
9750
987577
866818
135346
923013
-784564
724978
740541
783004
513418
-784788
-255041
-496308
186326
942885
940374
-110398
934475
-984922
423896
-411584
-446333
-56393
-937696
86377
514216
318958
454978
-200754
353896
731493
808996
341472
598311
-55658
264484
813747
-330681
5025
596751
-817264
220237
-658291
-313571
-593437
-715407
-373197
296166
-780932
-358119
-279939
-192516
195549
663668
-130211
-718074
177883
-811254
736904
977129
542643
468397
786125
-115886
66708
-269534
-851402
-119546
399786
153623
-522796
582523
-626140
-181086
-731048
-219577
103508
-104245
-923412
322576
537637
-203350
-869941
-266815
-539683
-152
15111
638200
188595
-247985
615329
-268763
-779589
401453
615352
287119
-868081
763950
-832427
531706
-82427
-355222
114228
291433
463692
383180
-928144
-432801
-721066
-851555
889775
816571
-54905
-980166
-450244
405412
19683
564867
43612
-791722
-683119
-341060
-60484
-462707
-939607
-445133
824413
-807687
-681183
991987
724019
236390
-363235
-161754
-472177
-899544
-778574
-400321
-332344
-499640
-251875
-442569
-683069
693220
-422735
-133313
98632
596949
-568446
-857757
805227
-251564
-198816
-255258
285730
-138422
299610
110143
53892
618427
102129
-222089
-145184
738894
616157
382639
839351
837584
982319
-492993
-662056
-269557
64438
-345125
-576338
641704
521563
522295
238653
953118
664539
43879
-298447
-534278
788622
987283
327301
88232
97425
-618808
-293342
-800446
159103
561475
938449
-224740
-55887
777799
-387156
-73568
-715195
-49212
656875
349244
605664
-919463
-9052
127227
602832
-770400
80344
267370
273480
781897
733093
62102
769180
60394
-849667
-133395
441587
-143009
66160
-399310
-581534
4608
375950
362580
-217594
988795
-710989
67212
-60418
945886
-583544
-454755
-973577
407404
672472
629256
637005
-247184
-103374
-89516
-465288
-370282
972586
-696108
690113
-877082
170497
131699
-20090
-763344
732389
398376
241265
108339
-239045
-976329
97133
49966
90883
-963285
-4148
507340
-418039
22276
-85256
-745567
-348469
-448252
7249
548157
462232
541961
-822125
434818
845854
867988
557736
16351
-313
-462354
253008
-267924
936023
-505728
840415
-303022
-482057
-62452
746945
608827
-25737
-257204
116166
556224
765073
-969090
810657
-583397
-417342
-182095
964760
-955111
-640134
-857365
479707
-794281
-989377
37443
222071
10310
575090
-524922
742386
511112
-30650
582801
-791911
487293
-479652
955034
96120
494612
-302170
-787714
50836
-537098
-756804
-138508
-120495
-174146
679398
-155735
-129256
-960736
-13099
-649549
-755016
-2476
387895
467055
-992166
-37016
942133
750221
-525904
-88518
333022
-317815
-601225
853371
-362781
494895
347982
335049
707182
-601183
797952
950378
260310
-322543
-223769
-60293
521722
646976
-21028
-491377
997427
223956
506148
385321
-308990
513982
-651695
-366858
264203
-177599
544625
-402776
504586
943400
-549406
-858196
438295
798577
476854
145476
-802607
274805
95853
457704
952263
872085
-602589
473984
519060
376383
982608
516487
-399662
488755
-98193
291348
2736
250112
924490
-733061
-927488
469114
-135837
577099
412514
314757
718904
-149191
113333
195758
996286
310727
-529437
92138
-231570
-577175
-35777
165841
896810
-516717
-457777
879417
999770
142561
368171
-98423
-566091
-629093
-848312
-641602
-362154
-775799
827513
502009
801301
240027
-183234
520204
-909165
930100
-284039
-912880
240827
186524
179259
-990744
609349
-856518
175098
506158
-373235
717322
385575
-373465
-140117
-246255
528112
293792
124653
679801
652191
762499
904003
479703
264508
705303
-280270
-918726
225506
-189434
-988627
941468
-102314
252200
127992
-923055
261457
-262659
-779573
-563446
-756501
-152807
-846124
629074
473728
13759
-617181
1839
-692450
507472
-318360
959741
269971
-414358
439444
-465522
-709056
-840826
-384248
516451
-30260
-372874
457919
867426
879327
-414089
944372
140783
323252
-835201
577338
566751
11992
731214
195825
-514280
-255027
578644
487560
52523
86116
-830801
12264
-643914
-245158
-548292
-109435
45786
-389118
506318
-437763
580622
-866557
-979844
448048
-987230
-393933
392419
153553
929319
557219
-269109
496070
-430790
-537895
-308106
54931
207078
-729462
-457510
-740400
356655
-288311
271865
712741
466531
723573
-396694
-487683
-665546
-890377
74555
915076
-756933
94711
363123
-744163
700778
-244458
409391
630097
-687240
-859718
126166
-118029
-397613
818061
936902
809465
-911401
-520609
-930935
445254
191081
340930
157995
-342388
64502
761302
169930
398957
870925
-755516
314032
-886008
339196
-322845
-630171
39973
432698
779221
-329930
745458
919503
796237
-372571
-478111
614297
-435670
-668646
702897
43722
-599580
148151
-765197
741350
-693855
-107585
-194148
-932553
-937656
-795192
938372
-693171
518841
-947636
646026
-804004
-577806
-314002
628694
-798586
356069
374152
-879083
152305
-998420
-357193
-233399
-434089
-25839
-530502
609633
374581
617649
844436
115931
923795
-263149
921783
991242
-200804
-873409
929614
106026
645432
981978
-247949
841429
-595829
438050
470122
-394414
-205882
-155727
-273497
946423
-154146
369310
-286976
411765
-656529
182522
21398
718052
-199829
-134166
-166017
-276035
602685
-244235
-284794
-598120
-117643
-355181
507906
-472211
-373203
-740044
-630783
30969
698007
839340
636555
-507876
-316388
-636942
-561453
529467
732369
151571
-58769
-924160
-665907
962629
793893
134264
-171538
-372125
858229
-568853
383641
-426565
-166973
-734003
218255
-659067
-206213
845052
-399110
163004
-123980
-701104
2343
-487425
-208979
685956
-124366
229568
215422
-391997
-618862
-843347
-316157
-284768
-880719
-522264
849496
-52256
105611
707725
378891
-510749
-718841
-788082
-244751
499414
-447148
549036
344466
153743
-287960
-779514
452640
714384
-266938
-756340
400339
608696
473229
-384239
-783301
854367
-227586
-99457
-430401
-108304
378279
-580905
839440
-516111
-873181
218331
-26859
-592021
430250
728390
907394
983103
277426
251859
136845
989467
472346
-410515
703850
-794593
-166854
104188
814103
-693626
719950
-969199
-839259
-507637
-68656
-269660
384059
-690377
149435
223499
-206488
276254
-558171
766654
684234
872080
495044
591627
855183
-227531
-156514
-7972
-238065
-684169
581513
-534215
-478762
-585342
569974
-664659
-278968
289923
-633858
-118227
782286
297487
612114
166344
607110
-238452
-610157
-599378
-962198
-168327
-832725
722036
-296248
662319
313663
-441066
-565212
-842852
550962
196724
-527021
132475
662509
-5782
547134
232482
329559
-731835
-477596
695702
149939
-695310
-6812
-237948
471034
-399702
523601
860877
921
561403
-307451
168197
283439
396302
-169484
-402899
955237
265304
-245751
506199
-537973
227229
-361327
-875464
-778554
-814194
357018
551005
-546028
879423
246706
603912
-815888
-760106
-634037
655147
-159807
889564
516023
841115
450967
-791428
9311
-265595
604875
839828
331507
560111
105131
-914245
66310
567159
312985
704984
691695
534432
890791
48713
85437
-655238
-71865
-667857
948674
112247
-427963
-685363
-232607
412231
-795799
-716584
253346
655168
-508011
-737343
-610427
-903136
-897516
721080
656975
207616
806836
-276715
-225226
119820
-571732
-533531
-345749
-680942
515182
739689
-336179
-556683
-928169
-387505
555565
-356131
-72868
-677042
-943900
131333
-393625
309446
-213499
98364
572103
176074
195228
674588
-102847
-147797
-117797
-296012
575489
656977
823809
-996244
-876554
-521941
-677185
638629
-782252
-13364
-918055
-710421
599131
637510
-66552
-473737
960469
-10452
657596
-433157
-701007
-555904
665207
871097
620171
-139565
545684
-482677
712639
-572113
221311
288127
-915137
45119
291884
-791690
523179
614699
846939
740927
-398666
928884
-969494
-799535
566394
-36046
-273272
526862
953502
-615676
-906296
-747505
-171579
758912
-876408
-551409
-380653
669277
-34085
-668014
-902837
-812775
620113
-817973
232345
-88003
-609663
-244476
-473305
-762725
-503549
128030
-833841
-473043
328496
732554
490911
-944777
259416
444413
-560452
353121
696909
267969
112033
820502
716561
731380
489778
-317525
-936635
586941
-130299
683479
768968
-897954
-404525
-840695
-142430
122170
-603419
354021
-749800
-437260
880979
578696
-704706
371890
633920
554710
-183697
-926533
-92169
-486789
341437
-980137
-666287
57997
751243
823491
740473
814609
410431
-389827
498087
179399
-287781
-906438
338704
569790
215732
735285
-76189
465933
-701975
-195211
44628
-406681
-823321
-321453
-851971
-7018
-247985
55860
506194
-906548
75723
839907
151450
-173034
663397
-108078
-358426
73828
502096
-860339
-746773
-785685
-766777
591931
784105
448956
327216
-292084
-85112
625241
512705
959517
-781440
689384
-361936
-633410
-317634
390079
422451
-811441
483531
-501826
-971535
-365020
325140
691863
526903
966714
-234309
28998
-893625
18918
243314
-660402
-389152
27419
788554
938065
735335
-296559
563306
248040
-337042
781866
-62576
301022
-851544
619790
-308900
570907
808349
-825369
-930920
836815
-190388
394221
528678
-663485
360935
-705632
365514
467310
313286
-391173
806908
924135
636246
595462
862199
371581
-701097
425504
-380380
-38139
207370
557044
-737118
355827
176834
-46017
-73267
-14817
128615
-4186
-178002
938228
-609965
-649325
-725258
750970
-354956
640256
218280
958330
-750917
25188
882465
885329
-379351
744664
256909
-80448
170167
876530
881414
-622463
433574
-855704
733364
-389593
98280
-339903
595590
-773106
655912
-582413
-834879
-954054
-231738
-560136
796917
413307
-919881
15196
371636
-670798
-959617
254101
-785469
-338967
-1236
471441
580586
-831069
347970
461999
-453532
-218456
606295
-720168
391951
-295426
-60071
-12460
-68531
-404160
405128
96591
-358213
-826610
536455
-561297
586697
616575
453899
-41668
945778
494283
-787567
-839691
-844685
211197
631751
735901
380128
-20280
197900
926597
761265
-195805
-793572
153215
508770
146358
-859245
-559762
742198
545883
536830
-616015
719273
73285
-177312
305969
-310141
-723413
-735699
-364363
770870
-523266
-204054
926186
687932
-572304
662087
68060
407417
-140014
-5344
168681
664182
201085
-678104
172951
-652558
-537349
613190
-910360
-991467
150020
-526375
727807
-776696
296313
33775
-86836
572901
298077
548801
343771
774812
-655253
269956
462743
-227556
-67957
-469197
-820139
792030
525460
348543
456211
-273456
670440
-370838
73987
-866910
-757648
163627
-858376
392372
637253
869431
615676
-66434
-96794
-471160
-493534
-798718
-922359
850237
976095
-577612
120193
438838
194833
-947765
969641
374695
844266
495100
-276762
300476
-778356
-606323
929639
295631
-473233
-828010
-540742
-331608
564363
-903490
-462178
180038
30077
441029
708879
536543
642312
786520
386780
618406
-791092
-493027
57244
403741
-440791
26884
-221564
-596526
-478016
501674
703951
-256372
895352
633589
-960741
-577881
805580
-501482
90511
369942
-404971
628334
-450020
625106
69362
-741142
161649
-288326
-954623
-451571
-669921
-745715
55402
387323
658027
614611
-585793
-563537
-981915
-63809
938137
722036
679820
833488
355624
719080
-744393
161203
-782403
346118
-468856
-187374
-25549
81124
-562268
-956187
339983
599381
-244513
385360
-852191
85567
639646
203212
-527110
297672
-182177
-112903
734135
-164092
823289
672272
-442057
503108
505760
913568
222188
761367
74771
439785
107485
605916
-747589
-918064
-312960
-309857
-874251
-972978
-710476
-118763
412383
-562667
966804
52028
640546
-560307
-650300
-541632
326791
-916166
294276
150079
756107
852220
-346813
261867
765787
875375
23233
-159442
315160
-869282
-553527
567571
-787346
133514
-742286
-661596
160536
-452762
219641
-427081
-15428
186445
624947
-374883
626139
974647
83485
-47071
-941519
-622239
-896992
814588
-770020
-243804
76454
995768
-368429
-900313
-163674
946731
-769595
282800
514302
-556941
-583687
772017
-218536
576850
-680746
-998896
-850232
303826
187549
774715
928944
-186313
749362
12428
766617
807843
390190
869625
622431
620170
-374179
-301115
615938
257392
-201427
-547737
204123
28979
735063
-281576
472039
-848624
-509560
-746498
728226
-190305
-745394
877994
-886479
442156
652709
-957536
-744157
402071
54892
-977541
209914
-554918
892085
-167656
-934748
-482095
531230
681190
775297
-670197
-866547
-20581
358782
868517
697844
-169179
-980108
-811716
84323
748118
-2021
338930
626112
111500
-218915
278821
153964
36928
-319109
-791144
59388
890805
-346061
-48527
-276851
-280809
469378
-745621
-599620
244675
-415818
-466166
-775906
942965
-597650
921939
-226215
-577758
-889778
858108
-829640
108202
197037
796473
-780298
978123
75293
373667
15051
756185
582524
-925561
646989
-763538
25912
-629863
-44347
-504710
-375483
356034
739966
208699
889868
964061
151663
-707782
885999
925449
-285540
996222
783556
-115179
104424
-19407
-318707
324126
-41284
756587
-302207
973768
512771
-719684
-951794
159759
-483221
74119
529897
472432
569409
-845587
-171534
309375
363113
-281667
273435
-485224
10552
159434
-559776
725013
155655
-776220
-390167
-739922
204374
291127
584205
-836911
47713
-718003
-863143
-439516
-437686
-814937
720244
79093
259183
250140
-448475
-171408
404554
379991
-862034
-232333
-901676
411402
282443
108876
-429165
722668
-166112
726490
946448
443722
986569
150822
-265152
570774
313911
782562
852772
450769
-656955
-584914
635833
-936711
494180
-104985
313429
-954296
723607
-282017
425696
861573
485650
524020
272974
-231907
-367104
843810
-509240
466785
570299
-562792
-89494
556868
588030
645355
127642
-98059
427917
-19586
-647291
770963
395500
988542
834252
-110321
-116444
147681
-64616
-392838
865665
-638921
-531265
351315
885100
741710
-880593
-482005
585519
-389832
984781
155818
47376
-104713
-287314
-364594
-459358
840329
537347
968559
-179258
890057
739522
-783758
878598
573774
105921
-237846
-278545
-958695
369317
-412881
-597616
838053
938434
-712517
579762
-942159
-194521
165281
-331990
-209741
-678902
715387
685546
33785
-649208
-773813
-125887
888140
-805254
694855
778196
934269
911098
656793
508042
17019
-581053
-770504
58324
788264
-183384
460708
626316
-244950
748192
206078
-187109
-446330
-628642
480901
343930
-307543
196288
29475
726242
547080
255663
-399646
435219
450410
-704791
213414
384678
-793694
-129793
-107280
223326
289154
122216
-718351
77418
938833
742358
-296266
-306118
490549
909812
506774
-955781
-718830
-12325
388149
-26373
-816038
-582376
-300132
731042
673288
300223
166261
123697
595433
-620326
-491625
801740
249882
401095
25065
-460964
-476689
306714
616454
-537857
49071
-679812
156025
-460380
-770001
-337201
-416161
-488830
650474
971989
484797
834436
-610387
-815335
565477
-937100
484889
-268263
186598
80321
111412
694973
-117940
-638706
96067
907125
-99670
619379
213839
-483216
-918479
-737090
-163028
237547
-197470
66972
900346
386370
578142
550819
358359
62939
385255
747972
247604
-49268
810873
-267508
682469
-2529
812813
-206119
-307557
-305127
155175
788511
-398002
-944495
407889
815837
-427711
489411
-921254
409261
-273042
-118724
-523767
-372696
-732354
-945626
-821877
626005
117313
563378
373977
-635083
-485891
184849
97409
-803422
-817680
-89778
-9541
-125237
605096
-854366
-336726
-792907
-798861
-928837
-977071
-226571
560575
-898324
-817310
-712468
-17047
-341077
-85164
250599
-286702
92959
-123397
830612
-343663
-749420
-804472
170446
435430
292938
367024
617750
-796841
-642517
-507487
808256
-496883
155787
-984652
-295743
226951
-961722
477686
-212475
-860046
660376
75058
122907
-680701
989895
-626495
32597
82854
250109
-136792
739191
500690
58736
-90364
-63881
-648327
-723340
-446132
-445167
-365857
46381
-636912
137261
-797832
-621563
841518
429119
-583285
319204
-783356
-443331
-20421
291703
679576
298878
281598
-946919
-668525
-635549
303191
194683
-896359
-196120
-746581
13278
739999
-394907
289938
-706134
159927
924082
340248
523016
61342
542416
901453
-97140
-28465
-681833
-777937
188180
-125164
201643
-520118
-445588
-499479
761480
-392506
-168004
-874069
910685
-973321
-770427
-285435
-719902
242851
-545437
-114808
-467211
-251570
-954882
-543129
-911322
568134
518213
631094
469586
-578927
-397371
787753
-356864
790810
-337411
844779
-729309
217002
-654700
-967829
824496
177296
-841897
735181
203975
-612324
-550255
484074
630528
-95691
-630735
-836683
652739
-585617
-379812
741417
982518
-861599
372511
452103
-440526
975141
239856
202611
765950
902446
47390
-963359
119447
392690
-931187
-56057
-430015
-773084
-320877
773961
-385408
128868
258035
-754880
-966824
627300
-591563
685916
-958317
28625
427333
-975800
167027
-200156
476304
726502
-225016
-283841
-70888
-459067
-381395
976503
-422425
738052
369192
-353612
-318006
939178
-126696
361118
713139
487897
-510015
-28827
733017
-476838
-401528
-858546
-790922
-359845
170080
636411
-335644
-662894
-563746
-859341
-936393
211239
-143181
-7280
752173
475424
-30778
-670253
213476
-661586
-23864
895471
-722409
849440
256588
990730
337337
746574
-38098
70353
-730264
560375
211808
-521186
-799470
-618113
-884776
-135114
-281007
-448521
5546
-217399
762718
862365
775322
514891
337789
-255456
844638
-448735
82958
-179227
-553265
360550
-329787
703323
351279
-992451
449897
-686819
77903
719633
873556
-710290
-801554
-925915
-328403
-686329
-61028
390591
-134850
944518
-826808
-372132
806883
948514
-857242
144672
-306943
987397
695937
776016
-191830
-857329
136565
478383
845995
-512157
485933
295891
-198975
-436164
15523
-325419
-146453
213970
-251333
525145
527641
687639
-84265
-607209
632157
88927
20659
439040
37441
163418
-416289
730498
150815
-720353
506513
958985
-577681
-356923
437368
-731687
130921
-76700
564205
931947
487137
-420272
-393473
-659317
793698
355195
865828
321339
42834
-218437
714130
-325010
870491
-265211
-885970
-92069
898207
-302259
-361571
49021
-22611
-855058
8006
399709
-211980
-554627
668023
918942
368674
232227
850888
-144190
811955
-542585
196494
605653
812610
62322
-73009
-144556
843886
-358879
530435
714376
375910
644465
-377693
274117
-657794
260736
-676863
319596
405679
331143
-280696
-806302
776517
-612674
-887361
145190
619553
963528
-999000
431508
-579057
197494
37161
-766448
-740184
964153
88997
-896299
-394726
-380569
818078
981184
-736105
-559616
255300
-393899
701121
578438
925697
106799
-90419
-355000
300497
-313902
32327
413137
831288
-348120
376665
832288
-916612
797608
29782
120549
-968840
289598
84702
120157
393300
689976
739588
211377
671160
-996518
651761
-73540
-390416
352882
-495102
-464720
-540320
414479
180281
760178
-899423
-787393
173315
931865
-135512
-450021
764153
-52124
-652414
-206066
-931575
-621254
-916468
153128
498903
476832
-156897
238490
-311791
-485737
241973
-660030
440723
851557
692852
945621
-613163
-847469
360100
567119
912710
460677
779727
86024
392541
-355786
636003
156694
592091
983589
950628
660516
-637665
-965840
-186357
861238
510993
656747
99728
-800799
-828991
-658299
-460829
611732
-806742
-767977
557353
-419904
-615446
-82548
-852786
-702736
-621872
926942
383288
770670
-428845
19290
-72637
-836755
2879
-122009
823762
365214
-87848
-362595
226452
-576856
-705849
-673820
-377654
-534839
-332118
161518
-923108
-138860
393541
634246
441236
778096
-448303
588451
-924641
-70174
515392
458647
-299504
-913453
-522063
627859
-750207
480817
-494150
-926446
-153969
418002
-289040
-927517
841147
5111
-601337
-536507
470272
66546
625011
547165
927686
18552
181410
368922
-203352
733108
-42627
-127993
-337067
-527236
-669346
363429
-440689
-191408
-8712
-190895
-710592
497139
-117340
135440
-84859
593620
207923
-243713
-401270
606587
219781
-930998
-326868
-155208
616168
-399183
863344
-202422
969740
-340009
-469314
-72888
531999
193620
399877
862654
-442952
959188
-328755
548337
-231707
-39346
45475
650953
-903907
960616
244572
304016
-283097
843303
-89398
936684
912306
583735
-218525
528473
-815449
-355181
-673949
-845709
304811
-143263
81403
-163191
-949644
-518721
-300538
-392595
-559533
370708
-844258
208760
-668639
201217
-140288
-572545
161833
-895716
731472
878737
947587
-357927
815421
859892
-774193
-403105
388365
-589641
241715
714416
-435349
-453475
-428847
646054
383334
-378490
-872667
-917204
228916
-432199
453504
384658
776561
784866
-414125
-363727
-787680
747708
-259443
943792
626445
-311856
-414135
441865
-451965
-188327
-961241
936400
222033
280475
650816
786684
827000
-778031
432738
210334
-156520
560071
293131
-927605
-872129
-253366
457054
904433
-468501
-957072
-459294
-256180
790637
281264
-312389
417081
969408
273476
-141055
-482558
-914852
-102295
-546158
307181
-821821
-895342
93865
-994821
-673372
-473398
215513
170109
-913328
-491357
242504
-785456
255278
-300442
-881023
786778
-257514
-340317
-469403
-466878
940948
218208
950204
910355
-508316
-190852
-572203
-423167
706853
-118360
884015
885033
-13701
-22121
890212
312927
504481
105724
-516964
591154
614368
725540
805699
-130355
-574902
924676
-343577
167584
-415641
187020
700707
-474694
-594772
650910
-564339
-103088
-539942
-136542
473745
-833090
745099
357760
-948058
-268603
-664362
942154
-955676
840120
47878
-472640
431273
-337755
-747100
236972
531891
-322002
161647
-811687
845583
746007
375334
546289
-728687
780562
197199
-293025
-322527
657257
570433
-848782
824167
315532
508978
876110
-953072
844617
818264
-908747
684736
-133859
-381387
116009
528387
-128486
-647020
60277
549513
514628
248591
395095
260634
-376076
-58616
531948
-595515
-861418
-761078
81959
795839
809356
233178
620006
124887
-257844
496116
171816
-413228
314379
263069
-728493
-819481
881683
387516
708907
-246803
740497
-230817
-697291
255124
-982226
697804
-484242
-358302
-360813
-952295
46184
-222230
-713372
-871857
-426392
-904017
361321
-806386
220871
-896524
689730
-607314
-309752
4108
655756
-38244
184628
537439
-650728
-106466
-709365
-910232
662718
-406656
344892
680492
-708852
860650
-677810
-69664
908356
368375
708106
-805016
496518
-718287
-709032
-142162
-524672
511839
-38686
-834943
904526
651563
169166
560282
-386682
-646207
97720
-37409
247328
388356
52359
-89954
981701
-602749
-409463
-727152
-742099
-87272
203184
-833744
-718898
-88711
-638759
777620
193003
-347791
-364542
668332
-835953
596773
833389
-931427
248335
2554
628856
861654
356348
-273425
-175755
-396324
-885069
876604
513722
-903369
-726146
-895741
-630521
-468244
16987
572664
-301988
298090
-516047
59253
75710
676957
711463
711168
345288
875511
307941
178677
944084
-443725
-818769
572939
-582071
537580
-700486
242174
-858745
-585555
118778
654977
-488923
392633
759236
-119443
924389
-223777
-546779
-377599
-925688
-62826
681655
150023
-385869
393117
-138810
959420
268627
-830870
138096
212711
-274594
319327
-214350
143336
-143093
85164
-614490
-1838
499610
504288
-346862
-989313
-103079
-587627
-108756
-178691
188597
344465
443711
262909
-718361
125365
-587069
-104230
-481519
274122
-144810
787109
443253
993286
-181
-831341
312613
785469
311995
-830481
-129367
697505
167682
-629757
201793
820820
-619069
-901287
-766807
272175
-79977
421790
-383360
-636267
-315301
-101721
489099
97630
794050
-992421
-628248
-350761
794689
815005
-357475
-205492
983664
955139
-420024
295659
-875342
450610
-6836
292340
820854
-805044
113160
-798216
-706330
346353
473960
213694
-231857
-909401
577428
452842
-11121
66526
-449528
-217071
74106
-77776
432169
-131206
-262772
-925306
663302
-279108
-970168
-756722
-983450
-845509
693889
9714
446831
514742
204671
-440009
716527
498342
906344
190486
-287964
-325514
281086
-710537
-872672
-730035
355989
-322200
52894
-569906
600024
-514938
298888
-662748
-440244
-37810
58144
-410411
205468
74695
-255920
-100644
-915591
-809089
-585902
289081
-249098
-869375
-212577
-342754
321112
499459
331732
-397803
788922
459060
-127837
144911
-863140
925057
575006
736884
-589881
-126107
-925865
-30125
836084
132280
559465
41551
-793025
-696455
940908
-708615
-505544
-644994
580467
245359
-514369
-632111
902605
806743
867349
234337
-591060
656271
-306603
281103
-198819
-169743
206160
-623814
-432860
616279
250080
-358724
-413846
86163
773557
-854382
-872286
980532
-550836
-931379
-728083
-56380
-576373
852384
-811022
-90741
-779727
-908418
-283999
-912379
325920
124942
743892
-980684
-593956
-454927
-150427
612205
-78741
416713
228483
-828661
-942011
814638
257502
831546
960257
385216
812078
-590580
453838
-916006
353040
877466
936379
542019
-213276
-843349
633602
502725
-755727
-40479
-372333
988165
-21163
33712
-466762
828410
-354084
454497
245123
874400
625836
303112
689037
-116662
134657
649294
-731446
-53265
-941287
722392
30729
411754
599857
-32892
-46228
-613419
123760
-412626
889306
368033
546896
-483027
356198
-474268
550685
889436
-645858
-803400
343933
599266
-929001
-30232
-97623
760037
853107
-962966
409330
-878340
-16231
468044
844053
-985502
-120203
443910
-18393
833570
830491
-894634
-579057
719797
473399
967839
-763231
-170404
-506429
787454
-280968
-152286
984055
-937036
-553021
-944946
32733
349357
815091
-114161
386392
224421
7500
-629839
-307536
-148448
-615341
572261
-704539
366266
405830
-874049
471632
826774
845748
-54969
794613
-917484
774628
-711816
869971
-506341
135898
854025
-443377
582878
909079
589356
-67765
724169
-524806
-681374
-51411
482694
-311213
641054
-665754
73446
213314
-370293
-560288
-380856
-244341
911345
-554082
-398594
-143625
-759469
-316077
-368998
-471285
-446107
124662
664614
-592083
681285
247491
-683005
270641
-820274
-958836
745835
-501648
-10247
228529
187139
-369193
562776
-739415
844121
-807518
-299702
-536735
-51858
-388358
-90817
549548
468018
149715
-766530
-900980
678430
-212636
223682
343044
195281
-95033
-409465
512276
-824393
-229739
553440
921443
268613
-456807
149972
-544249
174001
-287253
-283663
18121
-94770
416635
481387
853372
-971723
-609430
402920
496296
540285
636391
595316
218715
-576246
-181002
-438242
619035
723966
152293
131311
899573
922554
-315249
821016
191166
227945
-29013
646918
-598055
683735
-636746
420067
-411036
779890
-98547
-557664
808168
292024
845256
304463
-167692
481646
-100221
-948978
905400
718778
-387220
524435
442743
765074
-344255
342316
687627
340497
163331
-121208
-431559
-865682
-474290
-29614
818053
-111035
-609548
-592983
-331146
291906
-150646
-522978
-416071
-305391
781485
416237
-823745
-318737
467260
-918345
-599959
-919960
606090
842784
845114
-738165
185099
532740
602332
-651570
-588468
-829228
-517252
-62758
141158
-699199
826207
531611
-292182
-504939
-176484
557173
-27917
407445
-748219
-246432
-176318
-571963
434832
-709059
-490308
834873
-629019
-884219
677656
-783906
-622383
-137245
748835
979949
211185
-839634
-849280
693934
97609
291879
994735
-76184
-176511
-297447
418877
647006
-740275
-609040
54450
-488493
144528
878132
-60456
-420640
-830927
449237
-585768
-459946
565019
-908112
-243851
942636
-45357
-495016
922584
-834172
-334650
-926696
859762
762960
365184
854496
-313225
-811327
-442951
-894348
835679
-183225
-503387
-109871
328282
641142
-231740
-732174
-779499
-62667
717063
-365267
477388
282081
-273379
-766463
224716
681265
-261479
147300
847093
403872
220605
706855
166831
-414212
561351
853607
-225539
-881601
959259
-389860
-64826
-544129
500269
-736544
-902987
-731472
-468718
-682486
205862
-751655
-47752
-316751
530427
678870
-83213
-244857
360134
655308
902443
207227
59179
123047
-85919
-773991
708836
-524569
-920384
-516704
-406169
-961126
93436
529005
-505254
-406295
792462
-408241
-137767
-676257
-90726
-931905
-427911
861522
-248655
-897485
540391
668132
-142342
-99475
323439
-239899
-892249
-617382
883149
21833
-391372
591984
497264
-311756
-924720
-908906
-272882
168717
620100
221865
762422
412561
813624
-375345
736305
-277103
-307250
-691607
-415581
444096
-589091
-875191
112227
268568
25335
-564334
-971332
133086
-181716
911817
-845082
426912
503801
652183
-884845
579082
743277
-157726
-252202
363377
-935862
-489780
-224063
877763
134875
-487758
-399340
827626
-179364
185079
271721
231545
309889
-616052
-499888
-664777
-180386
-471219
468310
637899
-559402
623229
64811
944399
275411
179967
523481
18688
-977760
-728722
-617935
-913621
-218502
158002
964143
916373
670244
-435197
743999
-509120
749883
15719
722425
59771
399668
-777463
394995
-780719
-248682
-136695
857181
191917
-513466
-78008
136316
761945
-898042
-340204
-219367
-875801
-68926
162698
-789421
712573
-679300
-825279
628946
990945
-260476
372944
-518176
-510594
-611337
-795751
549178
788331
-573214
-55827
-992388
178105
807479
864794
-629979
-705988
-213215
506337
-944044
-111257
-833868
-163410
12943
97207
999289
223522
-190221
-680012
398244
-561275
-689067
-862232
811669
-207243
-372825
-799668
-2994
-823648
988663
423792
120526
996276
-398103
-71996
861069
-28082
222016
-352147
-521746
277973
536597
-355613
-885437
-450461
741595
-886149
773061
-448626
-566160
171305
-9901
-255227
309073
-198232
537531
936248
2100
-465464
-887400
-9237
958329
233126
-12962
-439775
-838870
-151894
532143
383147
495960
-989603
-338881
32556
-345215
-224317
582095
-603621
-110466
355156
-52247
323375
-473540
937852
-931853
835533
-260380
605679
771781
741720
-859786
884381
-267517
-901457
117506
719521
-341232
278637
-432373
-809089
-338217
-936414
-798691
322903
96143
-143906
-901415
-321763
252473
-11880
-966607
-799774
-688506
-440147
-861922
-620358
-604614
-122302
985321
-832834
-380582
-874465
-948454
351901
-775922
169053
71422
-117153
-552310
639050
73758
109473
702637
275068
-567625
-201221
-868839
-469039
477016
383635
519081
510410
583862
830576
-929737
721940
-789782
-534351
-400363
-804461
-367184
219055
-678926
-315637
-429044
-454847
853417
642378
428000
-698894
281427
-498242
410579
-15937
776826
842955
782843
907988
-626085
259858
291623
892997
-229732
-124516
723573
-159469
-402577
933791
306181
197061
-870671
938998
-583885
-549596
-376640
-12929
-4442
-523224
-370551
-576443
-222117
910877
-74684
-811539
-105060
-297858
-968584
-322218
-389870
-594668
937641
901753
-701672
-292092
-222763
-978100
548440
374660
955692
-145380
-428280
-914979
-206383
-12164
-464574
416978
974908
530984
893755
-395643
954542
-328363
-484767
-120143
-139901
410174
582000
-108485
-912045
-807871
296848
-974405
-906118
595177
-266496
-128881
617077
-718057
-754222
572769
136564
-182501
657790
930182
805336
-806785
347159
780243
724200
240913
-615401
678741
912551
-100167
-441402
-227351
-689994
-859403
664165
-602039
-667273
-38988
-576443
-573391
-443812
157062
297728
-826735
439006
543507
746034
-424431
-638995
403824
-494249
-833660
597040
852910
946584
321239
93823
-668817
-20
6373
231016
558578
779022
541023
699176
443187
938985
-968097
-595802
-637459
-541488
-39614
519604
756240
133651
-41391
299747
-120315
534178
660753
-716491
-960072
827093
880550
892839
773677
201789
-13338
-895141
-798232
993035
335876
760347
772057
-123102
459522
215243
-184118
491425
619441
178423
949938
-420173
-301973
706178
713479
656636
5924
-406836
190814
-333324
-123327
230742
-506231
-242778
123581
-732554
959012
-889758
-627695
-839221
-896723
708181
921126
875334
-414922
380648
90577
400960
-127927
-289983
-420617
-177989
289845
277410
-471812
3323
-65954
534113
596488
-875141
-799211
-526840
355602
-305442
230383
-520818
-37996
189394
-410575
334310
350174
-307298
42490
271300
-431965
627569
-348052
658612
28529
524022
-631371
607913
-653968
658475
-114677
-125779
-338202
819369
-591667
-741715
944229
-390878
-268554
299830
303681
961830
779012
-734315
151224
-631564
599995
-498603
61138
-357515
772697
629174
-729946
-575356
287786
298584
948666
656416
-93504
-705302
314890
791820
168919
976689
611188
577252
-765027
555416
-813626
-33581
-144754
490055
-71751
-365743
755741
-920528
2694
355735
-419131
-936168
998221
-646434
693007
-731726
-221790
-19208
566858
-273124
-362792
-526646
21574
952099
-734827
-809507
928787
876362
767745
-836240
431778
954119
130179
-712977
444174
-941572
-78719
199914
-862100
923976
-444351
-281231
987808
-446131
72335
680814
-177856
850546
-338394
-610998
-422578
298815
-137643
598997
250913
127530
789490
179699
3892
557234
343459
-564331
511353
-526362
-277307
-44473
-467933
643975
-844560
-330033
567950
-288910
388736
555757
264960
-538929
236571
-912896
-688384
898178
-523894
-110961
196992
338464
-511965
-552096
-534007
-722476
627604
469886
834759
-28937
905555
346111
444702
-371752
-698363
976769
-727778
-542922
-353265
840172
168169
-964529
395929
-566872
-503458
-367500
-479767
-191841
-469323
-3660
697198
727669
-665197
-814768
-824427
-199204
-537244
803177
-729319
-702486
-225760
-823764
643626
-781059
-195515
945264
-804291
76708
-597658
-157555
-83120
570512
-122084
-687192
-996360
374459
-54692
-476127
-817383
475985
520213
879815
203654
855016
-934954
379227
-344188
-472197
182404
-73506
-174682
956644
102731
-531056
-824416
907216
-585793
-628706
-16076
-183450
213740
900804
-612939
-908345
-786389
-609299
466114
158920
-85426
648732
-365095
-565213
528546
838559
-710198
593593
217786
-54385
-878604
-599811
872109
-53286
-643168
-25160
415659
-467583
-117944
829867
-96289
865980
-353584
-882550
766783
33477
-790894
980395
424179
675221
139314
-661247
323952
774219
-226460
-147503
612778
63343
-553910
-169436
-991043
-432514
230753
881067
514201
587586
-144094
-70141
-879998
737962
-240275
23714
603941
406142
141165
370723
-560381
350271
351117
863798
25492
-509569
-797450
-650557
-735350
-23909
201941
877429
-960567
648031
-292008
-951610
-784483
938745
929457
729718
526331
-214637
-340423
646333
-476676
419303
-329954
-872736
-174556
811211
497988
265063
161482
-150895
128861
-813027
339536
331411
-463584
604186
-692498
738358
481614
-653065
386388
-810395
-604674
601906
-871650
-675218
331624
654681
110145
991202
301014
633470
410504
971060
760734
-764053
782271
258722
501011
-56247
-892174
-370129
130726
447362
961283
667143
51548
-731216
405500
-466838
-384281
-208112
-277232
11045
-606207
-148882
335828
725418
-494201
-554027
716619
806814
-920558
127122
777873
840177
363070
560144
98898
-135920
-496104
206725
493952
634623
-345913
455235
301765
705635
724019
-292735
-761203
-660262
499153
-38435
350784
892947
812684
-313388
618364
-681517
132585
334983
-874704
212028
-537896
903170
52204
825175
463313
-848898
-310745
967210
357827
-816794
601832
-988086
638441
-96403
717549
362460
610862
956347
702198
110015
-82089
52982
2962
-269406
739594
-378674
49077
-127822
956309
174373
-915794
-581588
77542
136411
-756413
-459145
287513
-67158
-491935
-354660
116048
-890104
-342746
-245511
13494
-625197
-883052
-375644
-668851
819147
734371
249061
-127872
-262667
979655
-388279
358659
28732
483900
314967
-796895
568106
733380
280648
-295484
976967
821503
992030
-90192
-670433
-362630
-974144
-560536
294624
-219654
452959
669428
-102705
-922686
-999423
-283559
811686
249638
588570
-450982
229293
-799710
907677
-741976
684191
222644
-538871
252296
-43977
741777
956813
-67011
563280
948842
842798
892848
-413789
868655
-667688
880836
-351000
785271
550263
546295
862586
550841
-737264
674272
-199522
851306
-776711
-970230
-948405
-869034
-712206
735786
353610
-251076
-11918
-690367
-509299
-55106
242622
-946019
-106264
85420
946829
479947
-45926
-720860
360783
603074
-935589
-88954
149369
926998
-538114
412105
601269
262364
263410
824558
292134
315006
955525
579929
50792
309135
-671147
-961127
618768
-180446
-16232
-138610
-126465
877504
946810
-179636
357451
-99117
99504
-281766
-496043
163916
629280
653327
90913
-908835
65431
-307818
353529
-671159
-483260
-354337
643847
-527736
-774409
-305361
781399
-445555
-266487
400166
373999
717281
-738445
-752467
594785
-791635
67898
-47764
109249
-832599
670470
613207
331318
299749
266533
-577769
390915
-668036
114413
-255557
-339195
631153
390107
-695348
-896584
615699
-709
884816
-829857
732804
284982
544142
450085
546538
791676
44869
754903
-140427
997106
-135849
26975
667576
-522643
-641707
-32675
743890
-219476
-641761
-924147
894937
102683
-263341
526090
-507211
41311
629507
-891512
-959399
514322
-721369
773406
-200696
822774
223490
-654159
614450
-731641
-899257
-525977
-734536
-35106
500998
933040
442251
859292
-99635
186141
-360185
258604
261995
-465248
-638714
998654
-939159
-145924
39964
690349
-37435
80566
204670
241196
-146029
-996027
63970
-922540
-650185
-321581
-654181
-549442
152442
-388717
415452
-346560
-455677
-142297
-487269
444688
-956156
152546
-296708
305839
687299
64579
304492
748141
918656
-655545
438489
-118780
425022
-356841
-877585
-721008
-352867
186385
-643548
-3052
864805
-297729
447506
17246
313555
-137042
670686
857879
720662
-816584
302567
764506
335963
-994142
70344
23262
70437
-625165
-228598
-10908
-280709
-790110
870312
-855688
-146951
992728
-576695
500183
179113
-220243
-502870
43917
482029
944636
-938838
-204416
-192406
731849
-346537
-471745
915266
956030
-707240
251229
961889
363104
-725510
32325
737940
45892
-978583
-542769
255783
891730
-398456
-891168
884457
24849
609015
63570
804606
-893856
-892514
286635
-949220
-831352
-917781
-141626
900498
-264318
386630
815763
-308288
679390
66991
-346400
42494
341481
685925
-219567
-612627
707343
237665
643156
599072
839209
751989
483529
-135943
361003
-452902
-331337
467148
-345416
955298
517929
-176767
-962483
-623697
-276269
-226801
762933
-460507
464911
442322
606484
-881490
-515184
-52035
804436
265250
335338
511779
-497086
-21506
110851
-657878
-269518
-405621
206179
-908515
141478
874843
558633
796063
830140
76561
-380704
867658
452864
343027
-359144
215797
882520
-894233
-341881
489004
-775722
142935
-563031
-971286
-591816
772308
540493
-88902
-249199
-348657
253220
481284
245723
-540601
572769
-612799
-665759
131402
-816736
-835619
-792037
-197440
-967962
660828
-854413
-327105
-123376
-971894
-221337
534743
517111
2942
-322323
954080
31656
85862
726388
-427851
996960
-522812
223493
250180
958472
-530784
709580
531241
-143583
-956180
-337357
39681
-791798
-129394
842242
-759759
-468567
987829
-86863
408057
-984065
691800
-57200
533046
-305258
620477
487126
726398
-293661
213513
-701454
-296702
690702
522040
953479
649174
991256
663058
180415
-152328
706879
843058
887354
915081
-286337
729595
-844678
245097
717423
68459
-346846
733358
-239741
595954
266404
455001
216431
-246470
181399
922770
967044
479946
-373932
657745
1985
-420454
306918
-6760
-757397
-512668
840913
949483
-669610
728266
864563
44053
457861
-980115
-710850
175283
88344
-57696
-91359
848604
-461743
-824956
303604
754689
-71425
-514998
677459
-104382
964949
-696474
-446638
-33067
-116927
860281
960174
125676
-652387
801086
75159
-321997
529352
-60279
722057
-12788
-40393
-988794
-837505
-952050
-46490
71136
896554
491768
246181
200158
246457
-825245
685161
-76085
70373
650109
227442
623736
-382958
-889486
484016
-422785
236191
831630
-621699
-688651
-490368
907653
251071
-768311
-105135
-789323
-757105
57360
-741373
196406
-871504
-844819
-311827
374677
355340
934631
549433
40500
-141455
-380194
-309391
-914014
-756459
307652
-803500
727558
884867
432691
559187
-736832
744041
-931181
-829179
-4889
-699492
65686
205788
-456596
-876954
464416
739810
-748458
619597
-572017
626220
-25063
-637387
175652
-984563
221159
795459
-293954
307145
-961001
-986302
503646
766557
898565
-63663
325744
-838267
-319623
394563
-667446
675489
695072
398241
-118724
-761524
521287
-654309
978286
772830
965289
-593731
399049
-59775
-231118
-425299
-44338
990041
-629841
661709
297186
-590841
675407
-199168
-824284
573972
737170
501460
735705
-582453
-103977
-931741
-906965
-408906
466500
-25688
-170429
-12214
320003
-192144
-239384
285291
214125
-840335
-774484
983008
-265633
181179
973049
104527
-157112
270234
513686
-481706
-928934
689402
-907734
808237
190861
827972
-774217
-913116
896231
-681181
-322021
362731
293131
507550
-649483
-386867
-684595
111133
898425
529531
270798
-876059
512538
-994836
305120
485587
109691
-851993
-244180
-376623
-333698
-173113
-687222
-241431
-364877
503640
-413460
-139093
590525
-517229
179726
-731497
845503
-527143
776053
-803981
85991
-908542
307152
-15585
620990
-422050
108357
133528
-416886
-586524
-380886
692806
-438516
374935
-683818
227787
-798179
-371039
986356
-163055
-867399
-427104
697853
723126
55668
-122422
991630
-98830
350436
767682
97189
-563574
859141
-595659
420841
480130
-17709
-470803
-386343
565406
-57326
232772
258211
504159
-392294
574394
-268055
-190472
-796645
-281699
646473
-664044
291197
344325
-940918
-653135
-778097
-949289
248035
572339
818394
-654776
-991236
677534
-250435
429606
157664
731856
958804
771322
297261
-98522
4093
-444528
-594364
611799
-870135
137581
-578673
-666779
855882
-932200
-330822
147079
412125
-271740
493944
634029
-221028
-258021
206368
-402634
87203
215133
-725101
836768
-355261
432564
568624
-396458
203885
-134116
505020
-792022
421356
910656
819778
551222
48237
-758896
884444
-95881
-691096
-446379
-948803
721030
281882
545142
355059
-939147
-712880
-438573
-341781
374323
776560
-66881
211091
-578702
-634317
-220286
24841
569569
645598
-470140
777547
66954
-559484
597324
-381824
488754
838429
-497381
-607128
-852667
56241
-555930
868364
-661878
989212
223422
-601024
-723669
784849
57196
650655
561409
990316
-138255
982707
-644002
641459
7547
925567
287057
537408
703114
-645989
977924
300438
-27812
466677
138866
474807
859550
286200
-468953
-696381
154563
-130830
-707169
-622016
268146
-430837
-837167
-674659
-780183
724242
-684344
81563
706948
-328346
-276978
-285505
-402779
-989921
-748098
-699666
-635910
-770174
600772
336279
696504
-260362
-188915
556053
-974163
342133
859673
180400
-788697
-847497
558385
479449
-278334
721218
804790
-58516
445460
-879554
-976954
152408
-207899
-253931
866903
389322
-243852
-881195
689657
120238
-651368
290428
-543483
-954865
-969935
267602
601189
-944097
-390265
460862
236304
-178962
613365
-205312
-699513
-664969
-484094
-894723
276516
961366
-774277
299563
113774
17824
-954369
-19324
-592854
-198221
99482
-903198
922018
448114
387231
-621466
493250
417297
646137
94438
473200
-744128
-444701
-290497
76911
-831336
504192
377398
-496304
-979903
482675
780212
981464
708399
79774
95237
-273777
125406
-924087
133369
927185
175395
230172
849202
-376491
-382598
-772264
-883242
-965302
873873
211196
507898
-870256
766496
-782599
206655
935161
721593
-415947
-561144
741691
-933272
-780932
723154
775127
298843
-181609
-498650
-575752
-105696
634719
-648568
-930301
-135110
-799366
-306792
482292
-571630
-190034
516991
-697757
-978838
24888
-568013
787659
242290
638643
722819
-36118
-777305
-838325
-294428
-710577
-619257
-571274
-935450
679587
247117
-434100
-896166
-858579
-799381
-544733
-788880
65510
-344099
-95671
-452198
84272
714296
-935208
386515
735459
89681
818503
523117
-668030
457145
245935
295852
679841
407611
-998576
969265
788354
-569850
-966185
467941
677268
-400285
571775
818689
-199665
-972958
-970191
865845
-317056
-65862
-586354
767216
-351567
-521562
153731
-616109
568119
-27767
907009
900089
-570622
152944
195941
-890781
-439446
197365
-921517
-651092
627516
-887701
816849
304783
-287986
388624
123472
512349
415666
153281
378194
-901391
-912581
791840
865825
-264147
-729722
19556
119745
838398
991789
26753
738487
-578833
-820304
-65573
-469614
-259750
-868208
-391130
89159
759309
-278831
-93993
64092
433184
-705370
-812437
-54467
710296
340845
-676274
808906
428265
-884434
674731
-835883
-614155
-305714
283862
-775758
-313925
-689385
962729
107242
-509689
-102844
637629
230562
28949
-753502
-680280
-211743
-32332
225728
852349
-599149
520359
-960088
346385
230655
380757
670112
39560
-190979
785678
-285710
-26861
-828478
408576
-743000
-604235
-905350
-432385
-641506
201893
57927
255650
-160479
-711511
-715401
86020
-391791
72856
-946313
833938
-74795
-545461
354296
-34883
800924
-415050
-654126
471035
624510
154896
256713
-661201
-871966
428236
747376
-614965
824001
842027
-47349
-817506
43919
-989423
438145
883440
-700934
722745
-30540
-92724
-204399
23147
-258787
720806
477686
-904491
-314077
278610
-319541
31797
-250355
-695031
-813308
-993643
-356231
-685273
434594
-608856
-300238
258594
-766829
652413
441089
277090
662991
-120766
160530
962057
-398021
-870011
-130667
397580
153137
610547
118385
-369177
706056
804308
909433
-613485
-163895
-340922
-308516
22798
-334564
335253
337526
-899971
726398
-962713
358624
959569
689701
-200288
236659
352691
678947
-602811
314748
-719075
-472822
-815920
678505
680316
794628
-203110
-688862
500684
-398802
-779429
887199
437304
-120351
-421317
-539898
545085
913937
797628
645115
640335
834915
3738
599904
524615
803451
-163438
-122695
482397
233752
-807948
763323
760930
-623867
441828
441246
-829239
-761283
752385
671445
-160084
972956
558644
-722781
-147395
-862673
-262679
-602310
-948737
-465052
-957196
691599
-630137
46542
291502
894479
-150008
-871936
-228217
-667611
361816
-36164
-904289
122746
339970
537540
-436009
510731
776258
-683625
182175
-383827
-710669
-259181
-106607
141936
-121854
630715
539626
-70590
-834337
582431
-378992
-464474
-371027
912510
-569996
478965
-959426
201788
811355
402390
-834376
907067
-474865
505594
444606
89127
16324
220863
405502
-801501
837037
694834
-60681
-269570
-163231
817465
-638856
-623605
-253126
-473192
958826
367882
62334
-412202
280392
492339
-933237
320966
-305873
878118
-276644
-140249
785185
248491
-634656
229790
-662382
381669
-549347
743120
580169
-712310
437953
-480513
18120
-725278
-663049
379265
-348882
83826
906073
-390057
-548292
-31593
197742
732101
-539255
264506
53066
154872
142624
776423
-985377
-72192
24913
-620032
-842402
362532
761637
-391749
105651
341805
-104059
-456396
861293
914062
-181673
-801756
293326
469445
282070
199398
-920612
733778
-832196
277131
465878
-371450
-458364
-481056
783423
684260
-704634
798046
-387932
320280
-821987
-230334
-317189
939651
377918
788463
281456
-726142
-667933
142748
-812080
150395
340992
481246
-380161
-376939
-319356
-300773
-643161
-151552
976358
822718
476998
-482006
-658338
260420
-797746
-362972
58466
-185678
957309
236479
583988
-359880
176129
-38094
-571417
-542416
235765
-239350
600333
423685
911046
-58676
-95070
-469116
564386
585574
230112
921226
-565978
206470
743943
911021
724464
-914396
171441
926718
-277367
-770094
-258961
-320059
466386
-674973
320062
-357485
286933
748645
100099
-477303
-490705
-299568
946383
-579660
641756
-148688
-48775
206142
-563114
-818664
127367
-129092
387806
-128691
-218072
112269
-43086
953369
38987
679547
-816725
780027
-640512
649661
-894946
679550
-707825
391987
428195
392275
914685
937491
-907294
861067
-642170
734463
-287621
309056
-59396
149266
490392
-932030
-979826
-121803
-60720
-197897
990467
896194
-244528
29453
575740
-61253
-190520
935228
-411592
-85466
614778
-119417
-693479
42972
-727142
-778795
-19537
-634436
-917728
338293
-899973
-205348
-352652
40631
943918
-862260
108602
964092
15938
-952119
-233805
6404
944075
521667
-964143
519814
-539587
-154662
455042
48821
759872
69820
929405
-933608
-887208
-797738
-712402
93255
-432173
-630130
-568452
-332146
164523
78897
708486
108441
216637
-182913
72533
-767426
-135032
838728
238979
-190958
360394
274837
-671144
820808
-879826
783899
-130371
880046
-146282
-200967
946439
-33489
1296
-765964
-940235
569123
-396093
-508687
-763023
768430
570210
945463
-123130
-213153
-237451
949404
19422
627518
788131
-741600
-563441
148525
533238
-234584
-30668
653413
-450685
838961
533458
403034
-362006
479896
-630456
639290
713933
-570691
208413
-682161
-79377
445391
-913732
-509167
390853
-36861
277680
-846598
-87458
-702899
780920
-299327
-444498
-782521
849198
-911261
-17104
-181471
742152
532211
-342510
275610
-64756
295484
-244494
304788
-65226
-530562
734098
-856814
-212723
-345280
588577
-126454
145553
-20570
836686
-576767
132832
-250773
-279666
-86249
449901
275837
131231
299098
364577
-885874
-882373
106729
646337
-224883
-617662
-418419
-929399
137845
886370
5375
607284
620467
148562
-605440
-724813
-262861
268107
420741
716569
104792
843974
-150599
854020
-435692
763153
303920
840145
-105617
-396982
204721
8509
-279355
-688550
-345154
495762
-306211
236427
566364
831634
122797
-428262
438917
-256736
720301
833478
18452
-542561
101585
-560808
-825992
-793624
-716834
23409
-939604
-152526
-213438
364317
-312381
680945
967335
892341
-310546
-312021
-796210
344300
-816259
-102421
-419273
750105
-270787
703525
-678157
-831871
-553212
-957857
-998393
465240
-500417
103192
904433
-326409
309569
-812402
697001
369966
35073
-516438
-265718
722693
-835494
-298384
615033
-146039
389596
818824
-801740
573338
-283597
-221012
323443
445616
-517488
645287
613746
-70699
687430
615353
-605460
-812988
-281455
-701027
-139396
-971886
-513429
-442396
398080
521645
41166
-867639
244337
205673
-166022
-140630
-940367
-776426
-321807
-742106
796913
394596
36882
120355
-159788
519395
-234359
-546043
-551305
-546929
-930690
-156764
-359916
-212145
142210
500688
-184030
628781
-941708
-785950
150426
99458
-653589
-605237
-694869
180390
254133
-635236
403965
932327
-377342
200877
326922
659541
-678768
-832867
178935
86873
-378909
627631
539945
-309599
-529133
-819971
478257
613077
680718
-705774
241858
739010
-491724
-607716
-161532
-145312
-212953
143599
-964922
-958821
508364
439043
973506
-868979
-360080
300428
790563
-38848
467562
-30502
-951975
-911348
-402871
587970
-220947
67996
767999
-742690
-318927
448716
-448464
922932
187726
59813
-684785
-973807
914502
102262
169793
949580
143441
-321844
388623
116947
-190822
-971458
-582626
-400260
-10305
884936
569238
37720
973589
-833634
-374310
-247359
234363
-606311
9951
915436
842406
561488
838367
30131
-378699
-846418
56325
-464198
255844
-773883
-514618
-600715
-95726
874006
516233
713452
902549
933607
-686809
-107757
818543
882430
929964
792131
-951205
-444347
-455228
283159
-50658
554724
198594
-208252
116212
36961
821879
737513
190544
-121796
-726686
-553613
104321
-241303
-154327
-991405
-367298
-638095
722047
-464750
-704488
-964762
427493
-885946
917668
357456
906186
966463
913109
-549042
249621
-137549
-994319
-551785
654199
121893
485177
476078
-140594
-324280
-645719
132721
122108
458603
891418
967781
467198
-475881
-670314
189245
59369
-374802
224483
-513139
-260747
142150
844318
-354562
108613
757427
96397
-641766
-380122
102078
-193550
-725923
-776029
-708373
750155
83378
-32653
-895564
-783902
-910545
563040
-892485
-942764
30238
-368366
-613078
-780517
691003
12120
443966
-822136
751374
-413884
-977818
-603188
694729
779609
493209
-947037
-600514
-404713
-140587
-326437
-180741
151041
-576282
902637
-881613
-471845
-881266
-792157
-908805
-773751
-734921
121434
-142117
-347999
340917
-451114
664122
-215117
-273249
415495
370999
-251067
812307
65728
-471459
305515
118691
-71972
900803
978105
601592
-279939
129145
-974690
-377303
247533
-446535
-258569
455376
-355339
-32320
720455
766095
825564
-627544
107011
-625550
-963423
891894
101201
452073
262893
850135
264380
-671380
-621324
-430105
447312
306704
-529303
425417
-91704
190758
-445439
-66394
813455
802095
487072
-445115
257471
-868268
522566
-22075
897827
348130
350382
4838
722581
386959
-103268
-176218
-160968
-840376
-326084
-896589
-511755
52593
-326694
935557
-640703
144003
360973
267593
-665240
915535
-798802
-851785
717630
688271
-296899
-24900
820003
-774333
953026
717830
573797
303407
-277332
296378
-309635
619401
-879841
529398
779026
-205924
632809
-732730
846669
-693885
-797173
-794035
450119
563801
473558
784879
479335
674757
933095
196965
363027
-363805
-827936
183030
-138138
-874911
-99141
-564341
428496
623528
732037
-881139
242928
852196
648259
21953
-353729
281068
289224
-507060
587184
492051
-301095
37302
55851
-827537
-177819
-464814
847220
-244725
732151
210247
391470
904216
-606724
-746668
-970696
294136
-311009
457801
-82336
-578972
576663
-839409
-726777
224922
182545
-80505
-494011
-528232
412435
-906827
963820
-888660
130475
19671
-716197
952656
554857
-868977
-292069
287008
341270
-900599
191224
734547
-647267
220529
28683
41725
-321671
946347
462753
-745008
-893062
735977
479914
289484
-344529
985904
761252
-932094
-920924
725072
-820753
209551
-255258
-536950
162207
-700401
-405926
870138
586608
935344
969540
-222169
669891
-677728
998361
-301426
363997
-323310
-355080
-173250
-68318
-248141
-437274
-588405
-958658
218197
-602501
802595
286104
-523425
527666
465351
686127
-727592
928402
-151666
-427993
-477525
-281528
-841385
-542181
-311989
-63553
-872290
10283
-65193
-173716
-625720
611497
471205
201030
-456821
-776937
763756
-45226
-735594
-18047
352274
-933000
-731943
828849
594667
733409
514976
867076
661810
-636691
-560917
-815715
81781
-402302
-357896
769793
534145
-230186
-219925
-531048
596099
154356
-919552
67303
-644614
-376372
290366
-880858
578403
554773
101096
-69324
621773
369153
-240475
216440
102561
-725500
83515
-235629
-362190
522598
-51343
719592
-879704
590761
489384
654442
-639425
-730541
-876607
956674
423816
-796158
23977
779202
-172530
-685658
898344
-594128
869115
-561
336548
490888
-631408
-903928
-292672
471154
-629427
790844
-764475
8383
313442
184182
-272025
433738
-225057
-782642
88179
135519
-513182
211573
92193
910634
415415
-883831
689835
-757115
-569489
588179
-351243
-700374
-412382
985306
790515
-43790
-918622
-502158
-572636
-548049
-711314
-337111
460335
602128
847071
-811691
35866
-377987
-594332
-875955
757532
-107514
335618
-150276
-196880
-248967
-34107
-507046
-6082
396405
-918867
642676
696032
-331249
627981
486547
624962
709360
984390
-947675
-838690
-726925
-284786
621646
875204
-437716
809956
-88931
184298
-784376
35114
-58170
108110
-629269
791554
911231
121765
-242553
-595816
-884318
-846148
-514682
758358
849885
154069
386339
336431
-220969
95698
320820
-168644
257009
593896
546571
-121346
469099
-891145
-311390
-619833
293153
-95766
415281
-765018
-987656
786013
-973464
923575
-92223
-216016
-672241
23460
-62163
-186923
-218183
-212279
967147
-831845
-875849
-253823
263853
444972
577534
-479139
38867
124104
399516
-492035
232959
-911874
-111867
-473888
-7640
-696587
-238905
4704
-910574
-212368
-71722
-2796
571616
256038
-979337
-490548
-930886
-197519
297174
-963739
-29364
421325
-217561
-765511
-133703
-640028
-244649
905164
484077
-845133
-586871
-282964
-757007
301262
243149
235353
604676
-995757
-759943
694103
-208125
168336
-308694
-636509
-575627
-288030
-127057
-506512
514451
-829883
-470251
-514914
591442
312188
-280424
-542261
672161
474927
-637098
156237
629795
-223968
873274
872788
-922706
116422
108141
681970
120665
348198
376073
912541
-483467
-932621
-723969
-59094
-220651
148975
434394
-706201
319092
964144
-221114
-89466
276331
498462
368273
-51508
-26611
731176
-895272
-396817
-492793
978003
-524029
-415498
94424
584112
-733528
-784911
-67691
642545
-872371
448843
709924
-596339
-610251
-510728
552636
824144
-216928
-128272
788287
561958
782262
64618
60420
150535
-986891
-966191
-118290
-882162
-363007
388918
-904160
112964
973420
190265
-302924
-760108
405355
629386
882437
532984
78228
592361
936646
467978
-918368
489282
292121
-135295
-638991
80408
-573337
-856729
-854974
487083
293806
-841865
520893
-824484
-724026
-842115
564435
-628185
270850
537854
562080
967926
777746
-32566
597311
660183
-499582
-324461
252543
-562936
-856483
334176
926346
435638
-801120
-712646
-483954
-374456
-569374
-338928
-887374
724433
-180793
633520
899949
95182
791405
464383
466997
62255
2237
29076
30180
-220017
996511
-372509
-559834
-503071
303031
692709
-66007
446548
26885
-139662
-117814
225766
147693
398232
851310
578320
-940697
963937
302752
-121489
597456
202700
973694
388861
-332917
440690
-548885
669321
-530234
481296
-550697
-533724
-891214
-110531
-36794
411818
-417822
897199
-141635
609063
-242463
740552
-165171
905231
138783
-313862
483550
198087
-349926
-213699
-923402
-752471
989002
-949709
636391
-343916
490982
-912495
-674596
960748
568801
-225292
-572976
677588
664178
390230
89405
-753645
287429
947771
855419
-955035
688323
-309753
950197
-172894
376386
433746
-974807
-973540
-779954
-898209
-726011
-790952
-847917
910381
-134868
643065
997886
190537
603813
566686
965246
-969164
244274
629423
421066
-666321
875779
-291506
-718550
731197
-246540
969773
-578556
-296344
-203122
797830
-862599
-177929
824291
-642552
-76137
-901721
-433504
75947
-991341
431629
-280988
-993455
-377834
-677176
573232
-412589
-646340
-182495
-783166
774726
151185
-907388
-516780
432635
823809
236680
402407
-754747
940336
-800715
-956917
-922263
21356
867374
-564815
945220
965654
1682
21166
974314
-566689
740178
980859
55477
-936998
554091
642889
-583338
-628405
859723
-808612
522780
952335
-325392
-44585
776144
911288
-642179
-978604
851623
-442893
-935520
929361
578463
931855
-635455
523683
897508
366228
-455151
871822
799539
-714973
852680
-144985
-651971
406771
-502096
-235309
778366
-642374
-43921
301146
-690039
630687
-743440
-913896
541975
-385618
-892499
393598
171489
-828018
322958
-250048
-896164
687503
-726366
-998657
53731
-181517
873165
-146731
103510
725845
708285
451539
132615
-793812
-783770
-89019
-436185
172310
-787873
-126224
-197004
-531313
-40120
-655030
83070
67382
738569
-745442
239364
61526
4511
343200
-250971
278145
344543
802760
-903372
217708
-343972
200139
-56447
-635688
-348322
-923832
-429499
-132092
-12851
134316
-959783
199277
-991909
-156786
667965
-32028
188185
-248966
-964647
-73247
5593
274717
988280
-989897
-382083
-262692
288249
962461
-459933
384878
180168
196096
-414984
-876279
560409
236694
-800111
-869091
-895398
187039
265225
-855180
-613685
273317
-11965
-945721
-758712
-823781
-194686
-723359
102973
810907
551359
91252
821011
-830725
828560
109260
-868264
-631373
-505863
311904
564723
79153
435626
125131
-684153
635515
256041
-579550
-177446
-478735
-434729
208870
794582
553306
263149
-964130
729525
-931537
-687488
-167502
879371
863871
923750
700381
-966854
752309
-190359
-835118
-879064
303778
476787
685659
-617069
-87587
-189210
-301221
-452073
-933170
119229
370482
-411904
684500
-420649
-617322
237805
842501
-581452
-32670
910964
-268940
799828
790334
-405069
723578
490715
-371922
475886
-699645
-207039
596823
604134
-730252
282481
987065
182161
-906729
-314157
730088
-839898
805073
100569
-251802
489573
679921
130876
-272623
522421
549425
694708
433384
-719516
494536
223718
-124584
218113
-285567
503494
-306001
14789
-703546
-709179
-381078
-433798
573303
-394013
748363
666575
291831
478451
826677
96903
-420980
-425125
-413525
-741060
705751
313853
781362
255175
8561
214745
535660
-496904
-561537
-588925
721210
152896
914570
-584792
-832315
-788977
-293970
-213392
-222774
-720667
392595
-474411
945908
-315575
-995960
772585
781328
-416939
-652541
-632197
-157998
-946790
681656
-376637
308385
-309784
838108
-155955
193313
-723429
255121
-85478
429468
169690
329731
597153
380714
-964240
-616240
-842061
-684906
776356
-316471
-738999
-539220
-312431
-966415
-757892
270631
-618956
-390088
-887368
-565745
-708433
-264005
742640
-18216
-425897
-413315
-824904
-149326
841806
89619
-719859
11495
-580651
877295
-607791
-544890
-738945
-449852
-229796
-962590
233678
31205
-501809
921248
64791
-259700
191878
445836
350212
304510
880091
641780
-959495
622731
-376437
-385392
-790584
-201340
465283
-948779
888279
745425
62717
-692373
622720
454926
-237263
883775
-994926
532942
921185
238752
-435853
-580625
160000
628938
159676
-648122
74774
-490113
656389
-45135
-848334
696894
-422404
-224770
-688498
-212988
573890
776786
-161767
462168
522210
900951
769795
144930
355876
-467468
28704
360951
-934527
-50112
-400297
-370380
369264
759703
-741442
-471060
-888420
333333
38827
767969
-711803
190494
464863
-134207
965724
776365
652805
539613
553151
-508962
1780
75361
-608012
-228425
-779710
747865
304108
248994
108815
369581
-801118
708518
999202
568147
468221
-742241
-902914
579802
591092
135914
347770
879290
-673593
-187367
-254918
-707870
-411002
-602113
831744
-857852
-111075
-166476
217509
280914
605099
437799
28778
-90794
-313208
-862407
-721213
-114325
846112
-722012
-546179
314332
-464252
-449093
-105867
-873160
686821
-758097
-993871
-986772
54536
-248788
-694642
643534
149099
-862898
785683
-961976
-29374
3191
318938
-424276
-559011
-652285
484931
127782
-514691
763719
-986544
-668580
-958294
-532723
645752
-422545
18185
-460115
-295704
-294994
-218211
-289574
-281766
836325
461638
23593
479859
-389263
160695
265541
-351238
-868680
-731268
967700
-292955
-290278
-684585
-808025
837504
-199276
955694
850961
132144
997401
-681762
-222104
-425144
336423
317782
279152
-958571
-900430
989578
-240336
935896
451216
783257
415755
-938047
-56049
-318704
-289285
75272
-49972
-321585
782317
659750
-6170
974293
497254
794555
929987
348214
