-215702
-516894
-16364
485878
-722612
938105
-4111
-686095
209456
219893
745400
848490
438905
-628573
-810809
440893
523027
-378736
-484399
806852
-902862
45313
-688664
766262
-395053
-933598
-139111
645263
775175
776660
775937
-440528
-740234
-240427
-954650
-462845
-302323
41239
-148939
907133
-738869
-403539
755622
700037
-32111
944814
140929
-509085
-433923
656531
-702234
-336784
-298157
-390897
-570523
306791
-324495
290367
-47947
-549320
67027
-272011
10153
326794
487563
55503
863949
-814761
-903259
-284990
-907628
-642127
311471
847994
-942091
-720641
792808
198839
-229725
-641115
-144631
68041
22101
557212
677145
451579
-135997
-647350
-258055
816056
-196670
808972
-455955
813484
135765
-968393
-131014
-286
-783154
-34272
714724
-690782
323602
26194
-842788
381511
305554
950020
-419650
-924172
-691095
435719
143870
331006
-7069
-178986
-217416
856934
173664
524530
672990
976994
333501
-782966
790478
-530734
-751358
-340537
468980
-534512
625192
183704
-225293
-51207
-790103
-68080
-669696
515451
-118060
-89345
591280
190845
-653627
-264851
-478150
339305
556163
304435
196239
-270173
-171036
-130772
-293179
-837535
86263
-502702
-368269
334905
156762
-899289
800394
-218047
284415
-424900
730747
494313
507020
-938949
9763
-611040
-28294
-398957
579805
318080
336192
-898345
-342615
-107645
406090
853624
622182
-764946
-277148
-670998
-602481
809116
-173700
29251
144021
983062
129962
-55586
-234985
-585624
519515
-504239
908689
26535
-443187
-81548
415495
528519
519495
-4701
-153401
-144313
96954
503984
748042
-496956
357608
370223
-261902
-919541
699226
135618
889576
-474475
-835132
33596
-491413
294830
978010
273602
709207
497524
769364
617896
-475941
-673824
-463652
939554
854696
-944157
-65147
-298706
-88470
-968193
-794722
-340429
-465149
562886
-970206
272950
643345
729020
-591433
532921
-745455
-426565
-433484
-236868
868266
-455475
-963266
577473
-957951
806099
195368
-433892
-867725
731717
-494338
986971
787560
440515
-311735
-300911
472322
-106457
358660
-992827
-543571
388455
280123
-900226
117474
688691
632695
372019
-737874
-800790
-864849
-869608
-256265
-828115
707865
-214215
977984
-96767
351894
-889742
-365051
857556
-902771
-577492
298070
-214505
121598
-229608
679039
-519742
-222434
-864533
868713
-942311
-764759
-13814
746380
867936
-641795
-991494
-932855
-506643
-861102
-189119
-334758
846763
596667
-356774
-250004
-51440
-246515
384946
-193884
-149285
807455
-895814
636210
-70948
-125422
315249
409310
652145
450716
278023
709834
685958
-735792
456214
553893
-377586
464720
621039
115771
603619
-568080
781014
450382
-971413
-575760
-799623
-22852
177725
585323
783264
-971560
392777
887450
664651
-678171
-237972
-20101
731139
-585828
-569386
9162
-875995
-883429
273371
580220
670465
895785
44940
291504
11556
-351442
723425
-207430
-901061
752013
216810
-700684
-270840
-605465
884640
-487577
-577025
277417
-600128
-912375
599246
161900
67525
330385
576073
498139
-660454
700079
614711
612917
280298
285176
508702
-674763
-423320
-479742
-26205
-699895
312828
72734
-947883
-470363
372051
-218723
-75827
256691
293701
347149
-465893
693573
434774
-866647
-144527
-497702
463739
-568455
-999563
803286
-868377
615149
416203
411922
-99675
-75096
737159
477005
445162
-289046
777111
-242010
783688
829228
287627
155739
-389495
-788200
-587571
904206
558949
-53463
597779
-6277
79890
-546748
496022
-456371
-115203
496459
-653086
16421
111608
763117
-571658
-988068
-311980
-834499
488938
-866818
-123545
266048
-108828
-339857
95276
-821201
815882
705782
-609401
-771689
609988
949548
174848
207767
-56730
-745262
661019
-560709
-201633
-454184
935751
145281
562237
47359
-91603
990580
59291
596418
-843920
-451771
729601
32535
814277
-379228
692678
-90447
-200428
508560
-384666
190171
736871
-774678
139719
-88282
433089
-917011
166456
94107
-477719
964823
639923
-541969
110104
202160
505391
-981500
192739
-435319
614919
348820
112910
344519
-618645
-72813
965291
-925968
836741
-235137
582593
-547926
955034
319463
-322604
94753
-768819
-889515
177742
397638
204592
700023
362460
-155485
-841946
-527437
-953326
663445
-508936
239414
-771874
-894018
-411767
341037
450502
-30412
-731777
415793
43621
-895036
-819345
-373787
-442962
-864312
945677
234435
230441
-823143
344920
-591817
574495
-450488
-891795
-63045
394027
-733740
409519
440701
929705
900583
-319886
-842169
-993435
268348
498868
457067
-762065
767092
-127141
281556
872056
53514
907770
-570906
189203
853446
663530
-580356
-969698
8450
-172173
604798
557962
-63967
-458248
-48012
202293
951271
-607311
131998
851854
72804
289830
858420
-658849
-211303
315487
-420914
-444211
-811655
860643
-572156
241860
768412
-143061
-568937
621857
-479532
-149292
652160
528918
678535
256958
86879
-385432
798710
-961133
816862
749981
-568444
-51140
601834
504361
-761311
460254
845512
27387
-224260
-575403
583176
-35914
-714760
-988980
-794054
-946349
-132040
-362991
675509
388428
487717
327669
-82654
166252
-415374
-995775
780821
-616664
-956908
597682
-866684
-525351
-453458
735151
979010
-214769
195404
824521
812619
971144
-750882
395795
-64771
-465641
406815
141175
-411990
-725226
778185
-736481
663203
265901
591189
-419452
-567847
-824186
-415227
-787027
-440850
-372134
810656
-307534
102516
-642803
-572383
81525
142429
623021
-93954
-44952
594164
155165
-649158
-470607
689524
757658
670569
-722466
-967568
448753
-458946
695635
-285346
-867758
-723817
146807
-691943
-139043
359781
-132793
488823
170437
559674
-408662
527635
987291
672864
-329936
610312
-421090
625112
204476
734075
975954
733869
423599
733611
404437
701134
766043
-146810
-757813
461678
567844
-625571
737861
-285349
-317514
-401183
-925568
549694
-912360
244869
109368
-321021
-227497
96659
-648157
442568
-293030
-69247
67679
911446
-335172
43632
645315
-911573
-222757
49752
789561
-456715
902942
-968253
-995038
470785
-593823
742824
-814564
88664
-658359
-740132
-361642
-570718
504737
747726
108261
-722760
-155616
460105
719809
551355
-609143
-212513
462801
55686
831119
108115
144113
-391639
-842133
-66326
151647
-939192
-34579
156610
531594
371599
-100567
717030
-539738
241074
976899
98620
670356
481636
-153654
-221383
758876
690731
-761279
478684
242085
-370421
-733829
-295114
685266
-902710
813002
-170622
-294348
970869
763052
857299
-968324
-271527
13908
563271
-899928
913341
280301
-439666
154415
257199
658955
-175229
-261166
-494700
603388
-502290
-803970
842109
976395
438116
-528312
-757435
-856999
-843047
-660145
956004
-13668
45507
926872
-250616
-97194
958548
477857
916714
521819
577930
830055
-197881
-861737
-15530
-940683
797219
809241
-201849
-697481
412628
295861
-501450
254737
272256
936667
726426
514821
-920333
883379
854677
-964329
-130290
-99817
962543
619094
802990
921091
96951
719704
442909
-325119
549758
-754973
-186855
-465772
-695655
-389637
-656532
102496
-87118
756097
-601643
411433
10834
670613
348099
-262741
185434
427767
-379362
40110
463438
490349
940294
425980
109443
743283
347070
-793606
462986
-210021
-118725
12744
35006
694420
546972
339352
-695218
890441
-558153
217665
646538
-159795
-370903
-342628
-489182
977196
394632
696252
404963
-984731
-263639
-131600
505618
-323345
-705621
-384939
-580063
641450
-178545
882923
-568572
702730
-104333
466435
397149
-557361
-194214
701932
-666921
247634
-80403
979618
-912162
548694
-363011
-401343
525890
-968380
-705092
-69148
-953111
31270
799253
552508
707925
-906369
-832432
-872139
735082
-10976
-989216
-833491
-308247
-93548
632945
-911098
349091
-561270
790834
682170
686364
-289570
661787
774203
-740876
-701224
-627141
785015
-669604
-332232
-284133
-622714
699038
-484881
929795
406962
-391249
-902638
534824
-656168
86386
545609
-489659
778140
-547940
-856715
867042
801151
-417984
657875
483321
-731620
-631695
145108
-957417
-372571
443884
-584557
-587556
774280
83211
128311
-848434
-217752
643430
-918640
-810790
-747820
-821277
724034
-403988
265110
269642
106354
43249
721702
249640
-89709
522853
831657
-431834
6173
-899964
-63529
-848720
-857381
563901
595165
-441937
976345
369445
641274
104655
521011
-576478
-251915
602371
-387268
265
781095
-663234
596278
46204
606409
-297369
-910547
328111
952272
-256
-149037
783928
567910
857137
883964
-495619
-991583
-973417
-931719
603582
-415354
-955374
-26974
-774080
149282
-505964
-350558
897367
-903593
262175
-102369
877502
598942
-506091
-76294
205350
196540
13159
-466539
148812
-987098
384425
-67261
580813
241561
-183297
-914807
249979
-156713
-846525
-146440
427934
-801899
826586
653854
347383
-679378
-696704
244749
-582970
565471
-857620
-705469
164413
-363711
218238
-630237
832830
-768604
-96776
-18359
-755701
-712351
914381
825113
529211
-268917
910306
-220811
574371
-936220
632749
2304
-738118
459335
-343843
609265
779957
-40547
-145986
-803013
-475076
-3605
-508482
689337
632685
709757
-940900
465515
941153
-37676
-552844
-814548
249974
-638464
-989436
-220816
92620
920871
558373
-333010
984651
191122
669294
-753467
-349544
-674549
855799
-569587
284904
-290188
-372600
809829
706208
118919
499166
338892
-171325
558266
-195594
-230172
-479410
251562
-44719
770564
613098
-34155
-450253
-294282
-113285
-891880
372708
-128634
299242
42002
117899
949699
367453
-26303
-619888
-347643
683510
7513
-537815
389717
-873568
961351
-271392
-44892
519617
533015
724936
-959794
-215424
-319783
810770
-602326
646062
-639483
103392
-467223
-531363
-523900
404143
767880
518102
-477958
717579
-114445
495740
-902310
537912
179249
105204
-999903
-431034
231636
961448
297575
-813257
481065
-169411
911680
521271
615166
-408104
332040
-987161
-762042
692558
116232
-229265
-838806
592333
-825122
929074
110435
-303080
646653
995990
-807341
744343
533901
371909
-150454
533998
940875
-918818
495446
238449
-732075
-23489
-930962
-820395
-502219
684204
-228498
829822
697044
9460
522379
-186724
780195
683574
-594392
955073
612648
516043
-348007
259300
512032
-155348
3642
45933
-783440
853189
-420069
-842565
934371
-924623
395884
-797704
51888
464923
-618099
549670
149126
153404
379491
-153831
-837137
-98130
659445
943059
-414557
-934947
898132
-801910
581096
-449876
457390
93128
394777
-538968
-860939
611338
-685779
-281007
768773
-751409
-205629
164657
-549112
846260
-370421
-167210
395929
778706
986194
-224580
-375125
-850944
677290
-715680
-907886
-737267
-650627
990247
-539176
930470
-459630
918215
23598
935148
-620754
162659
546485
-306533
881652
315258
-57941
-323978
-520085
392947
-477719
109495
-774264
918211
-111800
-788071
-306370
513076
-639014
-629080
797396
-546899
-366346
-853231
-556653
94478
-922762
-16282
12692
100836
-81135
391939
-736506
-534650
-914594
-854854
780608
27465
-178831
-739477
-579588
343451
370018
-353851
261662
-741783
-141921
955293
771293
219066
-673788
568689
672167
-40134
715458
-884486
-945656
792696
99232
67036
-106468
-981903
-541026
157027
-516553
-455620
302174
-735945
571846
-876658
-475422
992259
466794
894596
-361592
-271544
-847187
496487
-316252
924107
-284448
9960
492796
-612281
969827
208253
-496767
-975830
949
602466
91207
894481
620563
550182
51507
-895990
-905439
-646320
-631934
666408
-522977
-107355
658667
943818
-212760
-702926
-327727
-59946
793562
356021
-135839
-490886
-634019
-643044
-103167
-664192
565209
400067
-640022
-433842
2533
451186
-539362
-376904
1367
512146
-272894
95929
865827
95173
-237664
-657151
987818
-578997
-713333
-224942
-281923
-41060
715113
-488362
-685039
-420727
20753
-319058
-63771
917586
16750
-498562
317653
376729
67597
-679815
-172086
528235
-56719
829282
40381
670388
-74790
-93793
-234440
687547
249057
-246622
-891451
535724
528436
-173373
-505336
243548
338266
-190375
822821
-640982
490568
-240950
-723396
-492682
260489
594257
884047
-671915
914443
-288039
856321
-142277
-458757
-103298
-471889
466453
802910
293672
154000
51966
-952951
262550
-412310
575485
-910824
82355
-180967
427443
891981
-358146
786461
382548
400905
-936935
889866
-338607
657323
773913
-10521
571765
-514126
-154200
-570512
27118
742502
-42401
-506430
545411
-748729
647571
-402623
-701680
-89880
185068
873805
-704
-732578
-307163
-573262
-840598
334692
-786801
541951
-264404
-723736
431817
396990
933587
205730
-613532
505352
691605
232269
934840
-281278
-25230
-107561
212292
-479819
143710
-140138
117559
442031
769983
-697374
315835
-230722
-429952
-991328
196017
-270549
343365
409217
-728599
-921040
685481
703219
475950
619068
-91052
862418
124420
-399448
94687
59260
319274
-930544
951700
-468434
-410362
95409
391429
707197
-462560
161411
-990178
853275
930690
-420129
861948
126707
309322
205312
-464077
580724
284273
-778596
283942
-239778
840472
-807110
-377360
-35108
-206558
717327
-975849
-887284
786784
975851
-355718
-623579
71260
-964289
-916382
608700
197122
-906559
461975
127811
-326688
323922
-745482
982635
-470766
-209559
563359
813507
11845
-152699
-426271
-147683
40191
196369
817209
833633
-86305
841360
946350
-299521
817210
-409369
76901
-111531
-373658
160519
-502831
823465
253960
959144
-48724
927273
283066
205794
909907
812300
996236
473265
625807
8080
-679435
-800465
860397
360757
395905
677606
194390
-690401
518966
140739
10079
336175
731371
-913021
-775356
-642287
247498
-278187
-818823
-498542
-319043
132454
-571270
964023
-661752
-661363
776323
-665517
811903
402129
342563
-867533
601665
202960
493225
-2431
-119434
-312386
307169
-600469
828353
-682753
735706
559723
-595774
960351
917437
651725
-317836
-901386
-846818
363121
231068
-418088
327144
569316
-79451
103466
903799
-267549
-494405
246362
-135081
-892741
-550679
-641856
104828
329888
45758
-588003
729419
-125889
-270756
465125
-566166
133471
425475
-648730
-214805
-892361
-550116
-61622
470761
680952
520290
-202096
250268
-559161
901371
154067
173291
-593035
-599572
-961790
-485776
-150250
-603646
619053
-820363
442113
-968951
909056
-683777
-239706
374180
-249943
893765
-200345
101327
-321040
-92705
551212
617338
-621945
232164
137628
175960
-517569
578467
77330
636498
-248242
484295
-963074
-210032
998520
-113324
186323
617572
66314
-371565
648622
-24631
-55342
-591085
-650451
694716
-697320
149204
-203957
-18360
-943501
-652746
-401022
-565446
579418
736606
610515
-938151
315072
-312156
698347
-933170
-827861
735273
-143201
-829342
-378051
-956879
788231
688263
-328443
436852
-336368
616215
845768
13181
310931
-851552
-837615
-893027
130088
-781116
-545773
729066
-346561
-966355
465672
-736047
-904506
-219256
-48203
793842
-152426
123937
529115
704373
294595
-848937
747495
82825
839327
-580949
-480323
-497042
-964734
-634555
516139
346197
-486107
678525
453171
643982
897409
907399
373047
-449153
941044
-161281
-185199
-963463
619463
766598
830380
-532964
-109465
359494
-828591
-814871
510557
918904
267955
349883
-662045
787632
852841
-626779
-846924
368980
719419
-333030
47504
172590
-689049
-55087
79988
683999
495760
21031
-477283
-689440
57569
-857821
-922842
-112052
-390784
-32307
-752559
-219375
152823
757999
-300471
-579223
107882
37484
-791591
-39277
410706
-638514
-670298
130125
28456
377207
-697286
339407
-677881
382702
23405
817880
-596267
546122
-871560
461303
688302
-794401
-650749
-702483
173293
-403308
78142
-673885
-645309
777672
-253107
462573
-184845
-44698
-576704
-774139
316789
-247001
355987
-654756
-869795
658701
684652
-547675
41403
-291944
-729796
445137
-745822
-601356
-93561
942480
-395757
255690
-760004
777537
852383
318139
-896349
-792926
95810
-149455
669648
910966
805848
-907057
-863174
122636
-154058
492813
467881
-23852
151514
152532
428473
-807083
860589
698677
638054
-885233
-902679
-455507
-942754
-298435
800184
-702757
-520899
652567
615382
-417247
859642
-288808
433298
529289
-377843
239145
622233
-241016
-638220
-531826
-748203
829662
444323
403311
-17807
-127205
596229
-157218
-428528
234283
-42451
-331207
778776
14796
370358
578960
312039
849459
231527
-72579
-567789
91168
638614
865510
-379544
-739230
104654
-757311
19754
466435
-289137
271552
296096
-844814
-325138
-721711
27981
-728910
121072
599453
505373
-921380
-731755
284149
93416
638604
-136891
-594545
488062
-905365
332877
920274
185803
-28510
785783
806260
232260
-109563
-951052
-747986
-643129
-240188
523566
652968
-85002
-801572
931258
942980
-530481
52329
542432
974893
130949
810678
259041
-775635
449281
-877850
-370179
-62657
-783215
962698
-142383
402588
-65813
-356600
208847
-833553
533837
257796
-581539
890709
-982393
942028
543677
-67394
-859544
474934
-124415
-390025
-472737
-581984
-415133
658213
-771306
843909
882578
677975
966059
-487601
-384682
-817157
-524904
472935
585432
409283
-883666
-205721
575731
650172
-947926
994193
540880
-930318
936220
84557
2288
-923325
-440510
877873
-313349
86754
-704112
271518
-255034
-475417
115427
-372456
-797443
81485
139943
-182124
264329
615039
-709190
-150239
24322
-592855
644040
-399947
-942684
696115
-405755
598197
765797
-469535
-317247
-231916
-392860
242244
-354043
293792
-671003
-58154
-434690
73964
466429
680737
701508
668986
-237778
-158549
-513139
-973449
-543511
-222328
-123688
480812
184818
-479649
-919136
242134
-783535
-324890
-159669
982263
205575
523085
-249653
812716
-234671
396304
106507
94327
-661851
671817
-831710
804578
352554
869798
473564
-885225
-288752
960426
-858674
167738
-261902
17639
-351450
922916
537990
-270585
165050
754456
404526
-994620
736719
-389900
528465
-512935
-577185
-706207
883370
529323
388120
-778482
201140
556411
-973904
-446307
426209
499661
-331531
-862543
460086
-190204
305195
-801816
827435
953746
-878901
365425
-316839
286149
119881
-912314
291530
-143401
-302214
-180006
343665
120602
113788
227034
-350075
-498092
448552
851065
-941682
474649
-595242
484527
-25691
73227
621984
-565605
883024
-72821
-367421
710458
-119075
-246321
75882
564086
-960173
-804237
651773
331358
52362
-650441
-848649
-603974
470162
265140
623061
-879914
767049
71613
971152
825367
-453739
-624091
309894
520571
449137
-68122
954966
332160
859058
-412455
42618
-260018
341225
-881500
-695932
381053
-685737
955842
-287590
366625
-694600
-136238
762652
775563
-871099
385712
895649
895950
-542676
866801
721317
3586
-757291
31211
-475844
691847
963090
-520878
24006
822147
66667
-933377
-437871
-592108
-814876
-133802
788945
-500613
-177960
-498646
866012
127441
365116
628664
-96997
494018
14376
-201348
389967
471700
-334548
111284
-524715
-91838
-857505
-558
-399992
-894416
478564
624015
927732
-454769
690639
-510139
-46877
875763
356060
-257933
-624851
-821901
243421
-758839
305540
-391463
869826
-791458
-897446
-115799
7194
492522
-644099
672647
-396195
-168814
-419192
-253699
830628
180817
-148114
309192
-195168
-220383
854423
-504529
269479
-192455
-628766
-374462
549613
-253617
-196363
-206967
-12455
-890824
401571
-142629
-682282
504125
741572
324913
-3354
-902528
-2441
600452
-71341
578368
-653247
-240713
-240815
198639
-931522
564017
978257
922901
-940512
247735
-269554
-569278
873273
-719942
177106
-323090
73092
-835350
-213914
-525338
22022
103805
978787
-236407
-571282
-24567
-138934
426278
-424115
789725
4645
-77362
-450988
763831
-878724
-382510
327847
-900467
-459609
387336
347268
270837
818058
220541
550895
-4837
897451
-376014
159814
-316463
98649
-818165
787342
77435
-54572
-783941
-947132
806495
642338
-371247
596219
-353018
551392
-854769
-589187
672668
-237279
738661
772202
303112
125996
119469
-426051
-55947
-659990
-875157
939216
-762540
-251170
99029
-79003
847479
280864
-291661
-75086
-773708
-75601
-22218
-967214
-433264
606536
629006
213719
157927
774237
624532
-169405
-463042
363192
-397204
840070
-510813
722266
-585982
433241
-937725
-461138
372456
-700265
287692
-528516
220733
135171
752349
929073
-939916
978641
-146529
37867
-988574
420207
-355597
640433
-366074
802331
414669
-741542
-367074
951627
621650
235722
791697
-889163
-42012
-794285
544078
20263
-255423
-83466
319999
-967731
388018
-459268
167441
140367
-530196
227525
119007
323275
-734608
130434
-256518
-90204
-229134
377409
-287874
-814465
635867
345052
-862838
257517
-419226
928859
368354
538762
-865427
-87568
-440975
-120849
828966
879024
-88579
216984
-580245
-921139
-642650
-110440
306387
476357
-787165
571779
-393209
-43682
-518425
377658
-666274
193701
563193
969593
-461247
700355
227109
119527
629213
-404537
-341711
763787
507896
217314
-357062
336861
96338
554359
-446155
516094
633220
-88805
-594347
-60394
-612448
-381512
-488615
-5657
574806
-7040
-628000
908533
-813339
935194
878126
-274586
635548
105234
844942
264761
700698
-496769
28547
208593
720545
671486
-454546
-183117
225844
99299
-667024
-140937
-989506
-261370
798670
-601954
357118
-689946
392390
-68076
303014
764391
-159543
489676
699584
-281418
-784911
335132
823817
-939969
-400108
524514
-436738
628440
-266893
-716193
299925
278561
100690
-474231
-622140
433666
384832
-611646
-827705
183501
-213599
529414
493556
-821210
-538662
-203430
943182
301795
-713755
642766
-979623
-498665
-22103
844194
-438634
577790
368708
124629
206230
-898185
408437
-493845
380376
-490874
31924
758237
942793
-583244
-853410
-884912
600258
-67009
644503
93813
111782
-894160
890383
54963
407636
-823373
-302272
428014
-322037
675626
272207
239329
253415
-359085
-636042
-540356
-257270
772395
-34201
-876894
-718479
997724
881343
-775687
-585521
-972067
-660599
-985264
-39076
983904
108549
-927294
-910256
-1068
127669
497381
175559
825398
-74606
853522
501023
-802400
92851
-245563
-161484
456810
214082
581246
229204
-820119
704353
510725
-822396
585695
735039
-407916
613628
-925561
-393180
-425448
-941657
715370
-352741
-851913
-285699
774928
645468
889861
600326
-429138
743383
101348
-231538
-163766
855786
606979
-706957
69867
188224
522248
249749
-107424
32973
427353
-521729
-231989
-980563
-908101
-157549
-373743
-333548
-99206
-658373
313711
48882
55928
88639
-305650
-54211
-311035
265212
-310829
790313
-966326
525406
646099
640654
818449
-284035
-171122
340697
965715
721455
-626331
393067
-800275
141680
412504
-708375
984132
-961239
-41923
-115074
-619612
-728212
933809
436317
360428
-371842
-617895
-950608
893371
71277
839706
927046
-403318
485804
567700
-584869
-798231
-603423
755828
-832517
-881969
-870503
560551
-682244
271178
-26945
-390618
255309
11816
567460
-859766
392205
839248
-925958
-171479
199676
-297799
210627
249069
-404428
-718096
88774
-477382
-121414
-425422
-909683
293718
-223653
-513106
49546
-56170
-395075
179043
-495620
-77318
-549780
477436
532065
705529
-510749
99524
845764
881456
-61228
919807
-290023
-861553
-377993
920605
387516
217580
-797492
-523710
740198
81095
50868
830516
-625188
827215
-682590
424358
-228955
-77664
-396599
275426
845019
53621
-247139
377083
-240850
242113
-523394
-395087
123569
415378
-475281
833546
553826
146727
754150
-58658
-635694
956659
417633
-895496
37753
-531500
935021
412565
-704285
-747570
-163077
66760
174766
440325
-657814
19784
-506055
95047
-603133
253096
-662841
-126527
858009
460729
-711149
-617272
294274
842678
529456
48424
-215980
893762
5082
-798348
998267
-957165
-329848
933287
455401
-34132
-814283
-707677
-967372
360483
732649
-625186
-619733
-773407
469862
-222866
479689
807022
650608
337698
267750
939460
720427
-437976
782137
249882
610448
-433844
143644
-384470
-232191
141911
-341635
437962
75197
-886235
-596171
260915
-593911
-563543
-378602
-861263
-188729
1666
-634669
-718867
778800
845021
-911846
429408
182719
355904
368867
-96855
917928
151004
-846974
528376
717161
296671
-856094
-515031
-561419
-197729
922932
513779
-83963
-673240
-225307
322127
-236783
396091
460865
574489
-602244
826197
855622
-823444
671217
943776
605965
-146065
299680
-25168
757081
217608
-874165
910108
-254017
842997
206778
-110111
-672034
645359
692161
-749103
159137
-391802
-422343
933830
930325
340875
329921
391190
-84636
727677
217386
-229015
904234
-111397
-285239
510198
742539
-985559
-514971
499619
232049
-389135
409726
978032
-546139
-383497
-132079
-218172
-738139
-439918
32725
420999
168280
610383
354828
98604
-48743
-315251
-510206
866621
-587574
707180
-362394
-683341
-404217
352368
826858
-661679
366809
-688114
837940
-401143
-77248
247666
-423111
376614
864170
444811
-841559
-873970
-995108
191166
547030
173172
-198451
-98142
-728224
752806
586607
-238430
619427
999033
-531250
-742967
-684308
64533
609401
-857451
402854
-23791
-545564
240794
575067
377188
-511541
-848045
-246199
-647372
596766
-87757
-521341
601658
-896592
-974312
-225170
-95043
-72453
46606
-342237
-485847
808176
-722810
-486814
-723075
-465777
-171122
341459
-856376
-28572
-255688
119833
425864
985107
-305101
-196948
-526435
-153145
556854
-173806
-556380
-530904
304854
-954722
-427495
330543
-179892
477462
-741911
866715
-864775
-227757
674891
-587584
285429
951817
-53360
-885694
293275
90264
85734
-962413
-789903
-488402
-977307
-95004
314650
-503741
751852
-128497
322453
-804528
340600
-372693
-759250
913105
957850
60859
390567
-784061
-72426
525792
-11818
-397536
938209
-726390
-445720
-115152
-612084
847555
975112
473651
885142
-814791
985249
907835
90206
299899
-595906
-157943
-828598
726548
37529
512002
-646146
278280
425106
-688296
-660861
-184328
-472357
266713
-658536
515825
869177
-720328
789435
-576544
164520
-822649
-728989
139632
651003
-843848
324841
636252
-936013
-584954
-63850
-531919
257104
107553
-805372
-705368
-380446
-451517
572913
-955341
-139813
912052
-139668
387830
178764
201796
-96346
47940
481469
-306911
471397
-354011
-129559
742408
785621
-478557
898561
110462
-842306
962548
525509
93845
-569371
-217387
-798603
-374743
77245
-179049
173741
-349843
-134389
-966073
-437792
725944
421758
740973
-72260
-674588
-211087
-590792
18501
-739690
55197
888942
-997283
-159182
-589615
901278
951281
-431920
863826
476790
661925
-705546
-740598
863322
-80288
336647
-315727
-906548
986805
549885
-872621
-450987
275829
549137
-710014
-796432
874549
78899
-387224
-106950
339209
667973
-218008
341927
-491209
192378
243205
-539929
760458
107030
936861
422382
401484
-803738
285704
-678804
532910
969978
-585352
519715
519863
-457972
-931272
-204309
-908835
-641286
-741
965715
437613
612036
-141235
-223178
280008
640757
-881252
788800
-166865
361953
-751130
-406408
-531017
-814269
-984026
870468
-618007
301678
-808337
914904
271656
-393689
434618
-208482
148340
503347
587210
239505
862061
-413532
205220
299674
-801496
-936016
-923505
478513
704742
-804756
267312
-462124
557198
516182
131468
-973820
701913
147442
896648
-916094
-550880
-911690
998811
720777
-305378
433429
-487706
842963
-63225
-900496
82468
-201165
-314027
-712313
-901492
-115523
-648328
-824996
-637011
-943587
-629752
630301
-405710
927447
146483
725758
953627
-151605
-126800
850275
-67698
322321
938586
-68888
43097
-366792
-635459
555392
-523830
301316
654896
558638
-899849
-659132
846326
-801340
225345
-802003
-626336
588334
-745589
-256087
218634
-151299
-328641
-634884
-425541
-375014
213512
447659
-524740
-854186
-230021
-586154
76927
813077
47054
441468
368468
523225
-257216
23363
81863
-157065
364231
-71811
41595
-410424
126187
415259
-822091
380598
-840828
396544
-770702
-169469
761661
-196243
455518
-24827
-748584
930779
120987
21396
-655376
-802087
-165528
391679
639382
-797061
-85097
-617835
226303
996767
225101
-409467
-75045
-733305
180109
-948859
681955
358019
431740
841128
-245437
661038
-328341
-483777
-535205
-872824
491396
-283788
-942046
-387617
737609
-597421
-189703
-427920
794258
-550322
-224980
-290839
-168156
-998678
-294073
-943056
-408144
630883
-676360
771965
682025
-994405
129984
113764
846723
884547
-225198
-481619
-599230
239598
-354442
892166
955811
-296488
-495452
693419
106091
314845
-734502
-99651
764524
40518
609510
-403633
41841
-684563
-346688
633697
946321
-23047
405662
628345
-17451
-464355
-257891
-170728
-579808
516911
347654
-179038
-243491
993212
-286872
-287681
-303276
217676
-594263
802816
-467479
-328764
-296836
-702955
711755
-687326
-106587
-246405
-371888
546726
-612709
-425567
-476322
792954
-797223
506228
-671401
-55113
-664500
-251209
-538202
683154
569754
218307
676366
-717119
930627
-626910
500558
-663636
-824094
-966922
7600
-120929
-669877
-280646
191745
223536
472950
819858
-229738
860242
-605710
293940
653195
-402932
-199832
981794
541955
135668
-269415
-996248
-181178
-699662
222060
-504812
-416780
152686
-131721
-916223
489051
44185
-883144
-503350
923256
-553020
216005
115001
670517
-311045
-65142
-559222
-450804
329148
734719
-797609
926217
-465114
-815815
468171
670555
-85230
471924
-510623
215109
-306016
-15435
798329
846671
852845
882107
335721
-102971
998963
832371
-179715
-554058
48376
935286
-883541
737331
-129857
-442763
-713474
-800709
-708045
-511082
-874492
-173158
-326897
593679
-502603
587874
65603
-13226
-197018
759587
971340
-398689
606257
824184
-516583
-58023
-278787
-517621
-225652
541498
-71678
822725
476783
44781
560055
-653074
602019
846582
-453782
893975
-664501
-328274
-279184
8603
-734595
218213
-403524
331008
-795013
399458
90595
-823674
-999231
-303149
-999490
-515814
638829
-278277
-33434
-586823
-736780
894889
-764099
740004
-60330
795956
-913070
-458312
642538
-366852
-564338
978037
304875
156479
-13361
570280
-625309
583116
-98713
-420322
-17426
991883
-243995
-16657
-311267
-243485
467529
-672438
478238
-565905
-259260
741459
-671017
-23359
481462
268653
-227403
568393
810342
-584866
-798460
-753997
-606829
506415
402482
379811
76695
777174
-37074
977983
-643148
945500
969865
112857
-71158
-341403
869373
-603629
-13840
347611
-169533
726900
89070
159450
-296459
-429468
-571897
476138
-861076
-761556
891273
-659536
-515552
-715557
846880
886931
664255
-76426
664104
-372820
-98444
-979044
-427320
-128580
133814
501523
530018
3186
897895
-483822
-649204
-271639
-756923
439866
887812
-53381
-989603
-684085
-577244
-850679
-445641
-685971
-510214
38808
-401527
-663334
-74262
-737273
260240
-410158
-110092
-838204
-389202
462588
33216
744612
-35890
-436766
-252203
-137995
79412
98594
590366
322490
-461540
478178
-730892
-451142
794093
-308135
-301820
-651548
5894
187967
387260
604367
524633
-687002
867095
-215128
-97160
-242998
-53332
513638
-780411
979885
258249
183700
-456882
-993954
-954296
622531
104641
636071
-54980
643101
114248
214129
-808041
-91659
905994
-109861
256794
-88112
-921894
-355947
-483745
602739
-42948
-616651
-612390
859892
140352
334279
373530
359941
314164
-368221
-456359
857282
-362174
-410654
479812
742467
-774584
-575168
385568
339665
638961
577527
-751994
544955
-532334
504800
-543157
-454228
-851147
-26901
-851489
105905
356449
-463878
-34203
-503200
870401
-660674
856742
184564
-28895
-599618
41846
608932
-10272
-478342
351398
215145
-53510
-263035
-445190
-414549
-685508
-197184
-869594
-217841
-692385
-412750
327932
-543532
560349
476443
562374
-83203
-987436
-471830
413598
882965
-132503
270339
67529
838603
670722
-890626
447534
-339550
-368967
-201069
875595
577524
535897
-569595
-837025
850389
233221
-706619
-367452
540837
-119368
960480
997306
-559020
436922
559679
357778
449486
-912151
-228625
332451
-44654
-958287
-600021
-206052
712435
-490646
-758519
-627116
140387
40412
-751521
-282089
-423692
-321116
-119114
-573303
912106
174268
59245
452942
-945101
19724
450248
-504121
-543355
9926
853658
906132
97775
-374968
238582
-946879
-333254
638561
-152931
-620819
-852085
88550
-247934
288303
-871038
545
-993787
-294729
679430
-112901
131968
591535
-938633
-808787
44477
-883734
210938
-505276
-387854
667584
504651
-534197
573715
-397574
90836
-187704
-344453
757582
-549143
502616
-863237
-401227
-408834
-111171
887076
-279872
889374
893290
425399
568804
-219612
-442633
160339
-158244
-251420
-795185
-41978
959519
-300460
570168
627102
-795809
-964029
200817
-193383
126807
-986887
462165
-115611
-536029
-35220
21152
62744
555947
909982
-50180
-723926
799356
-156891
701473
368159
623498
-741160
-471503
-534747
7421
-266687
423275
-33061
432854
-6557
-405959
637045
29414
794859
-556339
-843779
807972
905827
40611
-728057
-129394
-938237
334687
-573448
971745
-715493
-297373
771100
127616
-595900
139258
-248887
-337060
667756
216366
670361
-598932
-360359
-362700
833922
633084
231341
470967
-337502
26199
914629
-181280
-165829
820455
859331
106115
-308939
921095
-559199
117614
892839
-274691
820241
663938
852925
-775660
-196804
-395963
-112719
-529048
820404
-442359
-127980
-539956
194941
-294058
-906873
-573718
-823091
-244374
452482
-908463
574346
-713347
911992
433677
392768
-396947
354771
833570
720667
247609
-441122
540907
-88453
-588198
765248
714744
15840
-347472
-814305
-163756
210170
57716
296288
-594889
763659
389416
-168607
940568
-854958
-716125
-967896
719388
-429472
944097
153064
963296
-452851
-492165
796865
-732185
755444
-644257
808723
-333009
-232454
573971
-618266
783386
-773502
-432570
-380370
436669
625146
915918
841780
388804
305334
-326828
329371
450376
-42953
361476
169764
527576
305572
-677172
490871
852722
-169337
287736
-879464
-413893
643479
929260
253098
-588976
503230
634833
-805590
729729
-797738
-185960
166397
827408
-270042
8176
216212
-964708
681349
-454417
485669
-361604
907059
-344567
-834029
212631
-21739
656843
65352
808924
-55421
185888
-604970
-411942
115147
648129
-918
-381623
282961
193493
-651895
485224
-992467
514503
312631
-262508
-477322
-471157
-227215
-795973
74426
-741546
-157576
-18516
-86113
8395
-805886
892148
-334762
259466
701072
609817
-554646
-903898
-802126
560502
744231
196957
-821122
27192
-609550
-473016
-487585
-602016
-958514
825047
135476
-435835
-646111
908262
-231807
428316
-833285
610617
-590201
80602
-380988
-396086
-27250
284250
863381
-326179
-105933
-691266
-230077
91942
869237
-485847
-711102
-951885
541346
-320651
-424900
-946240
77333
-383414
878807
-787191
180752
-767304
-878930
948945
661012
-712214
559561
-929189
368389
-821428
-325274
-658862
462823
-461894
14959
-643111
-153159
784882
448831
-283923
-700965
737730
-235807
840381
-582922
339293
894142
494412
955880
772949
707221
136631
-994355
828292
85575
666657
-883922
-354864
737469
484467
-176292
-587806
825605
-713470
-49700
-159437
-356580
797142
-374555
-907750
-486781
-75519
829981
277412
-235138
-752941
-383295
-340997
741471
-427416
-568049
448692
709215
-562404
276984
-205210
-895747
393062
439927
841722
-122471
-736366
-746084
-296867
-449835
204216
543697
193585
1358
-830858
285836
514577
93623
115816
-208012
858485
362875
408694
-482513
104346
981278
-50561
-446963
690493
387036
830022
-514717
491289
223084
925210
333011
-899388
-811156
586927
-196255
-260991
-208857
-652558
932595
792501
-483416
218431
307078
610207
-665753
-900934
468692
697123
507760
986179
-198532
489037
-64382
354506
179530
-677347
184527
664813
813943
-592390
590023
146954
-491778
778867
-266119
311968
-482124
525025
659411
-549529
317526
-824006
668902
-375397
786202
-996852
-276331
254893
700271
-768572
241072
-498261
720466
-823311
856245
-100005
-500657
40771
-435192
-686714
448382
-845170
460241
956605
933697
-805878
268573
-548427
719147
-72017
-97956
36672
103977
-429055
661275
-109822
-425906
-615057
-854930
-725636
-383628
386143
-223896
-663163
562833
-367652
236833
-937825
673120
801642
-624538
121501
956472
835704
78106
890169
-970175
-653322
-658259
748972
274661
243786
-214357
-621362
814731
-553082
268816
-611176
-168138
413887
-336811
448234
-199970
439293
785072
-637138
-928359
21905
-574963
744761
-176454
-199500
-133738
-219982
-363797
944368
-329813
-333972
-708954
11929
-585000
565707
-744286
200644
944346
-929555
647562
213161
-540730
-520577
-372952
122459
927658
427078
-438248
712729
789940
-366607
-265366
-785023
-621846
558181
15478
244416
-661801
651682
188784
8386
-682291
479830
-979685
-267290
45537
-723971
933354
-10118
-653526
580915
-796957
-194255
-939662
-169909
928204
987996
-742831
-510044
700725
-952891
123350
-564642
-737913
501504
993539
277565
-254081
-668262
-70754
934704
340124
246956
414533
360439
979666
-539931
636469
913020
449951
982944
493934
652995
-211312
554272
-516915
-283108
542268
-259745
206848
242992
-212636
-669803
678351
49452
831702
671890
-672984
-422380
-996373
256263
-487677
343752
-496782
926857
-295810
-517116
-613074
-659341
-604097
836877
-676397
889838
489871
112291
444110
972957
829184
-13623
-286788
36031
-770631
500577
366229
907720
-449972
197930
579610
-122955
775551
583237
-866693
-712126
-73011
-363474
-785269
631180
119411
-398343
971839
515314
-561466
-704559
405151
928406
407733
-150739
901363
236916
835638
-385426
-727053
-934994
-884849
639177
972727
-334821
-162893
552337
542225
-387342
135573
675532
-99467
-937439
-687942
115264
693741
431469
716921
665580
-53217
-844546
961022
-648066
-916140
368754
201195
985223
-394330
36832
-400204
-121382
101839
-285053
-482206
74566
380127
354901
-373098
-77649
967560
762476
-402117
-131908
825038
-90058
983357
518779
-658590
700277
184358
288194
855732
145379
640128
939592
-485867
-158678
924815
119804
878155
-475390
998422
-20006
239558
-483785
-945441
-380315
871117
-318539
542037
838676
-556063
-860080
-293232
-731026
49862
-309876
787753
391273
-609599
-27890
-320534
-753867
-882511
-680406
-814275
-368377
160916
-889461
751427
39071
-364850
749848
-980936
874709
-733937
-926376
-505607
-862821
-244914
-963570
975856
199023
-823650
-317376
467997
226213
372749
255749
-382515
763150
-772141
296952
-990717
-654651
616546
-804992
-23027
-222538
-694452
-271601
816533
-59301
-521753
835598
-184593
-255690
909222
309801
-118510
-335693
346231
-142654
863330
522582
539970
331327
-251206
-87281
-412925
366280
-324132
-185065
-336769
-314848
160285
-720224
-119840
-862743
57239
185709
-134343
-126229
-873593
343904
-290631
-58186
-911786
-381410
-748385
-30295
282898
597846
827051
146227
120428
367021
-522447
869222
-720261
64629
235502
-44392
879565
898733
640760
39849
-821491
-479080
177106
235748
706629
-957238
-890481
833036
386667
-181112
-225150
474881
437479
26465
-555415
-279624
-375689
-728364
866604
744739
638657
-655844
613961
918397
408786
-150538
-125995
288350
-251805
-485236
-671802
-73296
35685
505305
-837548
-257687
548068
-728028
-424651
-65266
90861
350199
-590386
-471661
-623336
-145800
248716
975
125836
115319
-254286
-235507
459476
-640326
-317110
-131739
209137
556895
-843389
957332
-928341
-515190
-115964
107344
990115
46488
849658
538182
318460
-574994
-527085
-590679
775206
-117470
-62340
-848131
736730
-813624
152845
-137434
301695
898559
627060
-238830
-741767
-690051
629432
467370
866844
786044
424701
938504
-729147
-691264
45847
-739033
355225
-104496
799150
-326315
320510
-727935
83006
95715
154596
-979334
247585
-108674
-792958
-599571
753892
508738
-701013
380951
-730092
-442779
690901
899340
-975410
557744
685384
449292
496247
956237
758029
-457906
-782796
113253
437598
-983646
786938
-241892
-711581
-130056
853824
443016
-109390
101409
-665659
97653
501838
-911767
-393610
800826
469185
-123702
-641954
160085
-224362
-617364
-282171
-538979
831928
-785924
-582742
589957
-243830
-365538
-296791
-806232
-349184
-509853
-48123
-60764
360091
-194300
-617749
-749299
907109
-283408
348355
408947
-195174
954745
209772
-725990
-168957
567819
434095
606682
950455
-848077
-932297
782383
-634001
-515039
372339
122170
119423
-924452
315938
770240
-434305
-732186
-290525
925787
73515
91726
-823512
-19376
808319
524843
-610430
-386856
479588
599343
-112846
-689369
167161
-678751
917313
117616
-526828
985016
-100001
-160828
-530024
-727663
961342
589400
-652114
277280
359639
-86418
545095
-930886
-160631
-381390
160841
15857
599234
-30841
-459300
988805
582304
-979713
588147
-530542
-669082
-244693
-209293
-751769
872924
263880
-766753
-227078
-896949
-296776
45260
-935607
-707377
393146
341673
652263
-693273
-113232
721378
146096
505378
-117782
-838047
104611
851378
-297347
93415
433681
-277059
-318438
903139
53860
436870
-306154
302092
309793
957726
535339
-917286
-939224
-761438
127974
-874830
-468814
-478881
466844
-816552
-172153
-646389
904827
973944
858989
-212956
-864104
-36400
-361578
-161450
-942985
-927898
561491
-261423
975242
-384649
-824554
-330913
917443
485240
-373188
452781
567954
-312411
691343
-304072
-187241
-777472
217048
-720398
-594023
-955106
-366786
-689196
-981162
-507798
97848
-845266
455803
736270
-6716
512818
808373
-445225
-748605
783614
170126
-573158
-547299
87569
912082
79514
-459651
480036
767104
-768308
-824037
-420138
-545779
393011
-140535
-139802
437906
492679
171002
456744
984882
-731150
611479
440684
-994880
-395238
-46498
813494
159538
204897
597108
-670336
631739
-950192
417233
543820
129323
957582
23856
-103574
-810727
199819
476288
-356506
-407170
-664247
503693
-969264
828433
-325305
487480
813315
-56454
98959
253999
-51334
703722
-792500
-237841
-136741
412398
-640734
192923
44136
-590925
-389845
-412044
538398
-432263
611812
-565177
-242989
-188369
911112
400506
404461
-753135
-95802
435198
-924703
578894
-77323
888612
-477561
-978365
142610
471106
725357
350111
-766735
-411384
-237492
-407468
781540
806645
1607
-608306
-605399
-459995
-40568
-993587
-25172
716443
-181956
-114060
116948
-777495
132805
-978854
657703
208103
600041
-419620
96715
-877521
-397984
-760675
593586
-672627
589436
826851
-84010
-648056
-580618
-302471
-841412
420990
89224
-446810
960995
-951345
-440397
-64177
765099
377648
821763
-117953
600154
-45432
-96806
257857
-837329
-496766
838237
259386
-374286
-559747
498712
-780701
-232373
88147
-953851
683617
440092
-534468
-618855
598681
886522
470370
-848130
847516
519025
-288527
-216661
284124
-910879
-394898
-833829
689275
559670
69365
-52869
722342
572600
-214632
-18272
-801687
225621
-519561
-582388
993249
568587
-536238
676865
8678
-70706
-941990
-392642
-184184
528380
-240772
-336668
47405
470702
446671
-668471
559823
-948228
-502300
249098
611443
567066
-803772
333784
139665
-18403
-684489
337978
-792782
-204049
755591
-799534
-635463
-780648
877332
373215
148647
935343
980574
964463
463723
-260198
-372206
-488873
-789496
-925535
-157343
770328
-873763
340357
19425
737680
-92578
215654
71464
-952913
-802750
386976
385065
-595532
-817074
140656
-395066
-452537
360008
-517735
920679
-491345
-582392
901253
-526882
881331
-358946
100913
-607543
-148441
175378
235115
-378114
301616
-424529
641311
39295
482894
-143036
-889241
529981
54215
497735
-84954
458683
680661
-944299
-936383
-771876
415710
-454117
-851197
924365
-36509
-949945
-602517
-155179
-308890
498397
237279
542669
-326226
-527607
-835446
975390
47865
805866
14685
-469242
-337170
125444
-939261
717045
-376822
-24214
175728
-696161
31487
239345
-468037
-552804
785228
-319233
-628439
-251281
-269177
