730054
132788
267707
-961699
46941
658056
-170951
-78501
-627555
-341547
346082
41369
-422945
-805308
-466800
127288
-107717
512230
-612665
4770
-953105
-749886
786360
-833149
939604
-73634
37083
406883
877049
580520
870310
607102
-286693
138017
645404
760249
-203928
-525548
-318252
168518
132905
-972171
-790113
709960
-777478
-256913
-162752
114806
-744683
224583
-880425
-697788
474698
905936
-530937
414301
-167698
506147
-178816
-290650
86666
-308507
-683548
799974
829511
961856
560223
-374417
-563692
-758030
794101
569213
-730200
-996012
279173
-507677
-252925
-883580
607129
2392
341004
726705
304604
-184299
632640
773668
-769998
-535058
279814
51186
174293
-633520
742680
490745
-833547
572190
452601
726677
-802227
888909
968648
991875
458122
-761552
995863
-262706
-269229
-257063
-146286
-662101
745330
-805283
-935397
49934
10419
697244
-176399
240422
-837814
-896585
-708392
336479
-530105
-965713
-172776
-363651
606478
-720176
-636974
804251
-831267
-668327
796126
626855
-429879
791988
-635852
300892
-465075
217863
638792
-719746
412581
703396
330189
-577001
400640
-846210
663422
562826
-742795
955030
-100696
-272899
989318
726528
363451
595796
-993648
726477
400047
-824915
-941850
196172
801941
-371729
-11841
-833912
929164
523084
383952
567956
803338
-203468
271351
133527
219532
-328010
287317
-117047
-765185
544522
-162018
134120
-728377
-172701
-139352
635074
-576906
-133000
361551
823141
42086
419701
19313
-155973
-952028
-992529
10116
977137
530555
-605933
545092
333893
190599
-183558
-532581
-589870
488433
754737
293084
723249
299259
-868935
-142632
570882
-41635
718016
205956
381460
-414984
-432493
204601
627103
987208
-776087
-528871
-964820
-768616
481245
-987684
761940
875313
557409
95833
65911
-626149
563252
476042
862284
317989
-230875
585533
-382753
-99809
-557100
-811872
858557
-839084
394085
240016
-254068
961592
-555383
-626965
948800
-331470
-155835
983980
-100085
-674591
996297
-338145
-799278
553706
757688
266634
927557
320940
-257324
789841
-361072
511802
375373
256175
-588008
818274
444304
-729452
979190
-161612
510565
-274878
-200021
955183
98158
-251221
-376287
942323
-267241
523629
-732268
-270944
-814517
-531546
-717239
943172
735088
-789682
264111
-522237
-999841
903039
989565
375533
159214
-598443
193807
-396483
-327894
172996
441906
-817329
898119
-758115
-862147
-3724
-9336
-238434
-61402
723423
-714806
206330
-547521
-529322
674785
-264760
-586151
409872
-54441
677960
887636
-54281
580999
877200
-678748
-259787
-721243
515059
343730
-49137
-311945
-214364
133534
-413827
27521
271388
582450
-981815
-967047
-478953
741608
-681852
727378
-805913
-211173
402162
-70673
202676
-187966
874887
-119364
-300331
-179394
-538366
-423131
141858
201848
-144374
-343084
-454422
806490
344971
331214
-59976
931145
-641266
-788589
513594
-623081
-755635
-965359
-881473
-437486
762019
-687386
351341
164181
241942
-445984
976215
116829
434652
-324117
937435
896287
252753
79292
98135
-891622
736208
643713
914868
81179
-25074
-145109
12323
333661
66303
-474084
710581
310668
-439443
829109
873182
-677424
-858278
224522
486757
383665
778539
462972
-499507
213191
-861145
-562072
109478
391608
517221
-792388
499987
253429
851326
414855
-665393
-173749
-730254
346930
-840088
336049
872847
870493
-353284
-566597
699601
-480102
-244020
841324
744421
-757264
224988
522960
705708
725482
-263850
844563
-836590
845629
236171
680631
-946760
-263843
-65941
904566
-848989
268666
-269183
-579243
-384404
-109271
756806
-511558
-238778
-596478
-78154
-539178
-76579
677826
-697855
-332158
920563
527134
-809199
626271
252616
-73049
470834
416026
-227420
-292996
96656
-174180
443162
-969286
-269614
594173
299381
461204
-985070
914977
-648067
771737
-596582
113155
-824741
325265
573978
98680
3090
876124
766522
-76347
403257
957323
-450077
-344127
-115726
-979244
-928102
656854
-272239
168554
-517326
-829078
199269
213061
765096
-501351
-325736
780026
-586375
26198
551762
-182956
-860648
727021
-857692
713330
-174299
145399
589453
-407777
-930949
-7290
-450455
-381025
648583
433820
-360268
720481
90674
367494
-110965
573348
538416
-911697
-213591
303512
-413047
460674
83537
579
-513129
-364701
817623
-373777
-637680
959932
-660447
188021
105331
929007
780244
174383
-78283
-670211
793358
-429701
763610
-566910
-709220
-145717
800584
179816
-572369
338999
268120
214041
-357489
855073
-325286
726048
-144349
161585
-638654
-326726
787809
-276333
-366795
-872638
911688
738536
-943632
691932
-87082
-21915
-978279
-293724
548385
785331
139366
839166
-360386
-60051
18981
67245
-721052
-712900
-718714
-78541
-857828
-44000
-352493
-2176
-882415
8854
671098
905394
732521
-695697
-967244
644209
-957162
-910875
336140
-44243
67211
357862
662034
-384405
143193
-198601
-545239
782807
741349
473742
-149948
-979703
760842
131338
-58243
903015
-912663
589264
-99161
-795077
-401882
-428064
-889683
-669362
-123761
-856927
974848
-80922
-767802
310988
874836
299410
-331151
536869
915006
812042
-661732
-630234
594849
-920383
843508
-555100
-900085
604350
576239
41672
507365
663576
-369064
-591797
868500
229054
-19861
978817
559693
856379
-878111
534540
-224543
-645912
-154473
-349708
653498
514376
-812839
568503
326418
-474570
938269
-78734
-394953
781777
366166
-295037
386126
-57596
746635
-106510
-394020
-622429
301694
-525521
606625
-718168
-546705
166317
-861789
-424815
-299143
-86332
-70727
546384
563960
-417230
60759
751122
-848727
-612823
-723449
-910459
308443
-118401
871319
-325391
586562
257444
617013
333197
-849066
-777007
710768
452628
-302527
317393
734461
150768
-516290
872672
725954
184567
-213660
-344774
-269050
-649700
237997
791710
-898579
389270
-821113
-622027
478812
487330
259573
350130
-838062
-153865
-392426
778952
-820669
-241491
-998056
890100
-788863
-300583
207493
945598
850186
691203
818270
576140
-124230
-395391
-768635
606721
-45090
469363
398431
56331
-141367
577318
434305
-662555
64647
-306123
687576
226585
540012
-704851
5536
719344
53659
7481
609444
264796
706899
-183064
210394
557085
-491861
28663
133224
383909
633273
364590
-9371
-411818
-166048
-610941
644514
692585
966378
78818
-969971
31024
772696
717606
-742391
312707
-987246
263146
32051
66414
-729374
-358506
-668791
977525
458431
541603
534610
966570
-429734
-332167
350479
-796461
-967578
-658892
-208279
-133626
-269832
-563765
-441041
-303455
515054
-411011
727569
287749
-693406
985178
-399544
-680651
248323
632507
385763
518950
-725999
716972
496475
732432
258575
31084
699002
828842
698917
49481
-967620
731340
390589
-175898
-402287
-879244
260337
156673
-182699
-224610
745662
-455130
-936861
-947744
-469952
-336405
-628395
778372
-703899
757368
297321
-429897
474340
-206204
-697465
-267085
824880
-998464
-438244
523797
51017
-405864
255136
-558394
418239
852850
-437638
-321425
9522
379664
453966
-244816
924534
517105
-192560
-545419
-819301
179045
-767047
-523199
-63587
530274
46904
-589248
-675930
349440
143668
-851051
350976
705424
672747
-598007
-700440
-72118
-156400
717799
-219268
405963
-603626
790254
-214374
850340
-454563
-289840
367445
352878
164742
548144
-468078
397695
-975055
468336
-72031
71850
879089
252039
-578711
22756
400988
772266
-271821
73735
-825741
27740
-998383
17859
-254462
-217651
-576179
141912
-427397
209448
-7748
118040
919608
-640304
-529082
84349
907841
2840
-517956
932786
-528824
410013
4635
-649736
-337949
425924
373020
-936961
198189
-898801
136775
372449
128939
138392
-609693
874478
920741
-185871
16390
-506657
-976424
-991359
611384
943185
-631662
-917699
27534
-723822
85142
509578
-791037
556318
-80409
213598
906583
581642
-360478
279603
644682
837712
380802
-218544
210160
-490259
919848
600467
-615781
840589
-585404
400609
-666068
-561828
409251
945316
-618644
777589
-972383
408890
-946234
112760
-81532
-737271
-330922
838059
476328
-424340
419701
-884151
855263
64382
953562
236065
845839
163721
745806
765687
-235812
-869975
606275
178784
530634
940207
616957
-60116
885523
998313
-282528
913141
407203
-228762
25900
-674329
33968
694979
-836271
-489705
-729361
583430
-373855
-874099
-352188
-420294
361967
-506349
743428
107773
-740663
-492385
237798
865612
686400
-231569
805819
303356
708316
691342
301669
-574213
604482
-291128
197026
-369618
34543
-769006
-674640
198272
-258711
-404001
-218298
367435
-278099
429515
947141
-916133
923166
690569
191640
-817498
-801817
-570562
-951886
884584
197870
853934
187939
-93815
545275
-510392
331973
149757
198480
-471001
780139
-766977
-240007
-894502
431296
501282
-298502
-787002
-131283
423399
642513
-184142
507267
565678
-493574
-301093
748181
-295390
128345
796296
-410807
-673786
650230
777133
232399
195504
-733259
-435628
-654739
465221
93371
-874601
698245
853364
-769102
129540
354646
-67603
342538
-776638
-644205
-14950
39221
863063
-449272
545647
-438031
-701091
-749744
690314
-904795
-160550
-983473
745435
-383417
248927
-59061
-116676
813299
286200
-651455
-93330
411600
-953211
-239966
642499
176330
-885321
-425105
-481133
-661958
-69309
503918
377263
-206247
-945354
-77090
355723
-646444
173167
46036
-551239
-987383
62564
-805804
-370800
-688509
135135
512524
-875210
-578665
861070
31460
832936
907860
791494
475434
84189
906174
-949671
603056
-755784
-18979
106974
621479
774775
161620
-455611
130497
515176
717556
-823467
963938
730173
239097
-841867
-640627
550588
293269
871898
675378
714604
732967
-293162
547539
640826
-501668
22973
-274986
-595495
73303
-671930
-351279
-945677
435044
-729800
829098
-403337
-185411
-40405
-888161
-467855
136128
-924224
-737682
-624776
-766090
-378309
925813
527179
-506412
601191
241782
-773446
-691972
-210679
867381
-193639
812295
-407606
210866
-114403
-79535
859588
-60080
-644492
-870213
-230982
-47828
-55623
728614
64012
476523
-135259
139789
738841
239966
373699
-639469
165778
-99123
-145880
-233031
-857341
80675
74998
-68019
-51945
881359
-255725
540450
92224
629872
-539086
-48189
-430208
-183578
81599
338811
768595
-974024
67424
-167394
502499
932166
972395
241339
172131
346093
601871
-662092
-753030
-544010
104878
-610370
536665
-820125
321611
-515280
-938767
-934114
-974831
153458
695759
-513917
-894731
-734450
302506
186868
604362
71100
212844
-328214
903706
-284657
-396049
876100
956682
776082
222193
558553
-886010
469163
-985457
218868
858793
551208
398743
180404
-964072
459977
246290
-938903
-386566
-57952
-452819
-281297
207599
849687
905572
-188039
-79213
118416
483747
-175508
833759
-912303
-299408
790441
863779
922786
348993
977769
391948
363536
196637
250741
-85256
-404620
-568855
-49328
-944644
677435
11770
-331209
-380517
558951
387494
827083
408638
293065
-360957
-670576
-588519
-877211
153917
-754761
-789514
854510
-964321
-925735
777295
384673
-947966
169243
-251791
248671
-580016
662954
844052
-148871
-386375
899408
-471436
625396
-431802
148047
184347
955693
-24870
-407016
248758
614173
-77591
660239
736962
-923674
905478
947449
930837
941158
-978287
708132
325831
-926253
-122626
-925961
322419
297358
736993
166470
-851513
-649382
65878
-322949
976014
634077
825099
160360
589769
-199772
753345
-161473
-585600
-324246
-501235
-848638
-247920
-595757
-901190
-317083
-654599
-879477
-608952
671232
-805730
268423
745272
516690
-434220
482264
-316841
-285732
832883
749037
391319
808896
383113
216417
-30744
-27118
-983355
-277400
811409
-568955
398354
-689826
-417593
-849566
-285582
-318783
-166649
59819
-198259
224400
-268949
-3988
-507178
-523678
-487299
58603
958587
195861
772871
791469
-55103
164189
600365
-671990
-619394
-430380
300893
-602748
292221
112301
-171703
-309425
422476
410705
-158991
-863107
-908078
674361
196713
-106337
-101239
927765
889676
391583
-595913
-597624
-549815
-637327
598237
-776945
-845858
-456866
387245
754507
-128855
767852
-675874
-827963
-834897
616347
284339
-6599
-693078
-293186
-595894
147931
-156292
-503972
-177708
-959579
389692
721053
968186
279367
112636
-627728
681744
562821
-265054
279981
785877
-110912
823116
173122
-356406
-305740
-59026
-32279
-133703
106078
-415932
-849365
-900522
-109010
-142550
-496415
-961079
701158
-387
-138787
741580
-610695
-417734
709765
668673
694902
-917963
350416
257723
-183016
-369603
43600
706072
-546488
-783279
-650334
147773
157696
317387
-985930
-736227
901456
-835295
-636748
-207555
22156
-133163
-168634
-276687
866451
692579
-535108
-744245
-725155
-825343
924428
969748
-743305
274844
227470
73679
905242
-728931
-220249
-641246
-512209
129418
506527
645487
-553195
520597
909260
-651740
685303
-727489
140705
-292542
139349
972071
430772
5799
664650
895665
261554
939495
-929679
185982
909243
-672983
-539175
136712
400696
-633934
407782
-819553
-275179
895573
309865
-768653
541059
756670
751945
450319
-895071
437247
722830
245635
-855295
-137821
217705
575477
867978
-117645
471141
129531
-178150
541463
-684488
-268908
868480
-223662
867804
269175
142405
275585
449623
867226
171157
-240513
-901427
-287784
-483843
850518
-837466
-378914
287765
885365
866721
432470
-252457
84426
7947
-384480
966781
-520913
745052
-211370
-979451
-939436
519722
889030
-163097
387526
158205
979308
-336889
-392173
846534
834269
367314
945107
-453516
883472
795625
-290981
-495443
83389
-405617
-628722
-484141
341927
455705
523806
957448
422486
-997108
702500
-788885
-976558
763064
730838
912473
-400034
118364
70677
-420726
781475
678504
-574193
615743
45818
-629087
-837773
-70711
-833463
-128754
433847
249927
465630
805126
765786
-192444
260830
289591
-234996
-316685
292484
-532497
-105569
315927
-769434
-374731
228399
-169467
743633
-700925
409807
525108
977580
835614
140851
23397
-793473
303078
952687
-626935
-825676
386533
622992
639955
191659
388777
-552489
-547512
-321632
212515
135804
970853
680018
-969765
286779
910585
-344496
-484822
-258883
-600863
-185746
-849077
924246
-208167
986538
65096
815231
-806936
-631826
767917
-433871
-457501
154450
-810879
-817547
-653892
577899
-370036
-201403
-743734
842479
934401
-772881
522497
964637
513899
433081
-379859
-970924
-825803
19278
-156670
-674879
-56476
635164
-688341
-991381
450394
-495276
-623206
218310
70854
-80707
-627240
259975
101747
-281132
-162127
731711
517465
94140
574190
451866
321259
96686
416503
-164843
-470233
-963357
-135766
-296035
55921
707565
29087
999445
342728
340746
-991936
-206879
845470
-615141
-988569
-83677
304152
-615808
-823702
-594101
103060
14171
-862390
-379475
-891689
711800
-927609
429570
-191514
488894
-735273
338254
525537
128961
-957782
-418542
-163475
71305
-419097
-820747
-587950
-411032
-27625
-742480
-26173
-16193
173844
-722021
367999
350142
-316122
-528942
-635687
-178512
91584
-527376
-466712
163975
902195
341775
-347131
-833079
-319972
-821595
295883
-277753
-240136
-867592
793552
340767
-688338
-794398
929736
284037
-536878
-96438
-732157
636966
181541
635842
-12892
865420
-893100
351421
-313092
198485
824045
220197
-637540
726239
-438029
15329
893161
242000
193735
189044
964247
953599
321452
757799
294366
633115
963401
224101
-82849
-573477
-872338
184995
-936511
309204
-179163
50597
174624
-72263
-597983
861532
-873778
-773939
81728
-511318
952301
643700
504011
845461
-114300
-302254
34505
-150053
-348656
-644043
-392255
945711
989072
-428854
169811
-93778
-2330
297474
-908784
61159
-393322
-87947
-888244
781302
839791
-486227
642834
966014
-260165
-275438
-545305
-307865
-631738
958707
-462404
253962
-343548
572101
-896092
307797
928058
-288346
253507
917129
282801
-576682
-176649
-719530
720793
-85432
341630
-672530
826621
453386
-891228
666412
967159
751606
632425
-293007
-523833
-912880
399129
-155571
-954173
936725
-901609
-297720
508826
-797700
-989924
436884
-86046
263584
354013
-803246
686903
-822637
-522775
407695
91931
818855
735165
-81448
272240
843938
-415036
239399
595543
-782611
946392
-928290
-695491
345521
-83860
-649663
282246
14532
52617
-208929
216832
62694
-772045
-869214
-673723
581968
-672459
-986820
759332
-195234
420875
-148738
-376380
156040
769815
895861
-23
-645222
135259
-404480
-427832
81651
-332770
-123323
-572829
583371
227015
709417
-402097
-720369
-499512
814735
342325
-271557
945521
668603
-689589
-726939
681783
-930258
77828
102658
-78995
701449
-741303
-309181
597309
258674
45598
-267432
854194
617766
814219
-478576
-505557
-758610
-895205
721458
950807
-297302
-998911
-548705
-482568
343414
179739
-537047
12017
490150
-263985
-306200
559892
813843
796458
-519104
515292
-944846
171716
112600
313828
-782687
845169
168022
835080
659387
689446
-670478
900777
794241
-949020
851584
-503061
-947931
-697121
14372
395484
482618
477325
-592500
-27233
-786660
101301
-467341
-972817
-102242
13556
542475
-47087
-814728
-344925
-733259
-597414
-499757
434763
-762335
-840371
124209
-432812
-939594
-81550
-381832
911991
415389
-329763
-785131
-570240
-934280
697487
907086
-526779
-329746
-879575
574522
202914
-852392
-527720
-783530
690084
425193
-598258
-654842
691935
-195671
-154599
126698
41994
5031
-749094
609182
65437
169356
-772650
-22572
-415255
-102413
192297
14506
-36692
-110216
-78408
436530
560039
42017
11051
-237047
189626
483332
-20576
-120291
-91475
381167
224868
-399541
-814505
-929732
727157
227489
75299
978064
-163329
-859264
147419
64021
118165
732165
961609
-689539
-253329
-75083
200246
668263
-638554
-239715
-289720
372498
523239
899907
-144171
-497338
-220384
764354
883829
-995517
-635187
-930677
-925249
-908031
296813
150051
-929968
-866516
290787
217452
197506
-591049
-50383
159115
-280587
696288
-915969
919660
364550
-554522
-320055
-925170
817977
-796817
974737
-326195
-294154
-245648
-561841
-410325
-241165
-197028
-341001
-166413
-105058
955813
983638
-35025
-910704
274424
-817574
286802
683376
132044
-554083
-597211
-171669
-470051
-677551
-807119
-24573
2394
-732289
-206597
205578
-757552
467209
911424
-3200
905368
-498901
755636
-291660
160098
-410778
603282
115910
-427141
-431743
205207
847284
-249317
-507992
530660
882727
-62074
933449
-288942
467875
-744103
-96060
-556699
258291
171652
236705
-536131
414100
-296087
-624707
-589100
-390719
-123608
-833465
317622
-963510
-244242
-79096
152400
328617
489161
-642394
175900
-760156
-150385
-293440
-877429
787541
-359992
-166371
255415
-104094
737569
698717
-845803
-90780
-64578
-381934
-676680
639336
-6641
-265780
-751384
869751
-99244
566239
906242
656514
-512858
58641
-14870
976304
416248
-838970
-783853
-734137
-132410
-661282
-946597
507599
172348
308819
-596496
-90084
7536
-442299
819137
942958
175767
-857544
582293
-830874
-123323
830910
-961123
777433
397148
945119
433946
884291
3759
-580925
860595
-579993
-419894
-923259
-314130
447697
-584540
-260727
-44705
587808
-951908
358799
-502276
55628
916501
-683139
-1415
92267
-540682
-419123
261393
335995
-588213
300271
113427
808936
245389
-452628
693226
-750852
-33552
553820
-330845
546555
630562
355025
-5749
-953979
-905702
949546
633830
-857610
308345
-868446
198019
224845
-551585
-803396
-682888
-92267
-222518
578506
-756273
189269
-121224
357155
-1796
-875836
904527
-308571
-626688
-129025
-754751
42468
-582471
875812
-602508
411781
921834
-508209
361326
555663
-365818
-330329
687217
832201
894517
-864368
-971196
-788372
43365
-193714
790134
287093
995555
-331091
-355752
-6241
-206926
-451225
685189
166386
419750
930438
-791147
837280
806250
-393654
249060
728083
98137
-389614
283745
732319
280057
-29038
564520
174573
106594
593325
386201
-850041
-600390
176335
437053
-604835
845245
-918700
388924
-361682
-369925
74113
804704
-950175
4550
-986443
887105
-189200
-380096
136165
-461118
718042
746551
822627
450360
26607
-206411
14880
-798820
900184
-391796
587382
-949857
7815
-236284
487196
402981
-391039
568497
-208096
247279
-801428
866018
51983
-751602
-129433
65541
-864498
681368
685445
271667
-779751
403486
18218
-957124
-146154
-955175
-163535
868726
-753995
-263351
-523070
833388
-213208
484745
-402896
-726012
-112275
206065
842486
679630
-546657
-958943
545647
505326
-710545
-583786
-429133
-575042
-902419
-743689
696626
-682169
659797
-285157
-639293
-486357
-240331
197172
-617631
5674
933822
-140701
-160938
-279387
-655956
436166
-5399
231770
-357769
-162913
-88601
95575
-121856
-542954
-399100
167600
-126739
171768
592559
-29157
428079
289184
288674
87876
-995973
649381
601519
-236304
-153447
983888
769371
-219626
-156814
-391568
500988
187231
-955402
-504411
-581000
-313170
332676
330400
782405
-789181
787447
-616695
378420
-339293
555073
-29022
631551
-16849
-739838
-79776
-928974
-735811
-430395
672546
27886
416159
656433
-202744
-803468
-500381
405689
697521
686850
450288
-806891
-894151
-862883
525785
436250
919522
736605
223696
-697174
115024
884404
857899
-913998
515954
-158950
-653836
-563822
-87924
-389646
5783
-415379
638240
-578058
-758946
-564504
-381526
-259327
841186
-684005
-572477
291473
-490896
-466627
428591
-965112
969623
348113
771494
193319
650939
-113482
77722
508838
-27480
-406325
-650113
318685
29854
261964
929039
-964363
846586
567279
-542421
-912360
-997226
76054
-171687
843960
392049
255837
135433
901153
789210
-435977
936042
758833
912136
707535
-47849
563075
-405947
-970128
71913
566573
-376452
421801
-114742
653402
-316235
-185704
689039
-469650
-618426
-853383
-382009
-615651
222671
446304
-771692
-385280
-297859
363742
-484128
-508650
927765
-548086
-749818
839901
-840552
202333
402976
-246498
232206
-525111
-679926
855754
896690
205333
509156
-419546
-980372
198194
110805
-598797
344812
728796
-214448
-432518
175100
13861
182202
877241
-622398
698075
-631409
-694633
-850012
-381226
-854732
-690563
821108
548245
62939
53313
-976867
383014
-90933
919824
-411654
-581778
-499722
-392025
616416
611083
