955407
748198
38896
-107907
962358
-642625
220968
219763
322763
918732
941327
-909203
471380
414976
26751
640939
-834865
913430
-610676
55968
552845
141376
382688
-800822
-789431
-329249
-930819
-428666
-352498
-930594
114965
-397091
817605
-846139
495002
779962
-488763
-284030
-275
834001
-365298
-58948
924798
-893918
-643972
-48452
747021
-478837
-135022
-863655
577132
-582178
277722
-40181
-382999
488292
630571
-313817
-940375
-721928
-244410
174591
-119019
-426806
328453
-624017
-646845
839690
91954
352881
673690
726656
-706068
598488
832739
-350040
-449965
579760
171124
415013
716105
-251745
832835
-6173
708075
-550164
-517882
338646
136019
-458256
616718
891609
716335
-502301
-535198
44788
-126317
-182042
-115522
965637
-829162
-441832
692293
-535230
-843345
525031
114731
-293310
104790
-714145
-878297
-179105
34110
954539
814722
-257815
-595626
-703160
-919170
540393
-161416
697549
432001
-445081
-804753
896804
599707
68930
-285239
-515816
34567
-114401
42352
-273141
350370
199007
-748110
-534900
905698
356681
-249045
-972599
-822425
785066
981940
992298
-472749
-613686
-710863
-391919
926708
127722
-694371
358709
682641
-499123
255512
282347
569808
970273
766532
-395626
-144129
-191116
331234
-793759
-992109
583124
-328658
913590
-60195
422298
940991
117381
207363
922931
109679
734615
-690755
398817
-657305
-764048
-473462
-351675
594661
-790822
149202
-149828
491526
-280990
-179555
258058
323384
676317
-933059
-345382
882558
-925168
-762258
-446101
988422
177547
976197
929413
-705073
183560
852343
404607
-81826
-838413
-196577
260870
-602461
329961
909195
992201
539140
58397
-157628
30665
777407
662817
-711277
100791
339134
-644336
755409
221691
-569504
993151
775590
-581082
170698
751787
-651670
465625
-64653
-799327
-129769
853521
-637740
673655
114391
-240200
3615
23585
-247999
-457246
-918018
594373
573420
859389
257190
862143
-39820
-403677
-782193
-284412
818015
-351696
-291261
593605
67222
879437
345391
415553
345062
-719263
616226
-784707
-865742
978487
888948
248649
-261714
-107438
-727766
490287
435317
-645784
84660
8736
-786395
-658150
-129121
173785
-61826
88686
889373
-243811
736990
-401888
-650207
-195788
-522452
695185
-780236
822610
975923
835990
-962098
-889820
814476
926850
358830
-447238
-180588
631064
-956951
-745272
985281
127709
263465
-801115
469560
-865657
372670
-592266
223030
262043
163923
-39981
860156
513716
764232
-662297
208900
983996
-839688
184823
819986
-801785
295003
634462
-874936
-346167
-812777
-55524
-715103
-769728
199205
-729823
357982
-537331
-530937
-172458
-402987
841734
235276
820043
103776
-600801
-219938
-36068
912915
-455707
301635
121815
-471711
461948
-693363
-651726
660163
601641
982737
785227
-744526
-830041
-270297
-459629
-599768
928908
-189452
758215
-608423
279611
-414243
-11410
121344
821033
-191368
-774880
-779768
588695
189052
-866853
-867013
-509313
254962
-338723
952635
561600
9552
612797
163241
-7712
398024
418715
162248
-872273
959086
562481
-943365
-230366
320696
-551788
-950755
906453
436803
170590
727486
-754565
395711
947718
834130
-415237
-919136
967118
75450
335827
-371606
28085
-102573
637947
-359119
-939333
-369766
-961095
479383
792483
-833368
438469
354964
-776732
-791898
-324341
-328520
-742652
-417889
-891718
427938
-690404
-646283
-176351
-742686
-812153
408412
-661822
-845036
-516138
674006
-216641
511947
-428568
-578695
-847173
-367900
51540
-808267
-888517
-155977
-641634
549952
-801014
-418366
758055
-125355
253114
-984597
456757
361397
443341
766353
715115
-733011
-976333
902962
675402
-638154
-942074
-840737
-964149
-158715
671210
-392716
262591
824038
239385
-685870
-984230
350868
158154
-625864
-99180
357140
-44230
-341125
-768216
-791116
-325722
688542
570282
-882381
454894
285396
-615391
478562
188358
-939990
840408
246284
-780727
876259
-912431
890483
-516457
350160
714521
722928
664291
730292
73796
-177556
-895572
974617
-820417
60198
-366509
-588632
269083
307770
-900091
-160636
425389
554804
-875240
809998
33365
313119
870008
-126227
-440598
-910719
-249969
-353029
979765
233574
997132
694285
-43498
661422
424576
-969702
-516134
529004
-995086
-336550
-410798
-361594
74819
858286
946176
174728
-302350
371564
-270468
-177589
181562
762898
-864471
51570
-363330
-305069
140851
386702
341903
120615
-379724
339035
-185100
576779
456
-760524
607077
484323
768480
611991
-852228
-642318
-749604
222591
-784032
-803428
-602681
-86382
568137
126852
736029
-250302
-110251
871559
801268
526420
-433511
-57881
-86878
908393
-937266
533398
247427
-122366
110176
-752117
117110
-282748
732206
-114410
-670757
879978
243273
-420360
102569
459241
-223788
499888
-627141
-655652
-373261
-891112
94047
516489
980447
-104685
42908
-453064
837434
956030
-544672
900168
489428
702756
-222198
-400396
950639
894912
316857
682845
-219498
646100
562823
-976226
-774261
-334609
483016
1951
-834722
855876
346300
-207983
964764
-559654
-691495
945211
335661
351414
-507854
173095
307444
-52525
73262
-203128
-349770
851065
396476
-399131
745976
-286668
-716286
-473522
-640569
846537
-449747
-414829
-488073
-966731
587122
-322795
889145
-66579
469223
853909
373768
777728
799119
-290572
129142
-708735
882523
-563415
238741
-44215
233457
888972
-193151
-370067
-510159
-447175
343265
-226445
79304
702697
-379909
629557
-712133
132018
662826
874989
809224
551971
-191590
278446
405879
-817822
56174
204998
-108394
-814685
496264
-225871
-378099
-264996
729915
855359
-376024
-463236
-514709
113817
89590
828556
887372
-831107
531252
-492538
798451
819119
639481
461277
694108
448704
13247
-497482
-272850
-580874
-315304
783324
624124
576303
968640
120388
-649568
-409460
855393
-919654
-554101
-520632
-382889
-68810
593185
706701
-240254
480557
875595
-709002
988020
674045
-889883
627500
135321
804226
76204
-851432
-693257
803355
-432306
-8560
586678
-808182
-432258
555318
312206
-81826
-854142
167599
-1479
-408243
646967
615632
522948
240152
322333
-717306
-279292
197927
-426308
-291273
-128028
-316190
-663773
-992707
-511965
412431
-844139
-205221
215786
-276445
786220
-197537
-84627
-646039
-642219
-772421
272136
-496361
395178
-729344
95396
42144
886289
-381656
-717704
208622
-98962
3004
-593451
474731
711731
278521
-841460
-952043
285815
-353424
460389
441676
441356
-323825
-834770
227575
478639
80604
581536
836420
308184
-146328
-659942
-296639
124328
435455
745506
10617
-946201
-972199
-780762
-45163
30806
-374212
-570433
-257464
904310
-411893
-209506
190124
234684
-749117
-368201
-323961
-72942
-202970
903614
-594304
877635
485150
-757884
185818
-661179
-417825
889180
463150
-982371
634686
-526233
-928572
662488
-306994
26266
-306707
318794
455833
435829
223103
-956060
-773677
-586774
278625
-522793
45026
954664
404266
842057
858278
809963
719691
343427
-947922
-94491
682249
-365747
-205311
145398
-348117
-570626
619165
-276688
-908139
-687830
749578
-214846
630965
205410
-779017
-145933
249351
-552693
267294
-472025
-75485
-687680
-517361
-671220
-845624
-659084
-861258
874068
684344
-809179
-220423
366592
-174926
574266
-488010
476957
-996360
-868845
-799731
-904498
-556674
949847
-119343
-925710
155257
101640
-71642
-595393
548948
-804348
-67417
-526538
-492028
415222
-197757
-337651
756139
-59015
-463583
440482
131806
315994
-192926
956881
-109740
319064
433838
-106099
450220
634107
-10597
893546
583953
870060
967837
-260790
-28300
-103806
143818
-479353
91846
-923600
-5890
599819
491623
796353
-737833
247761
-262662
-201416
-311757
869145
-885422
495317
826025
4838
-185619
259862
898739
-735400
-106031
-111858
-841854
-522078
-241799
-874017
217132
729901
22177
-639050
-749452
-885977
-562649
244659
713842
928974
41011
976010
176735
778349
-225407
864979
647493
-110829
360295
473518
894010
-825324
-266620
792749
-560723
627349
-319110
-402577
-894729
439092
-276593
322404
168993
745584
683354
419541
859608
-879296
-335800
573450
-950322
705211
549459
226413
483560
-675948
91391
131053
213224
-548314
-395430
107233
-373638
337951
-100018
65640
-34700
580872
663064
70571
19963
-613530
-607026
-811045
-867946
-923673
608497
991662
-802968
-727304
565111
-753290
977908
114570
473124
461468
438623
-435485
-407480
-348154
16201
197091
759080
642564
-464959
-340939
-291797
500341
-760067
-628734
-429089
259896
-242263
-36114
448852
-110209
40213
57349
-118548
237246
330045
-553437
483956
307953
561134
-42920
-230580
-244
521595
361940
651602
-462204
-440969
410681
-819640
94072
-930258
-111436
-405588
-690325
259831
165324
569572
-982433
-870791
18423
-92642
169423
-924229
788810
-593331
405817
-764627
890626
-286231
796507
-152295
483190
-203738
-630700
-154871
-552136
-92904
404160
858546
87457
-501768
928288
976021
92645
-762037
235851
-742031
807535
253418
-612821
-174043
-839225
556602
-98271
949586
963272
-692455
-815041
853897
21315
981466
-298399
-495496
-222272
70901
349634
225593
977998
-246206
84138
65454
252026
12426
41474
-655329
250389
-722676
-397360
57924
530743
-10181
883881
691519
-453579
-214390
641105
-490308
93155
826064
-636412
-885530
807530
65189
-381025
-414742
-863910
968609
810851
-885913
-277597
-105011
179541
974429
907416
-778986
-680901
157805
-501661
-78261
-784272
-970918
911559
-900391
720601
-542021
-114781
361706
-32329
978375
187769
331259
-907155
-4701
-603552
-288180
580557
-467462
-319571
391408
-353375
402832
-713603
826167
377260
-806187
-952819
696360
351618
-454479
-381901
567347
-425397
-470343
666956
-704796
-12364
-447825
656910
955308
-469451
-155321
286566
-376606
839979
683014
335215
420536
-784448
-984357
-188057
-137822
418475
98341
-311655
-204265
292154
-264474
-507906
-356229
281047
110194
-788882
855650
639852
878074
-849146
-372512
-569751
807764
-417205
-39202
-347557
869361
584193
-507579
552375
-80593
912957
767928
-64950
-275100
-369895
-646476
823241
318450
149259
115395
-946024
641354
759167
335023
-248453
970285
190673
-608601
848359
341527
18887
-721393
149291
601682
239406
801735
471043
-176401
-705845
23417
743006
-792888
-208656
-321944
-67987
421450
31581
-244747
-260100
-819161
870648
-206124
822194
629814
-871101
-426259
600099
319573
-34860
448457
-338901
984027
727065
810391
585708
-33530
612125
56751
790069
906281
-919833
533075
-886607
-128488
-788870
45406
-707038
242711
800660
32863
423551
671308
826739
245744
301122
955639
819486
-98780
275211
-215375
-650323
936311
-231348
-923259
746701
-645640
43211
358826
411111
-166720
265107
491278
-633646
378500
-637210
-422516
-576094
-344247
820195
-775435
688616
243746
895873
515355
-510511
196995
470993
-691026
-901786
-253796
93600
-552108
-317486
862252
-475367
-570785
-783389
567844
788041
627723
-598876
53147
119001
-232522
-568353
481791
344962
-144447
-862456
165157
80118
826160
-591097
-24009
341514
-101608
-827014
-187493
207367
-728800
558711
-699033
-280908
-758775
-836782
243726
-329560
-620170
-188430
-541519
-992447
212694
511629
126554
980172
943277
-391655
325134
-201171
-254111
-509709
878948
-427952
-100806
-145061
913563
797587
27925
-273930
4954
299126
-715219
305921
-981782
-473994
469140
261944
196447
848971
-926487
654928
856524
286207
166557
-16922
266379
109833
591423
-408487
908663
-662689
81805
787610
-90640
980999
-357452
-177077
778586
670473
548993
-216460
-30402
833774
-910540
-12184
-640221
558601
-750240
556227
407572
-676727
211155
264095
609481
-622289
-752827
-124140
487545
838596
467373
396207
-824093
-450823
183816
85268
-469824
826365
908191
-691238
496837
457183
92302
-533565
290957
181762
454252
650737
-259637
704012
206963
-852066
-972715
-581883
412030
636767
-204171
659203
-487374
-716626
497799
980000
679581
673706
-470824
-136603
-241027
59353
-310239
-332837
368115
-813402
-875654
-539584
-346966
415304
642179
-892715
66040
-617459
811298
-726998
-469524
838584
-308880
942506
475350
486950
601708
987976
770324
99506
967975
449905
-226788
-502849
-686699
532186
556504
3063
-800652
-75382
189661
-676305
385035
842695
738999
27213
949981
-194961
409755
761279
78042
940231
599862
769162
882736
75211
256112
484444
63187
26435
-416050
31162
-523661
357162
528313
-210360
-110653
84817
792703
88696
-990565
-17636
412392
394470
-174941
151391
-578317
-224960
956430
831438
-463682
34471
771668
-863820
-196367
654403
211392
-940256
138847
-725422
86179
722797
305740
562519
79959
-165947
-647841
969307
918870
-855138
58003
928305
127226
-529605
322775
952286
621786
744458
-272675
578216
575895
263644
-387314
347563
399825
416320
1965
-388784
476064
-859188
-114205
-437757
863609
-808465
-875239
-56432
25588
-523079
-87125
-55542
-378217
970878
-127237
749010
-558728
-804463
701295
-936942
939996
-571380
641274
515891
692265
-746041
-136547
92089
670279
865419
703305
146343
-993770
-410900
708586
869840
-219365
833348
-186592
806223
-689732
726283
-249319
-67948
697160
623444
-318939
-861568
818982
-617644
-798510
758978
-189024
842764
274868
-496759
-903277
-861680
595330
767003
-996261
298635
-86654
-990030
887735
-378069
879810
-331631
-544721
-306782
-525408
-234453
-580500
225274
697599
-883340
-151283
-621340
-744908
-332301
-238984
-543417
-573324
571993
-700653
701544
-924767
-603930
839865
670563
-836927
843605
-30803
76419
853575
-143068
698351
733385
525302
-846371
-573398
999894
-80823
-153897
225168
-383224
-37237
-926116
-4564
217856
-258416
756452
674440
168260
328444
973787
-130196
403677
-630143
-290331
74240
-467070
-446727
-956563
609349
-593153
-99631
307699
-859768
-574330
461329
-433166
-574436
-619495
412938
650732
-2719
-624299
724617
992717
593558
-533800
749169
267997
634461
77613
241783
-495735
-518711
611640
213934
555530
-855431
767207
598967
753919
-825946
-500664
61618
-685714
-74994
-477053
-118879
350571
-96548
-705941
1302
900734
-330240
-274081
893451
-736683
192120
642619
531314
-173419
-279769
-226903
330846
201521
-615264
-455221
-242949
-470694
-688014
-643983
-716775
-513959
-144647
344844
-199672
780360
867791
681450
130930
-228757
975509
-867768
-328024
-354732
-141848
-434574
-91414
-949729
-791955
-560101
-123147
-71723
212996
-792302
-870202
597733
-247522
-113151
-872961
64465
242867
-589736
550506
-901780
755109
-649166
878580
622899
-967717
9510
-605859
-992209
141742
66118
-346940
999895
631544
561646
-949834
839590
-998456
-72981
-232133
214541
134718
-102335
-187726
887196
784515
-60687
-48339
27381
349578
-497833
125601
104686
-146999
4181
-272415
-114716
-986310
121726
-106925
155433
-812157
546135
155327
819388
107780
205493
658978
109325
-867488
-573156
-676134
267230
324510
136140
154426
109024
-924547
-893914
-863596
425031
-391746
262006
-470283
461255
-733814
257302
-653462
-720123
-620972
239614
435310
-433128
-214251
-409363
-613740
893529
796131
-954763
2854
928643
-527918
326720
195873
796592
-537140
-649702
-94385
-461687
-543615
42020
963345
64639
-695974
-506939
-474107
-429787
750364
-127568
-149910
-870608
-887955
-714601
-303736
-102206
-123963
82525
-208677
-327833
127763
794177
-399190
599845
120897
796683
396437
583757
-853019
-697948
-877930
-396634
344072
-914586
668006
648099
-421524
-806101
-781689
-671160
66331
68401
-541768
178377
353801
154497
-923829
-770163
-762979
-132505
-97995
364784
-338328
502815
-35371
782569
299497
-638935
366326
446478
-336883
488396
-950156
-992811
573811
717850
655288
-847714
911749
873600
-518873
-21920
-58000
-60641
-843543
-704199
-906145
-767371
-474362
-669124
100124
427643
695661
761796
-69542
-339711
544365
-770046
21355
-89309
676433
684472
-600914
726277
691662
972898
444126
346950
-874816
355875
220549
-393689
-666045
-837452
545670
-509588
-541650
639526
-276958
-16012
970403
823166
-588369
666063
584962
342089
-673648
129326
572044
347707
-959984
248476
32178
-560897
-25248
-276160
-588000
-581122
-929211
-462816
774753
291338
143495
-891292
453887
-310835
-400879
912237
-671310
322163
-103775
-700908
145328
307856
965156
-269711
-350055
-708493
859616
-778012
639214
899632
470464
-328608
-661265
-554784
395232
-249264
-135906
466021
287920
-361153
-242641
-568585
-252445
-788754
120580
346677
-876518
449271
-331161
19708
748363
814168
-672437
713518
-455544
-22491
-994975
-595928
199498
644239
-696296
-330039
-684369
-357561
115178
710863
393175
979272
176884
-318905
-381881
934244
112511
365674
-854511
-766909
-287650
-731028
682362
381190
288680
430725
195357
616244
144243
739814
-406248
149268
-856115
793250
-206494
-552411
-536789
109138
90029
578389
-180000
-516796
557661
996885
164299
-824221
931129
-723191
541454
-923383
-490100
-746196
-654411
-807738
634994
634270
622987
-169650
250513
-232771
-429836
844266
916497
-285951
637515
-289997
161639
-899274
819141
-748333
679116
-360859
-265129
236776
-363975
899171
412556
-432846
-824021
-45991
-356229
-314120
207814
-10639
-121858
-157193
-376370
-498872
673158
874144
268358
-756679
718409
184854
-42629
355924
894857
-880991
456650
713997
-629323
135766
-646862
105549
-627458
-10836
4719
785098
556318
180699
-260893
-799911
866580
946921
189450
-255279
-210272
813081
245850
-537114
687224
-485793
-293792
405633
699061
663579
-238444
593918
782589
-781794
307915
-846735
353973
661053
258814
726515
-349784
-736467
511613
-793466
444232
-749280
-593377
310811
-802359
596073
-944468
-12631
409154
301383
450256
96378
815590
-843537
-497990
514651
820043
263566
108569
602631
481773
-583516
755897
-164255
-922464
14711
-437741
-272247
278244
-926128
-65713
-277524
-675408
340910
-966713
-477767
-63017
-911180
509602
-653864
390203
-40142
442514
205793
116321
944525
-279556
-63637
208091
829013
-461006
-310137
-754504
-705110
525609
-676967
309601
-912132
50787
-412155
-838260
985074
310321
-513668
325984
343609
8565
-737034
432429
-481833
-390897
-177369
478025
-948383
-971576
-405654
996142
-251132
530710
204232
-422119
-930297
894096
-176623
-635407
419704
146411
674195
507572
-802803
-737961
669312
-817729
572361
-844356
508255
-84031
164210
771222
-651603
682377
-619675
171029
160402
-568058
199453
754749
-571916
948322
285458
632317
-473798
355161
526413
349580
719755
-53884
-504009
393949
-546312
-306812
655989
-877000
-124541
228349
-721356
-616286
-855682
442854
-845065
-507284
125231
-464740
663746
-714367
-32797
-136802
-959619
395288
-188480
325839
27605
337722
-319001
-445983
-312698
-599247
500133
183293
794703
953822
876481
450691
-923179
-248060
-320960
-644534
135654
-176642
798321
290590
316074
-76449
825851
-20181
209184
-206946
843018
249565
-811659
-345463
-424597
215946
992260
256403
769964
-320438
657157
270096
862855
451859
223918
739336
-97450
300739
-508724
581590
656206
626931
-595052
454526
-82480
721022
-621923
-256629
-299159
587261
536425
-456141
-163174
724767
198397
412230
-59288
190657
-331367
-289325
870219
-674211
980772
733073
777649
204690
472409
-319802
-494571
963685
-738212
-838366
590615
-333264
616161
-491865
-612242
994238
251506
88599
581499
-212069
632458
-581676
-487303
-169145
830555
453410
-978489
-500813
-835915
891730
-175024
-855144
624803
-397376
349547
97211
282823
854976
60896
544611
-983391
-348489
-788653
632770
159647
-400895
627007
-588848
687704
208506
199083
320162
626830
711781
-848984
457384
165190
-827473
956572
329275
-935743
-218453
474132
689060
384172
-176322
-213729
-333005
-321347
847168
-788394
-304737
-501321
-577047
-671968
658326
22058
955040
-930522
-290239
163545
268562
-970077
-209625
-19658
-819060
-752241
-854469
-646533
-795670
474806
-582276
-14122
-51063
-893216
-629951
772615
-106945
37045
-548732
-259777
248651
146531
238902
671604
474564
-102773
-306339
429604
-33295
403423
-406851
-764734
433347
383524
215608
614287
631284
361140
967754
835614
-164055
-614522
-178509
784883
-507737
191541
557497
385319
-771415
-991235
-874459
477237
155297
364443
148840
-370140
-738330
842502
-940536
228376
245925
-347387
463643
-320729
-963863
-320749
-706443
667421
-959610
-738689
503035
-123665
-353210
-675475
-338783
139053
516067
-781286
-475629
744653
-772520
-350087
221889
382777
-985644
-629271
-987363
-723974
-786770
-927899
504403
459156
-275285
-31955
-861574
-239148
647296
-568016
-571727
687686
-306705
931308
-435979
340086
-744167
225238
-520862
771900
443953
3510
516553
671433
653424
-261559
54209
667780
109171
66846
943807
322401
138948
448209
-218444
863664
-583747
-80017
-375485
-936451
351967
52789
751235
-954739
-15904
-684745
385348
239929
540494
864486
11829
-15554
-132004
-471619
-344122
-478580
266822
710088
-810801
-624008
-223067
-866995
698394
915882
581215
-520050
779545
997468
399933
-595940
-938983
-248100
456849
812252
-202838
-559056
-872493
-817491
680874
668002
-953005
-307298
-347553
-85008
221083
308326
436412
-512095
18413
625611
-136103
795347
758617
-437709
711228
339831
42242
490773
337299
-557825
894833
398316
194075
351681
210568
991237
792626
338076
-826254
473499
6077
-779259
-833799
658525
135733
387284
-33150
-427856
875189
985263
-802245
-260914
780609
956372
301378
491837
296203
-656381
-17391
-366499
-214206
-122559
-968183
979870
-770878
242386
971106
-978252
-419539
-855149
495248
586539
-634407
661449
245063
501326
48733
-788087
-926530
-76079
-802825
-728775
663008
977785
-772404
-35615
469621
523800
308004
-547771
-842700
-906202
329671
-810882
-926333
558793
431504
-955227
580541
-988035
-810375
75788
598504
-444782
-262764
-156433
-943456
785970
55480
-869985
-290110
252656
-598760
-627102
230440
-371163
337283
-299939
-847364
-354713
152290
-690063
-260914
-518040
-500945
-187246
-959247
930560
-142473
621294
942525
47153
-302918
541029
602372
434319
-615405
658916
220288
440076
788931
930179
-307269
-809829
-696924
923172
-180991
640360
-376768
-28355
-714353
775523
281583
24733
-742518
780638
837487
-701764
711198
-304986
919531
653722
742167
-383388
194751
344538
-949069
579347
3454
271220
19422
-207615
201398
712154
-17444
504475
635325
801565
144834
-741443
-226790
430481
-965921
-945207
-544786
-708438
835431
-707300
-410202
546629
-12285
-490671
200350
-270119
125941
-604899
-925582
176873
974448
77873
-551908
-6131
870258
649491
-293978
-147186
153965
-658653
-345621
-701202
-400096
427589
729280
-366016
482382
-815507
-74454
317813
-522806
515345
-135559
464909
-975327
-935209
-805211
150615
-540108
-730792
-672513
-565661
347081
-224420
428209
217339
-574930
-865769
-929848
579035
-524421
-275469
877834
75483
-847880
607113
709468
634503
791607
-364986
-47684
-731200
-849642
816758
733710
-824969
881550
928500
325647
-658559
-802293
653135
-224219
544789
-571286
-796010
-237873
-146216
-661779
-167720
-567181
-186200
556811
-689347
889284
708932
917767
598751
343434
709373
-766236
-704251
978174
-615877
-887494
711883
-440845
994056
640382
884802
-664503
838090
537936
111279
382879
966650
315269
-854995
-179566
653491
-22715
253254
-532709
-465904
563907
-643426
-756973
481673
955326
586462
191046
-810910
882211
169219
-426787
994718
-118898
132369
988774
-478516
17170
-675729
-640427
-444895
435551
742452
-478245
-249181
887458
342190
-595690
-135257
-404557
-128399
398840
-840650
228176
641868
641023
183501
228329
-167932
372592
110540
-998713
945806
105257
-117611
78174
94031
403874
-904656
418303
763448
-349550
-146147
505899
172205
604673
393357
-485606
-991018
-741900
109838
-119416
656940
269188
-891241
298807
-89789
292261
-472865
742279
-335147
637675
743567
-389342
-257068
-374044
688833
836964
-970171
784177
255266
793277
-565374
-890882
299176
606832
713791
-307468
-878774
722774
-49368
231064
-396643
-392428
-499748
-287883
906379
410463
-995623
-566486
152742
-330770
-928811
-103692
279889
-185879
522264
-31279
-348915
552093
-247102
906351
345370
187525
-984531
-355455
-205644
729261
337078
-84417
452034
-712290
-853353
-944609
-104718
-353101
-232492
-198339
-942638
-228114
235175
210104
441116
306364
-893589
-278996
-879515
628676
689726
-228430
180769
-557377
-322079
-473862
630149
-306609
170684
-575495
-577349
-492239
340088
874686
-204529
486735
930077
690754
-866366
-302415
-507586
-809004
469471
727589
401100
-89413
33953
507512
631591
154439
136187
321317
926009
-683045
763941
-396070
-156906
394089
297321
-986223
818594
719973
-478462
158682
594658
317010
-354584
524735
7763
-220950
-777681
500177
-29954
691791
227766
-628855
-397623
-738282
878657
-766032
416157
14844
555285
342166
331800
319226
946097
-825107
-286686
243418
-811329
-468092
-36610
-289790
690590
-441952
-972781
-663994
-917218
34982
115056
-694898
-464841
-914898
996894
762925
-543752
-400730
-975357
-665095
-166762
440801
349749
-611477
-217033
-318452
707749
-270937
-143558
-578937
972482
45113
-47028
-64129
755323
-356438
493920
782543
-20432
576702
-182476
-905377
881805
352684
-820274
878698
115609
-364026
-522032
140252
-29121
311206
-418947
-679373
699730
364020
2176
407478
-906917
858619
828542
-934436
-96269
-218487
1436
-340946
425075
-504645
-558404
-595358
-927943
259121
-500734
953863
-388196
-321007
832561
727414
314967
-689472
-132334
-714154
621735
448719
-393526
321464
-187261
608650
-271058
-94177
467269
-442517
-28613
-629001
338997
972824
30054
-235928
-531821
471650
168715
-459763
-269230
667982
-505901
342575
-653026
-673341
69988
661942
-362812
937655
947788
-741078
386373
-445739
580386
-800888
-837089
-690672
104935
630180
-133188
-923678
-998821
-794192
-950855
31233
-30119
-482675
-497118
-861405
57562
233653
806577
551661
-423772
-846449
878321
646217
815493
-484492
583871
763280
-225570
-29756
-682459
-645184
169356
-519548
-335855
-725710
-889368
530957
-649388
-888189
736766
-600242
143044
-293354
-82917
645927
-154758
974645
-120420
-348182
526306
455809
-194630
404626
102025
-379138
920134
-314104
-615858
-305436
656140
-298317
49381
-174504
182136
713526
99786
292768
244482
450399
404579
-18752
850158
-452378
687894
-232760
-806451
-466865
-258115
73129
184954
-731810
-471062
990324
672816
630963
-388815
592950
-683141
-4672
-712487
973000
697011
336894
-201505
-120854
50420
898282
-828087
-705099
348680
576492
276149
198837
-875886
-35957
966078
-682336
497179
-292038
390794
-317868
-23848
919732
-327544
-351032
550695
283642
-758083
867554
-721031
-470569
840553
975980
866326
-360952
-144875
-83255
-462671
27039
211647
886010
-396469
-512204
84847
-272354
451839
50924
45310
-50982
758887
-563897
631150
-264961
-644166
-696395
384007
906529
587247
625925
774083
866217
-844645
614636
842196
-978320
-746317
-302679
-61575
-208988
724360
-849928
-322978
-672110
-362132
761869
55536
-910293
-187207
-899154
38725
-428321
-463051
-330126
306719
-107216
-26520
-309275
-200687
-439273
-683350
-426605
-573057
-527995
-811970
-730861
-506315
-558286
-33540
432111
232726
-309180
582183
909749
18711
-779949
671617
-925753
-690242
-515591
-824907
348483
56089
-287957
-981643
-637193
604827
-8162
53533
-595860
552565
370183
-22464
979509
842189
165567
-751352
-664126
607281
215108
767985
-159993
905929
350168
-250245
-75361
570219
-578629
-1114
879977
-94219
173979
228460
961871
886022
246817
-675322
490849
-761346
378211
894989
791220
-251606
-127475
770728
-409418
-961909
-980625
-73544
645372
234484
-305559
-514622
140412
-955391
235134
-934949
614828
656505
63937
494805
-437714
-762085
-276736
-475843
-876063
970082
-151165
614787
-791265
-772954
509776
999955
-24560
-617700
770683
566023
-579608
790059
-507521
-934237
24543
186920
-448858
-835045
231529
786276
-769994
-153643
442781
293943
-658838
-994933
531859
64427
-470776
655797
34508
378059
270583
243244
605105
-219641
243198
-419455
162659
13881
-853432
583051
-196060
-360953
648815
828483
825968
-800043
993438
57497
986234
-776557
903855
429014
517387
-754984
434082
49245
309444
963307
-294959
-656048
341365
975625
587196
-53530
-244017
-169606
527016
918643
844275
673584
501693
-351786
-687369
150508
-523303
-861402
350465
-529866
196095
336698
-306422
99949
-234288
-789036
344966
-800207
260209
-345591
-836901
965251
-1639
504465
940876
-414444
-549065
-303142
415951
977952
-384500
260226
651536
-882807
908440
964167
267701
-614863
-897235
-381835
-144728
298860
954863
548850
-601192
-279425
759814
743775
-79632
20023
-601817
83468
-14726
396545
-412067
-73851
982102
38869
623008
398052
16821
-761493
-341723
-331644
-644300
-433283
-367477
623401
-48146
-264712
-758434
807127
-965853
-803571
355976
-567044
-82996
115790
-823269
837372
-864188
-425086
-79160
121087
971460
508774
-952764
953561
-452357
670244
351613
564464
908751
-990111
-767180
-735549
-423393
-134657
887853
528462
600632
-870582
335588
634779
-674153
-308437
-932265
242851
807354
-755534
80223
943167
-180619
-998937
64253
-209160
509838
111489
-255600
-942520
-218268
-903987
621944
-309517
-894098
854765
-45066
-317490
-279893
-157214
-789029
-679262
-27796
546560
955518
298052
-761877
-976747
-459098
-954524
-732280
621126
988643
87101
622189
52896
877942
132026
-835616
-377658
189506
-53883
-281645
-188550
636600
-175742
-333786
-408467
506768
386322
434320
717740
707061
-593476
264299
662579
704576
502423
685833
-754523
547899
953553
866603
536542
40654
488792
-410563
-81405
-379183
-246178
540937
810324
699939
-740709
-378227
336539
83549
287988
928072
-409683
-325690
362392
-691944
-618629
768916
572356
-956050
473491
74778
729783
718969
-377323
683335
585572
-840781
-276012
74363
-251344
642583
695180
502479
183520
505504
202417
442811
-872723
-461045
-473640
415266
-532973
116677
-910425
829419
424734
-529053
598335
-2911
-485103
71825
-928133
-755321
-209206
-305455
928015
-623635
-146236
-347997
450728
602421
-705414
145908
104899
478106
-348588
-692684
-79083
-221311
-153729
447277
-806046
313299
-436046
-716470
142717
988688
-245523
-258948
-14223
269375
812877
57645
514054
-396330
752191
442069
-19964
-394046
-905929
-569236
-791625
-611343
576673
313274
866764
-771916
620591
-212320
6773
-533139
-765044
200727
780161
-201089
484258
-77123
-212401
-761266
663929
773376
508109
476806
-168979
22163
-919524
-416789
-535768
60512
189166
-441697
491277
397541
-53039
67949
-289185
-186276
296033
-668595
601404
-697194
-201733
836361
503534
-421573
-364729
-12209
501305
422871
226526
165234
196246
-265366
-357960
-972733
756798
-277484
-389522
-778971
783029
799644
-220667
274306
197185
726294
-657746
908000
-459983
638288
-760595
-858579
941094
37672
977782
444628
616100
-386947
-567581
117404
-964077
658945
-717362
232170
-606421
-75322
259438
-849624
647195
869916
-628594
430224
669560
150739
-295471
-133256
-122968
46784
-225256
417050
-314929
14149
558471
-373835
-948179
536253
-929208
667921
-850694
-496789
-214675
-814770
-837844
67964
417401
-444265
992643
-323162
-293888
639837
-453247
77518
70060
-783688
-771744
774590
83057
105289
-178627
857801
-477661
506444
-128050
-919190
-867391
-76229
617064
-796598
-408308
766370
-293386
377018
951600
-131230
-555019
369000
424505
-562377
-954163
-869384
-922540
-407409
208135
147521
-191096
436392
-77890
891961
-458319
743484
749762
64020
249928
-378289
144830
382537
545482
-238107
585939
-862826
-471737
-707448
514192
-520137
161323
959173
848863
-414172
-603204
894701
-283555
-525744
-512708
924580
621777
296196
360971
-456114
188157
902652
-712631
-62082
-33328
537297
559629
-888498
-80166
105111
-126604
-494228
242285
401659
-201675
-243523
881522
959649
-284351
730385
-454524
112445
625085
261921
586702
-887623
186500
208478
408573
-452529
752365
-403270
-549877
-960266
534648
416795
577032
94277
528298
-503135
-800612
-598307
2638
441674
803352
800964
-801850
684873
760612
-86200
415258
-693913
-973755
40343
568008
612947
152720
-245492
-178575
-438707
301979
-426211
158023
752103
-386476
-307329
168897
-809445
786949
-302805
-312580
986337
98888
690059
428011
-97761
491022
626161
-412888
251634
-460039
-997630
557722
-433794
42713
125729
-820848
-804568
880238
578
-243275
182216
574367
914748
-65681
-812110
-392581
-896784
-621555
-605633
-199589
65866
-619297
899299
-244075
808715
-198462
-753053
434875
388651
498581
974836
391021
56302
-458958
-566267
-817969
-279805
-370834
-937732
720773
385891
244485
295139
300639
-821197
483030
908058
-717981
861476
-697576
82430
-72658
-316872
-18271
683267
-508158
783268
930214
926718
171918
428795
901554
-437061
-514903
-557404
-3328
-332872
162791
625839
-270603
-116437
11730
973882
-821298
-687632
-847315
661732
-779574
-565295
523208
-477149
517136
-549451
205979
-501136
-866184
697822
-717869
-935970
624540
454050
492826
526094
-983012
977923
968690
13661
-354950
131480
-360501
374448
-984957
651229
348330
-806255
963598
501015
855478
-815977
935721
378685
-293126
452856
829235
912854
951721
963052
610676
-766148
-972918
235216
687902
519908
-238691
704890
497830
-270001
-281449
-857120
861480
358050
517328
876523
9279
-134343
-929733
-27124
-633328
925746
156900
-697608
304430
863774
755249
133665
776628
706969
96717
387304
940821
123799
-377481
628723
-356294
383829
333613
-858464
-886172
-947837
-715584
975308
410214
801745
851830
-580508
-332598
922098
392368
34075
847843
-450733
336468
152273
-586959
91716
-714063
-810331
-201315
382655
576974
-260494
-493547
-800508
-631772
150160
583322
701842
291696
697151
754005
576113
672458
164219
377858
524287
583711
-954740
446385
-23921
79335
294227
525347
-584198
-553501
938388
507519
-267563
-871943
-693796
-884909
705031
45710
-378455
904524
413939
771706
487846
115780
63402
184996
-130215
-360486
-142547
-965997
-982628
-618260
617714
-937368
828125
-406207
141968
122351
-880861
557771
568851
-942473
65289
-698712
-814416
371493
-583620
890615
-582797
37925
795139
831142
-190370
282984
-53078
873032
-532021
816707
-487454
325432
850711
-470081
707172
468425
-407449
535297
-937783
734520
-342352
-818644
292290
-773502
-761117
-642422
-472214
-575532
729072
-55834
-684918
-853726
982092
-889780
977417
-208278
393205
-75662
-335246
861184
-258955
177301
186615
-408245
707220
-106213
-939820
-700229
-570916
-877603
-965710
86732
-696246
326580
313231
-457362
684159
841018
-32894
413231
-214817
282189
559506
-232725
392410
536922
558997
-214386
-538740
-776250
-353203
202305
401051
833413
794061
108271
-272800
854241
408042
156284
976639
442333
-756985
-719608
-231087
556247
-176969
-546928
397264
790137
866304
-817554
72325
425809
-50278
-535265
-37269
-491282
250349
423991
-267531
897146
-373704
-866480
730559
-579644
241792
-542242
-725403
-350166
614042
-748765
-907834
857058
-468372
-138920
413304
354659
314152
-189433
144796
180455
-6986
-782879
-393736
942737
-318144
568995
-548545
932205
-7014
183924
829351
619282
317445
559909
-960362
-440763
-982334
-685765
209071
631708
-434529
301237
488766
97100
-837683
-97930
-548241
476469
712637
596555
-343076
-294349
813676
263188
-351613
-504469
-167817
99842
-572265
825169
-716234
-742914
444450
601212
816995
484088
-839552
834661
798324
369519
466369
-636205
-329244
-44865
460895
-166927
857205
912654
-690458
569842
509209
-33534
-724508
322884
-770346
-76120
818416
61837
-976278
-753850
-112995
-692512
-496764
-668545
908701
-679769
815543
-930852
-845109
613867
438668
621261
977662
-890576
-423605
438556
-57503
-566401
351210
252039
-996560
-139582
-781495
-721067
-816698
-551841
202813
-998283
509997
226535
-752133
-602999
534024
-248896
-271544
442724
71336
-456001
511872
226227
-842135
-49460
-152513
-864473
59964
423882
574084
-997539
857482
-74707
254500
860922
785712
473006
-860146
969014
921166
342668
970731
431162
-430798
-781402
828164
-896775
-30297
-443381
545950
-958962
100619
57822
267265
258485
-991639
-885248
394012
68326
538635
-31905
70787
396117
893389
-674713
257038
679100
798293
396893
648114
719458
-260439
618844
150620
308763
837442
-21217
411989
-192855
535403
-42061
-151817
-363979
-984240
-884552
894507
-975879
-769799
288518
92447
768837
-743387
-836767
164953
-849999
-511479
-578009
829102
-713187
818884
477215
-993729
-441556
96058
156892
867208
-66500
-864326
279197
740646
671078
-762865
-411172
-692902
-747105
-295723
-798396
-722983
-65522
490123
369465
-296686
746736
532699
868268
896738
-978781
-709742
725839
-691967
-890859
203053
-685696
-332414
-700889
471196
-465206
232612
606871
813991
-26743
277948
-948874
562086
585047
-695978
-733638
786652
-418960
200841
276775
950505
904156
23510
483204
772423
-79753
504424
-937320
-353914
812457
-828178
849139
-873239
-160591
-851750
597958
374203
380862
204828
188194
-645881
-517224
239321
916205
-932177
543343
-817433
854476
-875618
383408
131250
-925113
287564
-845241
558091
59986
75007
62515
122666
721093
-125029
294488
570232
1733
-866104
718483
-400310
508100
99345
804519
-303706
453464
-712705
935615
369669
-644882
478958
552237
-790407
603340
-64356
340843
678228
-776793
495603
236319
283194
-429390
-701167
-594141
-708297
173804
700348
861935
-824464
834245
580418
-224773
342344
-320238
-420255
-961362
-866775
-132960
974253
502895
222159
453210
55131
431752
56550
990775
-227405
-265223
-786018
-731802
971096
497176
-161192
-730072
903036
130511
443733
603383
-7554
619270
437627
-427137
-605504
-220029
252625
-25759
-181391
385851
841282
-207138
-111255
63440
-753929
943876
-504809
302621
934651
267787
-962602
-851367
535985
-991507
645810
-625208
-721578
548845
505304
722155
152228
-502250
341425
-410145
70614
735921
369826
-676761
-289839
-811565
709090
-448558
-18703
-402165
614883
227368
-458290
-889927
-470011
-523639
377861
-432612
-375006
-86155
-424118
-729196
288638
-145696
819650
-206058
-423541
-28123
291692
917884
561732
-637694
653804
-68442
-314455
-636035
119993
-605365
-84592
-898711
-7530
-469710
328658
534181
-359636
858648
-989458
-981776
-573965
-364463
-67930
1917
-93659
-779293
856222
-274010
14649
-567319
697868
-693659
-649436
259599
-331353
-995632
-808843
354193
-631666
311150
748828
283743
412440
-258702
814034
-258902
-724522
-545603
-400255
-713980
-527378
25780
-78442
404693
-972303
827899
625401
883919
-446112
-359951
-683401
-748245
-53609
-332836
511355
615039
-328467
702512
-30769
39867
13662
-281941
-676391
-573899
459358
-862358
167199
734836
-407960
766945
-979144
64663
-207275
-57586
-530645
-179578
-229687
-905245
-295659
324202
-265195
20940
575958
681197
688105
87312
296236
-640363
-210176
-734533
399504
803487
-16474
723114
-770412
-557117
860757
396787
-822281
-547203
163732
-801424
517461
956457
140991
986817
-223122
911304
-918428
481219
235505
-183622
-497841
-188537
-502426
-809737
898775
793811
-450099
-311401
-940723
949405
-507915
42804
672519
-278327
485688
533276
-881540
663407
986073
282193
861984
503534
238649
2974
490350
-984473
-85722
571922
496746
-850217
-611701
998906
-38754
-114126
-810831
-139979
-320316
-260930
548621
-261039
-311525
-959294
781765
-639007
-237621
267452
894270
-119160
-69141
880342
-836968
-207157
383876
401682
795817
-125775
417209
-289905
-553853
-86046
-140121
-165554
-87140
821125
720321
102029
-318854
-599996
841099
-770233
138966
-470427
-729527
-79269
-109433
32853
-811817
-215164
913693
119043
-334822
-923275
911886
-950947
478407
707703
-76722
-104384
-582202
369425
809571
277677
-796129
-277570
98802
924192
824459
779948
-675804
665558
-990285
463163
-804870
-719812
-616106
85697
313041
-427922
870533
226734
691121
-464290
303460
603007
-415236
-218133
310709
508042
677483
728507
-122533
487053
6184
81338
-790518
-895015
5530
-966059
884934
329727
699499
894649
-207110
894629
-825164
176784
-19674
487878
748862
-149141
-285389
439983
386570
-981930
42989
971334
-200063
-646303
479376
-522580
-917796
-643158
964473
88388
438181
-826045
193374
-556289
-792104
78307
773439
907395
-27045
-433672
802024
147792
743112
-217650
-364331
491974
633209
350281
-68044
19779
368352
974945
-8888
-831711
-671358
-529512
-354291
-589153
-172669
-389818
499235
-734488
-215863
-307392
-290777
-7967
770916
-517339
-100572
-256129
48990
-298548
891663
-207899
483802
-472668
-715925
117011
877614
216031
-863210
245965
190976
127903
414254
519618
598391
-940037
930465
-574279
-329855
429700
-308767
454282
-877692
400457
-553685
893224
883119
345743
-362906
-67892
-952805
-471243
724210
530998
56090
-991716
-351992
-66297
224315
-215202
-820333
-584709
912701
593922
934909
511092
653885
865374
936814
-675970
295073
-371953
778312
417381
-971497
-775374
310605
911622
570370
947700
-156270
617565
-523544
-432061
148562
532546
-423777
796571
-533751
800539
-418631
-354083
-784171
-505930
-760162
-849262
-994839
893724
-983889
941976
-782247
311185
-429978
996066
-271434
-401475
-779308
-960830
-489853
791063
986870
353877
408627
-536674
921817
-442811
995873
-501961
-646240
-537879
-701423
-64871
108038
-485593
429200
347877
-334855
434362
241601
-318744
376337
459355
992441
946359
455420
-278993
-455116
676113
-239823
55032
467175
-252953
-591091
-124199
210373
-669275
432991
206245
-171236
786751
668367
127342
-278120
-223596
641750
-848920
-875720
-693106
585442
365881
-11849
-38221
-174765
-19408
-91863
-719345
701599
453022
956768
-538224
-491947
423942
208823
-83038
-700257
-580804
247687
732735
625442
-923549
519485
293808
203794
-758635
-929789
-154457
-607555
-805508
152437
977888
560374
-859413
-60334
-614391
121180
847804
-333736
-177222
300825
-376968
284554
808879
-953026
-506624
-274160
-653283
-87427
973528
-920549
-461986
-950022
598937
831822
253773
840303
902034
-900685
-767252
-903475
251753
-789365
656900
392341
150302
-957492
-486480
-1895
-291227
336298
-701070
331806
-379148
-892191
378780
114229
-166351
725497
-973199
-192823
804949
-435185
-142844
403886
-603363
-889072
244188
-701330
-789756
476936
-604804
461997
687572
-947905
-145662
-162127
-905397
367859
835979
-196623
-295843
-865091
-864818
325009
-757282
513962
-560763
76367
239459
-533961
883545
44407
30855
-259300
-551707
427492
-148372
692481
726163
61873
169417
-878642
-476131
-143012
-826547
378208
694862
-731943
-253934
530840
71434
450223
665749
206616
-224768
908467
-279422
214469
-15166
960037
680509
-131622
4444
-288636
609078
452737
-861144
-539294
145218
865019
522579
-685366
986377
-953552
171623
-840170
424657
-133516
-572112
-829278
-602676
499322
620946
-936927
-294062
-603823
971540
426517
610647
-43626
386553
291155
824752
-609003
-997482
433830
843734
-858626
894537
-11048
-993607
417116
303587
992771
463565
-524791
-847399
-111779
341694
-419511
58944
739019
-920189
-320111
802092
-214251
76066
773631
-787735
-313287
-269995
598819
977869
-445243
989816
980388
988587
833550
-878238
883124
-177499
-871845
300240
-873912
-879075
-236196
-398702
-726474
652026
942992
-145984
-289031
682011
-66173
390859
484102
719577
-533075
257733
931843
153638
987738
530661
131506
-457506
520477
111893
-468919
354027
233655
-585795
-823473
361811
714445
-697384
482736
-521752
-96086
756263
-869726
-153094
-389721
-158757
-471084
544106
-767899
-986983
263682
-300973
270750
195525
852665
258487
-273814
-15829
800982
-753338
-903937
-667938
600689
329719
-253732
777217
-308471
-539288
-920168
-825735
-61039
-16253
930529
69235
830653
-459193
910479
-640432
-915087
-857420
-627415
348596
-158393
643336
-455880
-305729
-98177
270307
678443
-297196
516969
774507
34867
117658
104225
781135
-105125
795755
-758153
-25292
970021
180808
958455
900550
-749958
789107
-558643
-839480
-851325
-473730
-696900
-478740
874867
144707
-835404
-581013
838979
66419
689294
517422
769224
206263
291928
-195910
-676080
-603848
-414775
218796
-808093
-172928
-806497
-838072
-992121
-848042
-937523
-742078
941066
-496165
-581557
-910260
30105
-278457
-388999
-95028
866251
-224403
323959
705230
842017
13252
222651
611240
-780486
-485422
-584670
-456565
-89269
555
762232
102639
827628
955736
264567
835508
-892307
327045
-906571
-951241
830880
-488128
-861501
-139015
233416
-250499
765957
99667
525098
89915
-195103
367114
-896833
-972452
-21646
-677318
-457873
393684
-133883
452859
-605761
-371651
-444503
-778134
-415916
820065
-942627
-308222
147110
-849197
-259463
-22010
-337324
-120964
838975
896093
628538
604932
-4240
153635
-305153
800657
-479251
-201986
828206
499104
120696
-629668
-107213
986814
823191
287026
-384838
-621312
508893
199246
-801247
566267
891024
345863
717070
-368439
-676148
-620255
510598
-837173
-724162
139135
767759
271598
-707230
-537395
72255
-186480
260620
-99540
-687377
-618685
270792
205410
-631871
93983
-507564
-16709
472672
-998672
-817463
671425
567595
-926439
17288
284665
-294877
341141
664411
-784280
503968
940249
354855
271727
211846
647625
734332
-715900
-538856
-5049
184561
-226233
376267
-544647
979178
744396
549337
-528387
-272313
22008
-527058
-89775
-306567
-959463
-16213
710721
325202
688910
51861
-10388
904630
-444171
-70140
259485
827556
-858294
-92891
561888
-574193
368254
-443161
610368
-857980
933106
-934279
-878802
677502
615058
-407189
-594811
-362935
65754
315415
330498
106291
-700799
41219
-568508
988112
-906920
421105
892742
-351091
-649036
152226
-523535
-507329
-940666
-961647
-81522
427588
-404808
-471154
569609
-471702
-405433
690807
-794200
-790376
-716382
-389011
-153310
349372
926404
-822812
-544337
-774395
218407
-112845
-786284
311487
-691741
-893543
960397
-340776
258684
-563139
151896
318018
-524785
-929626
-254394
70408
-400780
-684785
598706
193788
-993979
804507
403413
-710360
-584505
-749898
639013
-658101
-572710
-905325
-432495
645698
-18169
-218778
-42816
290091
-112320
-82420
949315
-853637
354442
101211
464382
829657
171585
-790013
-99935
770805
-474798
-501230
-35407
-468776
-696724
-631995
-179136
-281228
-381892
-540124
60672
45399
-445449
628177
-308904
536383
-590601
648280
-173527
297079
-434140
-224213
443443
920303
876999
-92176
749960
48583
117811
-349976
-180612
643014
148794
783981
-825762
452071
-848015
-4897
-829157
-229906
454979
231515
815493
-990470
-140308
-493411
545913
269091
-845132
-627614
-433831
-279271
148173
-990389
-358969
25172
-82565
-609010
-926246
-964754
41014
-106858
678261
-810192
-322878
852499
641879
-170892
-152398
812722
599203
-697419
44237
414695
-687888
903929
921285
858025
173019
-923847
-769589
739189
-203118
378585
748800
437914
-596244
-333765
828904
-522490
-298518
-130082
370652
-620257
59726
-952226
-767759
-298395
-123117
79843
-485673
-523915
382425
558564
890781
694537
462492
812065
552562
-364489
888218
782973
-625301
-314901
161557
-876501
-876988
565313
-210266
951917
-957178
491217
-178166
413475
870960
881560
461249
-896799
-416835
-661869
183045
97492
-185784
-434531
-343945
-295004
-739995
-881453
-482939
812567
-245941
-594722
595539
128758
90378
-242905
252257
213390
-677593
-958009
165307
-634770
533208
987141
778705
404167
868701
239953
507368
-548135
578084
-309587
549358
-607700
255882
-794587
97297
515887
-676040
614358
328453
78020
-980365
-76008
-793223
110014
681087
459034
-676597
-996506
501026
488711
-631276
34233
475852
-852572
-561600
344552
387381
945769
796418
-34535
-363819
345775
357766
892063
551188
-544937
407949
875149
-930580
-263598
-46832
-910944
660394
159946
199070
341481
-381020
522474
344975
-879995
11184
713700
154238
-512965
861128
592638
831588
248509
538406
628005
-786026
-825413
-26220
571740
-933351
-475032
-973198
474599
-599883
-903777
-788999
353286
-814721
871396
-486769
384350
212876
132211
-93176
-442149
252216
918008
-728449
-593546
-594957
-867322
999093
-763369
381188
537499
864637
595162
712086
-161584
166902
778736
363385
193705
253334
763502
289928
464335
116788
475208
335730
630019
-140442
-451394
-237770
766382
106458
-985554
684390
378009
-579100
-910568
510688
-580007
-673936
-108125
957493
-809300
-512964
669578
29117
653939
448313
-607499
-152357
-298353
-843997
-862430
-834018
272791
612779
501712
-97191
-527664
-949682
665040
-761283
156776
679486
923107
-465215
-899614
-987461
-954528
-479621
-661397
-62653
-522129
-470696
424384
-852551
558421
78322
595763
950922
925965
-702591
-893076
-936465
-536609
379715
676315
965104
-717476
-851350
-984578
947564
-612632
172199
627050
-689525
706984
727436
-676985
752457
-752185
-338382
-310196
-274314
190922
-885813
-126864
-250657
192510
-531102
-299736
118474
-233692
-192811
182010
229700
-813096
-141676
194804
-530571
6975
210226
-583007
394343
-617576
-955958
704819
-910592
771478
-972167
841865
-980708
-310549
-468332
-255021
880374
-354144
618116
-370284
838366
-912987
329981
-43160
-146678
-862830
-861151
-916979
-675926
-2826
277825
-206497
-995852
-511949
210497
398492
-129525
254539
103310
-40116
26017
131143
-198252
45310
820595
333417
790289
700969
979273
408405
-669315
817638
495418
660667
-225523
-651260
797837
-86674
-568238
-878090
910500
709587
-84586
914649
-802362
-874090
313140
68113
380450
-583551
-972003
-593534
547593
-170255
451776
368188
-836839
242065
69156
-857567
-349531
399842
960071
-854113
60508
-265453
-505373
-141656
647874
-73611
-19745
558374
-364024
895669
473022
-166386
-978421
-213838
901728
402029
202612
929725
808496
-249796
-240530
260271
-881609
-77369
-497665
187548
65065
152805
-412611
25136
298692
647897
759684
793319
-493759
407557
-280292
486496
-34069
355685
382165
-561048
-810702
403745
225114
-908974
-194227
-572275
-979250
-385731
177930
-219779
874540
296321
702852
-623125
-516131
-232083
529680
71259
793053
-171629
-280845
552736
-378310
225397
-39707
341399
-288108
926224
-302917
-905944
-634824
-113618
497801
590290
-22592
-696426
-981985
-1841
-82157
195945
778380
-207617
-507734
481232
169258
-23864
-750852
-301062
-952606
-957799
527310
-233450
594938
-851000
991947
-444769
490399
-296162
-518545
-812518
-202105
-153369
73864
-704304
-563079
-948728
-400729
-545064
49431
517114
650882
-172190
-690503
-856852
-690958
478755
119284
-441809
-822307
166678
-399608
705003
933228
-804670
854003
925174
-249439
344402
-370988
232017
531885
426907
-921353
-394251
722603
-484432
-342979
-678127
-29495
706452
838988
-378613
-465738
-851516
-235465
-156695
627240
883819
401496
804934
50497
-998112
509936
-16275
-802781
363939
-91102
-52219
-291659
537911
-820203
-759775
-35183
-741556
-154026
-312580
-225987
502996
9294
744518
209448
-151718
-634096
743710
-3234
130439
-412985
-375994
14258
988511
-571061
-935245
990400
938876
48480
-812382
302814
957379
135399
-988845
495289
315196
-748619
-539894
573640
97356
147526
-652348
-399649
-843180
-907830
809799
5102
-541925
553509
-998132
588515
-859477
-374126
-397228
-870966
54814
-332472
-880567
-6311
716008
-692949
-703497
673387
442450
-692341
168675
-242355
-440960
628781
-668715
656396
-223693
-321062
-743254
-66873
-228892
-933455
938230
229183
620054
940098
-182302
760577
-434028
420470
889612
620786
-912002
-990956
-385525
804006
-683905
-89021
477392
758546
218638
-353933
-483809
777678
-725152
-152524
434073
51156
526414
690820
984284
-702478
757365
922513
526706
377419
862610
-655597
137996
-571418
764874
27607
-950632
852872
36651
-336157
656878
352747
574823
134270
111292
-206540
780338
627483
-428862
-944815
-525041
-994789
106341
-998627
696031
90624
-701105
453396
13136
825602
-169186
-124254
-829995
968810
304329
934880
-3584
353697
787751
-966933
-982461
444629
385814
592363
-421101
-502894
-614178
-640764
-875412
-43040
-585578
-400452
-37828
520763
-399079
-341798
-388613
-100184
-888402
624524
-274582
-57588
-499730
-104577
-88778
804599
-169698
907639
158295
-381947
940707
175835
-937318
326520
-231803
-358418
823627
154019
818
948216
-889021
415240
-452237
73151
-63997
148684
731354
547391
-951500
842952
171914
-226082
-214636
672184
669342
696587
476783
-500356
604225
-364923
117698
544931
810912
180380
-128549
-420892
821963
-304922
733128
-177220
-356707
844108
-761980
191056
-82741
174024
-660260
-351387
-278586
-611760
-508436
893328
162159
276929
565512
-168500
-26485
42294
331144
-422260
677371
-551158
-877329
488283
629223
-5877
-932609
451185
689201
800520
-726036
-667507
644628
-488015
523550
-438114
686009
863290
210499
-592578
-748470
702064
-699250
413689
-21007
866262
-754812
952509
-91444
576333
-469752
-414073
-974825
-347080
-925791
654398
647043
-858399
105582
336244
942121
379547
668737
586749
891533
192287
-851366
577541
55577
359134
984963
307107
61197
-714287
-279204
-959811
-848026
-34015
992698
60530
-457683
-477054
646458
-432508
175866
720667
-778110
-177091
862269
327473
-840848
804390
-292981
827890
391138
-401449
20177
539772
-823908
-924247
-101095
-838945
382861
960103
-553232
-896344
-999708
-401258
69641
992991
659273
611959
-484063
305730
-820549
691804
26397
-598658
-485288
-111335
728815
-326135
-306945
-564166
-498246
-915808
34386
521932
623965
210478
597685
-477130
371533
-19454
-517028
818301
84203
-516735
-582957
-846157
-523745
-923684
765803
-7808
382046
945254
-316005
-591557
