-290054
346298
30715
-446226
966229
566460
-228456
-214190
-904793
-530366
-793054
-226028
955118
461784
-350791
-311394
339909
-189987
677783
726995
30084
985798
932519
965733
-280343
-801054
-907241
-336115
561614
176415
239718
-728440
-477287
-729568
-174666
-511058
836893
596879
274752
932100
-933487
481699
-293929
-978370
-56518
355281
-289763
-716609
-834706
-611980
-989615
195378
-626183
942905
161111
93474
-858150
253870
757360
703465
-569716
-2923
975026
-47002
267510
-199641
441940
104402
-602762
-283308
36502
-536249
-801609
742573
-514618
141874
97854
195619
425265
263148
583639
435650
-541474
957456
378555
619637
50930
520406
-126494
-191710
223871
303791
805367
198896
-743212
72877
999256
698729
-822722
-603507
-584580
213780
-139756
-386189
-43647
345626
755685
-945793
-458756
180950
317356
-875117
-383400
775882
-917661
995155
395519
133269
515561
-730975
941559
-260569
572816
746926
938327
829605
-180198
937582
528334
-2919
-665926
943754
-789139
194319
-442435
167215
-460056
-686750
221423
81189
494200
-461222
206072
-889201
-685340
288411
-894046
710179
-578320
621515
979204
-636761
-639055
552020
-889836
-700728
381625
-70033
-763147
-90042
927049
-429072
-146289
-862091
765247
411277
305125
-694810
724528
-473453
386379
218727
65325
-407549
329527
379986
880862
435482
90164
-697459
56996
69368
-334219
417942
-378613
-224054
717214
-996989
705913
954068
-87030
632961
-475005
766681
770871
-709759
177958
75995
-404568
-97515
602543
981812
-878788
-332132
-425738
450740
-952147
-544876
-113779
138018
-242334
943218
-792615
423447
361160
-171227
-800608
78374
-168215
905306
32441
744755
538267
557437
511436
309137
847678
-310606
-614868
-556890
591879
987676
-575079
713092
-344457
-816
163831
-296603
454308
-949948
841415
-788027
993270
-951200
635421
354429
-122426
834813
-567198
709360
740119
465244
454115
278385
22680
-34449
-412478
-129642
654945
-27345
313468
246824
-39670
738390
-40085
615874
-262427
-876254
-680730
-808119
-826201
-839315
-596146
-832932
-790514
-960725
521498
87060
874089
954301
-203580
614207
419545
-749466
-107408
-557776
216085
480114
312583
-128970
-547231
-373950
-882147
413100
-635561
77769
28973
102013
201516
348244
293894
375315
508930
697749
542384
718416
737024
63881
-194524
611112
18182
601896
225319
-562273
852431
-882090
-120048
68516
598024
-807466
939546
-949207
-181415
-942601
463893
183025
135168
-507135
-714963
-663317
841110
578931
711998
350040
276680
254381
68455
13703
-681738
873932
-375185
336445
475828
850134
774173
328258
968044
-345876
-603227
566068
-153342
-663681
616861
665243
-606282
80753
-151733
528887
573619
133305
865571
414729
-287765
577568
-235232
988915
-168051
833224
2618
150212
707155
627433
-513343
182982
477567
-739171
-488760
445611
-85047
-91986
11679
761612
244333
-371461
426854
638052
709293
-724879
166939
282912
408426
32509
-302360
-879339
-389924
462409
-890424
442026
295633
112194
-407762
2787
-260373
78895
-814231
-782806
339724
-302990
662805
-745323
605024
-325517
-983712
-150643
303023
443142
-512591
12316
718264
654348
-704773
126689
-313144
-7132
247350
296933
-544723
356926
-261042
750910
-530880
331197
-246303
208748
-589909
-60533
425942
749815
636477
88747
-995509
241501
763231
-979221
-909143
66253
463922
-421733
-921431
182185
-767386
-626203
-691126
-80530
366666
556225
-783597
821943
-86850
-44638
572853
382271
-713442
-673451
-408982
-303351
266017
-983040
-553536
-97507
105707
-549044
-856006
-131062
-528264
-765149
935192
935659
-186881
-986240
117844
45733
-612443
426718
965204
754223
-17058
-818394
576166
896093
136968
149018
278364
423527
475568
869383
-879825
-258416
886343
-433360
644078
-7950
17596
788072
860988
489333
-977077
796180
424991
-163958
809940
-457166
881776
-802503
969553
846979
951721
-47506
-971415
527887
-151413
165554
-323095
-873050
-410920
-847528
996333
-290744
-105943
882675
275896
-461866
-125275
-706508
-673794
-264287
782826
-650871
-468108
207816
185172
-658168
750651
66947
-460671
720203
-86075
-508950
-327303
-57489
-981064
521284
-891936
-304159
648234
-302855
-151686
644566
406401
742371
527241
-317703
-719495
-598035
-24210
-393289
137679
-241385
-44160
669571
966432
-858988
-988598
717082
207959
-449268
437285
-878116
41783
-890019
64395
60719
631265
172460
756561
279498
869605
-395126
-75936
276006
-652755
-548696
958304
-372250
-146730
-65907
234462
990949
692708
-809698
660519
659140
-668686
671922
376221
539273
-777346
-186494
661157
264437
-76513
-274448
-674844
-445248
898012
-918283
834250
767616
-313409
-241687
43622
33837
209618
1925
661588
-937113
936018
-103951
-946165
628726
86351
714355
287866
417665
386277
-335913
-43063
608932
477593
-381906
-126631
-598921
343646
198525
-44169
241657
280242
-209919
9273
966834
548395
-947105
671
-241987
54820
-337742
-179100
-9162
558307
-125264
-380436
-355343
-410909
907430
-937678
975369
-428484
19260
584300
-950892
637354
-542332
-549812
-19000
656194
406020
-777343
-63564
-803899
231930
-96730
744497
284826
903941
-497491
-660355
-433802
323409
330484
-875496
-801855
950048
-230838
-212764
857478
-168516
-237395
-571007
850744
-653095
-521898
488098
-195427
-71709
-530903
-539233
-665689
-308246
397204
-469587
923685
-699527
-725091
208510
-795587
-222582
548156
-229388
-899173
-121361
-104884
-701028
-171313
664278
86209
-313836
-504238
848815
115158
-653495
-804281
593261
834603
293
-478448
-696301
461060
-144136
-4546
-141736
386277
-80862
158737
661186
-872353
363151
-561396
675804
-866238
-460569
-445558
28878
-161596
383130
-306844
924614
-930706
188918
773428
184453
535424
969147
-222287
370027
-30561
299266
673727
-569501
-844871
-330820
288763
541406
588318
-552501
202592
715966
810651
641196
391769
944413
-819373
946212
-26709
19031
329341
666448
-56356
398636
-144634
-282928
-416912
-609211
-313782
360801
760816
655658
-339933
434543
-913844
-184804
-896278
374919
-643398
692041
822419
559194
408006
633069
200389
-200225
577482
381016
-254014
-449228
-599953
-924673
-782781
343692
473964
72585
-939237
-942949
463375
-253018
417853
224191
-597361
-922081
-341267
-511205
-106885
-237545
863715
249717
-545504
686134
-191089
862502
319203
-990700
-337723
-103315
390317
408264
447457
790364
483592
664677
134056
-42445
-262738
194819
14606
-799364
941801
-567542
424827
-655560
-489622
-916440
-166764
403494
-153984
-303049
-346789
300512
-616916
462122
163013
702288
471422
825290
-401028
-138262
233553
-953571
-347898
-282856
711106
786158
674700
-551633
-19024
-310695
-350996
-77223
121764
-926170
267217
632142
-842610
-899547
35635
3406
-202596
688846
-696082
180489
150968
466931
-117223
-377611
292221
481749
484128
-474226
528179
-863771
242919
239285
922387
-82382
687653
-96637
606924
-663344
826141
-271313
-589513
93357
-639171
-432122
193811
396465
571285
991215
85311
875203
171703
-763722
342134
-945521
-141332
-365646
536229
-657204
160129
64408
-520975
-596952
-696308
-598588
320666
991345
304775
-72410
-671999
130915
656278
-261512
-775728
-982893
306366
418083
413572
-122350
409298
-501117
-247147
-419000
-264838
-905014
-364520
593830
-270660
-828291
936626
889470
236117
-584349
-707483
539810
-182937
613184
531154
-878162
-459227
859155
252754
-802949
-402357
477026
-785842
904009
-104891
627730
-218341
-695594
-873387
534512
-114593
-138225
629498
520887
-544395
-641162
692596
-607769
-751693
-71287
-192118
-459175
-531478
624946
-845992
999677
746785
-305218
858832
-462
-108167
-543526
-523437
105992
-639518
371673
-266278
142142
676079
-139665
-323347
-438515
722110
-693850
-917629
-822285
-335011
774968
-430054
-86703
-296319
377829
454122
172203
2774
608131
171880
-250441
-697087
30711
749097
194747
487185
-774341
-699262
847667
597332
34460
-10192
273411
894795
666462
834896
616905
972613
917268
794620
-362399
692236
-635434
550898
-604084
742395
5020
568120
-254831
-386850
-260001
494728
-83937
770710
243824
-889190
257894
469484
-588452
105561
66816
446008
-904631
-659774
340803
761832
-824878
-42292
734444
-907611
-247672
-627956
784625
116894
922943
-819460
-140712
-72038
748661
604458
541113
-511341
99185
-542824
-740631
-656991
-432014
517264
812493
-20465
-377175
-120691
-574457
-281805
219536
766346
-519974
394658
-275946
-785531
487047
476382
-413486
271671
-406725
-490543
452212
452563
437420
200873
57021
-21468
689533
-843795
435709
948902
-500785
-996305
466165
-688292
-16770
-911010
191017
408773
-192815
-589448
175119
287211
805210
899173
501681
292257
375554
-911806
-436072
968829
-402348
-983860
421392
-964929
217013
-521588
13604
-93455
-365382
-550688
-144553
133834
-546992
-678388
445542
436238
-589398
-363441
-154989
217787
47111
-979871
-495003
-147679
919302
-993323
-855422
294856
-905128
-291494
263684
-307476
-275353
-314924
-272405
941660
163489
741199
-151795
798107
-809489
703652
-68059
-356480
-974737
-622518
-920243
-564135
14041
-75232
653653
-938848
-55102
-841351
-86526
-135801
-834673
58052
-840946
-739801
766559
422739
-47277
-508794
-892185
680319
-567134
271304
421518
281071
69411
612030
-15277
-998649
-744451
9986
-621167
-664693
445852
392875
260075
99504
454027
-795028
258154
-632499
69172
423481
425554
228227
683681
192113
-349034
-363596
683319
-241219
-683278
-883816
-969916
738241
397255
99495
350271
-618022
100846
605820
391965
479680
941127
-162183
-127446
201202
937321
-673419
406175
195475
-305918
-524653
-381044
-880365
703574
-697364
311748
-645460
-60960
-4933
113321
255763
111251
143406
-5996
-491494
-757099
-655726
-109516
343748
950094
-717552
-176573
891221
120265
695982
92423
57586
-977438
-501403
-746940
-283355
-26056
-127983
-163720
-322482
174653
-851972
32059
-886307
143095
-854621
369456
-745654
288786
-636541
-237148
531687
-292267
653337
-124566
-342173
935786
698861
-450952
56050
394842
641471
-886364
417405
-859933
-633303
-865951
114012
238714
-29670
791531
-586634
118359
-176411
-472941
-738546
-31031
896516
-484200
-742246
-740025
278652
789441
-32291
-68012
-335126
625536
-132227
-636265
-825417
923824
758578
816054
-962540
175982
956122
-595843
310032
70134
642872
-719638
-138336
-943762
398721
685254
-416702
660175
-345778
-520187
-824026
-88024
-260212
454627
-298583
707497
-613385
366292
333033
254389
730027
507617
178213
488604
323671
215673
-335414
279792
619831
974619
-650075
262702
-745020
211590
318940
653702
-103157
902238
313876
551066
-617949
489851
-536958
121840
-55522
164459
-170663
331094
-469250
-837631
-414518
-739224
669987
763696
749381
-6343
-20631
-586033
-726551
-400801
-611415
-376625
861902
-356434
834965
180842
-702733
-268192
83080
611144
-717127
465131
100995
-254085
-413030
-954527
910375
416308
376567
-558876
578677
962050
-298099
248664
725745
-548719
-757680
-294887
-134752
-484231
304312
253834
139145
166214
897401
-25891
-652945
-805333
705918
430135
805812
988792
-104734
-93193
-265294
482237
-47720
-354920
-101456
-671154
86205
-522779
-709105
788106
725885
-983360
-760614
968206
-278247
104635
-516026
-973935
-641531
623119
192279
-744131
-402772
539335
-549463
-696854
-30530
-743652
-708063
864736
163155
26643
346973
-884565
671724
-754484
-555719
-242072
-277262
-264823
-453966
-551378
-248183
-214580
-583173
473571
890056
-99198
499636
-751475
-476079
-308085
-495606
121150
-768750
-45069
424296
200720
211280
716233
65456
-625565
-257124
-587572
-510130
-585400
-342056
-65848
172529
380683
669330
718563
829305
-578853
-496017
-753868
894718
-605961
146935
394354
-357436
670857
-913731
146959
-207994
-682481
-898111
-783698
518240
313170
932536
-416305
687606
-324588
-3876
-822524
90013
654069
111629
-737459
34751
-219042
981105
-135944
202105
-514913
110188
96823
-120874
-742877
-508823
521691
927980
-422554
-331351
-280014
-105034
-229461
-63711
-586794
-916292
-131175
-3098
771315
544237
993026
948791
-365750
647094
60420
-103209
-318156
841378
-122105
545900
43483
362983
-343912
-859694
-757891
-86789
-368517
763800
-158809
208930
-567552
561178
-896104
202987
-502533
-482898
286696
366292
514004
58011
-89471
507029
6802
544779
154122
-932779
-558431
835967
908599
319465
381866
-47918
-317553
-962047
92389
-75443
-48835
723872
-311644
792357
-67198
120805
353534
36698
-676208
851001
553801
610489
217292
67804
-331501
-872179
-425167
675301
672600
728956
742522
-885831
564922
651121
433635
-53213
-396797
-883918
-15259
695592
40639
935907
419464
728995
728263
-647735
-150200
81796
388963
173592
-67203
-57237
-215920
-849911
-989433
452580
-722090
-414600
127880
950510
-685645
-129598
-935321
879278
-478477
498314
-173936
124726
614396
810806
-179683
-344965
746712
-760219
-615971
474975
-407954
233830
-443230
981010
-592579
489568
-76227
191501
639657
-65660
-355919
917567
519741
771961
868077
834097
-357637
932757
713374
163886
431070
-460562
-711388
45466
-649756
108930
700501
-903044
348711
-915470
571931
940757
318360
-871300
921767
725782
618269
-154461
-82717
257925
779880
561364
175492
299620
333325
43569
133717
975688
-23675
-152910
139574
-592605
386529
428186
452862
736773
-462885
153363
833729
885827
237894
405659
826583
-443747
534360
748349
-717965
152628
-406112
199318
-589447
-626233
-239319
586045
673388
-905994
-370387
-192896
-930307
605939
654195
209268
-986667
40723
-362547
466196
-222505
174569
-380442
-388776
60395
857452
-983118
-113022
-586295
551243
-364673
-304260
-296129
229215
895059
114424
602983
-344261
-299531
276370
-250255
330082
-916526
-180561
-63979
737669
-971293
-50645
-221609
-333840
-584450
555887
840730
35108
-832890
-98875
-107440
-816007
788104
306265
735237
-576570
-997995
-560893
652646
897064
553532
255628
-447197
-746000
-468002
302549
584082
-384528
-878012
-479897
-646860
-849305
469458
131532
-183144
885008
-312582
-342415
-79884
-145471
558711
812677
38523
346814
118941
-226241
770245
120947
212867
422890
18010
-233602
-321482
570814
20398
210516
-126638
-395520
825988
-4650
124583
-820873
146046
-405960
310660
962902
-520952
998078
-379513
399165
-147393
-820803
211841
891130
526012
-669218
-335111
296256
451729
877757
-280854
-530261
-355846
397664
-959448
664552
-391820
-86085
-730968
-565833
909266
393615
-386705
55311
987656
923955
18212
-533296
922033
638699
865870
-225361
817897
77710
-334231
343909
408493
330658
-359835
-139779
208414
359311
329961
852569
-243025
370513
517121
365155
-715572
786153
799323
-806307
179768
-587383
249004
167424
-663428
-732785
634129
-741396
905915
499998
33244
723812
-422292
699013
67721
986201
29671
707886
-153579
-761915
67197
-823618
-909346
824172
546895
607775
189327
831324
393928
-11350
-974984
-426305
401268
