-150289
-385310
930161
407289
581956
302498
207513
833682
315456
955099
273370
-86426
-95032
-732111
718318
-827591
-310384
419931
-670811
866059
-850521
76675
-335542
549439
457652
-97977
608365
589045
949468
352105
268903
-200822
966796
199064
-793533
548751
-498438
413980
382433
817018
369078
-344198
-269409
-725954
-76308
-551091
-553544
613309
868841
-224355
479367
-981681
852321
-856176
567759
309972
45848
176123
-100983
-4685
-471773
-832080
794494
-504977
366985
-999039
-956227
868547
414942
426207
685564
-215981
-917991
-583845
58066
5701
-134936
504522
-380991
-266096
-719834
-901624
-247776
-867514
-757799
-680017
442459
288049
496106
-658524
-716636
-975667
-490604
-922142
-480644
876381
-921181
-436870
744927
493761
989337
430491
-722220
-928654
846646
335846
77048
-288290
-159632
696058
445615
120534
794434
-802162
253021
-963366
-482178
-304520
324684
-986073
36956
608048
-961739
546352
685906
-442383
422733
764725
120748
167660
258486
110084
-401850
536266
181431
-555205
-127888
-741522
156505
712480
954536
-397881
-166986
748969
-200042
-913965
785604
317780
-218485
110287
331708
818472
-281665
369969
364824
-595760
927587
-212444
-831035
48334
955216
427451
-841582
-446635
-36283
339849
-1839
835829
598328
-845334
548308
552863
-243215
-618678
301831
556744
-532643
87435
-125477
248872
-802278
-793769
67343
-83943
576201
-567834
320297
503787
219723
489263
-447879
174938
-83286
-289460
728304
880432
-949612
-273536
716260
648716
-118870
264568
201579
637916
645890
-496590
194659
-886754
590845
-930818
362119
788567
-724586
-570538
-295376
851615
-138372
-975080
355401
-918649
514184
907523
256289
-569102
-381938
-15407
-688671
-331549
711057
-972412
-682833
-407813
292157
518746
-769897
-61953
-977845
424762
51294
613000
493945
-586588
401567
769359
-157125
-893810
620973
704503
-868889
-23626
785854
645296
-116104
42143
-923807
501959
-973265
-612478
-829591
737793
-584889
-512424
-670020
707268
-993679
-439917
-354686
-971523
984846
696609
641478
478790
-889979
43044
248149
-47104
149235
-130879
-342601
280347
845496
-556747
-74358
-270608
485396
1835
-768650
512132
389357
-598240
249924
804468
-110663
579905
511736
-104341
-860013
-842950
-75864
-875168
853659
-434387
603623
963680
608658
-148229
-83424
-242107
720893
573975
-961761
566388
-982773
-36119
-704220
502623
965717
-472869
14755
355073
-71109
-735321
159541
818228
844584
-328724
-286113
984571
-171673
638023
-890597
-318015
-796364
713026
-354335
812295
-435204
562241
-429813
-714311
136215
-391573
852077
153442
572308
-852143
-343935
538025
-325012
670821
-106903
603880
935500
-947362
422108
780083
-276086
-864006
764654
552241
774018
874057
-765774
977654
587082
-120109
789949
-848122
-557868
-639865
-562433
578348
-31437
-710356
-268211
-459130
-562498
387855
-921106
112490
58675
-28008
-283631
-5825
24630
-861523
-225743
748545
-725529
-461090
300786
-951512
-587033
535013
-973858
-999952
-585096
816091
-848073
-142964
-823774
-410505
-564617
144789
-120860
167173
685660
316642
-444972
764555
-570869
613704
-263453
145501
-392122
761178
283978
382136
509722
558450
921047
-189492
606938
-665987
-654479
633081
-665938
-239575
449172
-514010
617462
625399
75485
-947156
-229812
954625
220018
-544153
271267
775047
-779598
700398
388750
-43051
-154101
996629
-281874
-870124
378764
-772152
688326
299811
38357
295264
633824
383878
-71655
967887
-855698
-622484
-546124
761765
-997085
529362
814609
-226897
483987
34627
228951
-244747
-190327
449353
-544349
-801577
-593698
301550
-804949
124428
431427
573816
352277
119753
-126374
-609367
-584983
-492550
774512
343362
-524663
918815
720879
-70786
680579
723794
-541425
495188
-503103
942563
-470185
725848
-302184
339488
175200
153467
537911
581502
-544983
732963
-294070
886445
306778
-941794
6197
-819596
-551160
421214
-312146
-776648
-235424
163191
-857834
-514545
-907596
822746
-790751
-449020
317933
-293854
-506457
847748
-568007
191359
187236
607193
-655174
-274853
188695
-200157
-541891
894625
-313713
764888
952832
692485
945292
-598328
113698
-366855
-374976
878275
796337
-232809
-636271
888742
-410064
-427021
-560278
907870
279125
-66735
755618
711118
-875377
-57147
318311
-530551
668000
-492995
269293
-873891
-598370
955580
890997
-645539
648064
836289
-243866
-238238
-530566
381158
-359963
-734230
-851651
3767
-845488
-261714
576746
-405766
-353845
-144130
527499
-598228
-433012
652123
344626
885299
-878428
12626
-607697
390865
138736
-206067
346444
29733
148395
-5492
-133979
904529
756271
335455
285687
-603693
601225
434036
400074
755737
-827679
-23181
-650029
-181523
832690
877470
220250
-600323
529593
-435125
-715025
651165
577502
-322721
42029
-283763
471213
-611527
745970
-380393
382981
-388010
-475865
139251
947445
809822
535558
548670
243857
-64368
304407
416179
912452
654378
-765345
745141
531848
454906
-855182
61440
-980220
-570207
-287396
597282
107073
754634
-686481
-421715
-856894
-940512
197892
526087
-328521
722027
-334662
-381076
531849
-799104
-832406
-224294
136528
472001
-808116
48979
126379
-573460
-205880
-341773
881446
-61062
719668
901227
368731
-567728
498509
-524196
-813095
812028
54089
-669989
871517
-748020
856099
-457005
974008
-478564
161919
505856
-277668
329514
-718438
858861
-198486
-526553
-92161
927894
-100013
701959
-413879
-218567
-359104
-694211
-317341
-990373
-261939
-818832
-514569
-75034
993196
539521
254978
864712
791501
111076
-592293
765509
632513
569627
271365
-645155
-100860
552927
-786295
700655
-973627
121544
628549
-73639
-176497
-785330
707795
464400
-479541
-609546
474028
258520
-428378
959460
-816514
-435182
498980
438465
-570470
290481
-450460
-162763
55989
-817947
-593136
-672646
-463102
306004
880282
-249397
6659
906655
872148
-364793
-166984
-304349
-150123
-459190
-839950
370336
-68736
634078
-371144
502887
593537
-187657
-932296
92517
-749193
-502766
-617003
-199653
334471
438987
-17599
741335
766341
519300
47339
646622
-730098
-946003
553277
-857950
-310795
-613708
-162298
539082
-72897
-2248
-90582
858368
-368170
538275
361254
-774633
-649383
428958
317884
-398576
926192
700881
401772
260663
139867
-615828
1998
-93793
903472
-950663
-447171
-826626
-896666
-893895
-684575
-207461
-507602
153127
-668379
419501
-849121
241040
277869
-217291
-220685
-360877
8077
129932
-931920
-674040
731357
994273
-973160
133128
254936
166708
517301
-743066
-927085
420773
-693729
-374256
594148
-590394
-268150
909574
202146
224248
62700
533768
-356251
213580
-225193
921618
996289
554123
-439260
4365
-315945
-371179
330326
-584589
-376906
357167
548540
878031
-476126
65841
-865036
-403210
-513387
-558765
222534
-919239
-149159
954385
990335
-947014
178632
53035
586754
822382
-733386
-638439
744000
-737097
915684
-695261
267268
-400262
-66439
-402406
15150
556656
954761
-436311
434686
-521366
629530
569650
75424
-883857
-989115
-702042
-803096
-138273
-747658
-812761
-85287
430975
240274
-498533
253356
506888
-136972
-2645
769792
-221288
302095
37059
378451
-764344
634653
-606399
792312
589414
-42710
226997
-931953
-413180
-203353
143472
-297037
-192468
441431
-100132
669259
693773
87107
-416028
124747
-672619
85440
-621897
834270
948469
375458
604061
-272820
-322447
-358880
-894369
-86791
-724227
-500768
-294480
865187
456523
932518
933234
-956658
-270835
76706
-253694
536698
-481864
646174
205957
-788091
-266719
789929
336656
60662
-124631
714760
-105068
-176163
90218
-501008
551018
767771
140112
656649
-319021
415886
-844119
386500
281072
612404
319018
214306
655747
-951817
-708989
-597948
584881
-190852
-951774
-209163
21057
-218493
-419234
-642288
842170
456135
-927528
-262899
-720029
162690
236094
830989
-69540
-623794
487638
611440
792092
643519
-2060
73163
255923
-683042
-712531
-88331
-634859
-421520
313721
950022
387628
361948
-259141
-591316
-856546
321625
-233603
985625
-222240
-161130
-277274
57732
-998441
958820
-111279
-67980
-664974
-623642
-456540
-872883
-980123
541401
200281
275801
858359
487750
-812531
-776501
-933770
501191
-826479
453859
-136862
-85619
862544
6593
-763994
-371059
-7782
13766
467811
714944
-928502
469370
673764
-39781
-598610
-991211
336578
-55150
-864093
356456
-513750
336188
-367744
-655391
-176062
-180275
-431891
-109832
-679084
-258370
-655974
184054
656011
-793431
-809353
892017
-164490
182865
-94217
-696679
-102192
-22719
772692
-428428
937501
-825919
-419639
274078
118932
-283732
-369467
605183
-947544
262789
949792
-123606
-917486
-482100
766562
-596569
259531
-889412
587486
-84458
-682842
778133
-192441
152668
-39002
713343
455990
858807
-309377
228681
-569622
-371876
402762
10739
902202
-478306
727008
-467265
-873124
779464
795525
-923333
-344143
878040
-405432
-577582
-718530
854099
-466993
868956
-230359
-149835
647089
577200
-997167
-391914
290542
458823
-533108
981166
-312497
-102730
-390711
-909735
908010
-488509
-388041
635017
44227
-261164
414480
-160248
-184497
-929663
-282209
410072
-507244
-738
264170
25763
-131783
-966190
875928
-484695
611011
878761
123391
-98448
337583
590284
-117282
-974914
-512447
492008
-884649
-604438
-996501
-272689
-969421
47726
466147
445059
887479
-718350
515397
-394731
691722
-991848
604532
-44108
33915
-527252
-10298
-90158
-11946
-399287
-211398
-888555
502266
-873815
701729
-615017
-848729
-810719
876992
-733377
-415156
880491
-6066
-384577
-71784
-539919
-939518
-184305
-258269
575879
420964
-566547
584031
25496
389345
-382054
498244
-620953
527788
-513702
-20240
-683610
-402256
-517974
-557424
-700528
-132991
-406153
-511246
-255999
-139530
73598
-375509
854405
689022
552708
-685514
749504
-631598
56218
325383
789367
489671
-90587
-185138
-120985
527360
-686894
258063
55148
-200596
-762177
371539
397149
-280151
814115
696621
586859
-592038
-814626
-669141
268433
258973
-44650
122837
-52006
-491942
437323
-302502
-123540
-506460
-977120
-334174
983212
-67706
480689
-137773
-540347
793795
-879711
514801
-406801
-641887
-113661
990348
77962
-299546
686969
-335179
108416
872344
-4319
-623152
131316
951031
499686
-920690
-540911
-62991
-223192
335549
430550
-200311
-998625
413761
731983
482064
-724013
-808364
275859
-603723
706438
869059
-245610
-407223
859407
832353
293231
546375
-502826
-598354
418718
492855
-221505
-449967
443886
-721820
-370656
902975
215189
406152
238523
-354261
-794159
239899
-940501
937824
-278037
-664513
-870540
997823
-268235
835898
866881
486155
-571326
726287
318508
721906
272661
815682
-876448
-308621
308536
-97953
241412
-247579
180228
870757
-344604
-604583
276909
893920
41156
482750
133818
100655
420574
855782
436143
550034
853604
-832093
385932
720484
654063
814607
446771
-27430
536512
-280568
-211748
660065
410811
-903212
-437888
-347777
-150790
742340
-477021
504606
-862244
799888
398525
178913
282637
-467657
-720433
-296789
-611876
715711
-746756
-758272
883618
639177
962213
537680
453783
408983
-489750
-9705
-871586
298503
-349640
539225
395291
212472
-808552
-755500
-45189
-285573
749107
92568
-485685
147632
-728520
796952
679975
-448952
-499838
-931901
-733242
-246593
-690173
-849625
-607416
-727961
688056
846367
681023
-801694
-163338
809438
496809
487022
348662
-107901
-300507
540111
136600
654305
-745463
-114293
-253128
-231148
-966662
18352
-434196
713314
569400
65967
781413
836159
819375
-908760
986535
-788042
-636720
674590
-941675
-955698
872896
-105013
853740
369705
-617991
202402
-738197
81503
-257488
398404
-264193
-2950
-715890
482680
765903
-682552
-498969
-668294
-969239
-929569
397673
812175
906591
217048
903415
893125
429006
-733305
567715
487331
-689002
440611
-617682
-835262
-189685
-235673
367140
72119
845831
-890348
-529478
-418363
106703
-245368
-935684
-127395
72081
-434652
204312
102843
-364220
-398016
-84983
-457630
819033
-181568
-564506
248038
85128
-996791
-264632
396126
443820
117687
560864
-745866
882014
-71996
326253
727844
37657
796776
-690519
-855641
-448592
-626202
16965
623489
-60853
-778724
-273668
574927
-176739
641350
-882703
-357707
-540219
-447208
890331
544910
-443999
-374301
-58965
999821
743386
-498101
-746045
625400
429903
580209
353244
-532440
376984
662726
-388080
928392
-963477
628885
551881
-24330
850161
-721787
-449403
-326579
919563
-332106
315714
-620656
220686
206045
924254
776688
831744
-134711
776508
575130
367188
-969537
200530
-202909
610672
-446227
264651
-12345
-783502
876571
-83953
-746978
505456
-532072
228692
355616
-253859
779289
-970964
-334297
-552817
344751
45047
667870
-449204
-30700
444557
-617460
834590
221065
957670
201777
251528
158199
998869
-137800
711973
263520
849856
928472
140091
-234098
-818507
-354454
233831
410186
-998839
979972
189475
-969802
-354326
636658
374950
690722
304528
925746
-339978
-250916
-691715
-505389
970150
-734045
696389
221678
424155
695257
-916122
136127
-41224
933734
64599
-901134
-300364
246093
-255588
933467
-343722
-254426
913438
845753
-224228
-440888
482411
-849278
-750167
-213061
-923533
-90145
536024
-615247
404467
506173
-349292
100855
-272149
-925138
-203889
-188271
210990
754888
-254538
-724411
853754
445098
521682
-401834
378564
-822041
343740
292001
-976288
-880488
851114
506124
-729766
-899054
-706938
-653298
10802
829086
-268545
-584731
335259
382164
516124
-936891
457026
-687765
-125162
-331984
-932878
620301
-56395
920877
65398
-534713
-480958
-556038
-356753
862783
735964
-333041
982295
587077
-826918
-747471
688023
-533855
-400769
-301175
-704770
330687
114094
630489
-287150
-369782
693598
-830124
-57546
-431564
-162107
9576
-811264
781499
-69547
254135
-753215
449496
698097
-109968
312278
434060
556991
294573
21136
730074
547103
-290841
-803782
-853666
407985
-508551
477021
-477921
-878062
-810130
152297
815537
-640253
-905250
-616028
197640
104327
-427291
-20862
-965220
826844
225923
484276
524941
-884046
-203446
-40999
672946
-908873
980138
403020
638230
-310703
599239
784565
-902719
-909313
261585
-380640
-787375
451456
771658
-971838
811203
866408
-587866
8843
-29265
-15156
987981
5515
-188312
213903
-510209
-663372
329858
286345
295630
2804
377473
275767
-594176
15703
965064
-994938
-199733
-937656
-904250
-938149
-318295
-691624
513308
-546638
-663462
324511
-680230
-251327
-666647
290505
733517
-678667
-703980
-454795
535237
-214189
-118167
-134905
-927844
-822537
867900
449630
453230
-726277
-534668
418293
-721215
265599
480638
-625465
327451
-837658
-317089
-159241
-384295
19450
-834731
-64525
768123
-501378
-774020
501640
-180044
-478000
-953156
-644807
307812
-71322
220288
379969
106141
88187
-170402
-440630
361910
294931
977664
640695
-439471
458301
-984770
887981
620644
-301858
-271261
-763652
717592
-105991
171823
485715
392632
397804
-12646
-787413
919805
34198
-432220
227617
962877
788069
-392415
69017
-123745
437184
628387
-761835
-267886
606051
878861
292644
64351
894091
180625
-315006
-407767
909365
-78658
-690176
-196627
-906835
795539
-803996
490969
-217107
-591408
410774
817092
-23628
-361610
779968
-235559
245975
-151016
640696
-316841
-522629
878862
415273
-916579
757722
-292084
147773
651812
888542
832767
-755955
797906
-245891
-446131
-398722
-152725
-650592
-202717
-661757
132302
205875
749018
-50607
-817753
-612593
-270640
-53312
633382
578344
-412616
-683460
-944285
-533755
731814
-860863
-776034
-560270
286910
875779
-671729
119677
-880177
-873824
873786
-326307
-272546
-278940
23102
524738
59304
-844597
-269388
-191679
104796
-87141
195728
834157
859548
-170890
412500
-553069
145651
468216
-86823
-122536
607353
137144
317195
-105738
12922
645466
-986062
132746
771643
887725
806439
-500904
-391215
-170459
-976166
668089
-15056
-245554
-523590
-910260
667306
672139
923897
526854
-498752
336397
973785
646900
-195388
-113038
-475636
-588035
-975895
841559
306228
37028
487025
320166
-830227
258667
207891
976213
757764
816676
-194247
781598
484764
790698
-463957
961175
880438
-796651
633313
804335
730203
-865439
140731
703988
781461
945344
-409051
-694175
-642692
-384945
-852617
663536
652083
634408
-16298
821857
-106925
-808408
798069
-349162
-991733
-396178
-567565
493032
-605480
-31521
454206
-725042
171828
87519
-920708
-97969
222080
220023
-393982
3541
165367
196968
309366
522675
812023
456750
186211
464106
91158
-830088
285962
984233
-638495
84031
-364930
-630228
687854
67505
862805
-917627
-964016
317011
-642668
207813
-595471
-563376
-890157
626609
656648
-284138
-369850
-177986
912831
939516
-655311
724853
396266
530900
188959
-512577
700813
-525080
-528345
-937683
558952
106726
-567910
246805
-825770
-705106
329179
-789785
611906
686511
418028
-983566
-876865
527872
643044
779784
-756267
-726807
-398202
-843437
-787291
-53513
881417
608975
-522613
70375
-903603
-821801
545296
-431947
-759484
104247
674779
-327393
-648948
849010
-32499
680231
-940776
-420594
366742
477253
-404159
489878
5124
-761116
269661
248858
-487922
871459
405421
-275212
-182054
286838
-666238
295333
-642787
-569840
473533
902509
-1786
714050
6756
-327008
-613344
357808
-477998
354158
38039
-418773
933565
-595219
-941521
-470595
894659
63603
-231710
164320
-687540
280369
35778
717882
-994844
853725
4719
-661081
149058
361932
-230920
-377410
264441
767295
-663361
-728804
-559714
-276704
629005
-37711
-922547
-332956
543516
-988982
71826
601995
-459576
-33515
-334402
308715
-869196
-21941
-410917
166583
-304060
-405760
20307
700660
-66840
-830636
62592
702241
-208045
-672967
469535
128594
-401770
909822
851891
-772765
-127890
929344
-105721
-584375
940362
966106
-982381
-519214
-67410
-316782
789501
63394
661277
-621417
-770024
-642783
-27176
250284
-942123
905984
419649
120470
608225
-788397
447503
77759
340198
-954268
-12420
192088
-727033
859690
121432
167247
-724686
61794
133352
-707066
542580
-934059
-23847
332080
129336
-362571
710664
359313
-5353
-316513
-390404
52525
-410529
-970755
-827006
-802305
-759152
620497
275455
581047
666230
-736966
-226865
939198
-877276
894567
106444
-601961
-43640
-760205
-309026
-501060
-694263
667127
831020
435073
-695444
541684
-205614
299203
-774830
403982
-648273
-185358
433228
-475278
12338
674077
-854782
-712208
255123
811449
-449173
-971743
750646
-326448
922825
-142911
71591
-120815
96885
762565
378125
402623
429691
209145
-162304
734248
-249172
632082
33450
-24001
36064
385178
790641
-530709
909901
-197021
-856633
-944881
90771
398491
866568
641599
426749
617213
-684850
349573
-525698
386741
-771243
571188
149306
606883
-26190
-421003
-183973
811506
-686756
566855
443587
346695
-457147
-520349
-268127
-666506
-51058
-358227
136473
92310
-303108
-772756
-509199
-436541
868844
917550
-819328
-816006
267123
-345025
570736
495881
-773838
-279959
102763
199973
299039
918791
11478
612283
485645
-544935
-41022
-971502
-65284
690851
-638007
883659
-667376
498467
-24031
29516
725712
466770
592976
594556
384320
773649
778550
-348558
-571377
349285
-852677
-345215
-930675
250086
854758
368364
168876
-133764
-19353
-345479
321302
939625
-316980
-743982
630476
45014
-860323
963100
-456520
115646
-7384
-730808
-417585
-414409
863748
966735
-640761
642297
-381823
-212137
-8419
-234500
442649
60907
-984414
297407
-570729
184463
-836358
409919
838985
484945
349544
-477995
740963
-19981
567019
880640
-56882
-889501
-3714
935735
-620309
578701
-478675
-756561
545436
-119435
885737
-836387
668428
-122683
-70886
111076
938225
-55299
-591518
-632504
-870837
-427875
777415
968149
-942931
126958
-509847
798033
-893023
-942828
678673
50096
-832329
-325042
-14170
-452637
-746341
507156
-209197
799096
-612280
-323461
962709
-943852
553857
-108177
167224
492081
836524
575707
859578
965688
-852168
636993
933837
-795098
-236049
-576010
-997065
-129072
-518838
681608
921025
-351166
-643435
-93146
196198
-389775
-585991
987001
-590680
-198270
-336461
-627971
-142122
-782605
263853
-974898
709477
100376
600810
569055
66064
748642
206047
-100
953545
969998
423890
956480
-159074
905053
638087
-238050
-446114
994653
668804
750084
-395123
-917187
737084
14198
-115457
-599377
386228
742422
-381981
-349920
767524
-672505
750457
368333
896551
-183479
116975
102597
816421
70519
72595
240311
26998
913521
145363
-334915
-324530
699250
-340263
-655726
449334
264615
-572912
186417
-721187
311631
587041
665041
54053
-794941
-684879
-178424
-467445
-934422
-810091
-570895
-117901
306885
531702
-301480
-622597
-395704
938831
404402
-482183
84194
-930513
193287
-216556
-270776
537562
-767223
993840
964650
419195
-727347
276280
6235
937695
-669667
211295
-747185
151909
743850
-681606
341819
-827045
200493
-351297
704658
899013
26107
-691046
837844
-569491
-173229
-77962
-500004
-979943
705482
229221
557619
938259
223061
522268
357454
495714
-201452
-636311
433408
128882
574984
686224
-719209
318833
-995383
622610
491788
205110
-728687
196446
104123
297421
505400
-58034
727931
-667830
864004
-772074
-647772
569485
457148
909848
507744
-319792
432116
-134802
-824079
-769336
228887
609330
359546
-196130
295554
640337
-877297
300171
262947
614492
-494719
534260
-189063
609405
-168319
-683664
-448630
-440389
-351494
-584626
-212463
734
984859
-755315
-89419
492603
-75107
-657304
-642200
100815
-426639
586687
-289856
932907
-609443
-994303
573243
-486740
305869
-163811
-872249
811151
-629551
-61312
420555
202131
255024
971926
761742
903531
-612701
-450721
-95735
-627842
-206036
814847
864761
718858
-842457
-777439
-180328
-269096
809249
529816
-336190
-800195
535514
-762947
-286934
-158617
73242
-159183
-347466
443692
779506
-926912
-354177
34530
-954987
-592436
-61940
-567687
-43156
842326
-195529
750808
657172
-330769
469666
814715
-108207
-710663
-454382
-298959
819154
209429
-99153
354668
446482
613913
-803950
-480276
-545270
-151415
963416
-765765
-78326
-390762
268765
-33312
16803
-793175
399001
973647
-950850
-796529
724455
706323
-127297
194120
521037
764496
483458
-933345
-534463
302611
276084
366384
-342722
-277435
-19704
-146671
242289
435026
701914
205705
669262
-376413
814944
-61974
590276
-168253
144852
-10724
-194607
194003
192747
-470152
-99675
-934551
723969
-578639
829945
207426
-511983
-704519
-489963
764101
661866
167316
-513335
-357838
-979356
728955
-922812
722559
-65341
746450
-653854
-250397
-315524
936422
581350
829329
-74303
-613257
23331
-881556
-83408
923656
-816107
-359439
-654983
-986162
847988
-166966
-690680
-641976
-402865
971186
525340
83800
-386652
545985
-187245
-309464
268544
747415
-563014
614691
-502983
121462
551113
-921633
-49210
-523190
-534890
974122
-404746
381703
897777
-220852
-977737
-757206
-207014
870251
75829
102307
-771725
672964
73492
753615
-243236
686841
299600
569519
-622624
-431856
316933
-185638
-817166
813951
935825
733947
892319
-113385
-789244
-642572
-139264
-193990
739132
-241487
585158
761395
1307
-621856
631646
-922865
480451
859921
750099
-446057
613536
-493138
-759217
-86864
-923619
-381840
481280
393315
432523
664114
207265
368347
398061
99583
-745039
608817
457012
115698
-585174
196143
874211
999985
-42462
-124483
-621871
-410816
-47347
858580
-550895
-297248
-587477
-937360
209614
-346693
-24223
285996
271467
-542944
-320690
-296011
-878830
886575
-927664
519231
-13842
-672703
128047
-556830
442995
542874
639314
317206
542859
-403148
-807277
920988
186036
145376
779568
635141
848128
-807910
697782
57742
-154603
-326442
-656263
-883136
130614
23048
-179147
251784
-90378
-106811
-228985
895781
220487
899062
-661050
-336518
441936
978264
980688
-15206
-424885
-826590
-94218
761152
318787
-314651
396292
166914
-122560
94073
-775344
722838
767632
-431606
839702
-101755
591442
-339445
-849971
-498936
553745
-78956
-603156
-225769
-179894
-264205
437714
-737959
-285941
418402
246836
289175
591813
-847383
50326
-89401
-162034
-553382
-922487
715406
540692
-697831
438244
308323
-129436
277945
-793432
-537995
938500
-643402
-36931
492244
277643
359914
-733525
-902252
-904292
704190
-640210
-190233
122591
606626
-901058
-285597
759244
149269
625003
-402791
595887
702516
-687385
136579
-995315
750859
-555099
-124751
28804
-348530
337255
-32697
8068
-699677
-540453
-714290
660237
-273977
-616541
755946
-569788
-256750
-434287
552804
-650125
-335345
-732793
-890882
813924
892210
-293672
409811
594726
18944
-453611
599412
-230197
-8709
-525339
798607
642761
811916
-234090
-349171
-887762
225458
-63461
772476
951482
319999
528421
-618307
-936752
-905866
934498
-586876
-241210
-798296
-477757
-427287
-906086
228572
982525
688641
-752485
-471087
288053
17319
520204
762714
-184074
162965
574629
581836
813794
686868
-192706
-249667
459343
-241225
-929669
-12236
140469
-866420
81899
74966
-453295
840689
276671
68948
-586598
370586
-702480
-604074
59227
-454964
-75161
-652721
562355
-554957
-890007
-621720
608008
684622
960117
421801
371489
-232590
-827866
-169168
526185
-757535
818597
-333346
-623954
-99505
741621
-77249
-258816
18292
991700
154586
-611123
-710781
550513
448105
-165745
-524649
795385
-603390
-79605
905378
-225110
-471597
589999
-264994
950205
-38512
502417
-877662
792321
28601
-635196
610918
695256
-259150
-488587
436876
663602
252597
-544833
655301
-592817
-155955
944521
957696
-707850
-221224
-566953
-912466
175386
353442
992912
950276
881846
582911
-314718
832050
-455601
-812302
954388
-663280
216300
-680809
947638
-88445
60042
-540949
-651569
-276357
711649
-196402
-621056
-881169
647644
-676535
-923473
939794
102241
-490426
-972673
-722373
863017
-979761
-772098
744862
603150
-86815
576912
-852451
100883
531299
-515731
-682818
850491
-568093
228738
-89467
-109041
577169
634177
-397393
-619233
-986880
-278562
-971590
-663414
-202034
968204
438828
307540
995532
716455
170557
-984230
944357
-84582
618921
-142459
-507671
766470
958425
-976372
-749261
-724394
874120
-317353
504344
-215348
573606
81513
-581172
-823788
462280
-568051
-102349
490690
-231465
695617
458894
-792638
3157
454425
923817
-826287
470196
868174
89131
89116
-274285
581461
-144414
-315861
605090
106325
-40254
479209
788973
-535910
-736140
362578
545603
-317312
538790
7882
114637
-563559
-501428
883172
-867942
957466
-909466
135215
411891
-985649
308928
-117914
882525
-601941
971203
-391761
979521
-173212
292378
584610
933114
-747877
63818
722086
-283787
327678
84664
-738184
-989634
-376546
269699
125003
59895
768271
8175
191953
725737
98710
-672832
137627
113061
636096
-980287
-4415
-965845
990916
603825
-986325
-182296
-103798
598285
-249182
148326
-337897
-527097
864540
989782
557567
-873644
-999853
-818979
396055
125151
240916
164325
-866675
-567131
-109939
232035
-239963
-972312
-654904
-603867
-952598
340681
-569711
-961683
-55495
-556036
-143978
840708
-957751
606840
-10966
-295648
-920257
-146426
-305866
637311
-20070
-305719
818332
-624016
819432
59247
540309
952758
492117
-569630
184793
-747846
-541941
529889
-351712
-494539
-129430
78577
-456221
815075
522541
399801
655783
564791
6640
-355184
-730857
86383
498390
-36723
-276307
-521680
657558
-457976
-145696
476990
601272
-605387
429747
93389
-175016
-385460
345543
283043
-855572
993831
788505
14998
72408
-667717
-169927
-405052
732084
-514145
-840261
-261276
130672
-571118
825107
-370938
392159
-451200
107382
49717
90825
961686
-473294
-307904
-643701
956454
785486
181283
-429007
131029
-535675
-284579
124859
-747170
730420
-802733
-414887
-439508
-207785
-682804
46348
-48046
55921
-822981
380837
-118973
-193919
-227005
429828
913464
822713
-479348
875149
-650582
212748
-768553
-694128
-1766
412731
-123135
-870738
877057
592287
254122
-870114
322706
451389
-285001
883199
-756397
32196
-70453
195558
-911884
106566
-423606
-30856
912648
349390
-601029
826111
172102
-80377
701260
521521
-867629
932708
827393
130605
345439
-295742
259867
222495
-703455
-486012
352381
619252
965377
-932620
502450
-791020
99576
-568004
404539
187692
538563
980934
-843164
451211
330324
-444193
277322
-497575
475430
-21419
-976054
607801
-88711
851340
-261594
-743273
-444402
998273
479223
-147857
-487739
-168397
-528606
-522363
-101017
973845
-313382
998560
-594160
-908844
186252
944404
-927910
343088
395614
402414
898895
-327065
904840
374325
651517
928786
-17874
-437194
780126
720532
-180467
-664277
718804
-701244
187867
-768935
130359
659261
-291298
-970658
633105
395321
-972098
-961055
486477
214154
983349
558567
-442758
378962
-39019
-543863
-948103
-134180
830462
703414
-205394
-187413
-733781
-425269
-466881
85753
-89545
-748077
384509
-901679
-517012
-485132
757582
191691
-455789
390687
-412989
-427887
429632
-926512
786268
412981
632056
-656490
-208057
-406964
-200353
-156160
458856
-369891
-452746
-746539
442697
-186526
-171807
975816
899227
738648
-772261
283736
836970
-289273
798604
594552
902418
-657185
-14762
-510571
-85071
-585130
-437083
-298803
827851
-805028
44707
-380206
-211992
844355
463634
-753136
-525536
-989112
-499675
917161
-175638
328519
892977
-276412
67167
-879285
-992676
-95864
-168557
805929
-501313
-266140
-851257
483926
223290
63673
898796
786207
764870
726647
981179
-190423
-653560
-230813
-346068
810075
16051
128396
820963
516377
45556
-354676
-155105
-61467
368913
912062
59249
376237
-183802
890692
182166
314886
-375448
330909
-201189
847842
-605418
-302393
634048
-840549
-575747
615227
-30971
-229307
-615587
622961
-419233
400465
-248644
-598270
-83159
796913
47054
761737
-264554
-584033
673798
794695
792204
-510004
685386
-25631
804882
-690062
-694722
-396307
-842221
-300139
301300
791828
-140688
725553
407055
828342
-503754
791468
451302
77013
191932
-797342
478744
-891227
999572
-474203
870510
-264983
-58236
544308
-470289
-266032
-965697
-784903
708338
839186
-474964
-986384
-557122
-317184
-286523
744178
-525357
572790
469730
881699
401131
965976
673166
-147567
42989
-134902
55092
-478268
-26129
54663
47530
-155619
789681
989295
-611312
-680609
-276737
-577008
-465511
-568400
-737823
59525
-554783
-294945
742341
158695
-550768
-783016
-268516
918963
-901318
-867385
884939
771849
-14951
-72072
-363053
-959860
449660
610819
94804
-502810
-544801
-115516
-513515
-156112
203876
209748
266880
738365
641349
529057
-202110
-913435
-765888
-459769
245261
-316656
-242785
976745
-397693
-144102
-890640
-512755
-372253
94409
415173
264695
134550
-135167
-124487
-770647
362024
330713
113838
848509
-825400
-682287
58256
441480
-943923
-300396
-29463
-146032
-213830
204649
394199
-968570
887994
-848586
-991825
-509700
7313
-882465
-22455
635060
211945
-607282
-100246
-653505
257551
775268
-424151
-380425
105980
689687
-531917
280580
-992601
526339
-277940
-936523
-774057
692597
-82555
12114
-102754
-688357
43544
-214761
-536942
51720
275539
470371
169256
-746916
105430
-618799
-354198
-994816
-272304
903354
780452
303545
-477072
-113569
-6769
-8989
-832989
631
-482650
-110928
64108
-256706
-418331
981554
755408
478915
-706804
-201048
-735847
-243745
850672
539692
-773375
19928
792776
332056
401129
-561422
337240
-871176
-658068
117692
432370
-135140
-995877
-574399
855872
-828866
426232
-626778
60207
-509661
116516
641876
-528108
-128077
120790
-234911
670875
384944
521345
521547
-75364
747970
-458526
-282589
80026
942603
155990
-582734
-928573
497922
534958
503797
-637218
539081
929399
-781346
710216
355630
-408124
-229578
845970
708392
-587702
-682138
-419685
533089
82952
-748810
-81968
-395704
772737
842668
-647734
-685790
-439921
432292
-743187
716070
849558
-671760
213991
384515
832038
576774
-76404
761436
795428
-366189
117066
-612696
404234
-36965
-904304
816532
280898
-323989
349620
-636151
-72798
-732348
-31855
-300062
-889681
320411
14149
-329601
-247297
270962
-613532
-397740
599203
600460
986776
431241
177234
-89629
192677
-27338
544183
-690258
359966
-51584
272778
455663
-235053
-446325
-868326
-885433
-82476
58876
-617781
885670
758814
-507461
206081
-227038
162938
958784
-956076
549407
-438956
643128
149867
-452181
74369
-672900
458191
-732955
299763
2373
-423212
-340272
950789
849566
-884609
-284264
-596759
-752935
-169697
320765
305941
212522
206435
64754
705061
-587485
837717
-132001
-628702
881642
-582594
-67658
524770
567273
480162
-400862
894374
-61647
-133817
194137
940726
442972
853866
891515
292537
969257
-392750
695778
-783679
437553
16543
522262
-349925
-777023
-412984
-644865
-364508
-575268
223135
6791
-693626
640541
939134
831144
207814
419296
-569719
102188
-642352
296465
-703676
-701626
-260564
-849811
-810112
-968027
-880555
-202861
727752
-664234
-765308
-255705
858029
-115233
-32727
-554956
239903
602766
-130223
-536963
-390444
176151
-896422
-451310
7295
311393
967986
437576
-586420
-674366
-265959
-290095
-375992
473478
-139906
-186103
505452
-20460
611036
233203
315307
845729
977499
173335
-269505
-55229
618380
970399
-452464
-511844
-566565
157093
664308
-462986
705783
-328398
848408
673768
-890822
-738013
999402
-156781
-28107
-376590
-683303
831988
437307
822149
-188473
48343
55352
-873167
-105928
32850
300169
624567
977621
-81451
594965
-474843
406705
-971600
682250
71013
-434585
388032
742615
-586178
61800
851793
-324190
61202
-304988
647703
684613
11709
479690
121920
-166143
-708784
-829737
889209
-581950
64335
-77941
718220
-311099
-100321
-363232
-716134
424837
-956527
-687733
107086
114486
-122318
-504882
-142900
291504
556919
-291107
967314
-381879
403905
615017
-697267
-584386
94706
424653
249471
385923
594916
138680
803974
-340750
-939262
522193
348152
-39582
-841039
632018
-614746
-797566
944285
492341
316921
-178033
987460
-825980
-886530
544378
-117086
-919216
-837502
-713181
695801
-534768
-297567
-209493
889885
951905
-823571
484801
90585
980404
-855950
151323
502596
492203
-888259
661558
124221
-503004
863992
68506
989337
180913
890473
976796
354933
-996057
521173
-762153
-915273
683672
-475334
780529
-851097
227100
-428964
-961212
179004
-252534
523589
-730411
-272131
667640
420912
-769535
159842
532654
892023
-715938
-970351
756015
352568
-981015
-63073
243040
995782
-708140
246984
516954
-470293
331712
200626
54374
112240
349529
-718527
683277
388318
460478
-569258
-88094
730067
158611
-420455
150979
389076
739388
-316368
281099
-976551
-286718
37113
376018
-267733
974041
-380942
-271952
-734100
866042
-754998
-204392
197753
445629
849983
-690007
-204843
-868545
993270
-816526
591934
-575988
95381
322001
582623
674926
-527020
-28301
414314
156612
-747202
437763
869895
289911
-186219
-397839
263952
432839
330210
529852
298881
575213
-674540
-503367
20841
-824558
-193374
815998
-693102
-200104
999473
898833
223908
94854
220833
-193469
-230220
693813
778231
-815907
-149575
-968972
621856
-279680
320940
-564363
322481
-415109
868476
-347309
-885257
167356
-772097
-559796
663990
248744
-384354
-529384
64742
-77455
270513
64215
-178623
-505580
-840932
-957790
300952
-71152
736024
79183
112941
-413551
110211
-265203
306769
-568849
170434
-370750
16043
38910
281941
130786
-793734
509844
570990
870256
-241413
-813364
-659129
823330
109181
611384
-112456
930559
-894196
46612
972770
406757
975461
708793
-514061
88401
-704758
596151
823199
602011
-972699
-6368
-768740
43344
-967458
513202
-825870
-761192
23045
745120
-890937
781633
931757
-550065
604962
40938
-938681
-507494
-28504
-832876
539118
-55735
573881
514578
-346942
-940180
-397021
-51700
655971
-573823
-449690
683273
419810
-218429
-273384
452352
-705228
-99253
691160
317818
-354133
800224
99451
-422377
-749841
-295587
618561
-688521
196919
-409943
-521397
-263963
534322
-947517
-749385
-812621
-887696
-146406
135679
768275
279772
685990
451547
-300419
-532440
-821837
-848068
-237667
78911
843093
-919849
724778
643317
179602
-697600
893476
884015
920962
-795046
80934
-488982
-316442
816971
-954661
-263958
-932415
-767281
-151654
-78820
368399
-383379
-799049
54388
-931833
-99468
521949
-753669
52465
-715718
325242
-104442
-635567
50020
-461126
544036
352420
-567650
428051
273382
-362695
-491016
784400
320863
-674046
829740
-943096
-606460
-937542
-94749
314720
430858
521872
515671
-514754
590040
-583797
-992805
836372
468669
-708523
161613
-635774
-344089
-788367
-96900
-800054
564053
335451
627997
-162566
972756
-863019
-378166
293619
-537065
-548427
350524
-143524
-485968
-744226
-828805
944890
777646
686867
-569864
367686
-896931
-562669
204057
571738
-271191
-634330
935965
384720
-422697
-160936
584667
-858644
-825485
212664
-21210
-852729
349645
600625
440890
812581
-947803
-208586
-330944
-433770
47189
-159749
-488880
-175165
-472882
-58744
-807480
-369812
378587
396577
-798074
-892605
762247
-862110
492116
-660451
-23045
76782
-519095
151470
-710554
459696
298741
639092
60320
-260369
451672
112518
531045
-879273
678749
-421767
-39021
-810132
403068
488098
131124
595588
-881715
-490290
-7835
-679789
-382894
-245589
-541899
-890779
93961
435056
186004
574867
-413475
475450
34562
885267
114541
-905118
-375103
-433787
207401
-844058
-313059
-113851
-265825
647921
76018
-862757
136018
-792859
732832
254303
-283148
-275004
574515
333958
479408
-967385
443179
-426632
467672
-370818
-851765
-945803
-895368
182798
939464
219173
277680
-435639
785387
-514919
-279697
-527673
371231
454479
-879753
-552752
591723
256265
-345611
324554
-489432
371242
-950450
-914918
-294801
528958
-882302
-851623
-897674
585370
-222440
-749438
639568
-117808
433360
579031
-898635
-288961
-856608
886752
196121
-136305
-640921
-432648
-681826
-520673
14600
909897
735593
668990
234451
-753840
40231
284001
-668757
745430
-187041
-551059
893808
-84714
-965689
-328632
165848
673879
553560
-400793
252910
654926
310247
396302
541678
-493632
-740003
900758
73720
-421828
-619916
-911681
-511931
-884324
757310
722520
-638164
-202459
6521
-306920
-457030
819480
142022
-563222
-265234
176334
108146
900614
-149788
-338294
-500179
-896878
-683368
810069
499425
858311
-683564
759423
759068
390156
-662406
-860849
478475
-174337
-745173
235785
-451818
-383336
-966675
554704
309744
-423704
374183
-548234
13074
-891051
628100
-878780
-990437
-521688
-217073
-490616
-418566
99560
-680548
-919141
-42130
-364112
840282
-283062
-973956
-822125
-143911
504519
3539
110917
-259696
551722
727581
-226371
106425
37325
349925
-519392
489092
-637001
-410443
117191
-515780
-400880
595504
267148
108505
-823063
-633293
427958
-742203
324578
-936154
-901922
-958485
-910110
-724046
-102395
594410
279493
-991479
-665287
-168786
736103
108342
937639
-226572
-541733
-581753
-737481
-178733
7804
379711
305487
606925
-24786
-427365
-284571
152152
-60658
-856613
409949
-736080
-792767
508028
-694565
-702877
783982
203041
891533
63475
211562
-773755
894689
-52335
334588
832328
721093
792856
-749426
983613
-385878
258379
363323
919610
-134697
-661463
-507756
580733
490689
431587
724120
-99362
695507
931353
-591335
-999058
-771524
-807354
203983
-879991
256121
-584455
-653746
150810
363210
680843
-16862
84303
473698
233712
67916
-912181
-507910
-568762
-992572
357394
-230224
-500327
-61874
-739536
931260
-337754
161102
626767
-406401
569768
627709
-177925
762414
-168308
-57916
18535
247238
288339
-830655
-389552
-30819
152483
694751
-557121
-613805
-237334
-469301
-121714
193905
-461872
-764321
963682
37801
173805
-775855
-30940
836052
385248
-404174
-570350
-44985
-776465
251725
-282571
55228
-806191
735965
-697535
482148
905310
-87087
-548671
57792
-392336
-105791
443988
370331
424908
-677727
-435764
963036
-442048
-472083
837
731758
-247937
969898
567809
-862689
-434276
997459
92326
-210741
249184
809756
844488
442993
545720
-853048
-74859
451029
59866
376471
-491179
667531
-729321
952809
37861
695587
-724919
602098
658623
-166966
-869986
-340540
-435209
-117922
-370643
-867400
19389
195081
-869942
-888286
984341
379242
921471
828828
-177765
467190
975781
747376
-81781
35647
123846
427040
-296823
394526
379849
741038
90113
654931
343135
-251264
-512035
473150
408196
52756
-644773
-962448
185356
374617
232634
315415
486332
216975
-305343
407802
45803
516892
-125009
21583
264268
793210
-942770
-611886
220250
-239593
782640
-399901
-498555
-127248
-744971
844581
621488
-257006
317730
29684
795751
672958
67236
-18893
47574
-700130
-703479
-466095
516845
-8821
941707
-437353
-491929
-183302
584231
772339
-390093
641461
-839547
830158
-598132
943093
-569744
-96687
-184155
-314714
-252107
-562667
428281
-934377
467017
224031
738581
-465747
-794862
-213845
-165877
-498340
320061
-649032
492839
261767
-86384
-999091
-921535
-502153
773249
-311627
-860692
933702
-481470
-458824
876795
-51214
444489
-307361
634073
-807618
129972
62353
-741995
-403011
-713616
996587
131242
-508478
-217259
965366
-6818
-897199
-683666
-513979
364569
229951
-513070
443034
727798
-739821
-868594
867106
-806120
-350064
-591719
-929326
598723
852771
-236687
232795
-954848
893286
-704852
-696843
-509725
-418468
-700257
621518
73055
82484
586884
-933763
185286
903218
-447742
-450146
133168
39189
992888
-139035
299368
-875706
-271929
493248
-225769
136352
563923
-627047
-10878
-672764
605749
34274
-779479
900898
337432
-289203
-517571
637175
-667686
555485
-280341
919198
621722
904945
822416
-826021
-545201
-44417
213169
-552313
816549
-487464
-428019
-455381
-994216
346212
680972
569707
719166
-329906
896943
324915
704368
-882536
225812
41800
-171739
708242
-321026
160576
263726
398633
79773
-114553
303578
-97812
59427
758377
857772
-727405
-793936
674321
-214869
-221955
-781060
-209084
-875743
899912
-639378
843424
-429995
-742436
168338
-725627
-624971
-605851
316173
203290
-897609
995148
-636135
366117
393781
443639
-748436
-302642
-654173
310991
-544265
-796401
583586
-338201
877920
-631283
439845
-903141
159634
564103
996772
520256
407526
-433223
777821
-424137
-158850
-847151
-29987
-842677
356140
72404
-847530
720006
-561479
546251
163645
-309915
-756391
509472
-998925
-300655
713072
584662
361145
590991
953380
-199010
687851
113013
-634908
684622
-366731
772619
-748602
-588911
-651518
92549
-436061
318496
249872
920080
-609101
402343
640085
-170579
-51406
-196271
519506
192204
-686799
520582
891549
-973728
105244
252694
617264
58623
-946317
305114
-828364
-581224
-10264
-195094
-808606
241134
215995
-460123
-666317
779935
858373
583556
700014
-750728
-14102
340099
78693
934493
-856172
-401802
126697
-542970
-881220
18245
-516697
224024
-729061
-899434
-717353
-675378
405681
-545717
-256602
-604584
259189
-65207
636551
-524816
474670
970234
-744881
333042
553790
955134
582315
-460312
295232
-338993
-525820
439061
259206
600877
896091
377986
-380878
-620607
-397991
-109939
-520041
-115344
214684
885641
338940
958082
-718944
-401872
-107125
917608
73313
-632456
887841
328432
700587
441630
283566
282901
981319
-421203
943909
-544502
-982143
203114
-943625
913949
-418901
-324503
-706659
183109
565559
-226699
-932236
-219758
-341059
406704
-261676
-60002
-995168
631199
-142395
78146
998744
-254554
-593422
699331
-812924
690144
-17768
-831606
-731059
-73860
-376107
-713201
-870746
-319732
-799253
-289646
355766
-505911
893463
-78676
267390
961228
701567
926332
367932
-560110
-133671
372765
-928911
723934
-549090
-930167
-530620
-142511
769164
-343544
-452368
-248604
-175150
-183427
677537
448743
103372
806791
-870989
304120
-482855
484777
798209
-589393
-593899
65598
-628165
-892332
-8070
739767
-452442
858259
112531
-381352
582193
563442
-311519
-948428
-579070
-542355
-291971
-31437
209041
532880
785136
-113422
-18377
-111492
-306632
110634
-807373
210513
-404589
990837
621121
1512
56434
992956
109181
-951636
732723
656740
906623
-154746
-724613
488815
-591304
-36131
540388
-170374
421514
-751584
798189
-369445
781296
583325
517133
-237082
-528167
-789499
873553
-335540
421015
-531037
-344704
42136
470476
711731
35092
-420344
760095
-232186
-763605
666718
613069
-488218
155533
-978236
475652
-304079
-148609
-102835
-55663
-350421
527721
-274367
-767096
44854
488552
-295263
255355
362104
369198
-323631
831068
-975506
718506
301543
736226
-246403
881200
496321
521412
-882406
163038
134480
-370623
-681429
156244
-894972
14492
-992366
2194
958830
-342786
-470085
-315538
-109881
574769
-826986
594857
-169877
535119
-35946
506493
366186
-11451
224998
-332271
-275225
978596
-451072
-778905
500007
-333477
384134
-365514
295900
702705
790731
400929
-282803
798366
-596877
-323974
-544421
-66962
360489
345699
-492194
533503
-59445
337930
68622
904610
-155578
-565193
-106842
-930580
102537
617933
-951985
651465
839029
548023
-682013
223162
-817492
613888
-74133
973240
14817
643064
771605
417940
-680911
-772816
-649023
679579
572883
-141216
213082
-486563
-803287
-718297
-581954
41136
-283489
311205
110556
819048
-70862
158572
470513
-231834
-293406
788501
991329
-110897
402388
-82805
-137658
-582796
-439741
-366054
835145
-120651
-138870
-813878
-441073
-565987
44906
772009
-52550
241620
-946289
365497
-717245
-229777
-323298
393312
-410730
605840
-448116
-940218
-625994
258478
848283
-634666
-852419
250671
282530
9924
667876
842789
643871
503020
-277863
-495000
689142
281065
-60986
-265953
53073
886464
975668
106785
251961
-741578
877008
928663
651734
-533722
534503
-796383
-473939
908509
462096
-625657
-726158
609678
625015
556373
-380399
292890
399161
-736529
-204091
-878703
-231528
-514949
402363
707486
219099
-544565
593949
194766
562221
-154090
453188
439229
-225428
104922
905507
-690926
308540
-568433
-782417
-229365
-194089
-508574
-619688
-569074
-952202
-87
723816
446959
263385
-480275
568257
-968144
4777
-29381
739342
-776125
426055
333291
418642
-11725
-820800
-128171
-572496
-46227
976752
-666990
262848
285291
-235422
480431
-944074
570490
971857
-563762
-998584
-980345
436152
725232
466614
-300464
-755043
34871
-268607
249734
-994510
-529266
473610
431545
804025
-107749
-580180
983226
764081
-152676
-63002
740832
180335
-800154
26123
944914
680278
82049
515403
652135
518288
516820
671790
-45560
242051
138403
653976
487009
-826726
-614632
-263257
-821236
-143897
-789648
610309
-339873
102603
-969871
-356647
-133316
-122547
580352
-392485
-942213
780198
633639
-997300
460475
-284313
518104
112609
-766026
34923
-215602
188414
-723026
922802
-157610
763984
-903925
227759
-499274
-725160
-916139
-288922
885150
-256011
813682
915279
387343
-319634
-207269
-32306
287881
-149481
-252109
-78481
-146780
-791635
637207
-628676
320975
871182
406247
-894628
59595
683222
-971826
901986
447205
-875750
129745
947931
-600910
213607
-340991
-715761
957597
-527309
-800482
344939
153057
-7751
-687368
-559062
842769
60524
362458
-304012
268890
-336
67312
-410136
-129155
-526441
-304764
930441
-843220
-276589
832427
603986
-152339
-37829
551917
246752
-824222
-789074
530991
-866626
-316383
730510
478314
836675
-277242
790946
-722387
-434473
-148530
640071
261515
-879641
-360265
-671173
-289777
510581
-197614
405460
441022
-40833
-871130
273448
-436847
-23468
-764381
-884931
-776717
-588602
-674005
754275
-455228
9613
484784
-976915
-153713
-792458
814032
123900
-226931
-334499
-236029
-965417
-214139
403706
-636589
496084
-85713
165798
-98457
-644692
-875036
30414
628757
-311883
-993055
864377
-196813
-769772
-724226
129182
984503
-179453
-861205
469286
-156367
-14918
676828
-342335
-891018
-550103
323166
-127047
-515519
-890974
-723341
-152108
605111
190946
-986311
-493347
546255
-861347
537067
175011
-173229
544012
39388
629958
774241
315162
-240860
758743
-864291
-102065
228029
-20658
883018
-95143
637007
992000
354754
-39827
-135047
839235
69200
141613
-312874
-325690
-667441
-299185
180964
878814
-160531
-281969
53825
666241
-737958
-906788
296199
-963717
408375
-944662
795026
544084
-46726
23054
-476575
-163709
927911
-839568
-171709
282664
120605
693244
121899
-810196
-165143
809025
-135885
167416
-490160
-954922
46230
349309
-236891
-899946
15550
25152
-806733
-688252
61435
601643
-632913
-143539
145726
320361
879516
669152
-843349
807427
829584
-15058
90091
-49811
-321814
-788011
139993
513043
-978987
-995892
-319541
-469146
-950813
726689
880163
-187704
826744
-104287
837449
-979989
207461
-101116
621654
574548
755346
-232620
-105091
634861
-563469
51560
442288
-733885
-963498
-467622
216304
-285312
-255633
-643703
-772269
-234619
-639595
-91809
296235
-590408
-365121
176398
221889
-538377
-927889
59338
-518366
279572
958222
-896712
-145880
713568
-129332
749029
348429
307199
-199411
-209284
573314
-162909
323094
-210382
551780
-932539
145915
779511
-167157
506320
-312299
-870923
915913
322581
305476
137801
784205
377587
-802862
-734162
-342841
-844640
-630874
511280
868929
239795
260308
217357
-453007
-939103
-991928
-879693
-102012
331167
-90075
-550233
398628
-944160
-770722
-768529
562161
-83020
-639452
478073
-760440
666025
-384126
-976236
43612
-186987
-710397
700771
-31626
-341270
212051
-162698
898525
-527641
-945342
-554482
-466744
-937269
-434174
431245
393898
475752
881012
-207474
531592
-889710
23997
93752
27270
384546
-428176
266831
50570
187699
290596
-905818
-999289
580200
794954
-30915
-761071
7004
806387
-862546
479363
861045
-417027
-987382
923777
148800
443863
317674
-375449
324875
-889801
-843857
435166
134196
249895
-537565
-481259
821720
729267
569312
9418
19863
663495
10129
-399938
458448
979214
-161008
-534549
785601
-23553
944815
646646
559420
957433
570422
-291780
401296
-111905
332771
-273829
-1705
488914
-838664
-867509
-261191
-376228
-348767
-439471
-646961
-779456
569947
372902
884039
-419924
972965
342487
-440710
-188044
807938
-655110
788404
752752
991536
347823
710185
561958
-943957
111481
-549948
388814
837653
448348
-122272
998990
580839
616537
-377238
-767929
-822935
-24199
-547384
747013
-651297
-663345
-672911
-678333
679142
-113621
133624
487080
231270
-77973
239832
222806
-730150
-49983
-215237
-674107
-938502
234816
714707
899151
-316837
-407565
898140
-735998
-791028
-479098
-503927
-613962
496703
-51310
-866950
845407
285345
-539860
-832927
-35513
346519
300698
-548433
-422211
-777276
691399
800595
-507426
-358584
-414643
-181533
-297086
820174
-466826
-397935
-496664
125610
-499796
-232662
334582
21107
263412
720620
-482191
-787899
853671
-636785
497447
-686190
-469711
-538066
660330
830987
-86499
-761882
-946289
-395100
-961287
-453715
246316
-375929
364753
949230
-555756
897928
-448706
-52419
23537
51499
714920
-641881
-927394
-21669
-921262
-409585
190433
932410
-46369
-312120
-753780
483921
149814
906550
314908
-936685
-855332
368619
-331785
-816619
914905
914532
-192548
279657
863762
251697
177585
-584944
-800723
-798878
466556
914197
-440758
539162
-107472
-362019
-870424
-917040
-429610
83208
-229159
-183390
-432871
920655
-276840
882037
983971
-132172
250656
-347814
51209
165560
-433283
858662
-554783
-569522
110359
622802
-154466
309636
823925
-687911
223833
-616834
851251
-883640
21147
980828
-800679
591538
64036
-29838
-591853
631166
-109183
131307
513202
-125213
999136
-236143
526973
50345
929417
-906310
-90994
-625366
-475832
-980635
997437
369703
329001
821361
681793
-447166
-795473
533044
-330806
225675
513872
-131485
-182788
-422093
838678
225360
-790927
-270506
-643333
722275
604282
-644198
-513868
131255
406147
-584451
224945
-684847
-209817
749113
-665482
-212381
118816
663520
-391020
-199392
-783647
-186493
-666349
-114453
-960819
847523
754063
-143606
-574570
592741
-918247
-365497
-677765
-561580
-643222
926517
-205777
-157089
57771
-799631
258460
-717285
-484477
-951357
-968172
-149959
-163738
150645
-486439
445243
951253
-270086
-741251
-715096
615462
-702069
-867573
369525
154325
-442143
-37735
236078
192361
284500
674499
549140
211017
-531279
-607950
-731213
-330909
650511
-448497
184614
699154
-416668
-965345
-464584
733978
-451784
980659
685230
278131
-760592
970135
-106408
-462661
-897439
-736883
691665
-339581
225382
-72257
852781
-490118
-397759
401920
720899
70963
793971
989687
740054
444481
-458810
-75332
143634
124523
-40677
679050
-141500
507540
659709
-456270
-214330
899117
-486136
679263
-563545
-383574
942380
-871881
276845
167762
55862
129625
677644
658104
-468455
398543
-270934
-674485
388230
-530880
769996
929421
393789
-86370
53944
-646889
-407320
912445
860652
-747612
-543826
-353679
-848496
-29961
-674417
-412040
586466
-732038
-283920
-136690
435724
771943
992936
113368
430047
-475520
-488089
-840888
-150004
900141
-371767
-380009
829562
-977979
533621
-116495
-624867
-873699
-204051
-764216
-621311
252124
-117895
-469806
-777837
207689
118155
808629
475652
834235
-328061
-88624
606178
-335126
-975257
36224
189355
-463346
195337
-960650
-563205
823571
-340659
-733644
845592
-807038
149862
-779275
-680737
945811
-543491
-302047
197935
338615
228148
420098
-453696
-653698
228727
-978045
-819463
900666
-66669
786715
-434461
-41926
-177061
754895
494729
-981725
794245
931525
841847
-546414
-802119
687439
-353451
347743
908164
-34188
293553
-635327
663766
-508512
703288
-108087
911586
-750408
238215
140312
-728453
418753
40978
204878
205468
606517
-837048
-971594
361411
657682
-953318
155656
589206
888529
609242
787087
575967
-744210
134829
484131
221603
-571618
848804
-114632
-80129
552092
777282
-168544
801684
15497
971769
-926770
-565751
12746
278109
639718
-380737
441061
668124
980675
98743
714807
136330
-312051
603336
-254429
-524965
179302
1362
609865
-336567
-777036
-961753
-487764
108333
-41882
-935673
-114386
789575
866012
901112
761344
939243
-664639
-225911
217351
975079
393353
-341588
643202
374027
757155
358009
-489643
-554897
-38656
255928
-79861
-859354
-742711
-469996
-195921
-519746
-431749
316315
588587
526370
380643
-525799
315944
246654
-624688
77287
185896
-289327
851377
-596753
-314249
244730
61659
-671047
-381243
-181186
686962
129114
263918
-351695
-614958
-815944
-211049
-357668
-285940
593030
122586
282312
-90655
-288827
-191319
-710012
185374
-875376
536642
560687
201912
-277462
-728640
53289
125786
-42888
-701982
-812556
286065
-83225
6258
-26973
-954111
-729824
621333
-569069
-545768
-589716
73263
168293
-996686
-804152
-549396
-87341
-92979
259285
202647
-907605
383910
-260711
653083
-414178
461828
924443
639112
-412387
-118446
937130
-224942
-832381
-146095
781317
140647
-100206
-948508
-238020
330725
-494275
172264
-596013
674018
175578
-400164
-875379
-911763
506858
383907
290885
599254
-232184
-969826
252336
353639
492003
176778
-7250
-920385
-941668
-70120
-145326
-774048
783785
-364010
366600
-316421
-312517
-871421
-985696
193208
300843
-581708
-132775
-523579
18128
-8153
-435341
-475015
-624247
855544
-875761
143570
885718
376575
-502792
377720
-446647
489959
457336
-388314
-580162
-687990
-162361
-796377
-52000
-795762
-112798
635484
-667182
-98493
-171309
633662
319799
695916
-889918
-662074
-312238
-325259
-137088
63516
-469715
-12849
-792915
-583997
-636274
-295706
793723
-82921
-805748
251059
528765
-385910
563069
-633597
-182287
-488931
-429358
704916
-853448
-96540
-393578
-24757
-462879
926221
-328841
-352796
-735853
358922
321946
127060
-577563
852231
-885789
-370478
-731767
-522063
333817
-938044
395017
528069
313016
-76219
-857842
-123915
290185
-40128
387154
860828
-335213
533707
-235713
271210
-491050
301409
197431
180109
948614
461578
-460969
270559
-411362
-38532
122790
-297151
590991
391023
180787
-75193
452980
-424197
-547124
-234005
499585
-404966
642080
-210231
554907
29234
-349403
-780307
-437060
414885
490904
71890
-283707
-311666
-748001
-335094
-850089
-208969
935466
-261450
752500
58255
441399
343491
-550722
-377815
-731703
902259
197989
-278826
-331747
-302427
316208
-689667
487343
-128885
339567
-862061
90809
902508
552824
-418288
-25602
-730883
270046
226398
-65976
419958
-982572
-130510
-841493
769928
927746
599906
113418
-622977
-777909
381716
-720718
420081
-897111
-52465
-882347
419098
257869
604997
-709788
-402565
742937
381021
-500057
295760
962733
474341
564878
232779
-299262
-501099
-347264
-281834
368392
-188757
-511907
296137
-588851
601512
673160
-366759
-16773
952443
-946679
86117
-100023
-829025
-494786
-842154
775972
-204573
-244719
518908
-823552
255225
-185332
-860820
-270435
-620454
371960
430303
-121552
-975305
-851531
-753161
-164062
-363438
542976
247088
-761926
216136
880329
221302
168578
933650
-692582
-931445
-895376
-187367
-773599
880597
608060
-18317
399505
784508
-763093
-785827
923689
-33528
-406281
295648
-603226
472167
320344
-454757
719006
-843719
181806
261981
403370
419881
-521884
283698
-358818
646694
217348
-51400
715249
321972
761233
941650
202569
369293
-76668
-397927
153801
160240
-183754
77489
-873289
409965
-626863
-476514
-117868
693481
68730
-398863
849763
-749464
863118
253132
670417
-658766
-463171
-688402
987929
754177
260199
703177
76149
21431
644827
-721282
-609276
-431841
-119209
544525
728399
697038
-377987
855111
107003
-4849
-621404
989135
-311369
447327
-409729
-461606
697863
-546611
791526
368280
-205376
-671645
679878
-217448
-917468
-59924
-514271
158682
961508
-869444
437400
-647769
-301284
-681809
896757
-572885
-984771
-481230
-717775
122232
513921
-339178
111367
-797448
-891851
701639
-259054
806012
-844972
-467528
174291
-50348
-139172
-145831
732205
-56639
794246
-782066
-897958
755754
-651510
539443
-892015
47207
857635
-995259
474322
872864
-476488
756548
-4904
-962568
-582630
-893538
-760015
-474481
808102
-19068
-668470
963130
513404
505822
-87218
-625768
-640009
-355014
317593
-845763
-137080
419636
909992
211411
-40922
-982024
-741382
-183287
-977282
732940
-310424
-453770
489488
684673
-416337
906858
791136
-176352
-567624
599237
804580
-236093
562366
317984
-730271
-524853
692216
-370280
120134
9809
-216042
983055
-570556
-306051
194466
388522
-288074
453084
-794766
-265356
186024
-105189
280875
-324489
-420516
864538
-417632
-629381
-311814
14744
969856
-507234
778651
532222
810750
-951621
-992631
502966
-321900
127504
-487226
462058
110558
-57782
-843993
-694977
-669260
-132067
758107
-464025
602578
-55870
430787
-116548
619641
-989730
-252010
-797991
-619110
436176
216753
-649254
928943
-4596
882968
739693
43784
890338
242658
721885
17841
755433
183942
-871602
-302349
339950
-566578
28391
-792118
-808471
564367
810460
135659
-4847
-306089
-244700
5424
441902
-42690
386314
-121922
-825938
737060
-192980
169467
620028
-453288
-786749
510366
789371
935136
-471794
544803
119078
-343395
-757547
-540973
90027
270845
-333091
281556
-164788
-522632
-582785
830366
171280
172516
-164211
-386819
-870175
-777897
491260
-696112
959164
-701721
473356
579192
-155009
686607
89557
-365638
621742
617764
-820836
-259181
-725632
-578382
199847
364396
692464
866756
-354048
-472325
-655876
63168
-641960
515405
-764317
193830
-871414
-634491
415934
619846
-330603
375097
918125
-857248
-45712
-236884
829359
-956155
397478
451101
661609
576643
-808080
935978
998261
391767
300373
690725
258523
946326
-781601
602647
9493
-423560
118051
245177
770271
246637
610686
186204
-133517
-719917
-438699
-215393
-577164
515590
547724
-747805
559435
-54799
703297
221044
-478157
895217
157021
-479896
286983
-542606
-789172
-454495
-596281
-570772
-851848
413213
5669
266204
-341611
-224061
-487159
-730925
962144
379324
-450841
-476555
-836070
-28004
-960966
711654
224191
598470
-343145
-72513
-180487
178699
-177296
976534
698803
-890314
-566073
909632
-344808
-162353
-661141
-196656
-749141
344529
-930452
-90751
-879532
-417611
178325
-917389
961713
727485
-393943
-874357
-300520
-354909
837298
923672
-756440
-505848
-148841
63073
672852
673863
39607
371654
783550
473535
281286
-561259
-688819
620146
242086
-437959
-35326
311634
471291
85142
894024
-350384
167754
855737
-622900
773811
981380
76581
-581098
818678
252
-337537
-687170
851411
725536
985682
525274
-234857
357335
308823
-761323
-361379
747564
-450141
-741234
-10350
111900
223440
-698716
-416809
-691418
-804693
232807
476337
-948957
609907
250147
-967577
-313512
669050
851101
686740
-668488
-836070
538151
-942952
-850389
63425
-177809
506947
-627753
60869
-854433
-880189
610728
-595666
109461
-277373
627774
410745
305819
936357
606053
-461375
412693
657097
-851468
-337160
689520
-164980
-668111
540621
-478240
-336599
704552
-940089
-279551
854164
123336
542641
361110
495583
-396491
506678
615394
-785764
911012
-275145
-63136
538786
-864401
-757318
475142
741653
-218692
-112165
398749
-70160
550675
88268
764860
882564
-371112
-713381
-454035
-666560
-653469
266414
-812397
469867
-190945
548714
-34551
412564
55391
-419157
626801
-33597
305698
-436335
-494811
441298
-193653
980332
182950
587655
-131834
-418302
-482505
-581160
669966
-717646
-698597
-701146
-431026
-152632
-367706
-84495
-886218
-180103
-614628
-77162
-631390
350822
-664598
424002
931665
962203
-609595
237363
-474132
-104405
-321340
332215
-124074
861610
-80130
744092
-556693
437366
-837068
-886727
719720
-535664
-587872
-711306
311705
44422
204200
425488
864320
589572
-651675
-767070
-59607
-316273
656933
-127942
-354070
-952663
-890580
171798
-57067
-211919
-495987
818859
-350310
423884
562951
92998
-138751
725883
206271
-419031
-809782
618400
-130337
501924
-337178
-926137
-72589
-472859
663435
275736
-239928
-396172
959464
-582996
475887
-394606
-535658
585308
777192
407275
-626612
-718795
226134
23078
705089
-210916
-883925
-433662
-485033
322347
147307
-294814
-59253
-983030
-792891
603569
-909167
134521
-869290
754269
-589743
-109218
-641903
-630280
307787
833984
-24885
772130
419291
-247693
179405
792679
33512
-594462
-184243
-261399
194623
-68167
304939
709591
-745821
-547755
-585224
194927
-530785
-378114
-201505
-439951
756408
-70795
-685683
-833336
819987
-327586
-463615
127774
-493603
511500
-100097
925689
-736194
-920693
718367
297319
-515154
-465876
-964081
679469
465957
340858
389060
720137
793104
803836
-84937
-737681
-574278
713558
-177632
-817871
-357238
136686
-651206
-537251
809100
-114821
590524
-684503
-603322
-509574
-758814
-339515
-430266
959554
957804
54580
-506323
993724
-265951
959634
334582
-876892
679770
127685
926945
-405167
390005
-647333
-691610
-787627
-465203
-48847
349059
-116409
413903
158159
768770
4426
473656
-834552
494853
714843
-174067
-935413
674396
-216263
119168
-831928
-222540
853218
-872295
-887959
976327
807476
239727
903272
-597692
-370268
-744062
-289302
-157895
-209265
661852
-808836
674327
75755
349323
443096
-919820
-177021
608545
575034
-462179
-565522
639621
-787784
218215
-241211
-619711
995676
-387994
-492006
-892284
-411668
-684531
347444
-508397
-282222
977177
-252458
428477
-180719
538278
90328
10446
212604
-833918
-640231
-344300
-753737
182748
-735756
821298
720570
-301278
460919
932787
916938
-780293
-686925
912613
-168286
-178930
-979671
420046
136540
367774
911650
854318
344950
-340809
282794
-835769
-802532
-626878
174677
410073
-460795
534446
-934228
-214532
-282806
-669983
-393234
-562236
28740
-932316
-629450
-54323
-712609
-316374
-141711
119105
504696
-121381
-460849
-358764
-753608
-549199
-504447
591342
109992
778348
755573
307461
-848530
-69751
-282466
-309325
-535305
-216693
476144
181889
113324
-917091
619654
-857936
-849407
990204
87741
-562015
-326170
946031
557091
-821474
-175350
-903758
-180238
71042
-452957
315316
-337617
657035
93663
-582044
-35504
245134
348206
682030
935809
812901
-534663
411952
-5210
578661
494862
-385557
720726
645455
-395353
-191533
-916560
278478
-245503
640531
457004
579148
736773
-723234
-349811
-716185
592082
312573
940851
-314255
730529
-94653
930879
78735
-412623
866687
-108364
52714
278639
886426
-368625
-226500
-499131
-647900
-581045
105517
160567
-497605
-616006
915065
-857074
840999
494212
879699
-882236
-855600
-836486
709846
456974
-895635
-604410
187503
9712
-673531
-733763
597089
-806845
157873
-350198
471795
44299
281177
-754706
545169
633277
-335750
-349315
-206156
166645
34680
-291092
309571
-124322
-796881
189270
-6557
-652480
352785
-296712
804494
457150
98879
-8003
-533139
425349
258234
-936051
618505
-583893
-286248
90299
460406
994929
335594
5575
628206
999844
656260
-577951
166489
-309060
130957
-523940
566619
334077
665330
-439939
681597
18114
263350
486091
-524737
-637771
-521913
-57875
787578
736322
6075
406082
-847572
719827
-503620
612835
714755
831975
-381591
342961
831818
-725331
765010
-1694
-34391
-104034
474367
-467772
-769957
139696
92289
911640
-842190
-644361
397731
-366926
-282132
875818
575199
-494554
612139
-418727
911528
764568
-698901
-592092
377402
-984146
-760118
995811
358815
-928300
-729521
123825
70007
236089
-980209
-455627
768317
-750166
684070
-139394
-838526
841880
216246
559205
-525047
934115
435023
-949848
-560440
47162
-368574
-648912
-188271
-67474
-241004
-810869
-51620
-1121
-815059
-692805
70580
-544579
431021
-859414
691511
450812
-315040
459828
700646
-630971
-679567
862120
-789091
536680
421325
-314138
470794
-143652
-263985
910355
903510
367441
-738558
-284761
-700034
20439
-95630
248347
-980683
89312
555543
89897
544734
-13437
230484
236244
-562626
915444
-303929
-861980
-715528
16505
-999860
-504619
-446816
421465
181244
-976022
-722188
917260
934333
-818678
284700
-804226
-103438
584667
216213
800932
-166986
235531
-109756
-611444
-674572
-565023
375120
555912
671221
812494
471356
-632709
950515
755829
383797
950655
-748791
936982
372120
432454
960960
649933
349714
895292
831255
-365586
-908934
-272184
-780920
307280
-471252
52095
-457190
418992
440651
-131761
853969
-184230
-575849
525190
-371736
895507
892482
-421222
651335
276278
-470568
902545
213259
901553
334999
174219
551485
-315288
69510
382739
319126
160577
-889445
538207
-532144
-360697
-409699
10667
-941705
-969049
878907
912264
-153278
-696943
437453
474986
-801437
329934
-946236
849898
-393788
-416803
752443
819472
-515251
87441
-6310
-963767
772153
-936800
418973
91278
223777
529528
-370516
691634
-831169
219786
-297700
-772874
250737
-418794
-860610
-902541
-115737
576844
572446
82827
-93222
626210
-67275
512990
-790593
-314833
332461
-305844
772608
-673850
-269610
544761
-610650
-850638
-363961
613128
678891
265524
304761
847722
-514691
-992939
-925152
736046
-411733
-785762
833506
472531
791082
405951
-444642
-302141
32161
488083
-789152
241568
-826751
543310
935725
945858
869461
-333886
490618
-741190
-184523
-873344
871938
-505633
392180
176699
-657912
877489
183760
-583064
613535
772028
-368825
447041
244558
-577744
-147009
799917
120115
885153
287999
330964
126721
461249
-125726
62445
407106
-256266
728560
-102276
2545
-455964
24380
-125517
38403
-583440
-948819
380492
-705951
234941
797429
907585
6968
-571397
354625
-748474
-149140
-792384
-948558
970976
-907231
339442
301940
219490
-199310
-823787
-718065
-792205
-80053
-989506
105519
922492
-445470
-870101
-203026
592934
-453540
-151844
-26575
-159490
-916904
-229146
-251906
90065
199458
-897281
341592
-949683
-689664
393034
-978707
-596895
-267525
323233
622596
533165
499447
904531
740961
-580606
915025
-153520
-658115
-530446
-23620
138860
-937512
522840
987017
35914
-636651
-929887
806768
111444
160178
6226
214163
-498231
56544
524500
894804
77837
927605
-372721
-598930
550200
-839556
900517
454731
901405
-680089
369755
-252115
-338203
839310
724265
800657
901798
247105
787674
-62288
610454
857787
-255521
-278102
17964
750706
936062
519734
-192751
460561
414537
885087
388166
-958184
-713843
-61634
-797740
-813326
-606904
-896335
-493415
762852
-148450
168382
602161
-424186
-30961
503959
822920
-243288
-558330
433373
-385502
186150
-844729
632463
-63145
-908668
152196
744105
551894
-433267
629191
-59941
-391451
915348
878426
-189191
-897978
-728478
-85526
-391393
-965627
766025
776990
636534
-658161
-253972
140492
-835242
502740
582162
598132
-882762
-231688
753403
749701
705167
844736
-98103
449271
396629
468631
78462
-663312
-922821
-6190
-784887
-112011
95832
-513365
802464
704440
-478991
568488
481429
-842458
910327
-772544
298035
-924915
730197
-119803
673217
847436
648509
426619
597136
353676
271355
-500967
-197054
-332017
967664
881408
4671
-955157
-124782
219785
-67168
971050
706421
-264704
675489
-772571
-696217
156918
-615028
-785890
384374
683008
-710805
114571
-436796
962413
-37994
-788287
389032
-440858
565389
-339614
58175
-631666
328369
25839
-750258
-666960
70682
124960
552826
-996486
96010
259246
-261190
-228501
486676
42594
928417
871648
256704
312791
554655
545900
-572639
-882141
508312
389367
-670428
-102657
948509
894961
557730
6683
-736705
-113902
-967478
-486963
219139
103204
637998
-228036
106719
-265993
-968791
845529
505507
517885
-111878
433923
389533
-855174
-253287
-55813
690727
174074
62046
199038
-436559
391618
-903619
-488051
286579
654111
518633
549874
-459791
551155
-937090
759348
-345641
700909
-468688
761078
-565085
-437479
606606
940423
-919594
-505272
374345
469940
-360445
-878942
-585874
-669719
295133
476173
529320
858574
-132209
625701
-629478
-845631
279812
889156
704243
820022
440310
767154
579370
-905332
468062
-889319
855746
902978
-326797
462352
843400
-246390
957081
217745
-776451
-403365
338803
-362324
-73084
-366064
-886152
-543765
-507491
-18360
-918064
-136968
136009
361749
-247813
-159748
181771
-807503
-392594
-238860
-712834
-924533
-128178
-857089
978446
545025
605264
821846
-701365
562344
39591
-477816
-841022
-621606
159861
85895
12330
273709
542130
504839
-744651
624067
-632129
391358
-14185
120059
-768390
-832415
312556
-160984
-71274
599722
-85516
800548
742634
-107070
345573
347897
-285225
644208
-89759
754366
-833608
69219
-867241
326253
-844887
145090
-400038
697244
-350071
-144689
321311
17800
-753331
-692874
-862142
-521720
-525289
450415
317296
403438
50137
-768220
203985
-207230
124710
-450442
-859333
839486
-806234
50908
593852
-639842
-879873
726611
686412
-724759
-128299
-713626
972486
521630
141685
293796
-460570
388355
600922
-322711
866635
-924367
-872297
183931
479071
177840
415711
-316944
970611
-459579
232614
-888723
-620094
426380
162186
973758
786539
282313
700369
472950
557555
-427931
759324
530040
-906301
-98991
-176165
-366871
-710636
-575243
310418
-844001
-499610
438122
339930
979462
-384039
-244359
-337483
-413428
296062
895132
-302151
675968
321512
860035
649726
108050
142348
350094
-419000
-300097
922164
-659676
-770058
-984138
241334
53778
-351008
530698
478535
959410
686697
978926
397532
26627
958387
-986507
782268
-379096
-399935
78329
-483965
297915
-245703
837548
157950
-595977
-54403
-699703
754118
526598
200
676281
866922
230143
692144
108255
-716079
-658865
-361047
762456
-699455
-674351
741382
698077
352276
699768
711570
134544
-679328
-688365
-787128
-163292
609550
-32830
-325745
-232501
371193
619852
67797
125310
146449
-932004
-198409
13371
298140
-506266
-878375
582061
-165130
-239422
344517
135416
86228
85898
-166507
-561496
-214334
-454937
573048
106338
-143302
785921
943047
-533753
-246910
-382699
233747
-875717
-762847
-698457
249594
383603
-630460
-948816
-603027
667680
-455081
-481401
249741
379789
279178
-405743
-484795
-634595
680155
348698
-196090
-534179
893761
-623043
572160
-249542
-837122
515206
216706
-84031
-867494
-549548
40252
-630341
