-419533
-344426
-542873
-881165
-556083
339356
-335214
152380
-453253
-846817
290145
-921687
173132
884726
593048
374915
803087
937312
235138
33934
-375332
-565964
569497
-46647
-425886
50505
793003
249451
-677949
713272
-805972
-97482
-631154
-348844
21353
-187237
990512
686139
965143
-462741
839322
255288
-384428
12454
140014
-791380
-612632
-56899
-854068
622507
977036
-229399
-943458
546532
723955
-369343
-402964
516957
880109
-80913
230229
-925864
821606
599075
-274708
-157042
-588162
-284196
-470903
-623020
253063
-631581
632269
868636
380874
-227717
-922744
768242
715384
-776812
390749
692419
-6210
447292
238951
-282256
-922052
835988
-765300
958058
-244925
464929
-967807
-423320
64004
-242514
419639
475842
473291
948736
852823
-273646
-682845
485092
-405010
698029
-742626
-327754
466271
972758
-104565
-142981
665177
889225
-695690
-95872
-393032
-617741
-259884
-158331
-659684
495191
-693402
-627490
-928129
370602
129997
491510
-153556
-396713
440246
-300734
329642
757402
-815643
924632
455431
-558269
-403123
-78299
-585511
492313
778721
-920334
381537
-916969
-16205
988506
-534709
723911
-169825
-194393
219101
136773
178118
290973
-492625
-691886
-217517
353820
-88598
-777272
-946915
-758957
980131
-762557
-834325
435561
-320825
-237447
-642739
93665
-745135
-864018
173331
636403
-780986
-842875
624908
-315695
881036
-544917
489913
100137
591857
-331970
-608890
-900769
-23856
173593
453051
887547
396321
506137
-871411
376451
743580
-705736
-187988
-577245
56818
169274
516420
311683
305256
-310250
-51915
524270
-153124
-427007
-791426
-272089
28076
698487
828049
-380068
-633483
-780842
-280836
342661
392751
-827785
230208
-210928
678353
358797
-834477
421932
653062
-22465
844687
-290120
-853192
361107
-978438
452065
-949144
-30352
-23665
-102268
542642
184910
625644
-429283
-116604
453693
190650
249914
672852
909815
-407425
65603
-917970
822783
854675
760383
181580
-979802
182315
-165359
-2266
27002
544521
144543
-611892
566084
-403393
-561036
-464269
572942
336697
-921627
-242149
-37659
-350909
641248
-583966
839741
-108839
-911115
749556
483737
154488
831586
306519
9163
591969
-511902
29362
-225717
322740
-972905
801285
-132739
171638
-810608
-566656
768246
-371643
-30924
341188
965055
47449
-900961
-72605
696540
740288
343430
536281
-368551
432315
285837
-884815
-413197
117423
421704
595966
-290609
909803
-374672
483674
232542
-347577
284958
-900198
824062
474351
-466853
592308
-897293
502223
-66504
-932239
-450328
32535
-4843
-753788
-227177
-661414
782494
404272
770902
68330
519458
-642295
-814248
-58838
953672
-104856
-149036
-421001
-621183
-916495
231422
663776
-816692
55484
138126
-283545
-352209
240833
-781322
581288
308595
-231649
-386178
-696248
14563
386646
-357662
-202943
-209083
-586760
865387
-689625
-229055
-948861
251537
-275384
-53716
-897500
303615
325101
-813994
-464963
-11124
-630686
590522
-872999
85769
-761688
367835
304448
819600
-323571
-927202
-566578
-19818
87361
820068
622520
884418
-389015
-964240
749805
-78639
-193294
800945
-827103
531323
-252772
-724602
-165062
-927671
-538596
369975
61206
-169282
-39504
188208
916488
198809
-443958
220935
18409
232472
293733
451832
-787347
-618906
271900
835174
-734488
882886
870935
-984683
-195754
-322360
816262
-22857
-791038
-436510
252541
43900
-364181
713946
-586125
697025
-455337
374372
-114767
-538849
-426819
441275
682086
591590
-326253
-24181
43422
-113599
356913
-684678
-278426
622425
-801793
-407491
637742
2453
270149
454004
979597
479112
-982506
232138
-476988
-346686
-53917
-63112
-649662
490747
-688741
235572
951899
-115560
-323154
633984
-523970
350594
-390197
519453
-763006
966716
834775
-41431
589141
-967019
551078
226883
35435
-178774
-319113
15031
-699662
-301619
-752831
-176650
351695
193253
760238
702034
-316000
-928503
-62395
-364102
-44062
614452
-730118
431968
-34955
-120315
-48580
202039
-153599
-213805
-839393
-564459
-180824
711685
662425
854611
-467089
-656689
-130358
-166751
41692
116812
656600
-606614
-689936
416838
-904580
-5936
488336
33025
629962
-555727
-352524
899845
876241
612521
-220471
-172339
-185440
625930
613857
-24833
-938529
-566968
-313148
723897
-712357
219763
-932793
157286
-946988
108900
-725903
709613
502286
-415839
126450
597707
578226
-385215
-369269
208187
59059
278207
108031
-64701
-109272
887561
762961
705288
513491
376817
-319545
574963
809850
367307
298859
-902507
-412931
366066
254779
-359918
-525035
528876
-650306
977252
-886963
476144
574959
691263
-909071
-794311
-100550
149988
483897
-992519
-914713
-625375
895042
848249
-920088
408533
225066
-239632
-16505
34916
-872326
-717646
132409
-285256
648420
-612813
354826
-876615
916064
704520
-899363
-970899
180664
675596
720364
271594
881286
-380187
-578418
365183
-372705
-493130
739808
-477663
-644882
819721
930870
580185
-419912
-85635
-384900
-292237
196719
747509
422507
-154861
-865304
-222667
-31475
-949240
-518147
69162
-920139
662518
-255242
800226
-65888
-373956
-579961
355694
991227
47334
862564
731034
569671
-782318
550755
500541
797867
-869158
-585095
-587034
-161395
611625
-839525
-738888
-543237
-704828
38446
425288
-654067
520299
-505550
-574206
182817
239208
-773981
-883072
865252
-353942
472622
856479
693393
335185
587512
263064
552867
138266
-236396
350734
269109
178510
763700
-892286
-209866
924176
-631173
246897
-780652
407273
-327815
-434719
-72428
166635
-8925
-889612
-594157
217095
-772684
-728905
863154
699938
-872427
556546
35123
715086
-180391
-412010
-146648
583214
938724
-877540
-238277
702424
-769825
551858
626600
-400998
-201245
845948
-993725
470940
-588772
-66153
-362426
402304
44235
43417
-380601
271551
314512
-517448
-28511
442085
-960902
-993389
157170
-141292
-405398
-989479
-558079
-466675
-867018
203645
-764251
-636843
-244498
862349
-37840
554257
708297
-31565
25197
-880476
902282
662771
521829
-53484
-293812
-858773
-781933
-979301
-376220
189556
462785
-337121
196168
-380045
521587
790770
-369523
963509
-675905
-236541
167154
-440156
126617
922657
-577807
-911223
476914
-869511
57213
-497890
-749986
-40506
-835119
771843
906011
-128931
913071
-875923
-108231
-463149
313634
-645447
199730
-490199
-25491
-278683
-699430
604986
-315174
-375335
-631555
851980
184510
495063
774637
606703
583840
251550
737192
-358948
753661
987206
600547
918542
759049
506557
-210390
672119
630635
681380
-791030
-55732
-964068
408701
454070
10442
-869983
754640
-384573
-185157
-620695
-16127
-333177
563815
-521065
-558541
170517
-937225
693009
-92291
-296172
446669
-105086
-695626
365211
-346038
810932
-845180
-673919
441567
836201
-464948
-614165
872133
943753
839905
-117426
-926231
594545
498002
-111387
973850
-518126
555436
537665
-39190
996896
-291818
23585
689904
615891
727413
136573
-489195
-968213
-498216
164768
842720
-343395
490850
284286
-507195
-974099
670122
-635063
969655
510026
247512
-956577
104571
-254486
-67963
78421
227388
-512527
-383915
-811803
-515632
324268
211783
-825728
-59841
-60805
310846
450964
-29017
812630
-384268
-186298
-530766
-893419
-902012
-37961
-867517
768111
326977
-897863
278137
-425511
-854439
-617293
320003
77598
461128
-452609
565072
-922787
-264412
-950561
401482
947372
-776289
-658360
-113434
534557
792605
857550
347187
-591663
-328748
816421
-485081
-230759
-221541
-352598
-462649
-894564
-250460
815488
-320075
-104898
-801805
999929
972700
659324
-452681
537772
736538
282908
587211
138019
230279
810923
479660
-883155
345480
272264
974395
-307334
680602
-354354
-490914
-804480
414888
287546
-157078
952239
392983
592463
767727
-927093
-512436
965923
-927165
-539736
625246
-379846
998036
361784
903062
585246
-500198
133340
396168
979462
250185
-258352
251726
224580
434314
-67673
870227
943401
127847
285114
230946
970770
237353
-376071
563232
5080
-303164
-949205
-28998
-230328
-488940
-403752
389827
-490905
958032
292889
-905660
-542166
-573772
490509
-562704
676414
-767843
689023
-99006
666471
-378651
-228780
609871
749197
-943666
-159183
719967
293687
464746
283199
-701233
-838418
333994
269769
-68746
845054
866018
-678919
-645851
824050
613970
-551510
-718117
-959802
939000
-280821
716612
-828844
-591799
-382394
837627
29551
388826
447498
-221252
445161
-711685
-501286
-261153
753062
781913
37614
914645
115907
-692617
-154102
-39039
-826599
166980
315110
997451
-219051
763601
-720666
-178853
702600
-1486
-462241
873756
406716
155365
711383
-563733
-455809
158881
215015
989352
447197
713730
-271801
200258
495643
765814
114902
-388450
-926803
960801
572511
-753402
127780
-112379
-755951
908729
-348778
-476617
-270124
-646179
521898
267635
-772423
-71387
-577000
938960
364881
-32809
97841
-420105
-43457
-454963
-706375
684742
745295
789268
450555
-139803
-599183
523752
-179003
973329
770351
948778
-139050
-985601
857507
512172
-462217
-412618
865993
-940320
855017
-906430
-11706
-721984
-967470
-646826
245208
130371
-66930
-798250
675408
226695
886493
420703
15963
337047
-719100
416781
-139201
101898
390110
-368850
50675
-748941
-354451
-91818
763232
183332
495564
629225
243013
350581
722795
-768694
628598
755325
-415519
-126194
-114305
517551
75556
-438897
-255754
-37951
981807
760210
-700904
-737294
176990
159895
364604
-432901
791045
-584722
-181841
-563406
323460
-418610
619927
-180976
-789385
-137061
-830395
933410
94246
798203
688735
678728
-327991
-425571
196278
747565
135533
940525
-290387
117339
700734
8710
380045
-122277
-831396
-255352
444823
959650
159927
-737019
-603757
-516613
-155628
-983830
302411
54988
-120891
472017
-11603
973356
270219
-322869
652083
942228
251561
-151639
689793
-612906
-211115
-600594
504433
-510382
408116
-115522
367342
576721
629127
-187836
536371
-210947
75146
932615
272441
919519
948785
-425149
-25494
-172106
-953133
962904
-198751
317087
-359965
-546668
259315
891597
301693
-50892
-721310
-909422
348515
783124
-419803
-243369
-332398
947539
-666648
-703272
-240297
869723
85782
834850
802337
-641778
754369
751122
-66926
-271125
-420985
-20058
-308222
380265
-702971
331814
833598
556344
223410
135291
-494548
502101
225869
853968
285225
806066
-389402
952828
753605
-56050
-750445
-486693
-186327
335338
-651843
-383991
693560
-897475
-632870
-373366
-168600
-53854
606576
523179
-673589
903605
-145008
-839992
459949
-921598
295299
965402
580504
-478833
819369
-134271
-672767
-570033
-181444
-919163
373917
68111
-405855
-812411
-596551
-57698
-196401
-902992
44828
170730
-276357
876228
-883125
-669782
399407
-556714
-766177
-745601
-396705
693773
-667199
898594
659174
913306
-580239
478543
-220966
-253006
908510
597590
-172169
282427
-334299
421977
470017
69150
-635722
-726385
166159
409107
444346
889802
285334
561222
-779981
-315259
-995492
-546157
-60860
-392197
-852384
271942
-493604
806791
185247
-73843
285333
964281
673151
193843
561871
-499018
-523730
-772429
922959
946287
296721
-712763
-780098
-537121
696344
664248
-647320
-18322
225469
-427300
666419
229977
26544
-394441
837780
174160
877501
-655825
-19050
62747
270333
-733717
27028
-56516
460127
-411102
444466
936397
-183531
367425
882683
-886810
654663
-897416
-423930
351007
766832
-71249
-667315
-7700
501452
999105
-777724
-472005
-395337
-939944
702156
-517837
-595768
-316894
544911
674565
-50610
-428062
-381952
-590484
160837
-937486
-654088
977307
429940
-771406
-909504
84602
-668822
-333433
-564391
-901990
595318
-231706
90311
96769
-232602
312588
624765
372061
372644
326921
854224
776876
-989974
399135
451441
-40584
971073
-930512
368932
131910
-867998
714845
109216
561943
943439
199713
-353456
-725383
866280
82153
-627372
461598
850448
462939
-441634
-382155
-224474
-816869
989906
-851830
510052
844130
925046
520079
243265
376486
-520505
214338
445975
848428
-653753
577978
563272
455463
139920
506710
-344825
786465
781328
-478545
-131382
-846045
983053
-280935
616895
-458581
336910
-607580
-275449
326816
-459410
-765397
170946
-534364
754682
-585790
842122
-765823
628548
288097
-917396
974796
-133926
645876
430258
-994007
152586
-914567
792458
-66087
-393111
-338925
87869
-410059
380141
-295237
131361
-282949
97184
855912
-956134
637774
-909486
214813
-896590
845197
629024
945533
-920627
257572
233629
-838023
232367
-900298
807854
-337375
-894304
-39561
-251941
898155
894353
354948
-440770
-17779
944890
939371
686985
76250
-343579
-215832
-67838
-299712
-578058
22677
915101
-474648
-132127
544125
-529115
-52753
-198304
704514
109225
-965937
804217
-82922
-303312
909913
877518
444748
808068
771870
-200305
-632703
-245909
-255415
-693333
-558925
820836
-36911
225244
-247003
663377
647187
775674
578478
-827461
-356453
122602
-356576
590795
924299
-652062
-299981
958362
-847846
617098
-344950
-937933
494615
-900203
870135
266484
-100507
-762568
-979425
644078
-455900
-538350
464913
507189
686895
-782090
170566
334081
993585
-250957
506620
-362868
871646
-849956
-772074
795944
-502018
-72054
754306
-349864
-454957
-590644
-287796
-960342
-490846
-417661
306143
408647
-180229
326718
52725
363871
788369
-482363
-128940
475263
-264453
-958375
-190656
-270869
-209332
-684036
366263
-337686
-533992
594190
-541742
-36010
-477865
-787437
614127
67179
-378080
-673670
106838
131074
-91330
-587020
-460280
728441
739698
592446
92312
528067
-889918
963372
3329
-154370
-995004
812674
574762
-204335
-871363
-58975
457979
-405355
-464786
916237
558635
57350
-871200
172762
-875471
-249280
499093
231367
881795
-592238
644347
-578486
-863798
384045
-986040
228514
-87889
-875958
191886
915441
-30327
196882
728114
-455566
992547
856752
485459
450526
-548604
-979327
366762
-989969
78024
495563
182793
202554
-753718
-318115
-566079
-871924
89648
-921732
-450409
225850
462313
-436449
-545636
-625576
-312406
646250
-710135
657267
-156868
-982021
-798299
-164322
874731
687161
-713797
-673874
707835
652966
-663843
-214141
148528
518951
988413
394811
-799164
-577667
522888
290484
-499399
-927522
-483666
962915
-363970
-29301
-662661
323625
-383052
-372796
-19109
460080
-354817
182592
-704242
-480087
-130247
-418038
-153960
-422413
-765072
182198
363446
383456
-298851
351859
-221734
-98015
774192
-698847
-807531
-725207
-626368
-291197
-762292
9663
679502
-424953
-666713
-703550
202252
314179
756531
847436
-503229
-947712
-632652
366524
-365749
213389
944111
-130821
-604414
307557
-747366
96735
-340585
30901
998721
-566393
332055
-808811
-291600
705688
-100007
-53891
-284650
-420506
521156
48638
-124055
-276592
-637184
-367525
-429157
-140413
-315236
-61808
-773890
319015
-848420
-829779
-811807
-452833
477778
-559172
643903
-862807
471730
642623
-429200
-196215
833813
279201
-490528
-266195
-774691
224823
313300
746465
-726540
-810756
-530128
-363724
-178280
40716
495863
506484
978908
721974
-174502
-869512
892196
13692
-322345
369973
454521
-678443
507166
-73750
964181
-922034
730035
797993
357167
-760494
-468203
582476
464330
845098
328941
737790
-965659
798814
-625934
-143939
-160471
869930
-637455
-181564
591903
188043
-51076
484098
-798265
626580
-145929
656256
948137
-638763
-417495
912318
-560797
-687460
710310
796371
-447954
-757893
378846
-983625
-912796
-292214
754166
-878454
-493401
-871769
-22393
346129
998161
340153
-835435
590064
-471804
113490
74162
-270069
-259931
928233
-613814
-311794
-710530
-31308
-399477
-271327
281232
-689167
-474957
833279
-447060
903890
849655
-359856
-388324
603820
-238310
118276
732052
739298
-535596
730212
79450
-371031
320276
607646
742460
-605563
-662423
-517471
-677331
-276236
170735
-387861
692456
771259
340813
-26312
-917909
865857
-193033
-364969
769747
-343379
275176
-618578
-739559
-963134
499698
992493
776164
964103
722705
-144386
-406928
42980
-536740
-664469
437417
-199163
-181940
760087
524601
988796
-627774
217057
760054
713040
-809255
842146
578896
-2288
-522823
348643
654333
752354
730065
914774
789220
229763
907266
565384
193866
629970
-579003
786938
-327050
-115742
-877531
-889634
685095
-59470
870453
209696
-70675
-757322
-573247
-310621
955719
-382502
-468475
534614
615210
8702
-116743
269543
-238945
-386678
184316
-449725
843085
91582
-884342
36950
-278448
-463344
-176112
394502
420915
-53643
504868
106009
886887
375321
-684295
-183788
618000
-257542
505591
573718
359957
-962885
108332
-24834
45818
991589
-755292
806874
-395090
429025
-642852
-552005
-479394
-527193
484946
242159
9464
-691166
-363340
-569622
255192
-858472
536388
142078
516849
852093
958291
134849
-405449
463881
-291433
954508
500997
816899
-70327
-453185
808488
174382
-646312
-586602
-396594
-289163
-138606
124013
183645
-653661
-633829
-806892
-344826
2832
-376513
910366
144360
-840126
52444
-338791
-988033
10734
796058
-393482
-525385
-495376
-438975
975612
-678477
490699
-477573
-869990
-334919
-123885
-456591
268487
586953
404803
-607500
-229403
751143
-241329
-36294
-593684
761503
587193
-683319
-94137
747067
369125
567072
759034
-620141
363130
-634448
-145526
867755
-73423
-169914
-810723
-582724
352513
-680712
82357
-771372
-137302
-649156
815581
-732500
-256656
-413822
-981357
502016
549884
-575041
263519
137076
-258359
-830619
-115857
-889234
736454
-356824
-509375
99584
8729
345099
-32662
935306
-824816
156616
-647418
527697
475905
434939
756325
-661398
785784
571906
-393898
-470873
-841917
-375254
-968857
707968
49705
294662
-154957
791347
464044
729187
902113
200498
-627637
-607262
-699919
381092
737837
267419
316397
913022
-575965
668980
440719
899940
103918
197044
-761459
-110299
-231051
-155356
418829
-72967
469390
449973
-365000
-480905
-255365
480044
-689559
-791322
209230
-787446
409177
581593
-394708
709258
-37316
-656871
-23323
-720919
-743849
400712
948061
696870
300651
51979
-106087
539193
941681
662863
-616164
360509
-410105
853226
-189518
224895
-627679
555117
-295062
-317238
763796
914169
-104683
172972
495761
500610
-117770
-541555
843740
858907
-262474
-900110
259618
-314413
796761
-439731
737566
-309327
-900539
679246
-646464
-516703
39755
-56569
-663477
850237
-831674
-291156
405354
-126735
391607
169149
-212567
-713077
-657880
-716807
787534
224350
-258362
631273
83256
479165
731163
-657126
-835249
527923
-96856
902317
-781404
2605
581563
-427868
485903
-378682
515564
822427
-528445
683891
-468730
876909
-442845
922878
46057
344588
-790199
388178
627782
997335
-387473
-630580
628607
695784
848585
359770
-961342
-986665
-112307
-58198
915653
106290
944408
497216
678422
430310
-881466
193986
252736
-409911
-122124
784007
-533003
435032
706884
513055
-220381
916685
-98768
-592599
914020
513760
-223179
542627
209544
-374595
-97604
248203
-361259
790089
-809996
-445606
-103621
-865588
-948390
-425199
564722
-829856
768787
-182542
-239767
-353337
-398535
227231
-918306
-691652
-259714
-138686
-774967
641519
268715
-860947
155278
-954464
681680
-635178
