-733522
485394
-94939
-793121
243329
-904022
-401885
-114680
262638
109348
-819202
297138
893032
-247534
805331
-422555
876024
780946
398304
-749750
430303
35737
639023
-156443
-836702
111817
517076
636140
27274
221315
111576
293753
-293291
-983363
500632
950038
-887385
-901254
-164643
375253
208095
16156
-327610
101126
768622
-522279
678571
644646
-741333
76875
894896
688970
-887388
533919
-467474
-724089
-354265
-950399
912051
673010
270917
23627
-33238
977626
40264
-532606
927664
152879
-433859
-236979
-471868
774236
779178
200522
-124639
547799
678244
-446068
192445
936911
630807
87340
625881
743420
-378742
-841593
-980670
266994
-791992
931382
-59997
478926
-44992
906766
456552
995272
-625840
384215
148151
-59699
-852764
676283
-285464
926414
-123195
589898
474213
-444952
-856171
-333343
-508041
774637
753998
-882161
518056
-624745
-723754
537386
642250
-515745
468768
-417747
963182
-576225
-510981
419734
-580954
-136821
-196052
567198
803480
-48815
243480
-481984
-122402
-879716
-892086
-648190
-324667
-748257
18467
167292
-973620
-227536
285132
544437
147720
561379
81823
-210030
-954366
-449410
372223
-991185
-25635
861242
428549
393412
-275579
-767503
-39391
-472099
183682
-795912
45917
-938720
-675627
153831
-586910
-294
405575
431558
-833003
431955
-795979
452130
-23608
351742
13508
-941786
-858289
59143
-391196
513935
67958
583170
375177
-503493
-23418
-900403
-270995
937191
-372502
912688
-858721
673416
973968
-534347
-172753
-612942
465359
-767179
818616
632357
664777
-977363
84487
-358832
374380
-902006
-300617
516092
157137
308188
30026
-774905
-108643
-594797
-278397
867939
-495199
450609
805130
132300
363297
946410
-194285
337265
-587937
632962
724323
877422
865784
542939
509779
530560
565576
-405735
-828272
-60044
-307740
-128889
-543953
849398
-820702
486074
-925507
70656
891278
-203904
-61405
-603922
-753295
-256275
528378
610002
-309866
-665908
-52733
102198
967055
-328411
-20381
832838
-785472
-510602
363398
780105
83663
535126
-279940
775923
-593764
176107
625320
-414465
-337819
699813
656191
-446542
-504091
-405215
-50464
-257385
338510
-522086
-647383
-971356
-187994
299884
130842
-220939
971474
-889539
-388102
-813999
-400141
975296
966106
683523
510422
-313835
459445
916658
862273
84765
-497807
-475546
-215422
-841616
77912
280488
-246831
-972552
-976898
-908321
-494638
-624281
-879676
317369
675604
251167
-903571
647077
361629
-291673
833078
961488
-316377
799184
645010
-805956
-514652
104455
-889298
-652379
-810780
-387105
-127925
-26202
-228721
949987
-745714
524449
977436
-722612
616129
-517203
-346892
736454
800166
-671288
-12380
896595
975789
-650751
-395078
808867
-689264
288546
608050
955747
482590
-906602
60202
593293
-558981
249422
-793812
313095
-776780
-22532
263081
-522494
-498084
240517
-245105
-881955
723314
408004
854500
523480
736716
-157880
420074
712505
191369
-975004
521371
502106
313542
129421
457853
-203868
222819
-481946
-610576
663839
767477
-404388
-23067
990697
573080
-759986
-531797
-925004
480531
223099
-806958
203845
-368898
-952459
-272676
-632182
-110339
-852602
-919677
-918971
-827606
601694
583135
485937
-268885
40987
-717932
953935
559041
-328508
617773
326518
267105
-405294
317214
-159816
-165280
785418
-84819
-684749
8516
108223
519096
639619
155764
-753581
-992564
-954576
-606182
-912241
-873547
-433788
689454
709588
-947852
-579431
-249425
-665783
-625497
-690384
5710
992276
636134
-727186
-413018
-46652
112999
421702
-261235
-971821
736954
747282
136402
256049
386900
-707835
502469
394337
-662410
896287
482097
-535957
-537501
171551
-826369
-485353
592120
-75793
-151135
966624
233823
854575
958900
-130043
-872612
-454119
823305
240387
967583
-437930
268566
704536
-690648
-595032
-39415
696253
-302866
-536947
90590
34724
-640660
-427314
498768
-178161
744238
672400
336487
336358
-403394
-814649
302981
830430
-960075
261880
-299614
-832686
807761
-476309
407701
775344
85762
-323733
479879
395114
81236
-559536
91366
778370
-96483
-818045
-186907
262858
-245358
-688139
-915304
-501121
984261
421183
835238
-419133
606534
138218
-588704
646460
-599902
111682
813774
-792142
635374
221475
983202
-278865
897743
463081
-883752
-21022
903545
207615
-242653
-192938
389571
570441
-930081
-855787
882302
-845384
-356907
866563
575799
-521670
-552571
182333
616548
-141275
-171207
-983355
970408
-357433
-775496
605781
864042
-792294
-673085
761784
670787
-556836
-259239
574332
650780
498109
-618606
40350
68549
-548686
184564
-49149
-394070
827657
-182587
-818272
-694014
264842
364062
922535
-876433
-807146
939181
-906026
-164579
-836315
699756
-300537
-628609
-973330
-538753
-957822
-530165
202008
616510
-879386
-299883
997905
160965
768666
-550782
-654471
-280483
55148
-826815
536930
236877
-520828
-198228
-399062
-598294
-74660
-206207
-659113
19314
629215
-495428
-280930
-671323
-124037
-254260
-210076
-81859
215576
991933
-465349
336191
-307951
-467445
-502844
-539285
-18227
-157315
180232
-963079
15870
-282838
273798
495043
518935
874737
896749
-555726
-331471
-762364
463589
-702257
-257792
-817342
-373579
618171
-71601
416345
-463688
-856026
408278
70963
480166
-899673
603519
977322
-438958
-414709
-179993
741275
-377788
835878
-541563
896011
330920
977372
770747
227669
-578354
-560724
465305
885235
-262981
-792488
-932107
363440
825684
-3708
-220215
-638004
140267
-811938
432959
-379568
-711610
36477
-402246
-150568
621769
417761
-409293
-756019
253638
49144
-860008
-415442
26516
910739
812227
448162
-649986
277531
333397
87034
485044
401290
-549526
310727
-602419
230260
672723
537848
418323
105682
-841720
706713
-857841
-243966
-443856
763929
-826205
146852
-992090
427433
-804005
-852098
-988009
222511
-941360
824218
-329327
-591345
101749
-995931
495690
-413208
405359
946164
897520
802940
176423
570243
340788
-405255
-324075
499068
-698543
-181915
-744898
-142398
-417987
-571103
-995547
-410077
856330
-799551
-262175
868322
422961
-203534
692539
-906367
205122
-205712
-902298
-299189
381080
503062
-353025
278600
306001
823398
-151157
-353211
-581857
524768
-854144
-280399
-657148
-599042
577204
-75134
-170144
581657
514789
-313814
782107
-747386
-445493
205067
49081
-752954
298700
-745797
41334
396403
-44986
-577586
-100536
601989
701014
-794535
425387
-450143
-147746
843531
-925376
-1889
-436869
-582523
399070
-859666
342343
-771075
721992
-142868
-84889
504098
109746
469618
-290836
-841173
716664
-992136
-586970
-242002
404267
368045
180412
-696270
-29966
-118574
-490805
-604580
431283
361450
-761050
505907
-640440
-197918
923385
758630
-57584
265727
987556
-335592
-877142
-97334
-831495
232605
-627716
-122330
391432
-911053
-114466
804463
-153055
-710199
172508
-972643
-406468
-857459
-91217
102728
-462038
-659935
-535823
-223087
845973
-176262
578995
769357
-417632
-478589
35084
-430077
185819
157942
472590
354324
-609453
844874
-768006
781980
933821
117529
586442
-219234
407330
-241051
-191877
-999138
-98509
716907
103590
439453
-943029
567768
-783635
902945
-608495
795360
672302
-26127
-683229
-292615
543797
502590
865328
16386
-143086
-744126
-138741
88908
-962147
-204920
-793564
624296
575847
613767
-616755
-616030
614629
284736
-899124
-281781
-275812
-842152
-714014
-59446
-939207
-322509
-264086
733095
651365
52685
-559520
195162
-444726
-694192
-788452
412189
-438317
72807
-498904
-400463
867888
-292467
-776168
443735
-678700
-392923
827705
935930
891814
928582
-345852
-383999
-913571
-59866
556556
-852778
617626
-707531
880318
268991
345154
-679202
-535848
900429
-373394
-324300
312617
188290
748508
813714
787827
616396
-478754
-988341
60130
-157453
-381263
-112166
-221524
-489450
-183585
432624
126552
-97155
-627242
-316893
50068
990384
-24424
-69615
259374
-679270
251184
723526
-778842
877791
-600774
533775
66080
-852267
347488
-146093
764129
868735
-134434
-175741
-288719
484303
712093
489758
994853
-471492
-77618
121404
431353
295140
804512
-518579
285523
-219913
411806
-455103
100817
-337010
-731577
321976
-459220
-332351
-144250
606861
-184617
-796762
-539233
-420488
-928027
326333
403771
-216745
-189364
115863
-726988
-194512
644372
195394
926893
75725
-509467
731404
557146
776057
-488509
-31048
-679047
612309
631942
-410623
-65716
-827278
257026
790035
779583
-927592
993274
-759650
-348079
-934754
566683
-944309
-151499
-622682
171555
121513
182807
-184074
-683093
109700
891652
-192559
-158897
448797
-416502
352595
-582251
-95549
-35096
-950309
493829
899189
-777587
-249146
689223
-998004
-176737
682497
-757654
475184
747743
809030
530876
-403757
-813652
-297570
717757
369156
518357
-965337
-521145
410008
-157895
319959
-141195
425603
-327446
276554
-669946
637458
326245
823883
536646
548659
-425264
225869
550656
398000
-91635
793002
-126816
-343893
602032
-595941
252351
788381
106489
-29893
157536
-375155
4770
636392
-965148
846875
-43650
-106342
272478
628904
-829789
602532
266362
496457
426414
-196993
45115
-998850
-971124
-404230
399150
-62759
-611228
-727667
593349
990805
-323608
-154301
779186
782882
815806
-63278
-592274
-179424
-426887
-557421
-332549
529464
336237
939929
158368
506449
542460
-575271
2905
-31126
227737
-951981
-29976
256613
-356210
-630827
-806146
32563
-358493
787203
23368
317899
-367099
-197447
100781
-551293
739275
508507
269283
-687613
951087
936734
841852
287323
876663
219
-206229
419122
424948
796676
-612005
-347316
844696
358020
909297
-511514
727193
-896849
521050
-631300
890354
-455583
686600
-476745
346970
-212620
-28038
86245
-704114
-758756
398633
-753028
-822022
240484
534296
-945359
-759298
-671934
473764
665650
-875258
861760
-681666
969439
219779
-772369
-542076
-53028
-669218
978974
315672
-778865
-476609
2271
-255610
870362
789651
716352
-43394
-914463
957597
-644762
-667491
-864425
595722
866806
-809784
836424
-805129
663981
502074
-680386
525740
820408
-710948
-254482
-951962
-253023
692490
-621179
-274049
8162
-400044
249342
-989568
344347
119703
800084
60699
-923692
885621
18295
-568453
-781870
153871
-972731
-915065
344088
863693
-720194
8068
365767
-400579
-466193
186175
-111527
279326
234213
635450
-28184
613034
-638600
979978
-787010
610743
990410
557337
-269555
790493
-381965
-193246
676113
636331
238302
894244
-209799
265571
979179
-865711
129264
-741015
142357
-504970
-141594
676165
681205
746879
-44510
-84582
382329
927306
-471548
743730
907283
-258558
354472
897693
-701221
-915083
688186
-83185
-108329
364299
-446855
-870028
258542
343347
395543
237720
477636
-475194
496705
-380007
19837
-644890
-703843
-298959
-898011
251648
616460
484319
178953
-855089
228048
86236
-113646
-417480
-16071
185133
-332563
-327886
-898052
559109
-963588
-344907
689081
294954
998441
84624
-467327
476076
609431
-970622
-903931
-370733
-615511
-607773
330309
-513522
643875
-53232
970798
-177172
91680
198846
909065
978035
781366
-107007
163167
-551198
565107
265116
-992089
601519
920209
696992
-103527
918649
-218384
429147
394725
-608954
458525
490795
20314
843014
883022
-649378
-670508
526896
297391
-699710
-650277
-610929
499136
-741213
-632895
280501
151781
530273
729304
-283113
-204612
737215
-681594
-284403
434207
214879
-365755
-784178
-355975
-971030
-393131
-897450
519765
627183
945564
402786
977806
-724944
-70318
275197
-424654
279406
664268
-925519
538194
-968627
354983
-310026
561646
84287
406861
-642967
-178499
725267
72630
-744292
-59854
706876
-528470
584172
735847
78400
686722
255611
-294418
632286
-341603
-316612
907342
588080
958586
-517312
-132515
622853
-442831
-594322
654227
912153
95652
215872
-3561
-497487
572906
817940
-772220
-354464
-926352
167926
-647588
-454822
-247902
-911742
623579
-561181
343870
-670839
-928896
-997733
12549
978447
590347
-28866
-538866
-542168
-406013
18304
-136490
-751787
-69544
959163
464086
926895
-538324
36992
744835
-310544
682528
818483
857383
-965061
-636339
-390520
-876802
987241
48300
467069
-683599
119404
469336
328951
97850
59683
-699916
558985
517515
-105928
-422712
-618976
142286
507744
-659813
-393629
434639
-198137
643363
179474
491320
325891
-2043
348703
360831
361619
958183
484030
348859
6482
-48902
665260
-874114
-579567
-5790
223737
480117
294295
-217279
-2369
-811633
360009
378656
330653
-132247
718843
937025
-697609
-479294
580388
481866
-987975
-93722
-520178
360728
-732891
841441
318911
751139
190300
-674607
-297763
-144441
-548721
122671
849770
675017
-397213
144064
-542263
600418
332431
817747
-20927
-336916
-314501
-302085
-399892
-12109
218621
-819504
-530244
230647
86775
-50421
-408625
353884
-208980
910286
105023
981320
-764321
807260
-163121
-313041
-70070
-313352
-638025
532717
830713
-180287
133135
163144
-362541
-887793
826229
322958
-189877
-573664
-689151
-971256
-393168
-219394
259391
693608
730186
850767
47491
-478795
761052
-847486
-497475
996731
959774
339404
-316310
-110296
-973948
45665
-577579
856766
865378
555556
19910
-497164
667764
-153862
825795
-522114
272475
-863356
-493370
879308
-82750
766022
572915
-352565
616788
-379595
168641
377840
-227080
671166
374571
-267307
10570
-941740
622398
36622
103926
-955182
-106612
-30697
600375
913298
472140
268138
-240565
297935
746024
-968091
434579
-747346
911217
-648171
-981325
484132
-735
635464
-895463
-832095
13303
-122543
839072
-612127
610151
-150359
-553867
232548
886264
550059
277367
-220349
-480638
-122259
-307052
991503
-854121
452384
289437
891903
484293
-275984
-855444
395510
75846
-836768
-120358
-924890
798696
-15821
-756984
-188002
861636
-917913
199872
471786
-68271
646005
-295666
-182008
196064
981701
597643
715427
-140558
-709409
706929
5321
742975
-3634
-102776
227268
720382
41781
-377222
-203772
205013
502420
-128661
3709
-513402
114355
815707
-651766
196443
15578
820021
-871829
-338417
-475645
-53837
857648
-493944
-456194
573074
365498
-165603
280003
-629181
-422628
-723632
268043
804640
996751
-690176
-572583
-207022
514837
929838
664317
-481455
-583565
-221328
-665748
-235330
975115
349831
-415309
-896714
-988586
109046
49449
869062
615102
593256
442136
-19400
-572347
-277862
351419
5025
-1494
-380538
-190335
-4744
-70714
237082
788235
-555877
166920
452552
-37331
583356
-768777
296921
-651975
-793663
-353248
-67284
-690376
-341834
-958238
359074
-472772
656864
-47671
969364
-362537
379982
-308499
988883
-614993
690008
-391655
194672
-314737
537632
-568246
-526502
981755
598674
926050
-55576
182029
-842728
-758655
530055
-636390
-111903
-537230
-326766
546263
-495468
-967693
-926510
-838604
-15363
-957146
-201140
-635381
-265645
-212258
-250374
-575638
396088
944299
109626
-66281
-623947
583124
-84527
974727
509174
859898
156756
666446
-898758
-313190
-969944
-10661
149581
-296709
-464398
654114
-264401
-390907
815510
720236
-348053
-385630
-915145
386303
402112
-165518
810665
-201801
-221220
-79709
731919
154834
-496585
-352609
129560
-987412
-492711
-713684
679035
-391469
-26874
709092
597870
-877293
-587618
-866529
776821
147981
-257435
592331
-131783
394512
-793300
-46927
-219186
608813
787555
-408521
-592988
-433665
511771
-861070
721169
-984815
-213678
-149271
-972227
293611
137045
706808
902142
-889830
415899
500012
-767123
828282
633484
-990302
-23737
-623952
602030
844481
770561
808730
-202447
-448625
417543
-414893
142854
824556
151443
-345375
963486
-127389
-330190
-250192
723340
-302417
-956582
-139615
-595609
945561
-29445
820291
445572
203433
648572
79055
213132
-375165
455104
-184839
-530685
225664
-376109
266868
777039
-958566
851976
-80107
865990
3418
574518
829476
876030
-755673
-420717
599370
-58089
-377298
-540246
346302
-431738
430310
166593
-986166
-366257
-184836
92890
846876
440000
-452007
-337964
909315
773658
285928
176183
550696
327363
28158
-529411
193352
-968424
-954894
22828
907607
-710566
602111
506976
231345
-775187
966731
-422353
-206924
397040
744240
-193090
-969217
-440596
899801
877659
999404
-552207
-460305
908718
-778550
825623
84901
772147
152986
-886942
-757265
-653662
-855365
-712158
369166
-947759
-422724
-28724
559217
808621
196089
525947
-613732
989165
-77013
-869492
-203925
-46230
-310088
-304125
-168572
-310684
143669
371123
-401966
365120
196746
682935
137267
-650269
795993
380002
-303931
940629
667844
-934766
992870
-754881
36511
552086
-946260
-767400
78033
-559991
-778235
-998981
-429483
17841
-45210
260429
713717
786218
949746
-142614
157341
-452221
-777495
-645914
-769287
359772
-296182
-973294
-260226
399888
967335
-592383
465123
960204
-347263
-498367
512290
-293522
-265766
-409677
146487
-44001
-408657
717005
973841
546133
-22567
687557
332351
-72821
-455058
-510309
474958
-232552
-156222
705672
-872780
547596
732379
-133006
-52517
699713
274612
-587395
659917
927350
-85761
172207
-366173
648473
762530
780315
-395528
-646127
497319
-421688
900006
-525248
-734131
232356
401931
-189188
722048
-123111
578260
-434175
-417440
705480
-886580
-685062
-427527
60903
-985349
847086
473509
674569
774435
-612253
-153225
-591738
-963780
-390695
-811424
-359307
-36822
685896
219006
-136817
-839353
484875
-904461
562579
-704314
817587
-560532
873947
-616589
22029
579426
-503168
336968
-848101
557736
351619
998985
31244
26188
773419
418992
872963
-818320
455212
-517732
-629743
-904096
445446
-943848
314910
-691371
-783200
-200215
-595831
779380
95472
-778245
-781153
-30582
-394833
240876
-451157
101999
-422156
-299258
-340266
929464
-300273
690979
-44349
-526855
109970
-171386
-345174
-434818
310882
25083
-338913
-243672
81236
975998
64957
298036
-224218
469126
77415
871254
690882
296263
-159329
-703952
-462861
389515
398048
114983
-909743
-942219
44446
-210016
748760
-999903
263130
-141270
-171289
917956
423912
-860407
-56961
-915002
-104079
-975726
-939005
960878
322310
-163223
430004
-600275
-291969
120885
695988
548703
416934
-766873
-61782
-185019
348110
28475
-127238
-607444
818460
-378478
-607346
81589
480252
221366
-456
-95837
360959
942584
-10838
-743121
966858
50157
-782243
289168
886935
647761
688893
-405034
-231354
384881
-856332
-814421
618008
81886
560
-33882
-889639
873323
358674
928821
-505156
751329
10409
975097
-27306
-990047
-120741
-666348
952537
868422
-409468
919395
-81422
-191711
208562
-194487
-543950
-102546
400479
224696
-717666
544148
410276
900343
-373966
-589165
-133540
-263605
-715842
-774866
-334785
-220998
976463
675625
-245902
-50844
685579
633358
282808
638116
501779
873341
557510
-579643
-318371
-233929
225871
137680
663526
-373651
-637624
945861
-829504
772652
846203
-203470
-816513
-287337
532926
-532355
-62203
-801859
246648
-85741
873766
-999254
863416
559344
634104
146223
197460
135883
19563
-245031
556241
701193
521041
-217889
-161128
184567
408461
201248
130427
578958
-26100
-23370
-624512
157387
689293
908414
625032
-372910
-893446
-128321
541349
980321
-127574
404764
539665
-493470
-449013
-262876
642413
570551
492094
198654
271744
13134
980766
-889384
-802299
389226
311865
328128
-31816
-714236
-695242
343672
443151
994052
252086
68183
-378859
358640
939863
-837510
338960
-187712
567254
-121376
318818
-881759
615749
-38769
688793
107842
-840115
-39464
-879024
-859350
71153
-681323
529877
-616983
646806
-501940
-331219
951564
841733
-888068
945615
93818
180115
-433244
-547542
119978
-270754
791418
932266
-703500
-329958
251084
-585259
-714210
-787686
-896466
393633
-627801
64071
514609
-487150
-864777
833286
-957273
-481760
480091
-459212
187022
431654
-617480
298954
377269
476339
-520931
944025
928797
599047
-326730
720215
531313
-30229
-609743
-217603
384512
-323953
-5289
488047
-930321
366911
-447883
584289
879762
-312660
417574
922489
205580
-102336
-536724
-607398
-670682
-154203
691556
706588
-677865
-829375
650612
-749068
769673
-676118
971147
300986
293653
-638597
-916618
-321835
37451
78094
-833789
107131
-554996
-281672
-308581
-675234
405669
-891008
-752746
-388751
6657
-289469
3851
335976
556328
-304593
42563
878464
-133968
-306825
-870605
-364295
17058
-899458
936691
-689290
-538054
-979928
-11124
499397
98166
155088
-393472
543171
873417
297947
867937
279085
406940
-884809
890334
-586403
-174277
-105815
749573
-617950
589592
-207864
-739486
-544376
485311
-610090
91329
-497632
-509548
28020
-186921
-47602
48092
801955
-548205
-853742
-42957
58323
689430
-169541
-643730
557367
-890456
763211
672558
999879
-823193
-501720
-105937
926381
-119669
-516345
-281484
140846
-60721
-796174
530756
-969392
-293805
-978792
58628
519274
-26393
-893280
321229
425402
-747022
-721729
-516275
942409
108731
-160004
499775
218275
-396794
172333
218153
-219987
670614
-887785
-293607
-449056
-404130
424910
691791
535150
628737
222546
565758
-665069
243755
-375614
854206
-782639
-268894
175434
642764
-15916
453706
-873512
-73508
-437563
-33516
-573733
780712
569690
598600
-1136
-650297
269213
111080
56097
820158
706951
-518994
511948
242101
-890258
-265506
-192142
-555326
978249
432244
-701121
-804391
-836650
474314
838373
147434
-71980
964862
-926074
490457
-68655
-499807
271168
-498965
-901208
-729968
-149261
368006
381113
906836
188163
88063
-612158
-299889
-669837
-502415
434605
138022
-57741
412853
-429734
241139
608463
-266384
-284548
446835
881051
643472
411697
954978
133929
-656959
-544830
-594904
-155923
-446037
-324871
694816
921969
-943759
601652
110132
144305
989495
810243
474469
-512920
244848
-387510
429339
-342299
182757
-329523
-733837
916374
385930
712999
797424
29402
124695
752401
-836670
467737
-792429
-431573
-688187
-238465
243556
-993371
-316497
299798
608282
793636
-555898
597777
603879
918572
-915144
-151274
-468938
514195
506427
713819
-815328
772590
630192
570603
485589
427616
-399996
-389717
180017
-236666
-921981
387588
331761
-610167
-850878
-424683
-603537
-167374
875116
-995255
-373738
-680782
602522
-769860
-762211
687378
78866
-231149
201573
-414707
-517331
386246
-642118
-887139
-43152
843471
540478
556853
-546246
-279506
-679814
-468226
-891918
651948
-78392
-742795
-772735
318071
89832
-897620
322817
716094
-578402
-74661
946235
-340613
-387283
25101
428238
814290
610394
910908
200536
968276
-976231
-842616
811747
564247
714237
-734500
-715259
-965577
-202725
-607177
686372
718883
-349971
913638
36954
739862
-983983
-640230
455956
-562384
285110
402190
97004
897827
-572710
-474758
712116
-962317
-563851
-87348
-994041
-540081
70036
817706
-975834
-215727
-916794
-691093
-181303
-119518
-298269
-494932
-400636
351760
-581295
636319
91622
-565277
996090
-452423
-127660
281199
949767
969344
179025
-622944
-505415
-108859
-585260
-69265
803793
-579301
390654
-126171
-761595
414820
658103
-678388
723728
-523201
202094
-574542
-18132
801459
777219
400574
437777
-131160
835297
433867
416417
-292364
-284935
366184
-323020
894090
743241
171565
-214769
-842020
-897700
-410976
-421320
492954
462853
-182915
-92226
120956
138698
-368499
597755
-659208
56960
-420378
-857750
-165822
980197
580028
703019
815493
13894
119436
-476871
728960
-514381
200109
623050
-771141
-628326
-591720
-613161
-526026
-2696
-34481
966929
-539843
782605
-125297
581113
-78697
506204
178868
262095
-436836
758490
404346
397343
738687
-15626
100361
554179
998269
-780204
-922692
727228
-294585
277418
350278
-65725
649093
758558
321114
-876934
-244138
-713367
-910005
216020
-930762
-35302
-202868
-9459
-529098
976000
-747364
34066
734490
656982
-568592
473176
-358645
531770
27355
-360377
751567
104664
-633149
-543018
-617918
717129
391257
-968826
475686
-287629
-845759
-768452
-995
-755764
447568
68243
208934
-755300
-941216
679837
-779300
-688580
-286097
955191
968402
145311
428367
-390243
-322919
-544278
249381
-571353
560386
616232
-114371
942468
333360
-723114
973643
-190954
-10743
-872117
40595
988262
-627880
-511838
56505
581055
-267137
115289
260891
-46437
426709
974794
-91247
395111
120105
-662880
-995132
797186
-207158
254249
-774167
-646773
-129520
111463
-704305
-796161
388349
-730663
12886
-622395
-602779
-946520
-634133
-230659
-458357
422372
-649605
274506
-462340
611286
-771932
964370
586080
136822
359481
-293816
473942
364349
-496630
-733217
-381403
-270796
-379989
489078
840667
-84293
692917
229015
185045
-294197
606621
582266
-240717
972488
-648394
300926
394859
-297998
-424568
932520
-686712
-196499
896889
899368
940323
256370
-394448
414265
-379282
108923
681049
239316
838127
-698940
-271607
678794
216767
-578690
-92192
-598189
127114
-485572
984078
886397
-513084
-664316
187323
881775
37686
762756
814294
350975
-433744
711183
250342
-493421
-32448
855895
920844
588271
-35183
601893
-172413
-197056
902954
555981
-518263
119720
977291
389546
521532
104404
903974
505610
-9199
-609111
841294
-821876
-727336
-121020
940880
-913042
-770046
-492865
798141
480297
13715
-234307
336191
-65442
-646036
-698992
-463549
181551
103953
-560596
-262468
585690
559125
-285178
-24765
80657
819227
-120791
-413734
-189972
270099
-572441
-11848
542764
306540
-70968
629722
536494
436168
427863
16791
-550118
-806445
-647018
384441
-452480
-346010
920893
729072
757944
-639704
-533397
343633
919421
181426
-681132
78
652
198078
586344
810680
-531824
-986097
-201168
-989060
320443
727865
640662
-143063
164032
68524
873728
613914
262080
-773290
-1645
809600
-119299
-80753
538672
-361356
279543
-994726
982278
198964
186700
-698855
-800959
-812648
499223
785386
998033
967400
799289
-203136
978341
119732
-475272
619002
976669
688761
-312474
850397
302675
949606
-922894
-698971
759206
-42192
220276
297877
596452
-500181
303152
578729
698784
-510149
879875
897826
-322797
379098
683212
-324764
346498
482500
472100
324838
-397769
996829
-56161
-421100
685590
631365
-570703
-11736
580971
-493596
289294
340176
464212
-490430
-361947
60663
9390
941205
-360608
-291827
-568945
-480734
-394001
108259
898364
-710790
783496
244861
771711
255595
-430302
-626058
252424
513538
-47158
-61986
144903
382140
926278
-274127
888544
215571
-933951
352755
725142
-295898
-586582
-265469
-354694
52810
442704
76362
572077
-951297
-815379
470441
-662086
968117
-284699
-890376
223712
285000
-516434
-523864
-201462
436409
414150
943441
-181451
340428
-330686
-292908
-444002
-264637
-940153
-718861
439465
-526734
15670
-915230
526077
-541626
161133
98153
-492922
345754
-431406
-155008
313870
283895
-45383
-462419
-431105
438184
13717
367434
-125407
-572134
310874
693142
768295
980188
-599766
-675708
-284450
-539918
-394568
-844985
-66652
621103
-760215
-540575
-920523
400918
557579
-413444
-253329
-873828
431548
-939459
410068
-613836
-401878
978964
824348
611840
346397
-301060
-960294
-342729
-607918
808001
-362542
-207684
-867707
353009
252398
-262274
508024
-814254
-641171
747810
-354829
-561693
148728
-797251
24863
895400
-671078
-543590
955941
738990
-157425
-445937
717953
-333077
-834098
64350
365863
-794391
721621
757946
-986390
-640921
-449739
-854097
712088
802660
-116370
220112
988406
242459
-32079
-366423
680766
-883351
-163673
-294371
-987952
165249
162039
967989
-95761
-995386
-477948
-377809
-328463
-312045
686542
-962600
-106436
408162
795346
-92826
767241
-654393
53078
479329
-851734
936708
-300559
-863329
179167
667362
-229752
-140068
784012
606575
565562
796060
-228177
-272400
764049
676062
-267785
-713900
-701747
403752
-25945
984796
441153
867619
392957
236498
-225207
160198
582105
827871
-360474
730371
764579
338967
867043
-56255
6329
-362710
803678
-209659
-756135
369239
-413600
15689
-903161
-649552
-308249
-170946
-363452
-9996
-767194
610604
-25200
673959
478223
-632244
-89543
-746985
527955
-507439
-919114
-832519
-777068
845466
506449
-910026
-210790
-487222
-272735
-407112
303119
-28870
962127
889519
986819
-941035
-760033
-321430
-111980
-123484
668575
120826
-512881
-356626
-205215
965343
11131
705242
-781642
-460915
-802197
-700756
-293434
-579265
-855290
-786985
-489290
-66080
-274207
237976
526808
-971089
-790894
488935
918431
-804075
547901
-841602
-125505
-564079
34915
-456931
556747
522035
186443
-648469
487377
-802427
-943227
705735
-263341
-745424
-995021
443226
-324688
-850311
656241
186022
83610
-617967
-576002
-389583
-589055
-366896
-900648
-670624
-170971
647254
-512225
703525
-916826
522690
-753407
639922
44724
433036
991454
-467899
630610
-951774
-762165
-632732
-697198
-757186
810494
-21886
-607496
466735
-835864
476114
848769
-411866
-913469
-740287
221239
-814117
-410910
-949732
833137
76866
753793
916312
-400445
-999615
556233
644280
433422
547686
-823620
64032
595912
-585784
431300
898714
-342969
241794
-123172
49535
-291471
40965
-474352
-442703
629100
-387821
-182990
-149662
-201938
406101
-99394
-368801
-517034
-345602
-452490
82522
-345216
-896258
-273199
-911795
651429
-96818
152238
247340
317398
-416462
146054
974429
825332
-977118
23963
-466140
63847
549612
91157
-307054
-838210
908168
543284
-40147
314269
-556110
591053
797235
98288
-861437
-120244
753073
-757694
606558
841279
893735
-490261
-6484
141074
827138
577054
-712872
801567
402386
-689990
-174471
936247
373857
-624859
27404
-933198
-463069
-64429
610087
496785
-750160
-946024
87837
-952925
152265
226400
-73168
-94662
468706
-466611
-253384
362440
43129
740132
-496486
-129733
317186
-209358
-328167
-280429
100652
497363
-344183
-525491
872504
683222
-458688
-590566
-381207
-848601
906219
-131367
-794624
-5944
-84292
357641
-779545
842540
-737021
689161
-624071
9595
51601
419058
-250273
555115
-710676
-933088
-654243
-38843
-213516
446410
-541481
442302
920919
-668978
125523
-537769
-259543
744316
-386370
-353324
-387051
-180994
640732
528657
-823353
861187
371197
-560374
550348
747126
449222
-398051
166183
-801052
-842936
455508
-734139
-497179
-583336
52346
949231
-124816
-505353
870150
206207
620171
-667619
946665
364487
-53989
-406660
977436
765018
-765929
506093
941665
-904742
-122711
-618710
645607
-375586
830512
-752445
790597
-970540
-595381
246105
-704679
-92559
662769
347667
-143328
-462047
842315
-273179
744161
462486
59203
690825
-173028
-994787
-715836
-195592
770231
-481764
-689500
711895
-386505
187789
-906815
-740899
812203
923698
-493343
602800
953158
-88724
-151096
-751521
818718
-488327
596147
-324611
49627
438462
402211
-206213
-99053
-538587
-515388
727920
-533374
-231223
-467673
-763143
287013
-157173
948753
900509
-969385
-958062
-840390
842819
965636
-333733
445618
918794
577544
-705478
-832727
396261
-193804
763421
-928351
855823
201882
473860
-350390
-897171
935273
134222
830749
-598101
902999
-636925
-361244
190011
205903
-412491
90520
236518
-370553
250130
79337
-404918
916397
-475045
-486124
493941
-180523
-318851
-109799
625674
-555430
-38149
481496
646452
-564290
-868895
749282
-629017
265327
580030
-227118
168325
943106
411639
-641664
149008
999148
448856
-614474
-371406
-301014
464863
223677
-384617
989818
737554
-890677
-190705
-581297
-476
-565032
-136727
961376
916465
-490275
-602915
-952431
-740994
-231932
312897
839036
540951
-518779
782142
-47410
-160442
-68851
-48263
-711586
316675
580332
-12600
-218462
-195991
602783
-228645
-458437
712106
580651
-39734
-288370
-984381
823539
-326995
932084
-666736
70091
979653
-407730
838160
292549
-568694
379111
773771
-786553
-668300
-386672
144597
283438
-98258
-538729
-136230
889142
242810
667780
491925
-985835
-790658
204031
594816
169608
915661
610435
-6853
-411334
542518
326412
658758
522171
918682
496917
-185281
-650013
-123973
-411510
-436565
207728
201818
708032
-508835
-896440
-830697
354935
992703
412113
22714
484627
426279
232057
-311343
21094
-598335
-395682
-368471
394813
192985
-825954
-278776
-148258
696218
-360095
-651341
-489063
-10107
224686
99427
553329
-567587
-698755
261361
-76421
-595195
430665
-721486
-602493
-157222
301228
882135
-730944
-466715
-429209
290150
-65050
175110
921679
-670238
-631906
-904275
50986
219836
791944
690892
568495
-697120
-319215
-206819
402308
-765887
225595
703553
495474
-850827
-891643
-73862
-572313
-494135
768916
728916
-612001
-962029
-737800
-41209
328122
197151
-866100
249801
526913
-498005
345527
-422101
721831
137470
-731210
290326
440350
-50425
-916493
-157343
183688
309102
-453790
-320838
458276
-345432
605301
885964
160433
374217
614879
548433
412188
877080
-492776
-259690
74230
-358875
990111
-398857
143120
335638
179042
-135050
-526893
447832
-844724
913458
-602593
-761217
-243885
581096
547885
302325
-739743
6161
956893
865559
-107876
117326
239775
-492997
-334241
-348037
-615918
172983
392273
458313
814109
382384
-940545
-42772
-281979
238498
822179
191128
-313670
977455
104586
83737
-783762
860701
-335167
764124
163025
-74910
-229716
119918
-209351
662408
-762757
-969577
-830590
-96997
-317614
-446507
-924014
-925341
-988194
890095
457043
-928738
-152678
-824936
309760
-330500
366193
996090
-353045
-529222
79827
-136807
-668522
744660
-372684
494504
-330250
397601
-385579
460399
60009
-148335
490823
229419
754669
-826791
782913
830655
-752132
794719
720749
704912
865982
-431929
879976
175741
237572
246168
171831
884527
716947
-748342
-252280
-951576
996319
375037
542928
-333932
-227363
-842651
-873533
832646
9015
617291
62065
-236317
790500
-155022
-405662
-961633
-360303
-684914
743280
-494322
-116842
623256
681419
-879271
-130577
-146750
-994744
-413631
104908
-247023
-365206
101226
-871987
-822278
767295
-99349
-664928
893763
-266703
344087
511053
795363
-892231
301552
-359660
-297893
339920
280038
17194
83199
785716
900353
-293546
467135
-978918
575878
-679616
-973661
-837753
425293
-220684
-202958
-473481
-92670
-25236
-706186
807982
309836
-812424
-458722
-346077
698629
-663359
-238308
181
-23019
463800
-659900
-742981
-519006
423300
-957266
-618653
-870246
509869
-597571
705633
830254
-571232
867880
255547
208085
-335078
782066
-884586
639686
-924120
923396
-50478
-736544
-535326
603445
962086
-198685
-634863
-37734
778297
828938
302367
-964685
-690068
-274334
-921951
-308721
-144579
587919
93709
-438947
418173
522478
-571067
-326281
-269438
93855
-544215
-154023
-266460
-468335
-230628
683063
-204878
234047
286507
-242793
-964639
651644
719473
813658
480582
21839
848974
790514
747506
927024
-518208
-397074
514943
575502
163979
-66885
97979
592912
606835
828541
-313233
-937380
-325483
420307
-405715
443890
103370
389408
-322064
-610124
-853386
-286703
-958480
866088
-473045
522102
-112073
-624072
312615
-364568
-697049
794408
238358
817894
369909
-597663
-248991
-532113
995250
-642157
-703573
-317984
-579537
-29055
-897677
14749
-585166
205693
-595844
92770
595569
-449229
806068
637089
-583142
-666978
159190
304785
-291049
-528195
940218
11903
-733788
178575
-170203
636121
580913
580806
-895993
576162
938650
-599565
-741823
-640887
371380
-639500
373863
786215
566193
778019
-121015
161761
-671210
-314948
-201150
-254352
18075
958041
-949567
727027
-570155
990651
-261071
-303942
169226
568727
-667821
-249862
149533
-563813
-673701
88182
-163378
-415524
447296
-791998
-55023
-178842
994218
-488831
-400823
-126798
672931
-72033
558255
-528220
673616
-423670
-570179
724049
-696644
-140333
714700
42286
555726
-116075
-388988
887905
634064
760545
-675909
960363
-151273
160714
-455161
-703977
368717
489816
117181
362934
-999016
716358
-763864
673916
-355676
794391
-854304
-682060
-629280
-424483
-958012
-325923
435185
756689
716363
-9090
-359387
-672625
-121186
-725324
-912080
202906
-764961
-63353
-636381
-220122
232671
732336
-730307
-650149
95269
-729322
-933792
331405
944594
-289467
125796
-909711
28473
496517
-334193
70462
-829407
-899009
-172850
886956
91902
467764
-785670
970716
742441
-697749
173622
977480
238898
537241
-242642
-528431
269577
27051
-178580
-635154
297730
-112371
696251
242324
598163
-177953
332613
-373364
-681437
998421
697099
-510844
-900589
-475751
-623888
191313
992013
-409557
162029
734453
-107306
-664350
711933
-868408
872892
-530710
-396839
142468
496342
424581
507314
-205928
-687790
203565
-963605
910373
-974389
369009
-462992
-655825
367429
-765893
-166669
466841
-241644
209444
-341847
-249632
799887
820183
-515179
-307420
-844167
-803246
-175828
-971276
-333955
427333
171192
-837614
-148086
-321495
-43542
164124
882071
-7146
74497
907682
-638138
611506
-748143
729291
845613
85188
196131
-396032
-705368
854285
354337
-905482
674468
839159
-212902
830301
-964088
611271
859025
-298043
38604
30217
-135656
890518
708722
820803
54641
590793
-186344
-870862
498474
175518
740644
750331
-95191
586256
-164481
-899060
-809777
130151
955225
544561
224670
629692
383719
-988232
459992
419631
623039
319017
-878412
-338358
-650767
-14068
-447841
-942045
-193266
606801
648748
620390
735939
147222
-204092
476583
-102447
700717
62838
733073
801657
253062
-136776
756882
-202378
-912107
386574
-818660
-900339
-153434
600972
722701
-834418
722560
-615658
-485184
-291509
-63498
-427229
515225
-456697
-778481
135615
-720758
368741
931523
755825
-733707
632239
-181338
999367
433896
-928276
-137410
190778
-130653
-49516
-422649
50688
50145
423918
-348341
-227154
589500
-625781
157188
-895685
82710
-906310
-322913
-402065
-363007
-101394
733550
-83765
-732654
665072
-327940
-466360
297311
490723
-466994
-268793
562447
395597
921985
-568207
-653920
-500664
482482
396226
923254
-865860
-830929
512754
-491641
326260
617070
591070
419950
-705844
-810996
-943058
192763
922555
-26822
460109
587627
645238
993750
-115062
135961
-473244
616145
-301593
922353
538130
130201
-731567
-962534
-387318
664659
960720
-253177
833730
473473
255183
159989
90543
-153748
-420062
384699
35257
-363119
-422539
-42188
610060
-962430
-454562
255298
-968680
430377
-608742
-441924
46522
89666
-519571
-415349
-780133
-251138
-377883
-167450
-586479
-417163
579374
-752750
-943690
-165444
407240
146853
680809
987178
-468448
-283934
-375941
109014
673878
-765881
146584
-780684
489417
177905
649693
880676
735982
-303786
-29659
-783589
280866
190209
-34727
902984
-977242
378794
-514180
602132
626045
-457869
-563312
33284
688984
-882504
20462
-779464
-166438
644521
329550
-492560
878640
-523867
-273244
368057
654039
-623551
248732
390020
72664
-780927
606431
-646470
409282
-428296
-743487
432041
950499
-257666
34173
576543
284466
470861
-390173
-26551
588357
630289
193985
-578081
274810
-476465
-70641
153450
-332
656116
-478493
-346293
-967435
770239
-956274
105230
989313
650158
458760
398594
-778139
715274
-169365
-827641
-542392
864808
748903
742074
335668
-641270
-284477
-75975
989019
909508
345945
263829
-566957
-724696
-582721
432711
931421
-61214
-913582
963986
-290975
-869856
69216
-301663
780303
-472024
-903069
-997837
-756751
-72434
-825477
-299143
-207626
923427
-557070
-871959
-717844
158453
52067
-728825
67961
-601988
535004
501004
-326684
952284
-66285
-395264
-108931
20134
-431278
600094
150278
637938
-701570
-69419
-834087
-604638
-67255
-590837
322928
107268
110020
-884699
30695
552951
-756657
312852
-288596
295411
584027
779366
693423
119031
280370
-633262
71314
-785915
-28525
962384
234219
540197
562477
-615503
178135
860908
315078
344049
-743731
-752178
753212
579198
355091
-136768
694499
-614214
-583817
937843
698638
127587
233253
282664
-93047
-73324
-598305
-812678
293414
473010
-598592
-735111
435393
635627
805086
-2130
-979876
-16780
-141223
335203
-672732
115047
583025
-919520
-305756
-61884
-56288
-611257
323902
359895
-673414
22539
-512518
559840
-694797
394435
-513485
-293101
581758
779930
-820092
983167
-955182
615302
618794
849905
-386829
638918
-166875
471949
-25880
160394
-413004
-442855
240874
281241
495262
-815414
669985
-180837
544481
996571
841703
-968037
556411
-853095
426399
-957075
-146196
8157
822856
33713
-8677
867675
-350986
-389884
717579
262186
-750966
-449297
-265865
223155
711098
321132
780300
-48029
-397628
275561
136557
-727644
-905276
-318962
-731073
936427
-286998
825338
-916669
-860600
868264
-62864
147557
691119
970850
-861121
558793
-380136
-251004
276372
882050
-1970
827075
-383815
-778816
538173
937317
-998516
-509857
-460311
277046
626701
-187954
371771
-692261
80973
308197
20741
-93690
391529
160141
-225426
-671335
-692302
-534308
-700486
-553423
-975515
-80622
195574
300857
-198572
-806397
127932
417613
-585212
-333896
354930
-583727
156247
894620
693319
-217052
-293335
65089
90688
787638
-626714
-888572
-306052
764815
271570
468522
-906521
579268
934215
-607006
-974155
958700
312372
221419
259556
-886201
415023
-612513
531413
829811
53591
-113657
-753917
-790162
-219038
939403
-7213
487627
4491
-916526
275264
377777
-805097
969213
142592
466473
437734
236071
45741
371948
629065
71587
330648
-58563
-706995
-409797
55237
708028
-22310
-413351
537839
-968719
472993
783922
-758881
-746046
723324
233906
741581
-272185
317381
16845
-894408
512284
-13943
248184
-21243
-576209
-515745
-975503
795740
-886680
96084
126387
54758
389090
716590
-890006
97118
-305720
-303357
-365044
-274438
-830365
-581122
-33319
-576410
-857798
-799413
-834830
-129982
517968
182016
-24390
30252
-831927
-776206
-990992
-408136
-291950
-966495
-612396
-178630
129590
513991
876128
-481320
230581
986123
615798
924862
-317234
-749246
-349577
-147598
-330367
617105
275992
-188164
817693
441163
681854
335660
-376822
-342536
-634089
-208749
-118741
-625081
383116
589309
-591575
770720
-589321
538016
284711
-713193
-943305
-484708
-727071
672494
-559847
-44305
923249
90577
808098
-407118
-292319
84089
404718
-474627
-474749
86572
861034
148429
744037
-773055
939681
-374705
-398135
322797
-785396
10291
93516
-374716
-451694
-621773
-87909
-394998
-106480
185021
-722504
333673
-859284
-799256
-575751
948814
-206374
131931
32902
-801656
657305
558154
284916
518338
-293417
28952
745283
-353737
654247
-652852
969060
868852
357439
62576
-505865
905745
440804
406227
-489253
-665677
-408753
-211757
667996
-268036
-11013
-907755
-319222
782614
224177
713681
980958
-118519
271834
265873
-600181
978417
-705175
-854899
-375321
949073
-507750
-406261
817924
849689
656316
-687942
755433
97119
718285
-733821
431442
-690468
54422
99438
41496
-956591
191684
722275
826023
-584140
435955
806981
297342
-292212
72854
697161
-313796
367679
842263
310884
316751
-665488
904624
134674
-815800
560939
446733
939634
-341943
165018
-794187
-910501
474550
260236
188937
-483954
303645
-619379
-761680
129668
-203518
674275
-63352
-906177
-617937
-990499
790985
68268
377181
633247
-620849
-306069
967759
-716226
828606
-848041
844714
275338
-908408
-497230
-559644
-702595
-407731
914906
557641
781207
-569048
-138714
-838172
-330727
990955
-41690
-656452
-72398
52134
-274389
-62896
-156882
793880
-685716
-523636
-826970
8216
-555877
-543195
-163179
-403918
-698481
-887841
-312325
-195711
-447485
-14919
396559
-532579
-457278
177766
-101627
404008
339594
567647
394962
-702096
911195
-677436
350038
-363194
259669
-806845
-569315
573954
-330480
-396284
-417831
113643
60522
418990
709726
362041
531150
-602599
-833670
-916336
382482
562889
-448914
925205
-259345
449460
329212
-919752
17106
-275826
-621848
-71699
46739
728191
565107
-693593
921346
995793
880361
-409134
-400492
-537471
704510
660031
881520
414235
22071
412670
811637
188401
496334
194119
-248710
-952580
119323
491946
496880
-551465
572195
-486014
172709
950348
442287
-780553
678538
7394
-474145
599883
3186
-593784
-809252
602695
-131254
895258
262725
-249735
309493
-715204
-837066
121130
473198
659269
-684752
-775512
706690
434571
716434
203569
883106
288628
717555
55815
238975
159842
275263
-82488
-832765
801118
-482605
170421
-792667
-291856
-226885
76079
-396598
-964160
826345
912896
-679364
989280
34025
793834
648549
349273
-981679
355238
-216157
734755
-441193
-333051
23382
-723638
722764
-737643
436204
-1974
179870
603439
-200856
697265
-226141
6477
-594591
546975
-917444
8811
582815
908902
-78294
903451
898182
955731
697284
546731
305004
715605
-98031
-911153
450360
460776
-244204
-526258
737138
-521441
-263901
173341
476585
915970
-223221
-724271
613234
550639
282207
-981357
97614
364764
27454
-319572
273665
949161
-416121
171847
904892
-718838
-281423
209895
996768
620546
298742
447127
81322
-945463
920870
-181541
-466903
-343032
991801
-990318
-427063
-231420
-714589
-813829
-680781
567618
-795185
416833
-67619
232269
-902740
-793954
181430
-318861
377893
86321
-37698
-903530
-703785
-40930
717017
594958
-593803
-201662
649496
-672934
616798
-817408
-15965
608598
-807726
556973
-622822
-522314
743144
-303603
-954697
947959
-886771
-22316
180228
-789510
183731
-638343
-108370
-438377
447979
853933
-341907
744195
-186998
-624891
339152
219200
173448
-11353
546266
-209755
171240
-469700
-601158
363514
-912728
-223979
841200
830417
472418
886504
778376
585648
-135813
-41396
796139
-952082
320262
-312232
-390459
-231760
-458299
267635
-487566
354704
642745
851587
-426097
-183808
-159766
-879832
606437
-988527
-349531
-994721
374987
-262259
-218700
216187
-431842
-746282
102690
-653466
839366
966878
305138
635504
-985205
-374601
-676728
-375663
393640
-135026
891973
906074
-780323
534717
757661
-206420
-649091
-402106
-86251
957347
-390633
564218
962626
984355
-698041
-256074
200541
-129882
-2355
-696769
216652
-162990
-729891
-478211
-527486
-715095
147189
-204213
-90757
-459172
660761
-198785
-553098
880438
-664068
-795438
-325982
-313159
-197544
587767
-355813
411823
151985
-393187
396178
453944
350739
-403281
-675939
-651617
-100050
540714
185394
170060
-937498
657909
454966
209692
-546305
-635792
750520
-885544
165424
-802578
994895
501356
-598016
-331088
-811804
204441
-743321
-167617
-383736
408664
439197
-987559
-137392
-210065
-390840
186669
138319
509111
-272617
-676287
-320829
-210114
981622
-865863
999578
-564683
-501655
750098
-450226
663770
947520
-455332
165125
-650496
213581
353322
553946
470260
-814296
-829791
-121077
624902
-817349
741531
-585163
-208188
-71800
553156
-699078
655583
876870
-19906
-554532
858492
114231
-554954
-706191
612577
-804857
-156417
276346
-857337
388251
-558530
-507832
-398168
794792
-953887
-927909
980497
-783678
-48985
605398
-601026
-307455
-979766
190786
620746
573391
491708
276329
450261
-528198
721798
308752
586033
-833157
602561
198609
-638013
-553856
-525045
-495350
834396
-83574
-3182
-563773
-288782
42932
-491682
-308285
259254
459333
-702887
658229
-848122
-682652
-150986
772625
890739
-659278
48954
341000
-187476
-229249
-350249
-601443
-62405
-747688
597166
299582
-301544
-927879
804233
-467148
-11453
-198949
-30921
699765
843983
477398
-608520
103237
-63269
-311407
-238535
88610
5941
610479
-138765
-103321
951201
910189
-762321
-236276
-319061
-112570
162281
618534
139743
-240553
-81885
838200
-168431
-277652
-628949
820116
523399
340131
519881
367381
-182472
911361
-529383
754260
-400047
232082
-157131
605895
-157439
704104
-497427
-206239
614292
-259748
557486
-704769
627683
-280233
913766
-232575
479215
-168119
-394375
-689217
554229
-23324
-869101
77627
-683194
650781
-554993
134335
562142
-84376
-111406
-837905
-852294
731464
767990
-9733
435568
-729437
784029
49860
10816
341514
345091
-361501
-938719
258856
405925
540496
-909264
-988451
851280
644966
-11775
982180
-277408
305032
632960
167599
-560633
195102
-916777
327962
357197
-769070
59426
125187
221197
-505007
395750
5225
544853
-593434
-653261
-110056
45065
-591980
-851200
-549011
948517
-760463
-537462
799797
884503
450764
781976
-392906
-244204
414936
774694
195163
-389963
857918
-476875
967235
-911153
582551
92422
310044
-922457
-511829
-684731
622397
-105263
-337992
-487660
939802
70029
-338860
-609209
18545
-99323
-146671
-181658
-214821
-695908
-399683
392274
59889
-984747
166967
-744948
-374709
24884
-221823
-407474
113731
-639272
684948
-576225
-561729
-826882
-260956
-939332
67856
401053
-426992
7658
-528919
234148
398449
489627
-865175
-748222
-692031
-79995
-444129
-91714
-687722
615760
-76461
479245
870812
548831
-495871
-351011
-858644
617861
9717
826304
-958365
447989
999423
-219320
508657
67278
-818268
-918335
-925064
-347186
315813
473386
-857559
450639
725164
-549590
-629357
-718966
358697
-317079
896795
-717764
-837834
767607
831067
-333705
-583405
972423
-715844
426313
798726
-674209
-125699
798148
106472
-617042
-134574
288204
-535377
-59638
941019
780437
-586253
-916541
231075
-861089
-466130
601718
-580054
892567
-715361
-683260
-825198
-553195
-915653
-994132
113101
-499058
978292
397258
927256
777017
723050
-198443
575165
-170479
184515
-559410
-882275
649138
380953
-941257
429575
794701
-857797
-339351
933613
-323927
-737633
-646442
-431360
-452993
-329701
-256558
-6188
-245354
-250689
-893087
255589
-272398
504171
182844
-495381
227221
984401
-920217
-943259
168915
-479626
-825534
-181947
901328
-766790
-752373
696029
-624587
-91723
629641
51487
170644
983200
620127
717651
-346502
-636431
-288537
408144
112880
-181623
-336268
840483
-677452
846576
-654899
549769
830977
-575115
606510
-108
-54740
780977
817945
-153412
-985814
-934428
-457384
-610401
-26151
-827743
441087
-855507
-844544
61213
862145
-191046
424782
-426392
-782902
-462338
391986
-119169
-621856
714534
-272594
-276754
264303
-441617
148131
-129187
558275
-906609
-348211
376219
-60021
-334024
441792
482595
55576
-584360
654853
-503338
-439866
810309
557876
-577722
-380737
-17342
-4113
-163639
520320
-612128
717192
898465
-897594
-555402
-378290
366709
2982
769842
-762478
-438744
863233
-110688
937476
-196789
555288
379267
-714194
-389136
794907
940659
107526
-644959
750968
-334598
-222681
-629770
648060
773206
206592
168380
-838922
-76216
66844
-736516
368383
688555
630194
-628636
458396
867716
-67379
321628
-242973
-129904
-875162
-687685
-750638
-589355
-76821
-955731
-648697
-969295
-600690
-897729
-303893
176629
-527498
-655834
-50165
679094
512546
110914
-397122
-420610
374398
971262
-732056
4591
-657374
726340
-127693
275247
47968
629334
-854658
172807
941650
-605296
583452
-135172
-561027
934756
-104467
-161717
-962974
591641
-985088
-490472
935807
-35252
-811378
448353
-924339
-208499
-972258
450060
-237238
-704314
-545349
105389
-977974
326958
-619365
69994
-43708
-474023
-757200
-102059
-79318
826252
762770
359655
761007
-341697
-802062
798034
-750057
-787150
-692438
-814250
177599
-503816
634103
253261
287686
661845
-296680
-949553
957532
157972
155837
979558
-515071
536472
49551
441222
-937552
292352
-660838
-16870
118603
-898068
-657215
-120390
-239764
-459277
-322356
10180
-246426
-14794
195930
931173
481390
-169968
184434
-230924
-508123
887754
-180476
-550592
45725
975361
-571034
530655
511832
478518
-28124
574281
-229131
311039
-442590
889473
412972
-99804
-230917
-826793
440919
446727
183387
-805507
-568068
-620684
-874335
913323
209349
310099
-317602
701226
197853
501922
-849366
-756422
477282
-420399
774233
-10886
-941881
-253891
-436606
-171011
-942853
120805
-281538
470119
-979000
487545
643327
461920
-65728
-173287
656413
366205
206030
782079
279527
-584622
92178
961926
-883396
-709970
463848
-732761
-466391
-58870
-153159
-692158
930244
-95040
53951
-506362
733949
111098
614443
-547590
-418783
635443
939956
-775457
97363
-125773
51257
-246225
-759569
-742714
-464146
519959
-327335
628032
481885
-210730
918063
-54268
56510
-548329
886863
903351
-240486
817107
-191689
813465
-689256
-457741
-75437
925187
-5330
505781
560630
-65374
730324
-342007
808853
-218419
411768
-950716
38868
947623
569243
711533
575654
51128
-499197
493716
996861
557313
945388
883723
460664
-295099
700830
-731026
-481634
-988427
-188766
442929
936761
805905
-51291
497391
-259470
-320967
-844617
-450618
460614
567152
-401333
-500519
514774
-832090
-788986
90428
219038
-288183
-415856
215898
-730870
-470469
99621
729794
234433
-199550
998768
752799
-187976
-189999
195727
-251216
-384095
-855564
-753825
356436
-176531
-598441
905819
-715917
968711
-495515
-216435
483485
-327605
-5421
-426087
891434
706397
158057
107332
975528
687588
-793048
705321
-77979
7403
704089
-325181
819427
-485910
870547
-431789
129996
-985017
-185614
-513569
-161547
215945
-607751
122536
184656
-103265
906102
-331859
569130
-99320
242054
460564
-392923
-599890
-432105
-417396
-912302
-225153
-712075
9720
782251
992015
684539
601677
-493896
555086
-830112
636101
570070
-15726
-877469
-591478
-799781
-485219
531059
384876
411516
437160
-946983
-19354
-662160
295071
-558791
-55083
695182
9104
527522
782881
783952
815448
-207400
566202
807462
-522861
167879
-686434
-967775
337767
949668
602295
-677959
-927801
-989183
-477739
-413020
541876
907137
998497
-20965
960154
-20858
316875
255225
420352
-738208
-49593
-570544
789315
-266712
-786593
604763
525889
779610
412224
-996972
-52512
725791
-964747
-714745
675458
637549
-392704
747657
648366
129558
-665363
190241
36694
-666867
-830724
-3152
312276
486151
-747927
-267372
747944
202480
162084
537258
935769
375492
142020
461657
155101
-445756
464685
-897411
-719965
499939
-612156
955494
137488
-4859
703150
-214146
-875302
-962213
976096
161393
-629079
-854629
-841759
683198
631523
-589686
-584175
379466
612795
577909
-83276
548563
-46600
-941257
10219
-891499
-387012
-525096
-788910
-106977
974844
-401065
-151483
112332
594077
-448334
898186
718775
-410546
874281
-119832
-39625
-980349
38409
-356428
651175
448723
59397
30640
61517
-362694
947364
-389920
590707
-993893
620300
699208
-380904
-904797
910299
512120
-929953
-490767
-639364
182379
-896691
-87697
80564
822085
501757
-45155
-297748
-537868
-25504
740662
105705
-374329
189385
-834899
656311
-749099
-197592
603675
-139019
-606886
609783
-518719
-907678
-771122
-423515
-997380
740999
-353468
-488146
-898366
828912
-384837
13938
-90524
-562752
-484305
864321
139501
-22173
-161183
-119838
-916469
464488
-930454
-751367
120799
-679552
51042
-275527
181430
444157
-665744
662711
536479
-436865
-760805
539100
-695867
-114272
-949047
-594232
-285361
-333883
419706
624116
103366
935402
488436
-757134
-86772
-672747
123029
-3240
791741
192576
245394
-87461
513024
-703565
637013
-305546
740593
971269
-642835
277072
-465597
-403639
-183829
-161463
482089
-132875
244305
-803272
533243
-335989
820844
-363392
-400588
309280
-120525
512641
636533
-997496
-490599
428274
195080
754796
-659188
-291896
-948770
977825
402558
791824
949094
759724
68895
-516503
-643916
885067
322034
838173
-247809
-433661
-965099
-714566
230350
855746
-77957
829763
165026
801518
342404
-198442
804022
851806
-770169
-898
606601
-429356
707206
657832
-451531
109764
449655
-502438
-130513
-481451
-18941
225571
-596385
-696907
63744
155807
-130568
98646
441242
-900218
-45609
-636716
929545
-880584
-835199
271949
-79025
968824
123754
150806
-32075
-269646
721451
-324870
-611814
-730081
784895
837841
-232518
-345619
-643610
748542
879952
-239994
-948366
-56305
915814
-78934
-957660
357055
20848
-3268
720339
-49607
116149
885141
-777659
-962877
853964
346095
187930
-178111
-923551
-90620
497020
-535365
179299
281914
-697524
946781
936295
-341133
695323
816247
418873
746957
-240058
334686
-331978
-197718
-308259
688871
799015
-587921
-360737
-84837
-702781
-138395
-47714
-848817
-792300
-859784
-26927
-715850
49596
-529908
-251214
-771105
752007
51262
-824324
688302
710129
870999
504548
129002
617955
-735511
-536312
-714023
66772
155429
974849
-134213
567508
-385889
780950
864728
475717
-266764
-984089
683417
-126548
-11016
967567
923049
459077
-283648
-848057
211084
767615
-672381
-100615
477744
-801382
-596067
-393255
816574
-331578
70433
-897450
735195
-774138
-922602
-399019
793370
-308490
-618069
658098
-832773
115168
674009
850644
988621
-337007
818211
911669
-877931
-465437
-936389
333154
-697822
-608769
-767462
779922
-410150
-363529
-613333
-593577
304894
457101
-491027
40089
682963
-413628
641071
476333
277883
-976998
134430
445110
138170
-191561
295754
126790
471432
113964
38458
593502
648528
102070
-73345
950706
493302
159194
730628
-916849
795666
-882705
-510426
100559
574397
-1452
-859352
257359
584920
781719
-266308
-137197
804722
868123
-692088
-57109
-323439
603666
-930319
-852007
-282370
108139
741496
-633842
-789791
-331850
-683136
703511
827345
-952508
786663
623010
-835213
-723764
-276431
739184
274785
-135783
-3457
-140296
-354064
730236
722508
-549343
598358
-969581
393549
-725081
634086
463230
-577087
-648284
-428631
-835592
-282126
-218422
-167441
34739
-514911
-340097
82231
-728248
-717087
247019
-452012
6482
-13797
822774
870700
982747
-317522
-483364
712982
-595015
-32706
311340
-564596
-639158
586259
-930510
824073
-990829
-578794
-604559
-826420
139081
177020
6139
-826181
662110
666042
256051
933862
948955
-496930
-518150
-44563
489273
-695377
-173864
472020
-12899
342773
185001
392086
-689934
-503659
827491
-329091
-917401
896981
-505019
-908229
-681814
-109577
-734649
457268
-932558
271491
631088
729553
-62468
-112862
663414
-113513
390209
-854736
841925
-120519
-550113
-331939
-648500
436989
-989167
536502
-170926
-679101
-967158
-343435
-8191
-884558
-446455
486790
-792786
-128268
-622788
-527435
-671001
-555345
744057
960087
-825793
-318412
-152775
837622
568076
-762567
982886
410000
116915
-567227
-921940
468416
869762
-911106
4917
-301164
-590206
37760
355402
401603
153202
908947
-111607
360416
-219321
265605
832982
109678
710261
577038
69765
884469
-741374
916991
722091
826703
-845576
704976
236702
271339
-862251
314763
-260245
-992489
403657
744672
-293652
813451
-217569
-938251
215054
935634
970696
-896554
296050
-248625
369052
129031
861053
79313
-293931
-69182
-36219
-35305
-152191
-314129
-208603
2233
-609153
-971901
-726428
-471403
342863
13327
-463892
-253480
-242001
242456
-440029
540430
304206
775025
476064
274902
878471
-227887
-973724
247523
901144
887329
-673165
-392787
-181853
290616
571909
665956
976488
-636694
-331811
-632665
-608595
-58239
-104068
734269
955088
432041
-519212
-286914
-325504
40759
-746484
978702
-184217
729581
253603
-305746
-498307
279880
941777
-597163
167208
-731389
10050
985356
559228
-418042
651312
535715
-54735
-680500
903051
336671
261261
-201018
70939
216349
-768978
551727
929435
-94481
-407514
-817049
-115779
408269
912532
-862176
-897477
-585776
417704
-955701
-182938
-415088
-687089
827113
-429733
872140
-590929
-778422
407854
354336
-458922
310905
-308994
802340
-890114
761945
18688
-659091
313672
-51877
246428
906158
131074
-869351
314427
43606
-731527
416950
457831
686177
461250
-725108
-728912
774162
-897996
-158644
646301
-488925
62935
54155
865412
604014
-634941
-443583
406353
-525054
-681638
-574960
-184145
632035
373164
-937717
538192
-495763
-807068
-147381
547844
-538595
-730431
5674
-852418
730820
280567
-581330
504981
382572
260027
151281
893648
-677039
-794564
759059
926975
-429505
-684524
333328
45441
-366162
758368
861297
-734128
131531
923580
804065
635769
-883489
-343317
183613
-422083
-73748
-810713
-274501
-342928
469855
144170
-837948
-147574
-595803
313334
-253926
-272842
518770
-494867
-345867
-910735
-179391
987461
134706
454448
745829
-3997
720320
-122640
-80418
524385
-486871
36094
-818932
696742
614012
107321
886030
-660490
764393
355884
483681
926445
-791690
887878
239778
-45616
-384965
-241452
459518
269169
-152187
-719874
256629
982519
734574
2457
-21479
454894
879817
898104
-20722
-607054
-65802
160346
-910313
-451791
-732333
975717
-112281
-967941
331601
-628600
958504
539911
-740723
198282
-505705
-125687
956830
953813
-856519
-195358
-766062
400111
-212839
968513
-597433
765683
423406
-717616
663787
-597316
-324670
-402016
563031
-234982
146193
830698
-259265
-966088
862757
-927665
-594688
821261
612246
-335411
19542
-893460
538903
-23628
-939648
682384
781014
-705709
82494
-431825
-737197
485062
-666143
686210
767447
997644
-911106
-557223
-404372
651926
207795
741821
482623
948531
775733
345380
-979135
-818956
166641
633112
-154366
-813817
739652
-615464
162555
800005
-933080
-56431
-905705
149414
511744
-642901
-365524
845602
-956692
-598078
843246
-867798
-155300
-561127
784129
-947505
-819306
266752
-998975
956428
-387868
-978109
-862529
778773
655003
-16894
964956
394655
367643
127511
194659
434563
-928920
288955
-416023
582824
646054
218453
428426
689363
620376
271672
821566
-534924
710546
605694
-482429
891241
-127555
-481404
847668
484577
-459513
985140
263350
-804510
-31755
228306
590145
-664113
-644184
-215197
770451
-573104
-926242
-645573
-990280
719813
572881
438147
409175
193257
-290181
230741
658333
-579636
-163565
-824097
-688396
708880
-305501
-840729
193457
234987
-855589
-543193
430477
112656
685113
20621
448544
-959071
805425
218994
-532175
879184
573422
-522454
598996
146302
915694
8171
-660442
-374488
-761088
997891
45877
75347
-826207
357481
-215773
-131707
516753
977685
-896720
661164
-565509
533757
-226180
-880397
-445622
-777636
-839468
-640197
441358
-371642
-761013
14779
105905
837983
-838919
21598
-153846
-499361
647111
85066
-501470
-307013
-839587
-327676
-949532
-55360
540618
567221
-77676
643898
228385
356815
177655
-997795
476419
732034
-775431
636952
-908164
665928
-734690
-669177
-319293
371215
-831194
-158212
-607187
14961
342428
-960077
-899974
840958
-267089
-739561
-486718
-216621
205080
-946101
-649400
-872597
697797
578985
484219
-124548
581190
-39363
-392515
805760
-402411
-300678
471687
-137101
30146
-847607
-765886
198952
-5818
-373072
-786087
-663391
-333149
-686061
-822433
399763
-425621
-309151
-816859
779459
-255252
-466259
906863
-557456
-887274
391082
317996
693917
-648281
925482
499676
-50692
-375197
-28638
812207
654949
123756
-953679
-146099
-882063
-326751
67814
-545453
340101
381754
-367886
-260137
956134
322963
-76996
735593
-932290
456746
642455
-489745
569472
33536
828252
263388
385255
753733
-236937
-665437
-621464
734426
-853231
-966515
-141819
-806909
-112614
-23881
-133660
955201
430666
-793559
336954
-937221
-53696
293087
385743
869309
28679
453453
326054
-328866
963709
-104475
704671
791961
-841088
89925
545694
-78025
424488
924230
-343600
571258
957715
514582
764350
-154899
-509300
-369311
-199698
921367
-162870
-862745
984146
783435
430343
369888
652743
-540978
-176659
-21204
130157
-212950
874321
-165173
-420990
-966767
924752
-875297
-44792
349240
-951067
611609
-79502
-993352
126191
-315153
-148250
616891
315537
652052
538257
-847333
789307
522403
936102
219650
-107709
588845
678673
715632
-432359
-191171
-497319
-558039
643656
81691
-524805
568408
206395
430403
-82353
255328
42012
838146
261977
-831798
-477007
-886274
785094
838530
765778
323351
991198
555085
-154246
927300
-225266
738045
516144
-546594
453676
-916216
262236
956358
-474254
-94109
38049
941
-525702
-755557
-568656
391946
499772
473357
230092
-238252
641559
753085
-124526
426653
591615
-358749
-249997
582812
-803664
595758
510111
-28930
333802
26255
424477
-212522
110040
-313288
-256165
635787
592604
781885
-363273
-933098
-973673
68072
458848
526100
-458572
-311060
-712152
-817013
-557976
163322
609640
-966362
804574
-640357
616451
-999091
955401
126562
-28020
289202
-847184
-603543
-923321
262857
83170
-179485
-101357
-324227
-397601
535371
-257325
-371273
-396558
-798477
-845173
144871
-109537
-557325
327858
332487
605997
-62503
366126
410571
297140
-17423
411481
252541
-890862
-616540
-458257
-738045
-220082
-381577
524812
863088
438938
-576545
-461140
-958663
958826
281536
-329935
-437732
483059
-175108
707139
-626479
267567
34996
706009
-126436
972494
72135
-715866
269634
-945289
695616
-477826
-836151
-920924
63917
-574195
-141006
682340
950617
-277919
121278
-625928
260942
162615
-667103
-457523
832681
-104834
-974464
-342428
-397696
-600942
925139
637301
-894934
-201298
609794
177201
82837
-120573
231912
-221547
401602
395762
-142471
-534482
821567
716524
-852142
772184
-561396
269137
-853745
699547
-568249
-520847
-757976
-735568
374319
-732440
-77996
976623
-333382
-152858
613923
-228315
645845
223717
948887
-271318
-896857
180799
507135
504745
-423440
-635336
970264
-601873
-918813
-881878
-829690
-480208
387259
-683434
-780662
819011
-204281
-538637
-916558
-829962
-271077
5446
-853339
395542
852589
760585
-832773
498434
-15699
-883887
-772885
87445
296912
734251
-407810
873473
-901086
-437547
-728401
-819899
-319424
-558090
-300107
-932166
-241523
-80768
886845
554196
380595
970288
724235
-890482
-24266
870896
505061
-171678
631480
672288
-673244
-384219
788401
-446128
703226
85313
-711878
-704585
-41214
-612963
-142131
230385
-432861
538445
672296
267032
606279
-569228
-813736
493124
984969
566859
463412
709203
676377
-560855
580099
181437
267467
211579
-146275
594224
827360
-357874
-851905
530585
727439
-563783
826001
-313776
-176745
-316131
916610
390394
-777687
588906
-342574
828593
-980323
-156310
321717
-995354
-589451
-214872
713850
-913075
224273
293948
268363
-508260
-494473
-877912
-914037
-667114
-235786
-765942
863472
-508347
-329724
689473
177877
493531
-626659
94487
-116075
-404345
-316607
541351
-575753
-296929
-614960
745965
-292283
-204411
-468908
-578434
-117485
755365
715515
-849122
-752895
-778959
-727034
-666932
-446072
37180
-432873
-582600
528833
237404
-893128
-293290
-269066
-519787
801198
614860
75869
-515410
156210
500116
187661
541251
246081
895379
-663160
777173
-683056
219355
532538
-967541
370234
779643
-746499
643200
-887289
-192571
-319620
-320162
224829
-790787
917242
331701
-84077
-351824
811915
-282879
-736964
-112217
201711
419246
-612101
-610628
-39504
633980
-715250
297337
411153
-398305
-483309
-56310
-365845
886926
-276668
-112344
530125
-163956
695085
-789495
515883
-80086
-580282
433125
-748385
335642
-918700
-936470
-947238
-655663
-48687
254474
763583
339213
643847
-275921
-26807
928598
-978585
-615655
-469707
-461893
328035
164448
-574968
-948633
-947897
955158
-112589
747189
-834338
-596706
-332897
-414619
836419
-81281
921023
917720
-17751
973786
-737944
933563
228259
-974362
272775
-127895
-250282
-754033
-199297
-228867
-369688
330996
309241
958348
-504557
734273
-990285
-452453
689431
-102873
-705264
855094
300421
-38160
-559526
136839
880559
-638503
54558
-137193
-664718
316614
-203631
563542
