-702376
480239
62340
-240363
310272
-219283
387627
-259490
157174
323570
-693038
-598800
-22937
985989
574895
-704215
-836096
-536094
-376452
-644818
-233270
-955178
972747
692050
-964058
6900
-792078
-356676
-494820
335071
-570933
-197195
-184690
491407
562442
-874419
-727877
-49931
-133909
429298
-726362
173054
830499
250702
159042
405394
546488
322946
869300
-829965
678129
-363970
-785143
650875
-671921
-749200
-342225
-463998
-105875
162955
871074
323192
965760
-313616
-185401
528202
-188035
86723
-521730
678057
-483980
-248091
-148889
-653481
-997390
-989848
751913
549099
333099
621213
719135
11227
-742758
933993
-337899
-414678
-815208
319877
121325
78918
-517169
-7601
-597891
-551409
678783
216708
976793
-509253
-696569
-544938
-831196
-180549
206971
19915
165970
209582
30068
-82117
-241319
-636833
-460905
-522185
374394
-203662
-588193
-963505
381661
-403400
356372
-497015
675518
839204
495384
-922373
-712206
174167
294336
-735413
664915
597767
-280351
833719
-582783
926621
-146366
583188
136203
883703
-498929
894885
-753131
40166
-627301
621264
836504
-215493
657760
218164
381107
14132
721150
56625
-146665
216534
134252
141130
-609300
-571413
405717
-944386
-973647
-874634
889334
-556429
-948013
-257033
-973241
188191
-373330
-472170
83075
-126460
567996
455774
-505197
404500
-759720
-847438
-377336
621388
166694
-656186
-321988
-979971
560348
812264
161159
951049
-759149
-433124
-993338
-732796
-307758
895997
-289224
-255770
-361036
-262465
932421
265634
265366
15495
-860827
-166638
-528731
-366023
-762139
-288450
-213461
-139474
-667063
953234
204341
10950
973263
-235311
-176786
134421
-284263
64065
701297
-277600
331270
-606461
-381604
-957954
137770
257361
-220419
70190
-477006
-955054
-914315
-337832
-121691
-443046
296145
116170
268504
-917316
976697
601442
-964083
181038
-387608
-990821
945727
435606
143601
-338536
-500329
-155102
383865
830942
238438
-997739
872988
-623793
259622
-347431
446397
782616
-302484
532082
-555216
575825
-910964
740929
-308005
357540
823613
-331308
-41018
859531
849730
571374
868710
795457
6980
12311
-543080
506651
857209
840785
337593
95647
843046
210581
471854
102667
863150
-81749
-114717
-439334
-549668
330068
-863510
-460631
70997
-171514
896909
-105390
497178
-144109
-245860
346908
-572736
-377150
142364
434244
635161
599285
-59105
492370
440070
-721512
-411984
283115
489069
-940131
-614218
352218
-21880
271066
912885
428453
-398866
-950625
967823
672131
-122139
864731
-433260
-624961
-279378
320880
721947
147886
943730
-135689
-417870
578891
-536405
523026
71261
903666
801514
659277
186781
290582
719147
572563
-357200
-302733
-156371
-444316
-874280
444763
-394941
-906458
116893
482921
958274
683634
857960
-321105
4513
579907
826782
-51757
-555783
-591088
-472866
-92187
931938
598395
-188522
733452
257672
998259
24034
-23182
570822
666834
674085
-585549
-777482
799805
859215
-172422
893347
-23892
-689501
851620
-340259
-831542
-469485
664255
748365
-642704
-387502
-807418
-233792
139632
100396
-301854
-261973
911874
-568403
995699
910133
455631
-27484
480955
122465
-353399
895406
344984
-553595
754620
-827438
-660248
-269273
-516939
-808628
390469
-348480
-278112
54723
-600115
79184
667221
-407533
845393
-193147
692864
-456462
544880
604738
-24864
540578
514870
-569233
-486906
-4176
553232
159695
-108770
-101784
606101
-354150
70778
945854
376578
553840
-862774
-232954
-794641
-140886
821769
-394755
938299
488990
197713
783691
-704158
-109424
-672771
840722
-504687
302365
381300
-989817
733133
894395
6008
286364
54090
897238
-815420
-339809
-456912
255359
-393956
919666
-190802
-256729
-313289
14558
602385
-491520
619803
540683
997470
-182485
324374
-706689
708092
651603
-865967
-796596
-46032
515334
-786413
-312900
409728
219595
973465
-536183
116833
-841956
124008
659921
413403
730053
579586
-777399
-526677
-733703
237159
-924292
-225223
-143038
616391
-227753
674478
-59235
65559
382569
-407633
199592
585973
546336
-285074
799561
-766564
-875347
19155
-793100
-411529
-864012
-635055
712480
795909
778349
442533
375495
-999051
915856
641792
238109
991564
-583431
-904929
607955
188816
769549
-451281
-745626
152117
141087
453967
-261911
-312577
-831108
-462350
-79141
-706454
556805
127759
-117982
692794
492705
-405503
488702
271053
-962971
-135804
272003
952886
-494012
-489889
944450
-77443
-394818
552405
-888627
-625269
-898877
-634252
526848
242211
819715
-735063
929634
988608
-197413
-149507
-717846
-640608
978253
164172
-947815
470957
758670
540887
-257991
795700
-594917
-985989
748585
-88928
-475877
693035
833630
129306
245439
945003
504037
346563
-689249
30884
-411227
-869534
295821
-481593
-880927
-901592
368901
-598772
-542200
347153
565400
-490015
-181891
324070
-949129
560118
119769
-544045
574130
-131646
367027
-901747
-438612
200657
227559
806827
145660
-268404
153389
456411
762481
742163
586877
58302
-739430
705951
156710
629471
-892822
614510
-23377
672579
-875506
794733
-3351
-824634
354851
-883583
-368678
-71020
-15228
998350
27234
546160
199006
-745207
352987
-655335
-13611
-493624
801077
-251130
-751462
387953
807172
-490891
93904
-36119
-861421
201083
-421609
115203
-126338
-297115
-90065
870311
-121748
-735214
986729
509574
193767
-28500
507923
-779000
-482340
-293071
-524207
870647
51595
462183
-622978
-147329
-788948
-374439
-759376
-981777
134670
334529
-17895
273250
-464389
560496
-611547
409274
-736619
298389
279584
141633
563175
266313
-348793
-243059
-762187
-840870
-22059
-244527
-133941
453735
-373881
917655
-84082
3142
-229675
126970
628703
10950
145194
-236627
-654522
-872702
-963377
-118911
687795
-574924
-709637
951176
723465
569948
92809
286640
-163740
744016
-956419
74073
903146
21522
829546
-230795
-524743
-544335
-313141
391175
458808
457185
-481855
87511
-531866
663339
850884
-186388
790638
887507
694702
478432
-687417
985065
429608
-963952
555012
-477584
322688
-608729
-733569
366269
465345
-830424
-612209
294891
-61218
-136952
750557
625641
-745777
209364
82825
-227632
-703126
550960
-564293
-852242
-635429
-773656
-964736
-940728
704777
-652153
-955663
134384
-616105
599349
656800
706584
990621
923231
72852
455966
-907193
460644
-249144
31589
-676308
-498588
-342770
-422085
710777
740056
350284
-992350
291015
785991
-844592
655587
-987665
-809327
714860
717112
-461479
759197
-148505
-77584
358546
-491706
-371000
349166
-568476
701852
-194869
-475668
162496
555988
555922
486188
-942601
-786849
-935897
768177
953208
414387
775827
244222
200377
931236
-100192
212713
-878092
-385332
-70176
-339571
-626136
781319
582846
732410
-710388
-788155
81576
-278863
913698
886708
245470
76193
442695
-198609
-437619
500095
14543
-373516
268271
-32250
-959130
44098
-788028
241248
-24667
111781
-546040
97242
726449
383784
757671
-899688
165103
340517
832723
454715
552363
-85702
-824148
466061
-198995
421322
-457747
-756301
-777287
104635
743795
237256
731119
12065
-794995
771990
-943838
-583023
13237
31496
528758
467198
-871263
255207
-149019
886409
355519
-983916
226925
188241
470799
-220712
-897462
646652
-754652
-96456
67974
-212398
147244
290687
892237
-108962
-472057
623355
903104
-267051
395344
959267
149927
-591419
-9238
-321315
875779
119500
933892
-273240
5908
289410
-257156
-767167
-522349
-786357
12121
-419811
860296
257470
483734
-71731
-954929
-369023
-781044
937308
522016
-253100
560663
425119
479849
-43993
384386
-370224
364588
-624853
308461
240367
494648
242352
967128
-499444
-468238
-290028
-266611
9413
-76385
745511
589603
-216090
2980
73337
712180
48052
704314
931137
-14641
226329
-321963
-453978
-348552
-842115
502029
-964167
-212338
-133383
-589019
-903878
-893016
905629
338475
-925889
-593816
870237
-215917
139574
-120350
707699
-114915
-530747
-508391
888066
542590
-796211
-63883
246904
-865074
921476
-526768
-187037
-532502
124681
-29151
969528
160514
758511
-163855
571496
854633
-56871
477125
193108
17241
883310
63344
801325
22883
942995
509023
907969
-587752
-999368
796034
954838
-795579
-267850
201741
-660653
-346374
674974
152310
121124
-200346
-876842
90652
960169
881670
926797
531664
736302
-130075
8789
-70591
887166
-107902
992754
688491
914981
935749
197513
822950
-652004
198146
618983
-697166
402567
-648868
504575
741915
4759
179549
-105775
-874117
979204
17384
216535
939373
-100947
143331
471037
-364645
-986745
-520175
564765
900422
371923
557519
588912
286904
493267
-213575
109853
841264
984571
-271165
-855903
387138
79968
648673
129052
-915273
-171778
-976724
-789390
-192575
40660
427145
-253203
939713
-429524
-782167
-424933
-416268
-302342
-860168
-515847
-930419
697351
-926935
356485
190617
-140509
-533663
31880
-155938
195173
175978
-768801
-724859
-175350
360252
-640131
652872
383529
-429521
-539703
-575812
997625
207094
-636099
-431900
424928
-61031
151832
-877414
78801
635986
-807833
-223849
709052
548652
966769
-431457
-985011
-1351
412605
210163
-825374
643805
485305
-723
4057
845174
-347851
-612415
-584348
112446
-188226
-586723
-680460
175675
-18623
744468
-885356
-866791
867055
193446
769196
-940779
969598
478247
607874
936366
-953211
622863
-64986
459395
-166974
109641
103200
-681670
-891083
-892744
-836497
-238933
-505159
-420844
873513
306615
-7566
-806947
-517710
973812
937522
-403065
-892980
804576
790381
876216
863797
759978
354463
471670
696344
401253
94533
-368642
-139353
927559
740999
963847
-754111
849917
-928897
-590608
-389016
-434056
-11451
-515504
872560
980983
-322450
-645150
954794
-384929
-48214
-938186
-580354
-257834
938031
-716557
-497856
292493
755113
-801512
-306255
-150354
-170154
554393
-222795
-429155
518240
23094
-579238
589343
432487
31747
-844713
-578965
516243
-972153
-597982
-806207
-617302
-643188
-191136
334484
-581374
228510
-923350
-643344
511953
-421205
649150
267066
-222717
-657105
-883288
607130
897288
-106083
-822025
415528
917012
-401262
4871
349498
630485
160158
770534
146728
188006
-827449
340521
570704
-470636
-850615
-94812
-52010
377895
-18162
304647
-110152
560634
-46204
-843086
-662083
296692
-726373
945048
193979
167544
-876978
-390493
84555
-278239
614378
-565947
-647754
-225464
-795414
498974
962543
-622862
-160505
533246
-93498
-11120
-561566
854493
-633225
420273
159139
256624
-19094
-887065
413538
318823
409627
687165
263870
-396394
-145291
386893
213114
939265
-891346
-172509
-626682
-539100
602028
-422096
959875
564570
-44957
-200630
97816
861546
788251
536250
716038
-844975
-43478
-124823
411650
937429
-11887
-174812
256252
-602260
-487647
-479878
1346
367062
907016
-785540
306327
-984331
41951
679645
-523430
-356022
-742451
-563556
-791453
212592
235815
306363
74138
24065
-157387
-209824
179091
799136
665353
-409260
736564
-346534
415929
-7184
51206
928282
512938
-947448
295344
419954
-732988
-398330
435623
308964
-718685
912194
952943
-461136
-651362
-838511
751457
584453
467853
-174406
-391483
-689534
615771
787609
-890399
281123
-621652
846166
934590
794277
-161018
-14205
722559
-648080
38348
17902
771874
305361
619573
207497
-385676
900888
119690
-432734
-560248
468328
-271244
-808791
52780
-803391
16804
661298
-492925
-367426
448906
-383323
913698
827255
-537157
848287
621532
301825
-165918
344090
653745
872430
-638008
425618
177790
981565
-366886
792115
882453
752804
-640620
-677795
221132
88136
-486586
-726089
284745
530219
935210
791821
-837208
384115
-591503
-923511
211370
-128659
924777
-167098
-826835
-241142
-823008
826910
-368712
-461016
252528
809079
-479451
885643
601194
-596998
638446
960574
-274793
-140422
48710
238622
133489
-666545
-231160
68698
-874724
-68368
-547187
-466226
8122
664184
405115
-67101
-502915
578280
691758
-325922
405190
-676955
213062
-342283
-867876
733612
-456641
733318
-863387
-818195
693892
-138180
41383
-257398
-899559
-825128
76057
-130719
243571
201333
800914
696385
735107
-190965
360568
140221
741934
857654
-281499
433691
-468269
-876310
756737
744794
-218592
888862
478405
324767
622180
615018
506573
316071
-523162
-452044
-941327
-422720
-277172
134730
446562
966400
-663937
247475
662784
-928830
-943490
23352
211392
798445
-118995
929893
232136
412737
-946418
-11128
157530
-165010
-122266
-364065
-840243
-500087
-749047
666331
815985
-272209
-785714
874658
305072
-62885
9388
-248367
-96486
345451
999108
-433703
416622
-944382
589650
-371987
854063
-529346
-442095
86198
883392
-388512
-924930
40922
446479
-47195
676857
606237
452718
927810
272567
268703
-344399
486853
143361
960674
-576032
-847251
-287694
327482
498201
-288586
893780
-85178
-232968
483429
542835
-378905
954084
-899260
707293
837475
-287772
782364
-121604
-841294
-264832
-444747
764943
-812114
-516937
37510
456590
138665
-475638
-400050
99338
-51669
-247301
811644
-724188
-749100
-476942
-830409
165722
290090
653020
-291444
911186
607103
-190703
618478
444578
521525
400842
-677027
680231
-863991
-121773
445174
-676105
361290
-517317
780485
-500046
7046
-619565
599292
955377
133135
410936
-768811
384035
933994
-599220
-450244
224084
-946200
258313
135269
660904
-932391
-246253
105481
589135
-845412
428455
269366
-709403
-693319
-285461
-385507
667972
197223
-605022
-832075
-795731
-224587
767217
-840355
908548
178153
-609165
292582
112146
-208385
842339
-663770
-154584
100651
471499
-493681
168261
-774754
611800
-242605
-620166
40255
-973240
-329568
346937
-258700
284925
14908
938523
679903
182833
-857208
-544684
-49950
-697562
-636137
-871798
-306727
656446
240349
484888
498784
576579
-669696
-400565
48078
-163377
767696
273324
-551577
-474909
653159
488678
-448148
-676410
-164386
293152
608516
850523
231675
288419
33355
374467
743735
983406
676905
-892403
-888393
-629823
764043
351957
855066
262826
-71464
-814631
862262
976614
21992
629957
249938
470416
-844952
-96903
-40906
-293100
226687
794709
-999949
-164797
645231
231726
-876379
-321415
-393807
867356
-338009
-716903
974954
-226402
-346726
738997
-874445
-491661
1823
54091
-306291
-135916
30705
715702
-505959
-719357
186117
-350911
183740
-854790
355989
-589573
939919
356041
245630
585149
-412233
369251
-736266
193960
236607
-74275
477058
211560
699324
-869669
-49444
824880
-361329
952379
-121030
332381
-183537
909676
48082
310504
-809682
-765802
959593
374058
-620591
315582
784485
-680672
-328377
30115
904478
259390
-600635
-831789
-546650
635973
93937
930408
-152467
-206739
-939261
798090
-381860
-300590
750469
497111
-968210
-433069
406786
79873
877435
597104
314071
837027
-28838
693481
152609
-244353
-987192
824232
785762
917286
83622
-814873
-914503
536972
821101
179435
467380
-331367
972696
528119
-533278
-409164
-772471
-782810
-912054
-740680
-215879
494733
339193
-338445
91837
-346736
-501418
-937002
-653256
651192
-181354
-640448
475424
-395592
-723163
-440955
-210465
-637665
-903983
-389365
541770
563397
279269
514465
91516
745992
-894699
319045
963182
-806752
578365
-252697
687981
-82443
408859
-220183
570821
907442
-157184
917566
558633
661462
-722883
34056
-734131
-446045
593102
55405
-83710
689119
666041
-541941
252516
-54690
972525
-655969
-308699
-922174
663077
-345518
-728926
241441
401786
959055
-841002
-189356
-261128
729820
-281914
581688
647385
-723281
243150
924503
310775
509020
-521543
-96123
-435575
394748
-407004
-769535
852808
845512
175776
825333
-810457
867077
903159
852620
-478441
-825768
94061
923345
-866713
253060
-266011
-127841
-17121
452075
-546153
-369736
728794
696997
-445234
39569
206016
33224
943447
770441
-572028
-463558
-999094
-719221
-618046
176682
-893888
-428503
43759
-990730
-575883
565318
-816497
518178
488662
-683209
-228763
-777349
188950
754117
674727
642798
-615619
403520
339794
-60852
-556911
-454190
972372
-613465
-683749
-599656
-77022
-682842
-318877
304932
493841
-212765
876430
-462401
-203494
-699453
-897084
-19990
818726
591579
296801
-410038
814230
-514249
-655921
488956
-871452
-271540
-107524
468343
667608
335566
-985848
639980
722102
-669596
-959677
-354921
-352438
-278553
950012
-858598
508683
826442
-320999
-694812
-873012
-218082
285199
945714
-626504
-418001
-464324
-812274
67751
-120245
676683
196300
608216
-430841
-335358
275824
904725
-321205
-84196
626826
9200
-43873
-728095
656762
677575
-778084
798165
186257
-951643
-522834
491446
-824655
259085
-223355
-878941
632581
358645
-343265
820308
-573605
536490
496990
622695
144706
-933852
-712663
-579471
970874
-33867
336334
597700
975333
-707539
869605
632095
970036
-908479
430260
156293
-860122
907426
-352262
-684776
166510
424384
-563717
-200909
-216972
93018
-380602
209423
-370492
-883612
-167882
774215
-817463
119456
-805256
-846590
-914412
531078
751110
-939079
823539
620715
693017
793574
712236
123276
-50133
852115
30701
597606
-832662
-802789
21989
-396378
-3698
805017
696641
615701
14439
-673851
732090
846558
-899637
914628
-33987
-704893
-931963
51602
826186
819148
112524
649724
439863
-194460
443298
152098
928816
-606836
4212
-40483
990770
171551
156728
12758
775174
-846970
-182226
471814
768732
832214
797963
500821
678771
898327
415448
-355216
-806566
483486
696387
-980381
302634
-191090
669344
-257504
614451
112641
894595
543266
505806
-101193
-497217
496575
-929643
659511
-490667
845532
812542
327108
317345
581273
159321
115308
82094
-161908
13635
-502459
482876
207069
981028
179262
226689
283662
988173
-103968
-973842
602623
-991327
920753
145889
514479
-180441
648672
11054
-110083
308183
520387
-264552
120725
-152506
-947207
-298003
-993185
168102
784092
-155093
-818264
-718368
-672218
388806
-737340
507045
-384506
546322
495218
511526
572480
97840
520199
493233
-756271
34678
-687208
892402
-954269
202709
200584
566119
938158
-678692
-586387
990952
23306
-579571
159053
-192603
265336
340790
89030
593119
-270405
351691
100164
345089
-101988
-404619
-143386
-529508
693221
-623187
963726
936951
411492
-723483
829352
457223
479227
29936
23342
417384
351245
436956
408335
-625450
857385
-432612
181948
122721
908178
-729022
-284161
-362228
622669
816003
982862
-479319
-588616
-160524
-8826
-895395
216290
-45101
-958445
-372219
231416
870907
-914996
-289358
-99158
108346
-871974
-747914
-454698
536362
-373363
-597314
-896251
808586
525407
-988073
-920436
-758754
-350300
702233
-942751
-367439
-777086
-531367
472038
214089
-426762
-311673
-831013
-385206
316108
400404
-514300
401112
-888954
386543
-490542
-760928
638630
54760
775434
-734733
457447
879184
-926147
-17146
891112
-846583
224100
-459188
855651
281350
173373
-921436
749984
-354590
292653
-676779
333737
461641
-61985
-350155
-137955
423716
-949044
-26909
-189741
-439586
212163
-551112
615175
-12403
-285844
72621
-133219
-211991
-944525
-242108
-58574
279576
298704
-202924
-439075
-527923
-124359
-689092
117488
-831706
-365870
-548775
629935
572146
101070
-508021
-4139
152026
465070
806121
712441
-322767
-744992
327616
664830
-30835
-599764
-468390
757174
-544289
289503
-301401
735288
-411794
495676
-703788
60283
-628684
-392879
-822229
-460390
241251
-371004
-830455
-186604
730066
-338475
809258
-117908
-873405
615378
-405468
-196171
870387
922148
-531342
-160449
-677616
269
-403275
-221904
-710229
295324
-486617
-122022
-209000
-190404
938262
162316
416717
-883968
701927
-342032
-254972
871473
471365
-524907
-467002
280623
357186
-340406
-103999
951718
463423
-233613
873866
932082
605939
-803750
-67649
-797337
-25653
222122
497988
487730
-899900
-711013
-702674
-961639
451304
714043
-845606
153231
-627989
-100578
24704
843376
374516
557702
123999
-268298
-782704
-980001
-316580
680719
-213614
-442715
612800
-607675
-246464
-454849
-405011
727883
767274
-907024
215613
867374
-618036
512939
905736
833268
226982
-939871
-13501
598993
-40448
-988798
442369
-665932
568905
