217848
-863098
193157
766119
-984662
820326
439489
496216
-569585
-442264
-214101
-504775
42861
-418398
-844986
277631
253020
678122
-713785
458283
-613089
-740600
-872855
-748200
-480187
-11403
701959
422944
150551
-964771
234801
-631601
-827869
-572043
-865483
-812530
-751717
574006
683687
-321302
-868258
-530415
173924
174604
51188
328938
-547766
-695792
7060
-261550
762491
393971
-2149
889637
645771
517665
-121767
347730
-59391
-971216
382959
-824591
-602817
555091
-396634
-468299
742562
-148351
-894293
426248
530348
-762551
895834
-295728
412054
-52978
-966790
864289
251230
40270
-397262
13721
-565759
600590
-96642
-919989
118254
781591
427742
-941138
810376
-189300
-765728
-792441
-634209
-162362
-260740
-891648
689288
-155033
534601
219636
82416
430434
923909
-505530
-622545
957119
-641242
628686
-2612
-38504
-357594
431630
-437914
545764
511642
680341
327355
-60617
739204
137731
750084
973476
345290
-884126
-188887
-915451
-775774
-499599
-70484
758828
720037
-988068
189261
643946
-493598
566717
601064
-134840
195402
-401548
826657
837809
-969919
-611257
383573
541723
-930917
-289072
-518895
808287
848659
-768811
781762
193949
-652937
-407125
278498
-428710
93276
-791986
-669883
-186687
-780053
519379
-542742
-273650
86096
-941678
591511
-718502
-343225
418168
-880694
-313144
806911
502880
-771421
875995
-786192
-290315
684281
-937533
-59126
466043
256416
287938
-941082
-465087
859228
152195
-257072
-810655
965509
-37125
708724
-577234
689225
-205181
-518911
280736
76317
137864
-301097
195624
824721
-494187
-301496
-946701
-618192
-87688
-237015
-933912
-25221
703859
532132
-768806
-8204
591050
-233892
-148976
-256756
509036
40369
-291248
-528089
-250907
131519
-838864
543912
612609
441872
-379771
-249528
-859225
815854
-424807
-353412
-485643
-371508
28397
426670
391478
94485
-598552
95337
-373383
-367357
-912868
-782334
398751
-61843
-39089
-92213
978526
669664
379699
-272381
-198818
540835
-728469
-586210
-17293
-108240
164263
123482
-292386
739456
770071
221972
-632052
-201533
-351359
759426
892953
50090
-145238
-480430
682733
-58105
-262763
81484
880052
698148
989272
858578
367811
368970
-413804
-831007
-90195
-142272
-417217
892513
749489
747047
15994
-542898
486503
-213935
679074
854451
584533
-672285
613877
477486
377805
-531361
997056
60538
410534
-265708
-857979
290586
-567560
-868708
149164
800251
500262
735361
969244
-589933
-406912
-447973
-697421
-657424
-700926
318574
-200321
785577
-895362
-521247
640027
689172
-193532
253904
166657
-815728
722543
163713
244810
133077
898006
386832
-576338
-669555
518124
572827
-869305
18386
308188
-900061
428453
901276
-348033
731032
-756148
-48958
49605
43531
-263382
154244
522284
-623355
-156585
-671249
630549
-989928
-486976
353092
173786
757835
-513832
71791
144667
-90169
402236
-337210
-517343
532932
681177
790845
632872
109629
692121
-715161
-159339
935973
235881
890266
-20496
972500
44510
-498212
-650856
887926
-169460
979694
897999
343565
332785
71784
101399
818953
-856426
-753934
-271217
545811
-91144
211441
78742
-409967
2286
-288386
699662
-305594
-3547
-459678
-369621
-767667
-569412
609884
-795167
475099
-888329
-446023
363024
-57789
-466329
261022
-714225
866456
-667195
387175
685409
-523620
633241
-585808
-977810
-457903
625633
100933
132130
-372082
812547
-168208
322325
-191001
372115
952704
41333
802703
562587
246166
277801
674258
800144
-359175
-383531
-666186
901847
-97756
-799730
-765348
-710582
885679
-288968
922660
-700130
-266777
-535244
925504
834156
596887
-446579
646702
-571322
875746
-544299
800793
828450
497035
603496
391037
-256799
-118704
65294
-456656
522121
681764
-122841
423968
-415993
77430
658620
-126574
-36891
-630348
-203914
262979
102875
260842
188483
-62969
-142271
741904
-416268
286407
617650
39434
87199
446100
-463532
-309305
-162864
279669
571991
902431
823014
94112
584194
-299827
-481920
-831799
777603
-823300
41627
-259289
-453648
837713
-996310
649228
98555
192173
-413742
956285
-65923
169991
242691
-448273
-790576
-670110
997827
-254107
20585
-165038
-974439
-407424
-262608
848576
686689
-678414
-451252
-795231
-510213
-673649
-618531
531415
67063
-72179
369127
70753
-422951
-532318
-737074
163307
-576033
197003
-666703
666658
748730
-457279
996549
746556
288615
17134
-418482
314176
609711
318911
162752
296399
640497
711501
501169
-869717
-962149
882638
661698
104914
-189541
30825
-824333
387508
498508
-561407
-449186
922475
635596
-115888
589133
384326
426834
585681
130882
-284552
-397185
712400
-970377
-787475
31310
192376
508925
-328193
-96124
10093
-197910
-58272
-107270
-536212
-953359
703190
494613
-777691
90697
-6879
-339098
641512
-84405
-703502
-474377
-495273
680824
952457
-909592
-188295
-332096
-306777
-475895
-302472
-94251
555416
889904
-585327
-772778
-206220
424767
29312
735508
-682503
493101
782150
-979314
-12287
-995542
111383
980835
-334640
-247106
-103571
-38142
278518
401157
-357318
230974
491566
454388
898879
-815211
978493
-403594
90538
533908
-513690
505212
761130
280090
-70022
-209558
15597
247475
-716458
-202254
268161
271256
-197795
-620456
252090
467565
132439
-851481
-570577
-589044
549676
72106
641931
41242
-473507
540809
226031
-495015
-862786
-683431
-961107
-376475
821781
800024
903615
-248242
-409535
-80788
999234
-125992
716959
267395
-854737
-480837
646939
397354
986729
-220622
545873
-583849
190335
95549
488257
-167735
-863209
-985250
-626927
362822
-480265
-489712
679391
-441371
133813
501171
-641348
37428
-747071
-50882
956640
-747838
823126
673598
519557
968390
-807239
166496
365744
-820511
945875
-88384
-404360
136209
-992835
-916103
968474
-856044
-901353
-658453
506779
-381617
-148164
186169
177013
985650
-312660
535665
23077
-59730
-515217
-20284
192433
-692092
-346686
-288011
-723702
-153925
878486
642042
25564
824360
-446342
621205
-39432
-439176
705103
-70958
-295219
803751
270590
-788441
-577866
-877575
397729
599147
-891925
-914931
134812
131152
25339
619595
-889132
-782229
927504
-235817
-70239
-796199
610259
-191754
845844
-364177
-367394
-600498
-742973
593175
-39674
962131
-477783
665107
765881
792807
876667
-811985
915233
274395
787162
-976693
359464
-78027
154460
-615197
-458433
265329
-397426
-530929
-970489
532335
-327127
639770
-659419
-481284
-724408
-26812
-81781
-467380
-433638
878545
-505250
88579
543652
-739369
-118614
420319
-551354
-203381
-305286
-764192
-180073
-945822
157781
974387
-561019
699349
239715
41555
-831581
269226
-426110
-158708
-91004
-85528
360009
184588
887660
-721773
717208
-545978
-843228
-788042
542602
700425
-527410
-576013
120744
-78763
220606
815458
157045
-959467
869636
-685174
-985081
-691384
-985825
254635
350172
-817405
-476140
924063
23888
432857
-161466
-616104
-382556
-273806
-337876
-665348
180216
-181103
-453389
-277182
-480678
19202
146805
640066
940439
-632589
455523
97484
-592056
325158
412310
-577136
633775
426486
677499
-16054
609081
-798641
-91992
-367032
634216
746543
16865
-748340
-527264
678989
-413687
652953
-502114
132924
-624230
17208
-847874
522576
-342727
-907436
889988
-887204
190048
-702068
437955
-397642
-279204
71729
-971157
-601705
-944326
637925
-400346
-36317
-729108
-766130
-289775
287758
-514469
182962
-33253
71844
-164085
464633
-795232
211685
-518159
-643106
-265739
139115
-550541
-375751
251911
639508
-77819
-310135
-758135
642978
761594
-729291
-958728
817269
908634
-359073
-219048
-820474
-125202
491178
467284
360329
-325861
-565970
-567827
510054
898663
-363058
-278261
-619496
-6163
456001
519619
443296
-919751
-228471
82803
2431
461395
324669
-354592
222989
595379
-313319
40257
504012
327609
821210
683539
-797593
312387
150822
562736
986527
584853
994910
496581
483516
-368148
-781681
864020
625689
674321
383638
68984
754571
-844833
-848213
-242999
616562
476457
402410
-160450
71835
-910910
879808
-424153
416700
701017
-740615
619107
13403
410208
181843
-71
-4940
176752
-503491
-521424
808604
-285171
-657405
434293
-610850
726234
-496723
-856280
881401
-344936
-99279
497962
-868480
-696870
-662488
203356
-607779
-782681
779203
808921
918336
-961412
428027
-68262
448796
-390131
931668
-556144
786622
-571823
-77567
595226
143007
265028
29518
532157
-8738
532795
675877
-127338
-812141
-423402
-629376
-680620
-120272
-291864
522736
271950
-74544
301939
80870
-156209
340527
-491103
775530
-210677
118767
707198
233179
-94612
-864626
-844389
-499386
278381
420640
530133
-189463
-588098
62927
-513586
284565
250787
63012
655189
570167
942740
-636675
92903
214690
288781
-605159
-704441
-867428
735368
-195543
908102
-475309
923224
615299
757870
-171388
750673
913482
329226
29054
334122
-140642
839591
746024
922286
-673996
30588
173072
389016
-314223
-256761
331756
49103
836143
-453554
-662117
-769017
-157994
-529545
966352
646463
-621443
-508958
569686
993857
-751088
-601702
744529
-837606
727524
-226417
496516
-413118
-386827
242540
-490833
-60822
-726873
682240
-671806
-41095
-574522
659951
-991993
-738380
-793604
-654109
-507396
48402
-183653
-541044
-305136
194904
-50002
-735450
188760
198911
-337152
-66711
361305
-609628
706872
-142180
-22746
-679955
-899641
486421
259224
-626513
168661
587418
332393
594140
247368
340400
855761
453765
686291
-651636
-497834
-497362
-192680
197031
697543
757319
461581
-113698
-43771
-875571
819592
-682466
-485199
526464
175354
492055
846509
275714
-21524
105732
649202
-852864
-306850
-18406
741277
940519
-678006
597037
394283
-991715
945402
896449
-489077
-247278
93479
-791535
-489960
-444940
94768
466270
-320511
-85640
783804
194290
-559177
-40842
-313655
-712668
-765128
664821
393065
884074
811958
-913786
-134332
553234
-973268
187662
150271
421016
195948
95672
317464
706871
848394
-589057
915337
-641567
-33997
10105
824704
645492
924465
608507
-160218
-634713
-432335
526127
-347381
-197463
190948
-954316
-313390
2906
-868102
552279
-443860
-841369
-260059
706411
579647
935889
-197918
-102889
642760
-349525
308054
558096
8909
-725943
-431800
-166387
919550
-507335
-557880
-240669
-142048
9785
-714542
510572
812322
476407
556256
-501068
-520688
688155
-948789
35453
846787
-208848
-258137
426434
-272960
543946
-676456
-630200
-805579
631599
927897
203331
905656
-503904
-963057
825206
-11239
-520937
-415463
846714
488848
-130004
357285
301170
-653598
-86459
800103
-174285
-398304
851314
861168
-551518
-357535
-396969
874916
369506
-853024
-801540
739306
-658603
830059
667202
544729
735715
-836702
581672
560920
152060
-939265
-854544
-1227
549584
15452
-643942
-149247
361855
269600
-349145
-812430
871296
-497832
-951263
-680223
144634
-348231
-805307
-485861
-201254
-606847
-746556
140144
-776788
920647
-315128
958927
-916056
-733457
519846
236004
-672722
665303
-765224
876863
-319245
-409165
-272385
-957391
860435
378471
-769821
731731
880639
-721083
-948492
25272
-69313
-753799
539412
729433
-360645
792856
-130424
-137433
713502
554449
-178507
797447
820992
-658661
33450
-851730
-993359
268227
-974868
-312603
859062
-247252
-269994
719497
-868782
-39814
451227
-988143
239104
502735
37130
-830210
748937
-423459
899224
-611709
-630603
-231201
250858
-917102
-676753
-927649
880345
-855761
-586310
-86205
-707490
-579668
-817979
-682357
107729
-958917
70391
837736
760581
201610
-202078
211808
213468
-962975
-285457
-749403
-793184
-536521
-172862
-893961
-148229
196535
-125161
-897372
279434
198087
-825021
159779
342327
-411330
-926427
634838
9002
-744406
952481
-883269
-703322
22872
954467
-942742
-775518
-247612
269066
437950
-210586
983610
688547
-3769
-552912
-484315
102270
298859
712220
977110
401488
-8347
175197
576468
-848568
-482477
-834863
-774995
-847639
174140
-519400
-895159
290871
-222722
127714
245338
-165463
352196
997726
-896397
-209854
-212860
-912788
-521308
783371
-465699
-5623
-114359
833160
-293403
-137249
234648
698251
-962053
-188885
849683
-444529
-23748
-925313
-292168
-849608
-444712
-187326
441263
332566
940389
-313400
-832897
292585
-315674
-729293
-917270
471467
-642081
-438578
254837
-107780
555800
-859522
-274620
-737603
3229
960028
960648
41177
-228857
810330
596649
747396
885018
-695519
897788
-559695
117156
339050
772872
57544
-974350
939976
-649871
-290024
-789318
-567141
-818558
-431398
-5718
436280
460823
-449919
576759
-813798
-187522
-420013
-853770
-226874
621165
-82627
-416544
217814
-335231
-531526
522296
-437444
-91220
-360549
901607
-318349
696996
927257
-378373
-952876
-362767
-167691
-520016
-181324
400911
474266
-745045
-138267
-975653
831714
47936
-163174
-588299
194167
609952
-967134
-888460
-806593
250680
-223691
-338118
-227024
338865
570662
412427
240471
-747687
109423
167727
-126060
156548
804961
706250
636532
-376364
107160
110797
-121409
968894
135144
-289695
16830
971971
122006
-789004
581922
154873
-677464
775330
-594447
98845
-562789
178529
-562290
-992127
-409044
678181
-739814
700379
-154092
134126
-143074
-349132
-159625
-506543
274505
947536
604255
-846905
916429
-260601
-136599
-66741
-288631
985408
144255
-706709
140280
466792
-931380
545833
-434363
-494168
-275638
3347
-486295
315318
-318472
-226109
15696
527436
908018
872623
-821696
-251608
-633920
452810
-304072
970335
605905
-387643
-290266
-530694
545616
421103
-545287
-310130
714394
594994
-843338
783015
140827
-277701
-711153
865189
725646
-197447
180506
-592827
576445
-803799
934610
484462
-931176
-887086
-767146
-565096
565724
-71218
-594762
171629
541139
114973
640935
86754
-463925
-904352
776625
-749531
690642
933288
-966516
-168532
-344414
-677668
-303344
-618769
124885
877162
-211595
-298671
-926637
-276986
-814209
-857813
-164071
-581355
-422909
-598348
347428
-17670
573282
-111434
-902697
214216
975321
-366622
309865
751946
-116152
506
685233
-82667
831975
-659182
239665
-471369
-277950
-635451
-594207
510455
65879
-520844
-766531
251670
-378656
69398
670316
198436
471051
17743
-819234
44332
906309
-721931
-741452
881630
-88552
568413
633575
795297
-431081
318808
-287371
-599107
659626
952294
-70476
-618324
-683158
335318
892131
382721
814474
-874400
-365609
-564182
194999
-695294
634255
-333951
322449
815022
710382
228758
-906910
968930
110387
4539
537342
-256038
-200165
-893740
-937231
512464
-492846
722396
464758
436679
-895929
781600
-228004
996203
164321
-413530
-878198
798713
22288
316802
-896582
-343457
982852
425868
-528436
693233
-345374
-435345
662162
765014
569194
199504
-491025
-630971
305765
-428255
881494
812920
-705859
346251
249598
-601788
127851
-978407
-605585
-707828
-391937
-483782
-909116
630352
833020
-805697
-713105
815871
620172
-241541
509103
-725203
323115
171265
-960190
-107691
-629231
-451214
261338
676534
120531
142832
489453
414672
-510917
-260950
812885
616934
-239356
-792701
909107
368708
-276483
999992
-940
-443463
-805705
285955
-627593
814467
-955586
881511
-910737
367529
52776
-870926
-740163
423545
-322140
521176
100078
798392
-335993
-410469
213064
153090
328582
25948
-229976
-910774
233248
-320869
457934
956766
-320878
-543006
-486698
-126583
742949
-114290
-312116
787364
-232779
-222853
154892
819997
-93779
414730
243541
584082
-64094
-656381
382473
599913
-66850
-404464
-246997
-738268
621485
523028
-649042
-145267
-797842
808893
-188502
-118719
-734114
324801
754698
-991165
-789490
-557418
796199
-22269
219729
-48909
-202273
-874050
-634179
-958732
710033
301727
-615113
92505
-98360
318038
688042
654644
579771
309527
177672
930729
-835741
379830
739622
-24243
-738889
-994493
-699443
-984191
-985657
-488932
-541609
810542
488799
678120
-238367
-713474
804071
127454
-672206
514103
-570819
-287318
-393392
330822
-969280
-705351
-14535
610491
604177
-836864
541219
768436
542967
280840
-255808
804078
286348
44750
819887
300691
555818
-721723
111233
44616
956398
872867
331143
760469
320
658938
274572
429502
-628381
881180
-239677
-597661
-824171
745789
-987170
780006
908925
554050
548441
451892
-165110
-707367
255970
-878763
337383
75856
421929
-106800
354134
-466839
937817
310532
-593973
268960
71001
406348
-72103
-654428
-164150
299517
-773248
596173
701857
-597418
341962
714687
-817412
250887
268736
731030
-297222
-896375
-976337
958748
-775137
361046
34604
646792
-745754
-611262
-820047
-807938
699271
-414019
461023
-229729
992329
-611081
115844
-171821
688437
342597
-575649
390293
745180
766314
104980
927768
17200
-626285
658798
719979
-522659
682461
678726
-297796
43506
-286670
-651005
297753
102069
-471051
489816
-198661
114930
-49162
571611
107259
339758
-312545
935438
28194
-969948
-640211
-581514
775232
-873898
523466
703000
143302
897182
361797
-136720
-625478
44257
-457994
76726
-912237
255337
425722
385517
-642595
954672
-124668
158744
69601
826170
-269645
-823141
165927
417811
-887704
-805879
447863
-527915
-387393
223094
-401812
-863927
-73907
741491
-966746
-712110
-395230
-592223
332148
146777
484504
419912
-597887
-89774
-194572
-240482
-135103
680760
918263
934498
506930
-351383
-888643
-327143
-933573
-776346
-133022
514291
-304260
479586
-262616
293928
615659
663478
35418
648914
951368
640189
-943310
283516
-213035
541194
-296573
189079
-548581
508855
948597
316316
189615
866859
250814
-303455
-484524
362171
369402
-418096
585826
-763620
-903806
-718435
715966
-166421
575494
331624
-502943
-389088
-19462
-551575
-748900
37228
731941
38066
-421579
-564633
-772856
29840
944223
-824259
-653845
133838
-957401
596970
830383
-441924
-40859
199784
139981
-455034
436165
236175
-173468
152130
-930246
-597975
-516246
-433189
12937
464292
15236
264038
-498481
-252824
-697897
79940
182544
-470753
-890220
126767
-295012
-544064
-739396
-252412
-947095
-909014
305665
12046
290771
-554355
557013
-273065
681821
-616456
879065
751575
-214431
-637181
-681614
798506
827111
333622
62543
-671370
-919202
364647
408571
263343
893895
518351
-609891
-401118
974287
-349286
346471
-972808
-258300
-347865
39239
-967529
97781
-403749
-240594
-220399
-20205
-361529
-468824
765364
1291
-150438
563870
-171599
-816816
-373587
157032
-736018
991060
-434398
527326
884955
-916048
917435
-516163
-941761
-431852
830308
-914569
309849
-517557
124670
342321
580225
720922
-898273
-640175
-299284
-259802
-108998
-533920
741490
740564
-970050
-430109
923748
-343637
726923
-812270
-352577
-707476
715056
-467623
-623523
632491
16215
-565284
-799361
-153478
-479852
510488
328966
644818
-147192
-90810
365740
-45465
269016
-933545
694734
-839983
-467465
436224
900582
-437514
-993886
824330
218849
733037
-987941
866273
-974439
727116
-601350
-597962
359606
414865
-163246
560245
-738613
356902
70733
590353
1720
923542
-500457
-632541
-121923
768559
-566085
-427189
928577
-33549
-990966
829158
528937
-984852
653488
-252215
748186
665547
-385942
773747
392663
12709
-824216
-247732
-572427
12539
-687487
-311040
-630559
383247
-720687
371161
306789
-221143
738621
-815135
-452584
-827465
-242323
-524008
138986
-233289
-694850
-332078
-218140
958638
415708
-469954
624185
-970234
-696207
16847
42475
-520423
769116
470048
492117
-918371
-840992
861558
464877
-561678
232719
-228335
217179
-28660
-43469
764596
143876
714209
-759412
-717139
-519080
-454262
-49216
262781
-495624
-633508
792827
-871439
-603742
-903381
145409
438733
-423803
-85476
-91219
-931687
-3846
67789
929872
-538969
506112
162591
232696
-276709
-866070
-810773
-512114
277806
903437
-271526
560668
-615644
274213
-488548
647137
778590
-122056
439963
907151
274202
536583
52560
-287065
-887221
967084
621716
-818907
-36762
-310495
-889035
424269
-804384
273557
-343035
-81092
407487
-153807
406795
-314707
-250371
-864731
-754039
133985
409483
-242587
-218878
188072
635358
-778915
95223
-90440
757668
-852218
622495
870448
-885134
244211
-948459
78105
933716
-837493
-497627
-870668
436064
159339
48241
-156449
-994468
-544965
528844
-244839
-409696
774806
889147
999787
-467781
-329731
187859
-832424
-108646
-716918
77136
-350978
-569135
-300369
-480530
-454268
943842
-428988
623837
877558
-266481
-873790
-993111
-830418
285549
55130
13133
291082
510166
-458023
-953758
-899531
-683218
935390
-899744
-150999
-394342
288116
16578
497013
571198
-906287
-853966
-997938
-206655
-334495
-452206
-262814
236517
-828369
-385257
970036
-702159
-378367
-860382
583391
676764
152751
-125528
186929
694729
-79285
287399
-988489
-143896
387655
-139488
461762
-324230
877091
-41225
-753032
970805
104810
-750969
-235851
770315
-203175
501336
6831
-31543
-883922
-23133
266298
-262288
116485
-150312
-585525
-730764
724161
601405
963965
-355125
-111197
975476
500979
-723542
-164012
-37259
-47771
-286921
921516
199197
-316117
26325
448228
448032
-203360
-754947
-50633
803471
213510
65446
-219663
-520192
803158
896823
329497
-782367
-833942
53657
819038
-869977
698532
-292159
-894501
199510
-15701
-58512
-837749
936528
654567
-916233
135725
-661551
110092
-416047
786482
906732
-170993
-264152
710203
-957483
801295
-509460
-477675
604453
-612638
851822
822086
-446579
-94522
641124
-316555
-395991
-651036
-211055
803520
333263
730433
965772
269791
385000
-950462
-594484
723450
159630
-10531
509931
66362
818477
-754221
-223435
860994
-952927
267105
-616681
651526
654468
-764859
473612
-792111
140619
114735
-108665
744629
463699
680280
548149
-203038
410713
513920
-933247
-204288
563458
-527731
-480838
-276912
461739
-970908
789451
280216
-725128
-433985
141210
-678054
833121
524529
973473
487589
759670
447084
695478
-99711
-438181
-413188
-355082
-974482
-732908
-806933
-177520
677805
706988
-110766
-526484
270446
361504
-7322
993535
-176757
21771
782986
-896542
296644
-651000
244668
618590
-817879
-230803
592062
669710
-471133
39146
365188
429157
600965
952001
-925925
626483
-780908
-732857
-551037
896897
974131
338198
-629587
244576
-300299
363092
238111
522944
-615138
21096
626403
681507
370097
-128929
300096
552218
640268
-107842
221928
-830865
931304
-412884
598292
532269
-460884
672368
158752
-241792
939511
607715
-344896
913641
-54087
25517
158217
645614
-611391
-603673
168558
-226528
417424
-205039
-545022
-212480
666032
755074
-660262
306300
-352769
561667
475435
-421465
-851218
73727
-889197
-312102
-253906
269555
446106
-314396
-122730
-898790
-400755
823183
126728
757463
468797
515337
-846210
-362645
-711192
571214
432316
-256214
-641266
98347
-501140
-301528
-595353
146092
-739861
880082
724627
-591079
-46191
835430
96819
699904
104985
-457075
-614493
982255
-355865
-15247
805438
770864
-257785
274234
286200
-103995
911589
575009
-532781
343905
-681205
-174047
-557748
-182345
524426
-153101
963747
784565
-273019
688374
-806515
680790
523804
290305
380694
-371212
833230
766202
-388957
-522635
-249046
-583520
-751771
493170
690715
534429
-610825
602304
109437
-143606
-53792
428232
682347
388460
-754113
206772
-764641
-790366
-8663
-37660
898008
184822
-356870
421811
-524874
-976177
-949401
-691644
790026
-338358
-214278
-459021
78123
33951
-965851
-231163
-431620
-576676
-628859
677818
279718
317349
106050
-37935
-294191
351937
-831164
-58831
561571
160173
903509
459579
-655005
-453361
-118611
-179878
-429537
-68011
128479
-639512
593632
914202
-98532
-328246
-51847
-64383
440592
516533
358941
811734
194350
-361341
129083
-699601
600724
834892
652337
769561
-223940
213908
-70266
-320431
-326514
274729
226209
554876
-905149
796673
-513136
223330
-842839
-919505
137531
58630
-247750
-914317
994248
-807158
602217
353189
-995425
-203433
991848
133658
96967
592571
-31450
-250697
362131
744611
963211
-708135
-575821
-363304
566594
650389
-808429
661445
447062
-321564
-115225
604223
-241068
-977694
-337148
511182
-892011
-342900
704024
710207
-989712
708600
-493227
-997865
-157743
603740
594707
810807
-646958
-43163
555417
-683747
248702
979597
-47050
-184704
629986
144521
-523259
77047
822958
361516
-318731
-418111
383823
344122
-906930
491812
-998779
797095
202019
-988490
505694
708792
-986355
-652050
312531
608352
-841243
665574
-434811
714174
981827
813892
693771
-65224
-370812
323756
-920703
105929
-599198
902255
-532555
82072
-515856
851268
-573806
-422786
343080
-572584
-625691
-454902
-561074
880003
-746110
-547428
-772047
566421
-939077
-613289
231995
-373887
-899115
213822
-559996
794656
-851403
69192
118412
-772105
-824879
519214
-869850
-357434
-398714
-385706
-506166
27481
191509
836914
454897
565818
-617988
893824
445821
-364098
-653605
673775
-797677
-592681
-939515
434318
33432
-838630
-351861
473437
956027
-203263
-457371
74438
24632
-282250
-406348
154783
360317
194938
769077
854152
-777581
-39414
691066
677317
-473597
-926923
571140
972225
-291020
917536
645999
-88697
-675145
706485
-654380
358288
867856
-6240
-168276
823882
790498
374354
-101680
-184870
-907896
491972
969913
452421
-313090
738990
306573
-90671
-300425
-2362
-413354
225978
70716
-842215
198202
779696
-924679
-155799
-309002
-599824
-449315
36619
758465
-581459
-969621
-409812
-757577
820877
964542
140743
-363994
-943355
-367285
-394082
509067
319625
-655093
-184360
-771046
44482
813278
-184400
-729540
-116007
-26614
468663
-336311
48708
-687137
354687
448885
-136451
-608694
207349
282091
-578315
797538
524514
-757438
762079
-334744
-121432
818725
297971
484487
327792
-382404
829395
-856569
-153449
-126123
956710
662152
144337
-159297
-364462
-387000
504392
684246
-74136
-140921
133130
789414
250385
-659521
71504
672071
-861984
-403983
914633
900096
261274
-206799
718821
-440755
-722312
46612
176841
-892918
190044
-976608
-19041
146754
685544
-874704
987457
-678919
-261704
491848
-994673
664161
-649073
138458
453574
601312
478937
-474923
273383
616953
121094
188016
517048
-617633
981218
235868
-58387
-741095
-717520
-881547
-634013
472525
-858154
346947
-380722
827390
472244
-393265
-851529
-789460
-901417
-846201
874701
-550490
292257
328274
-949179
-228807
853352
324205
-611854
-25555
-487780
905195
356813
-506563
141063
-701575
-247658
423543
-583121
118330
-103932
-441275
-534723
515347
-613885
937522
-877919
-465413
-851939
-779336
-311613
-977238
-329826
980644
351036
-279004
-248163
204387
-954800
139984
-821168
-442579
45178
535646
50858
-813760
834072
803201
609784
-749049
-78469
-494149
-190323
386809
-978802
195793
324330
-856721
730381
472392
-636057
-581233
495154
34118
-600589
-153810
755115
151248
-949423
800315
-708769
-770590
-642264
336410
765057
408595
522650
599129
211795
132434
850080
-866674
638286
-340244
520136
659484
855550
-155534
802763
585930
-683143
-833294
-995304
812012
200825
-595893
-341798
-44061
555356
-291220
-243747
846588
-61809
113990
182998
-296753
-477416
-294353
-697625
734380
838082
-847545
867706
476367
-187789
387841
135851
-332239
-767694
-61387
-746310
-450836
105320
-741613
-638824
-693856
-337505
19378
262083
-782149
728158
-981664
-935562
-333651
132326
247436
369596
654910
953084
671972
389289
791166
824427
256995
267532
-363363
-355164
-596618
304399
-122857
341996
558089
426307
-552685
816476
787484
-246540
-521030
-193139
-984458
-303178
-464981
-966121
-238740
201368
166205
-991304
-429036
-178885
961781
-757065
-789596
752946
-932639
467399
20478
-296001
-887766
423860
-991603
-10622
-234144
566486
-584315
213172
382962
-796832
966632
861933
10029
982175
-441246
545049
-983947
320015
-253583
182259
328711
317381
-996626
290492
560316
-786222
43437
627678
681177
-936086
-668324
793412
487775
-659927
-217211
-746370
906560
198474
466803
289521
401643
433434
151454
-588329
415609
710208
956721
431663
30223
-296863
-386079
-641067
-979482
-382705
649425
580835
-168927
-307138
208512
-487750
-243224
540188
-694338
-755449
880261
88452
-501818
786821
-713075
964985
76342
688568
398418
-772205
-899761
-185974
938004
-943040
-754312
-31774
-239902
-140390
327160
-219384
476906
-23415
-638550
-692021
669447
569962
-179771
-573777
110150
125892
-329226
-9590
-785657
168956
-222769
-498731
133940
853573
-810163
-467642
-918633
-709924
346385
-980630
-652963
592074
-12403
107135
-548317
-685244
887751
928589
291341
-750799
-763432
-39212
819164
56798
387011
-70687
-817311
-942215
919724
-602968
226741
-303046
-101699
-639319
-449474
88139
-106961
-368106
378215
-760576
-348735
725253
831498
638862
-167613
-716820
953619
-279862
-788231
244959
-30661
-551663
-794254
-211497
505136
592758
717816
687825
650543
637539
-915143
-122716
-665508
-16841
237965
-114981
-928703
-868996
516914
449513
-629572
-831822
174765
-798075
807041
-992849
-514894
760659
-272710
-303124
5617
696630
145214
211364
-514868
-349651
-195879
-797053
-661827
-545336
840486
-576970
331948
-825022
406190
-430088
59998
477487
-299083
-423089
-73001
71346
-254911
-898237
273272
-447871
-891085
758378
-687212
-163795
-544746
318406
-467165
600468
-470231
17967
-749183
333891
220915
-411010
788555
61401
12021
120502
236379
-581790
690415
-703623
895698
-608668
-126712
-177304
462678
618378
-75540
-264051
-829493
33376
-505673
-516705
869582
-50419
801701
-597584
-449951
-668530
420383
-199134
665362
-358702
389857
453916
702699
-598122
-425582
-60922
-179911
-735167
235455
-284214
-343835
-891257
538483
-881158
727121
-537058
-145208
897628
496319
349119
-619077
365900
-701300
-817376
768316
-151251
-485906
188699
649616
-820545
829997
39472
633372
532695
441351
-792210
-528227
-738561
-527377
707228
-22775
128788
815971
-484292
247631
543092
-21349
-897578
440719
-525031
451542
821643
840869
750242
-995734
609184
-401009
-481640
-202117
-751394
-302184
-372121
288079
-668813
-839426
-270571
-461023
-367653
-9132
11601
-660426
968094
-859611
-844455
-516199
388020
698637
462452
490443
139356
937421
-58015
-39001
778290
-307774
-34735
387473
291218
483626
-814645
539824
-818559
-186765
-172097
-487371
-26191
557332
51607
606156
-451800
-936793
945731
-483706
-796404
-898724
96
591617
799913
-537452
82060
-60731
-600032
-975956
900268
-821742
-283730
-134468
565731
-992513
-650842
751087
547312
-469401
-435679
-624786
43228
538131
932547
-905165
144287
-519253
-841958
90017
-2959
-638362
191293
997137
953256
-8794
-540316
35315
930476
-140347
59359
830743
37911
775630
-303725
-396358
783118
45433
-645271
330429
576033
-80949
705644
-380739
-542819
638191
-285904
601468
-881063
-127862
-308515
115979
233777
882779
113115
187032
-126016
572800
-777653
-195540
-567547
281706
-364798
470365
57335
331478
-925993
-159548
-623089
-571264
-829119
952944
347787
876525
-427796
804969
514716
286301
406436
633653
-841561
-902079
-250369
392216
980700
862747
-420752
-145316
435546
-198404
659144
868000
-916699
-705654
338364
140637
625824
412371
981090
-997266
841108
-848029
955679
188895
-971504
-472117
-6137
543212
814184
-599701
176865
972623
-501780
926496
364839
-521081
789242
944088
333603
224788
-254317
-7253
92788
-171015
287093
-568848
969623
-87083
843524
950713
-84349
684631
-897317
-128670
-126475
-868820
399213
867388
674392
213396
-732313
-148744
186019
-234093
-222248
-449143
244826
-433006
-505055
-421571
791783
240629
571176
-115430
-930386
-141731
315722
-960763
771186
159245
989950
-313163
-156124
-907367
558167
717402
-776186
-42621
584790
898206
-829225
852477
-250538
356794
-381617
527215
907652
863210
-905792
-597404
-558361
885991
643226
-987186
-229439
712840
-128916
-913717
752077
-357731
245528
742027
329107
-910596
834660
-112727
806806
-941526
844652
391595
956680
-984573
244072
-293858
372221
862455
-766643
279872
725665
-672435
682469
-832697
-786444
325695
-819882
-15883
38534
51202
70400
-209389
693472
-684072
-467363
22578
-594667
-632703
909851
-787861
-574229
754503
603735
-617549
769930
-152194
88594
142151
-289739
321951
-577977
-564075
649517
-895508
-396772
863073
430187
-216654
-152810
-531279
834548
917591
259332
528020
-766481
791970
-449403
-361148
-840733
-539552
-149009
-414961
-785049
-545274
-32509
984882
302532
-943915
127032
-987208
378037
549056
-551283
27553
653548
51946
-109374
83734
835292
737816
552455
669840
655407
-188213
197859
888926
-396243
748457
-472222
-236975
-791095
378770
348065
-576144
833496
-684445
-591262
136027
-628359
535771
148820
749678
84826
597538
-222770
-261627
-350517
667856
822108
-515225
405672
374563
-845386
61078
-813651
352474
-49997
-209893
100930
477781
553133
309835
-143450
-98803
733692
-309954
216753
-857571
826073
588394
678200
-25107
338071
-236975
-427570
-884699
501399
221914
783157
323506
706689
188828
-301932
861303
-750094
-115582
213776
199909
674526
-685294
-322310
227658
624541
534241
-871146
358232
-775714
345607
500661
-949642
-65999
178861
25252
-727929
941886
597682
-612627
443284
-180405
-829471
-233210
-473717
359358
464858
-612414
609264
-650724
601362
-190827
-976199
916069
486863
251460
540609
21103
380314
-101159
245389
-274079
-600499
295748
659922
578362
-679000
931994
520248
918682
-680634
-36468
-261723
-510104
730322
264561
849255
195180
652147
458519
544457
253509
-732308
568259
169577
754555
-180282
-289814
-224342
-799968
609027
-978953
-74047
-991472
316796
-414125
586890
637796
-482131
107138
556478
-162764
-929331
-705246
327133
800991
559316
176387
-3829
211462
-365094
-459373
-535029
-97402
-891115
634549
-342847
-71397
-655266
432812
128635
953761
453859
-945412
962289
-229345
-359536
549179
-591550
158334
-343684
964929
995570
-273015
-740318
322702
-472024
818999
-500911
524147
30460
133996
-935227
495432
-963406
-826341
129980
-306253
102262
474714
-873441
-769103
428474
580418
-714514
390763
-648927
-74050
-60059
-240477
-915716
596257
-275549
-920147
-676758
-15866
402556
-148782
-196868
901646
-624635
833593
35641
-559861
329025
72236
-386202
-540996
765983
716061
933718
892542
946959
362192
472960
-767556
-247046
824033
158395
692895
-416444
242679
289152
308008
322533
612394
-707859
-274911
-536388
95274
-373266
-161022
-71133
662376
279117
-742109
-265389
892916
-283104
-499406
608977
-349386
-606864
555935
-987195
866097
788380
-234240
690130
-53226
-541345
-726315
-810547
747808
581694
511987
360201
873835
-762925
823814
-30891
-136190
-337209
897977
-473815
941909
-844132
260797
834825
-127236
761392
443802
523378
-845473
-264
536184
-979376
-211884
-698057
710754
734891
-239401
984440
924344
-491594
566133
436331
868608
439968
673406
692421
-590923
-462785
-644788
-692947
63401
-702879
-537079
-675802
-868054
335685
-914411
575748
-140938
-759883
-424516
-604754
-739258
363600
-302811
971496
98490
457788
955935
22834
966195
522068
-540836
834802
-37965
-867430
527222
371112
-330214
882435
678166
733188
-820445
-858914
-942615
-688498
476772
-857026
887250
-664166
-616908
-537266
-268920
-356166
826334
428269
-384670
-75176
-113943
-428735
947659
-147749
-906668
-593178
-312948
55368
-460607
-785726
-573521
209179
-903292
-895355
-57634
-723736
-754269
-248
-412234
722504
142727
-524984
-941663
525819
-62250
-210583
-830347
-235916
-782314
-215017
688908
103744
356248
636566
955996
449580
-956612
-356952
-495053
-417218
-142677
-68573
791962
-45968
36072
-265672
230296
281804
734080
818063
4307
-123194
-706921
62644
-597375
230830
852062
-427722
994914
-930252
357261
683822
173493
-286492
320388
129488
-836912
363777
772537
-331964
946559
-370141
599463
738521
583891
-364465
-527152
-185813
917339
-793073
-367750
-78355
83734
-74671
984290
486360
-843842
836352
-941363
-848928
906101
415898
834894
79593
-870594
155282
-790920
-707505
-480942
981617
-39469
-534383
-388524
-440007
-795863
-804634
195529
-323014
9553
112867
-116086
641804
-965488
967648
-432868
-981198
454007
-276709
855155
512645
-125636
761255
-71457
-290742
-159153
57950
864540
49928
350445
-616402
31545
-689025
-150785
643021
-129031
53353
838388
-933503
730339
-152059
179365
-385748
-510256
213878
-418100
56876
232680
-964093
780168
87834
548553
-345469
-150911
-522905
363789
689937
535045
228329
-260136
-114511
611927
771410
196465
-538858
414431
-932566
514496
252818
-866068
244835
-899242
313297
859088
-409498
-472826
-559012
647379
759855
-523105
427547
-152311
-974553
-917923
696778
-497457
445867
386714
-962413
-325804
-873422
-76923
-713877
897988
-880458
-252734
312418
-813024
-738239
-434764
-679092
506597
-334006
634206
365684
256497
-838621
806672
-96124
921235
-716433
-668578
-231077
-690985
-586501
-534299
-188442
859367
852415
-150854
-466437
978994
772223
-180314
876981
891765
566952
189399
-921259
828714
754635
-600351
335310
-579371
-966145
-299007
677127
-804765
-492336
-418998
-883531
-208768
-87576
-114607
100247
325924
351094
911806
185291
203509
-239049
718854
182502
-466826
-461461
59483
-575061
-894510
-751119
-496320
934205
-996484
-96670
269514
-575854
-62815
970507
-898728
132420
-521829
-317726
248889
269404
594698
-865719
-630350
-79378
485376
-718545
-894088
-311116
42407
824766
871386
575581
-636696
-69132
-999481
-531205
179750
-495801
-597001
183266
407530
672514
607413
-655286
643020
708685
477134
-878809
-609042
-273977
390595
985657
-139695
760246
-93722
-654319
-958300
12190
34565
84108
-163045
-94050
-340312
200260
836819
-339792
669056
16568
164407
-927945
-800166
-428064
744569
807248
-83349
387589
515932
-606215
508780
906891
119809
-100625
892548
980115
-340380
-201175
-674205
-298679
811016
360360
785429
-352029
-733690
-554884
848232
-896872
105324
517287
119697
-730269
589343
319532
-158332
333911
126779
758320
-278501
-357289
-847896
-769721
-450399
271913
129654
-557852
252027
789274
240974
577822
-509406
51990
-61818
-723977
699961
204492
-278860
548192
307621
826465
65479
-572682
-903805
-345179
746851
-62136
988733
-126370
-303817
-289769
516341
-151713
-59489
-934058
-879800
-929836
-491910
372228
859439
749065
-49951
-649967
-198946
888231
-373944
-498985
92723
347196
-950793
-599657
173660
114686
-172338
269856
769508
-425488
-792281
758240
448142
-96097
-531529
-35517
752191
408982
30425
872391
479146
538515
244618
338585
287580
-805333
688618
-911366
-917102
-685327
-410351
175621
661870
-361144
575965
-164471
753543
-596373
-894615
523051
-21861
-686895
281290
-573719
217008
749762
390764
-30802
158743
-578812
-158411
-362111
959704
-913794
976474
247284
-719126
665091
335918
-636227
979765
925567
539394
641635
-435577
115359
-522836
-682035
518987
-417451
841016
-502874
-104346
122306
-76593
-887339
-127933
-685829
81860
-969190
-264640
923449
-331300
-304937
-990345
-354827
942348
-709471
-689736
278265
-345698
-709971
203832
-806304
931664
768255
309056
-591173
-913780
-171957
-8624
927237
325169
887031
49542
-751424
999692
921610
-437253
81552
952421
298107
5000
-378880
993171
14655
266294
935518
305185
576559
213782
959488
866589
-582387
-846816
798252
-814132
462241
-792921
-727912
-709717
198456
-800676
615452
85486
248867
864028
85178
170477
-573225
-833271
122898
724882
171730
744018
718053
-813616
10312
653570
491570
-413130
-132648
451057
-546541
284966
604241
-748290
470834
66481
-541210
742923
356765
657247
942248
-27784
-257268
191114
-163756
827911
-638409
263019
994641
484489
-12100
166370
228506
-294047
352755
-761182
-640478
-155676
-174311
226875
-704620
279148
-488159
899622
530859
982676
-33897
989650
725598
-677133
646896
667845
295084
-610372
-141041
-868673
-782462
220550
394346
-787821
-294962
-617754
378549
933545
88199
-268697
-827637
447722
575628
-1948
-325403
871009
-722800
186438
770631
808059
169113
-263267
797708
-105289
59601
444603
-437444
-645316
834231
421515
-513988
-948231
-357935
880358
-736052
347103
-737396
642498
280648
350803
-626199
453011
-201475
949429
-548938
473122
820437
-271738
-340441
591067
-463679
828673
-672200
-665972
-276616
387402
778632
285940
742087
612863
-292546
-771902
664632
349519
-891544
928581
-303378
-628940
571078
977270
721864
944879
430281
-479612
894308
881343
993510
714744
-390395
-346931
305811
145927
-518258
633612
479956
205126
21013
258587
-508935
-236901
-128550
198520
-8803
-463919
-451961
99654
-535338
244661
470714
-964261
221931
192577
980619
-347789
712966
874926
-466446
706475
589670
143160
-640456
-104519
-710914
-158714
-470908
769042
-953589
550106
27629
-462523
-686796
899079
735998
304402
-564840
-715964
-595945
-100178
528698
874770
-64438
-249371
67347
-83819
402841
-219688
-208893
936395
-513213
-619223
79555
-153669
276258
368641
687618
805351
137683
734030
355457
-834689
-728494
668661
-935610
-992497
-26937
-500449
-708460
377119
399374
820239
251888
-665065
-429133
-680766
251117
973708
99547
-957777
910103
586334
-577000
-10343
-567336
699259
-641702
-879718
504610
495982
854312
-139934
661294
-874182
-471273
725684
-866678
501790
-774765
-575138
-121091
624609
-754900
-869203
959544
-184032
-549969
210661
-210325
549578
252885
-300222
135912
675885
689436
568576
375144
-952266
688858
-120247
543716
543170
739820
205009
668988
-731454
-69307
802310
770337
155928
-772828
-350755
-219464
-527727
-219957
-259920
288241
230075
950742
-922084
-220348
203626
-222305
915565
-120489
-532870
484140
-745346
-485136
172998
134408
-941420
-283832
-125772
263590
-614845
142774
-805718
-812535
-86889
350211
-585363
562357
-869253
-113089
-657601
-129172
-824849
572474
-178431
-746932
-647874
-974805
30763
-732310
-95294
497893
751831
159361
-987243
-75171
-706232
-928663
640997
167996
334927
-973848
-689230
529210
-786383
223881
-120579
-371745
-213762
10168
515166
128637
880997
690318
-298890
-297435
943386
53237
-272239
-25851
320927
632467
-527958
72757
-208173
-515201
997587
85596
-443863
638583
-746408
891065
664735
-435637
420274
878353
788245
-700306
-493392
-425518
309863
-978226
703119
190859
712092
-595771
893425
655478
457466
-378815
-370374
-221608
-746348
101668
851150
45479
586468
848736
-868925
-857396
487319
-615332
-966332
152054
-50969
453943
30406
-262725
753637
537014
311757
63500
558788
14876
-745642
270880
419105
-852217
-73643
-123429
-231031
555984
654963
22621
-342348
506113
-931900
-755881
354849
-800824
-613276
-157833
-416156
-579607
994221
532876
874336
24627
-729850
627973
-438359
581908
-308528
-879571
-403216
-54169
391310
-984111
93614
-682334
-107540
862584
873651
-452577
-114796
-468698
-946464
-46695
-224578
408385
152481
162147
-749448
736325
582540
-755227
269200
456875
269400
539351
84847
831042
121259
776320
951471
718044
-277850
342780
733933
815765
660447
-373608
678348
534098
173816
-436448
-934600
227352
516857
-159178
-364264
-330662
-997031
-113711
-594338
585509
131062
674863
42383
-599539
214214
-872770
-768498
-664527
903550
-817027
-946484
-374300
525754
787450
-558535
186200
-586158
-880187
-279703
587658
-316635
-214302
-184990
-799778
626521
450747
-130440
629490
-662965
275223
214998
468097
-49914
-742619
868558
-835700
-615389
-899940
-500227
-711839
-716966
-446710
-86138
808788
-659261
355327
-5012
-245418
475140
715286
-657761
-841495
-499017
157250
-641272
-872497
-392004
228289
756993
-54969
-496488
-28010
-586873
453599
229372
-718315
617899
613983
-618255
-882328
902145
-335221
-329038
-183994
-526433
11702
-828667
468555
766284
646474
183840
-891477
804980
684823
265773
-836293
812326
873769
391997
569319
-181200
895509
-458692
231927
349107
770680
513612
-32994
384663
895358
84678
286808
-439863
755641
-897186
33704
-232658
-725853
-497742
-466374
920622
686098
-357850
725601
370920
907923
889309
183246
781692
281305
-247436
-399509
176814
293873
832419
-474079
64553
346030
492927
-550784
241388
-422395
736024
801525
-666755
838839
-164772
100587
-887015
337487
634214
-966394
23584
-723637
759208
-605496
-815714
648516
577751
965979
-70179
-669685
-433530
-893366
624188
-601112
-367444
-311259
744919
-874517
137957
-13694
-296912
-126019
-212170
36334
-287181
623059
-863079
-174195
-39455
771135
-140588
984130
-952503
-381381
-621367
-768216
-732865
956385
-802238
196956
-713301
-235768
303591
910887
163120
936148
-400372
-91961
-938370
737585
894345
-235281
-388434
-317825
801053
324386
-694767
937974
-849810
265779
709109
9603
249908
756607
628223
628541
988391
895358
584925
-813848
92314
871624
-49615
-604095
782511
-886495
-667948
-617862
21544
-606317
-880277
-84111
158403
-268711
598064
-40544
-944325
903297
-102570
-794134
169075
-393462
215469
-581018
-636856
-156308
-952477
-648466
-260951
632449
-462313
831364
504073
488073
-772732
286583
601578
-440679
668722
-376878
-46995
788446
539011
-888593
-480265
137074
70863
-424590
40371
968293
-218724
-790554
-425169
996746
-371571
-62025
-159563
-324048
289510
579487
-691599
827198
410850
812474
315270
638119
99057
-83152
-802560
-232221
539970
150445
-443776
78980
261853
75959
-783947
-667285
651369
256425
-698992
-567356
465871
-124161
-570610
-905701
813814
269827
-229748
103324
-150687
78654
-69479
-739837
-108873
-754209
898282
990185
162639
-904278
-242037
-297391
246167
314187
781589
-491981
-609854
997643
-159265
-958486
254067
141743
-525841
-280062
-982418
-96451
-185763
831396
-826624
584490
-65280
22689
-336857
865242
282852
554271
-888968
181134
544456
