788643
257286
-791808
951704
342941
15209
-968716
-569065
-530262
-617338
-138401
95955
-969754
-923814
-950360
843738
40920
295540
-816720
42488
80624
-739197
-886189
927452
-231948
731385
-242837
322163
14934
122720
329719
-196424
-619995
537911
-244720
722946
-446880
-213436
-846119
22858
169227
15480
-881187
199474
91667
-831546
43212
-867413
463994
226492
175075
-455382
487296
288887
-527930
-744652
20271
229233
577512
-964795
-648048
-92770
-161219
-268042
-554859
594062
-545096
-1739
-619375
-391214
-978881
549853
624267
-860068
-250674
-284067
-691613
792538
-151480
772381
19030
-976405
-683001
-493675
312482
-210931
-238327
-667247
-981698
-660815
-632042
-629745
246415
206740
102214
691557
-199199
557119
-310183
181427
-834096
-289063
-268721
790172
-149130
480605
-493895
159257
273143
354626
-68362
-707828
378221
248638
-201502
-309298
-962293
560172
23456
-943990
899357
391414
-573735
145771
-401846
528480
-162672
398955
85598
527145
-419619
251503
-761918
311661
41674
88952
-207734
547780
-751791
-934592
-97595
179848
-642420
-719375
-571515
156079
-28672
-533807
-283750
994784
-477797
-384394
386198
-51531
761377
984352
-523052
-401295
383307
562547
-874151
963689
-185951
-636068
275349
855724
452885
-932385
403503
701095
-866977
-694093
-119058
-509396
-413467
309427
646683
557862
775621
-637068
552646
-702177
-21462
-61156
246292
-260085
-76804
723241
338620
-693498
285787
464470
-729809
-900164
828403
545540
955560
281287
613156
359063
-17619
746179
664971
863324
-763217
-748496
172751
883467
809366
-51629
-753602
362012
246194
224937
-699145
-507514
964853
224051
-784274
303472
530554
501513
-232058
800745
601350
-403656
346285
556909
877632
-40560
-84028
-139987
-294381
-419058
-276664
-57598
-167554
896087
-174132
-358188
-155543
72267
-996177
-909350
-702797
-695321
-416863
-737945
528731
-201137
565528
59284
-699624
-666530
-139971
901726
-70185
-793687
458635
-192554
165754
-625394
667460
871373
-44451
-609205
-186225
787995
-713119
639644
-570194
131339
-288089
-566370
221990
9114
-261690
805127
271170
-732960
-396011
-163302
326325
-95634
170169
-813647
-193909
-900017
-607334
-735274
-92570
558421
-360667
-425111
429794
594882
-34315
-756432
382876
252566
883213
812683
-616095
-404877
-753688
605895
604238
-15377
411021
-124592
251663
-984990
712107
-422013
-80624
-117725
-235660
725468
-17741
157007
990194
889689
-284573
-370474
-535422
-854779
-775593
430263
-611210
607284
-317171
-727998
419966
66734
-132874
666279
-327372
-528636
-349099
-916352
346772
902564
-901342
58878
-519449
18034
941154
244891
-256498
-76588
-598102
-266305
-186899
117326
363221
277679
262547
587629
-292059
651337
194912
390770
923340
-385123
-542497
-209535
-718844
130132
261829
-67943
213780
-391399
-165379
312439
667480
315172
-669527
608633
-439937
73975
-467955
-38039
807670
345146
-920713
170891
-377176
341834
-241480
330766
-6829
953432
-278465
-83490
-431691
179039
706976
-150534
-690830
-31195
781523
522951
577406
-383856
-164611
244886
931317
165863
-146481
-508621
-760163
385564
453341
-952493
-269290
532628
218399
353534
-125538
976920
-315701
867633
930352
405835
-215857
-501339
-415126
-508881
348127
-105956
459924
129650
-583005
37330
745794
252385
-717785
677111
-581753
135734
-831511
-341915
-478702
621831
-294407
252008
154459
923993
-394458
-971079
900912
289842
896555
831263
-304324
-319303
-670077
280550
171816
678051
-825406
-368260
-192300
-408410
669070
-446506
843975
951286
-769396
-737779
87019
-600907
-79693
608318
-979076
625900
-139675
175383
549892
465868
204305
450804
-244291
100859
282066
451386
781557
611990
-268064
-46627
290040
-93470
585113
-902260
498120
254183
-348766
342095
205468
-118162
604317
-707514
280932
-475377
900805
301856
-849477
-238870
-522761
700416
-773003
681544
151219
-17294
-217597
-566715
-565909
-436041
-954725
166027
517332
335315
-927443
102445
433056
570678
-643373
-915711
-87228
562095
-33873
-482912
854582
-752942
41712
755386
548914
192235
-483485
-973847
-107349
-256488
707698
-956131
726218
-509900
-522845
-839691
54059
-477570
326336
-428610
857746
398894
673836
290801
-30429
-969538
375091
882343
592557
-658783
-600569
447138
-411725
441143
202523
-862811
-366622
719039
-836658
526029
-537450
871040
569899
-811232
-638860
-952946
-650922
415199
-430515
675414
986590
-572769
74307
660425
718033
-956122
690887
93123
926221
283444
434340
-674349
-269419
-977385
766795
933105
-840196
-599827
652143
-676853
926202
-885307
-805813
496101
-696538
-444673
543155
-347460
970527
-887360
-672046
957116
-460129
402262
617540
-742097
446140
308427
351026
372361
-408130
-214635
698013
322452
-192020
464808
255556
-32215
864981
-92301
290933
791182
22393
485120
287283
325856
-959553
-169562
978397
-989027
-56922
-693649
968089
482949
708614
585629
740853
154753
-105944
91878
-472886
485926
877244
-774873
-191622
-314776
689935
-936067
653009
554915
-28367
-56059
346096
994027
-570939
-366621
319882
-530492
463817
298279
-519519
-593105
604630
-551430
889844
313243
-965802
630697
-532004
-71745
-277426
-4890
-585819
-400183
220237
222559
285041
-89829
286493
-61950
-534915
-741874
881992
811182
-747848
-688948
-555439
572035
-219440
908378
-129687
261042
-684728
-525058
709612
-794884
788186
743811
835813
-743819
-327935
-441613
251292
86246
158205
-528471
-691195
-556754
381701
595298
381296
846787
853424
263287
657969
-894424
574339
-897471
677611
-645101
-989093
-452076
615941
-673821
22867
325552
-468704
-188948
69363
-632891
67234
741428
-74504
-681475
-172326
-916299
-209946
136479
-473053
-828245
-268224
908244
-981459
-414800
171530
676510
-309224
-254131
779039
-631613
100769
789946
-83689
-283291
-883875
939178
-957739
-352578
-249771
111624
14531
817464
-146948
940028
-864012
680726
-976272
-73957
-182795
-449324
97798
548982
-541081
116340
-865819
630450
-207150
-175042
-623682
-428111
193345
477088
-638165
-890344
-806204
-522040
-951167
-763942
125383
-200937
347683
-860086
-383474
-799266
-920058
-247485
881461
-896329
678559
-301335
-345653
-223643
-752354
113266
892697
-618172
-256284
-314454
206786
120035
257435
-599869
-402878
619270
-490213
-209081
-902770
-441379
26978
222614
357685
-625340
362528
974212
-424605
442470
-273273
-543144
546141
-594715
155522
-799512
181642
403169
313755
74338
784997
-942530
759885
-8217
177505
17320
391915
774627
-363410
901703
-434454
-266179
-539676
592524
956435
818009
967184
318962
792221
-457421
-238568
-481053
-565
-692427
-75768
-845044
-491939
-894126
558125
821816
180213
343122
879286
-59903
-665095
56790
957418
726820
-168583
-405993
628522
396963
327828
-911154
-10513
284263
906856
-43330
-396775
699076
499249
364657
-781977
-501316
672230
142256
-346360
-819709
248130
-788235
-997894
-571658
554887
881392
368440
889793
-61818
325857
616612
769600
919865
245134
166563
247692
333980
-843951
-468045
240836
112719
135180
-60089
-388032
-500163
157934
110653
-827933
-699811
764294
-647642
548320
976059
-645536
976662
530946
-764144
345101
420738
174039
-329042
37350
-56362
-409178
-717517
-889799
838515
616464
-733750
-629531
-142701
378970
505650
797211
990939
-994514
-44855
101591
-822447
255335
-134116
-470088
-196346
-158057
-115624
-219684
-627111
120233
-874583
793628
-705728
-203625
-169023
237911
387198
113461
348112
225712
-270076
614362
596182
587224
-6668
101831
384435
-15730
107317
-660421
-914139
284871
594914
-48254
814783
-601432
793689
-300841
178884
-833423
819393
304301
960206
-886336
-899324
-208818
351575
487874
904643
-300314
-286415
-365433
-685952
-690234
-778209
307380
411598
606226
-708351
-481086
945805
-622489
803786
540719
329257
618568
939287
122945
-682273
118170
289523
-862881
-577529
249728
-749217
-476853
-959090
602358
-988980
945554
-697956
-275394
-419880
-383908
34373
-198088
923473
-554030
-591863
-784878
-35115
-646058
-407367
-231330
894661
921890
-612762
833948
44835
-295035
-47883
-665642
-157915
374589
584087
92868
897736
624997
-304774
908757
570550
-2729
-366638
-849330
613363
667735
-47418
536836
-886296
360719
751958
78589
714662
-655409
847260
609322
-733520
-765503
443269
311316
-60537
-604614
645674
781548
769975
229760
-125584
667711
-145244
569642
576467
-574694
-433088
-790171
-424024
-819725
877564
528558
717112
991269
-110723
469069
69858
-396062
813661
-82883
-786741
-919860
151614
656529
391457
-908923
-948085
37130
872625
821891
-733110
-252960
489601
121647
-683318
66068
546953
-116405
275898
-877072
63871
153461
651487
-219018
144730
-459237
-749949
-785413
144702
-936289
131704
357962
-856148
-716682
14490
535309
-625605
66406
-427561
-752980
-111704
-160671
-5939
-622103
960976
310743
443966
507929
-805662
-280137
630858
258209
873325
282345
-960810
18054
823108
-710759
232641
-32190
-647048
-635655
-674229
-503195
-352336
340261
-967887
22059
-593333
-395448
269080
294963
443882
-736860
672861
404858
573884
116826
-87213
768222
836689
-456356
26430
710013
825989
65621
-271933
649097
354862
960709
-383094
707815
-674947
-57323
-795381
-27283
-717062
-763267
994777
-310395
-158714
263857
984569
-714833
526997
657429
690026
100881
-225746
-397188
-130897
-389057
146457
895533
-679044
-27555
-38846
49023
-378458
-683984
9731
238449
-976170
334785
-818875
-771550
-692498
-535936
-534817
-697721
153670
306470
566136
138238
591637
93133
-204334
281663
-805987
569921
884475
63116
-819136
30931
-41351
-498180
-996624
919803
550844
-375081
-764181
-439425
863368
-740351
895360
-955507
-511900
-797138
-491443
-46716
-494859
662227
-740247
-928724
-199535
851391
164410
596131
133053
358424
166052
17528
-578461
346916
-951541
380189
848736
-948164
299992
399579
-323245
535811
960155
-459878
795461
855514
-415384
-716440
-941625
93173
236845
-436483
-244600
496598
-365206
555865
347988
799204
151996
-518960
157627
-681953
498569
579167
664964
547028
-40645
513700
598864
-740653
-86721
-724382
795159
-126567
-184259
590619
-271054
400357
874180
-212678
-506470
111024
350839
248931
-392378
985633
-195205
955610
784837
956792
-563350
-57537
-725161
935219
-478371
939803
482247
480985
453503
81111
740333
-633219
356730
535491
240214
-827530
126110
969161
572828
290
-243517
-933642
-888686
-892678
315289
-281064
-907045
-879916
-325455
877792
-923125
111196
-179746
-648286
46415
341884
-708483
-471338
-177132
745020
609773
-436799
-888200
-33498
-901309
352015
138973
224802
321175
-288200
-774909
-922343
-221842
-663595
-815021
-906553
55341
-722066
-786469
729887
-844274
-709594
-158918
-24020
-357879
887498
-682137
-66361
-583841
140732
-321341
-974069
703933
-209540
-7567
802625
-857526
-868595
27426
463650
-156794
252517
541308
621365
588923
726288
714812
-355737
-995778
928344
-625851
-840052
-781250
215232
135929
-139128
102729
453793
794511
518888
-405475
-526830
544820
-701542
263630
-462747
-898918
406105
-331342
128509
-130245
511865
-618974
-588937
133229
969949
-862650
-151959
-385789
-858428
-223616
-11639
-698479
-4866
-796408
437450
856007
306322
-108758
650517
-174790
485767
-876313
-629971
784225
387318
-92718
885308
-206577
575941
13816
663178
87805
394842
-925760
-778966
364790
-788409
69076
979002
-646836
845461
-32638
-345315
-159405
170955
-907866
-303399
-522723
-16623
-652882
302487
-530856
-529195
672517
-746632
858123
-420201
-861324
-348455
-844261
152492
-685277
243545
-452666
-611036
464580
912125
-399445
-466345
891126
-46280
-620884
-141512
608405
219711
-970557
700540
916312
-493280
-316083
-736571
809207
153061
-265765
481724
406430
-407642
-938478
545106
243904
-782739
-302403
558627
460807
244931
947592
-74614
157056
-451853
459042
48181
501867
838158
906670
110271
57869
936113
-189189
-25820
-557168
494728
237610
-747961
-352212
971845
733763
-945783
-435798
795285
599323
808106
-987455
-703080
366733
473353
541852
314324
-601261
-301093
862471
857781
747089
364337
695939
653758
-525392
-246193
589870
285419
727988
-967299
-219854
-34403
-715260
427934
-62559
-981498
482152
501644
813787
81475
309750
826333
378395
-323518
299685
-79753
990807
698425
619155
853278
556205
366243
217614
252144
20000
692223
-994049
-390130
-22359
733939
-357429
757787
-300465
-72688
185721
636977
-54185
-332127
138620
-240398
749348
-551630
-414066
127743
124852
885620
-952011
115659
584044
667145
-31064
140249
33387
-813451
-607607
-946613
878773
-601656
-336743
-143587
-867718
305828
-385800
-168183
-766860
799921
-531206
178955
-532206
607415
938557
-782859
-944216
-475509
344885
180637
-589890
392875
-703705
994155
60019
265231
134404
-906595
451781
526797
-853208
330553
925141
-189951
-813035
-942578
-884123
-198835
-110760
-650982
-398914
358034
527973
68881
-34552
466530
286023
21232
991021
-369093
-798132
-598869
-976219
-501837
-604715
83801
763395
529690
177206
215175
56486
323999
-454273
-18374
-865952
-267307
39049
-750074
533859
928289
-401056
-865055
286322
-873084
203826
-748231
593447
-510152
273002
584467
120755
474870
985598
144537
973034
-619117
-771663
736428
910573
405544
-48397
-32941
-270457
497330
948685
-136409
-769977
-12267
113517
763883
-83979
712462
898828
-797657
839379
102653
-545887
432825
592502
727115
17291
-286743
201985
2889
857794
175018
383773
-913869
-88554
294345
491675
863049
-738596
-778783
360379
-789912
84809
590403
197822
-801674
354285
-886157
910788
253112
-683814
750166
-644235
-229700
182991
948267
-502586
-799719
-338476
699399
203171
-480683
-125583
-413057
-394551
785864
881289
-902877
648913
-857308
-681659
9292
-647219
403151
-400306
550604
601477
953980
664447
512265
207091
980634
262431
562857
-249066
-554579
511124
248348
-354297
-827353
-52253
848875
-308035
822165
-564183
297414
608029
-682894
394537
256941
-540202
712879
-733768
-187420
116029
-134073
-636817
-282494
-180094
-972370
-770229
-973003
-991736
492202
589854
-240802
937624
100978
-992454
-416674
273625
-44707
-567800
965590
-222542
-131982
263003
-614514
185124
-342460
642428
644923
-629581
908661
-542497
486448
-225413
-179314
-796046
594494
-151683
-566275
621491
-143418
925928
211345
615781
863551
-687678
623327
-553123
585948
-421380
-120922
551538
356078
747097
-185460
741565
-67780
472081
383992
-422857
842500
292652
34646
328948
-932761
855333
532902
661733
-296350
966628
283224
560232
892555
-505431
176012
756106
-193108
-200661
-797017
-607161
377959
82062
944377
-265963
-170842
-241083
-524399
761379
-769003
859594
-661479
-926504
152246
373168
402445
219485
228501
-64654
-118782
932151
-98026
-835559
492383
-205471
-340989
-331606
-449366
465903
467734
-246382
858743
-154308
835680
803119
579729
-335163
-437964
-944670
-573785
-206966
914924
-235263
-133469
67169
-862096
-731025
-713346
366405
204322
167872
298556
-893705
332314
-209062
-99175
991325
459333
451460
457227
-72934
-794923
315969
772758
-959244
119088
352487
-294406
681125
407818
131810
-525842
322741
896547
340689
-610090
-965549
609665
-323435
400857
-186014
844437
-300587
-79718
176751
490351
821107
168075
-50317
272566
-374698
876749
477643
941272
649507
518400
60359
1994
-776007
-258516
-590189
355804
215642
732553
252350
-443669
-877538
286802
-834005
-200972
-312341
-20018
-356535
387072
900264
820216
-122578
721371
-11709
827106
-6064
613593
703855
-528422
554864
353361
989979
-384777
-644646
-786028
356707
-234834
569776
-427651
-502282
-177875
128680
-379819
-891073
294676
419209
-203414
-725342
-937327
-816342
-825078
882890
61080
896293
-128820
-111814
-109772
-515228
-407960
361807
-960364
945402
351786
-345141
-699244
565758
-988435
65922
135533
-416086
563640
957659
712595
-816180
-933415
7271
603030
-136828
281930
665703
46830
456852
548593
-892090
353144
-580228
-3904
-756628
-95456
588137
605179
-55820
533538
-43036
599040
834294
-477278
610605
-99785
658255
-805481
-536145
615913
907115
-352324
682499
-85614
-749295
-454329
-803685
916409
592501
653168
465001
700412
6311
884773
-303492
249684
-210683
-715356
-145137
733498
818182
811828
332537
652476
-665451
-56858
-447309
992804
137662
16546
608717
44777
664223
291216
959163
914928
836887
-844522
831337
429388
808646
296338
129800
-185043
181110
826308
-935360
970428
-889049
-80497
703926
929133
-268669
36462
581608
65880
979605
-865702
58684
117266
150845
-332599
-837957
-184933
958617
-878795
-270005
795504
-723316
-438669
224891
-914670
857670
-645309
-99713
38779
-819002
-35072
9207
-708051
884432
-286868
-778918
-384238
749595
802691
681643
729199
936990
-259674
-153535
87834
407727
8508
902902
366343
129714
-367104
161847
406398
194228
-613262
491729
51897
-258571
-607985
-909324
-77573
356944
99884
214376
241376
813016
435459
857138
562611
238149
538780
291810
175138
-720894
-861726
-737029
686833
146783
-834128
53176
-723504
-201231
-784978
682895
992998
-398240
174623
44895
343189
566639
135571
-734384
-76417
-764546
479992
-835042
-951530
-84549
-977904
611082
-846401
560877
-97109
328737
839983
41165
591709
526816
-812052
757582
-420008
-535556
-443650
-204986
-852661
-450652
396775
321962
594243
-260036
-111399
-270186
5580
812184
-34731
-514428
977142
13739
401023
999238
-375179
554623
560114
527712
-116641
400097
-431123
-524933
-73088
-243175
-767352
506904
221269
-211001
-698082
368608
338347
698694
-309430
-67410
-561342
579171
662404
444239
391354
-372328
929812
368496
641412
330835
367734
-733768
-114543
-72152
793945
768816
-672056
-637179
-756117
254857
119646
-523468
-238239
-659085
265531
63680
709524
-396122
-237626
-599906
536468
201032
979265
198872
-354729
370619
826545
-424918
-260885
467956
905917
-893152
734189
-208626
34696
528133
-439810
362641
890955
-195927
-382502
10600
280606
379259
351516
-453864
-557061
61040
150015
205313
461134
-313517
-593656
440399
885355
51616
-188982
711899
626698
550133
179855
532615
656982
-85957
-676011
-308322
-557824
-115821
-945682
-666870
688253
-328183
343731
-31142
-948925
-304753
514995
-505986
756287
-334991
699327
217421
351493
-894329
-342181
236848
157287
468838
-51253
-216015
18970
-871399
-683400
-324049
42645
-359411
367629
484822
524768
421948
817952
213021
-906236
161683
-818122
-855160
856930
696873
-361145
613217
-638118
-661818
-169363
713375
-556146
488457
-49778
601142
-42706
898969
-614874
976265
-972430
-298274
-347785
70216
342316
-980156
-444963
-132916
441793
-627011
-919896
535558
534672
-738018
680398
391602
958856
-680747
4818
-679263
-342565
835456
-965888
101289
323913
-15666
-297570
-718794
-116697
87557
-742530
-89126
789284
-90314
981090
131599
-70469
-463873
998683
-628676
-90884
-921214
906882
-556212
-659231
587280
835390
-700376
906533
-159792
-379638
-436033
-324337
-345526
665257
999577
638809
-632314
-719218
-477888
455244
-461747
432986
244527
447940
414076
-623875
-622530
950203
-625192
-251205
-140681
-546405
-344324
303107
-205636
-757044
138497
93989
-850512
978705
714351
-286544
-345632
-631175
-621288
-346056
-992367
-253601
-65273
-470255
-798358
472980
962732
446169
-79081
376808
822295
298390
327010
-802898
-952816
-813671
-349303
-297139
489437
445062
-54183
-372067
-460950
95306
-393363
-746599
808762
261006
-377774
-812526
914951
-370140
-66126
-150323
159605
135517
-677343
122337
-418315
243576
-500856
-596020
-458034
826155
-398917
-410849
-987517
251781
292012
501920
-303158
-762171
-870147
235893
333135
-263509
489295
141896
997497
-888479
329371
912447
-258619
-736756
-237876
900986
398761
84781
23323
980447
-671643
522467
-615573
-129677
348621
-14490
459475
361105
-762710
-248513
-136976
-65867
-10684
-7122
-829975
-677550
729369
659321
464347
726865
770842
-206283
639312
-487778
56962
-598565
-586792
-544277
486216
436531
-563831
814574
-41003
-179404
-315104
-692382
806107
-855629
668723
-956604
-104142
-468253
-22471
885174
524625
147555
-792376
253994
-193125
671972
-19142
-422283
-534312
-379830
89939
522651
21606
503148
978374
-492179
-60322
-585457
-677606
898676
235139
7291
-793707
41245
151663
875017
84642
-952480
-593236
-937829
932695
931390
209727
-859682
185383
-983398
812290
-833759
-405681
-722022
-213589
684258
800630
808017
187405
779003
-684162
-872917
-806455
-361767
-974241
428685
645525
-767947
-530070
-202813
-892931
554573
-155293
-486166
616744
-222598
-554777
-173530
-82280
630606
-156928
-269990
796848
437391
7989
-416742
121649
-191382
-608725
-690946
-412379
-292886
-563862
-218833
345347
-538103
-790149
-9128
-306050
-320218
788059
-198980
-765646
-367234
314854
851098
410168
760077
-322433
-672112
390683
520640
57899
187530
-41969
-934113
770789
-920321
-125494
-837937
-611266
462128
-130822
-175128
-756706
-785476
286770
-546855
205396
980720
132927
-6545
-218261
367282
626221
-903408
218379
36388
856670
895947
364277
247353
416586
-577825
-565117
-625383
-511937
-794329
-545703
362570
-632265
-156969
-175303
236913
667904
67991
451438
-45326
521137
-343166
-64607
-345936
650289
717133
-978655
276509
813726
239725
-687103
670396
135671
677174
-82252
-447743
-900651
352631
-73126
-412588
558303
381171
949983
926039
-775798
-225321
162951
892106
842671
-385611
-153221
363808
271223
782173
-982129
-78489
499305
-960783
-801981
313031
278942
-489083
-16574
-585387
-811910
901174
-33130
-712560
253805
893745
-125147
-187893
274915
-175165
-261855
499117
599515
901097
391223
442186
-484515
-761998
-194007
786709
-979826
-176135
-291781
519480
-136918
-93761
-167490
-857976
417156
815937
-443363
605247
717110
523507
892687
-29085
417251
-232461
783022
-307834
592375
-478833
-808718
191889
-577736
582506
-365926
-62250
820508
440067
-275542
840683
-736069
432677
360163
127014
-661085
-807327
269038
756072
-991391
825675
361318
725720
349182
254004
-303366
-233567
-978458
-520344
458599
613917
824
649882
-194194
423088
232387
439880
-639162
52895
-120053
85296
-106422
143879
-482027
-746259
-729108
-143111
-553586
539930
-387040
-544976
365605
974278
-819257
-285214
228281
-122623
481220
249824
357033
-60182
-136259
-642143
-410300
669547
780945
822088
109427
-858218
-125018
989374
227079
768561
133252
745052
-977699
404145
-398060
-531284
-55925
214900
-76260
-690321
189178
104483
24466
-582542
981861
-494315
667283
338894
445504
-468977
696751
-964797
-799430
477696
857291
309997
619478
-267727
299371
-153443
-499167
-567377
-408392
-476865
836768
193549
-8149
-219158
-591551
915591
90522
597627
20074
-885013
-984915
1935
-379328
682368
-659172
-933825
-786609
-962421
-898621
-586039
515275
958670
723959
134753
-309058
23329
981310
191776
455952
-427082
714911
292720
766467
-293238
-926438
-825084
-377647
164084
772544
642428
279072
787629
-355638
899745
469997
-14809
965921
683388
22770
-932701
-902651
-461955
-974032
821308
672798
-283089
-155364
654108
908688
-699412
-772975
623598
593309
993493
-669640
666871
-831591
-47287
-169045
940953
-404860
-889974
728582
239503
-990230
198578
-775307
975692
-118034
247464
-957010
-20684
785509
-931041
-199377
458307
-214130
645260
112414
-305443
945848
339440
-681845
539157
332933
-351485
206027
501342
601229
-963018
442294
-803631
-852991
170876
435872
-843220
-630546
660566
-867529
251421
-91970
-824539
-769264
-306461
-755580
31359
-848155
30291
-323382
264260
724848
-377534
-396301
-956997
-838377
936633
-308482
367650
437974
-707253
404633
-119732
-510884
551642
-948857
924989
708423
-579403
585555
840894
672018
-506416
-983645
902754
187123
-739225
-65887
338969
291066
610732
-396772
15914
-766802
206928
58917
-605179
143560
750436
762472
-418467
-956818
167104
461802
-467701
-281254
512945
-542712
-572832
933543
-957158
-731939
605561
-463573
-715584
508315
723550
-454808
-557573
62519
836259
-946841
665748
-147827
-713643
-127325
911090
-318822
-983765
661526
-556350
-402231
704709
610754
-940430
-762993
-670500
572516
-305704
-243332
506058
-262862
24730
111619
273565
309147
-380067
-2885
854339
62361
-940366
690598
115521
725382
-457230
401878
-401944
-546140
-916944
-385709
-884615
-473294
212060
820094
-862540
271631
-942899
-533039
-155854
-248603
223629
-649796
488536
-751641
461823
-237899
557506
-918244
759217
411845
144117
818851
102442
-740363
544233
645212
661516
-857712
-900928
744573
-243420
-785543
-728721
968641
-965449
-591260
240272
-908348
-124299
-915583
-156950
-900670
-565379
-668414
-652311
896445
93687
905195
978201
-147096
317040
122318
-328246
-580519
381956
-784014
-935307
43471
-641725
-836235
-211956
114856
-621777
59323
83497
-587226
468063
-676232
-495573
-656236
-591814
347478
-556906
-157193
679064
-209217
-260749
-227250
-304022
-282548
625654
-986983
839770
-702592
-567501
221725
-486605
-502807
-734804
-128329
-339041
53240
986528
39182
-887438
70025
451957
580626
393793
956384
924390
801980
303861
-632517
-355214
-17076
158267
384038
755675
854245
-898511
381329
867262
941259
678738
-700239
162984
-807867
-203046
428180
63805
457914
-518581
50332
-502905
-406018
-879644
949052
-825393
514150
905436
-901003
316129
209296
-533519
960916
-807780
624748
344954
947896
478992
446444
329225
346254
387702
7963
646015
-449314
200096
-557031
978866
-736100
900883
-539716
314233
-602022
54267
434590
-652970
228874
-51260
-747535
327872
-735131
461762
794353
-774216
653983
419100
570739
601878
-101909
17182
-68897
-755655
-595116
939066
890361
-44430
139161
-666670
-65565
403062
-765788
394720
-282705
-367809
-551014
-848116
-20779
677861
100625
231686
5732
365494
-306552
-199915
591279
-652570
-780816
162017
949309
117276
-820802
-119589
361621
-415917
-180523
251982
539653
958639
585312
-525912
361700
819524
868809
-921005
-548285
-682206
-769121
430936
995656
331504
-337378
1388
-303002
356070
801473
-711724
703500
-979343
450294
652808
137934
629493
-466781
-500445
-786425
352696
751537
753229
311334
336848
-772684
-326966
156372
-903875
-247971
608087
-586081
-17091
39022
-590425
-685587
701645
410963
11411
57714
212436
299688
-238786
233094
-250019
-585979
-628973
-620526
-52759
-129418
-406951
-700064
-377882
-653722
611271
958967
-426405
-715696
115338
-330280
36334
-276576
83640
-980758
762447
493215
-666345
464091
-95822
345067
-478195
-883386
-355246
283019
349708
394736
697041
720736
774210
-355719
-408682
-632741
-55782
213436
-286463
-444512
172402
287132
-160207
-712260
956853
876128
11164
40492
895370
-226389
-466294
-770975
-762299
437885
574092
-240493
554499
-781154
-957475
-95793
613582
739566
-375057
387792
-616153
216261
755052
328066
-570303
-531412
883555
602100
755721
-276653
889840
712573
-400526
-98996
-246935
-505156
674615
286771
-276131
912317
-275344
-702039
-328177
-720846
-483193
-285651
183362
-869611
-546086
808305
518182
-162238
24565
273233
-834173
454262
741822
-950619
56361
497543
-227271
-53799
210116
372204
847205
963181
867048
521819
249952
-409083
434135
974608
-111122
-894042
-746239
405686
-179693
437124
536075
274222
245428
54257
-888017
-730007
-672511
-722189
724255
-930689
-672807
-219384
566854
99922
726817
-223031
-527875
574022
-259850
-660827
95840
990102
-69910
-470025
964709
818969
-364067
-781530
224654
456240
655594
-239271
-269538
-98979
814986
-157555
171014
-857525
120257
-104731
-788214
447450
675886
778641
-452628
402703
-444390
19498
-23276
295760
358671
-927436
285861
-711239
-397461
250569
-892271
238472
469039
332384
-305288
124632
-906887
425174
-974347
908100
-732381
196668
-949426
387876
-908063
-737639
-164674
767823
-958999
382698
170526
-403388
-597805
-852751
892372
760866
-780187
178232
-950373
-177648
-571199
-842643
-939176
897841
489741
-244463
22473
582855
-819289
48126
490954
-551670
-755206
541529
836207
-663269
803890
-328468
-895446
844892
-945771
275080
-558497
-543575
422330
-666125
-782709
642143
512107
-733082
-535505
940909
-575725
-474680
838749
914017
280857
-138779
496871
461568
909348
-12176
909899
-845859
-470647
746105
-509127
-666758
-582364
-404573
-821866
-528134
870508
-380363
-71709
292837
-46488
145583
-65021
-534381
412501
399475
-593472
836777
924795
-754724
750793
205652
106498
247664
-332781
15845
-764512
-422883
169987
-235159
-676778
660860
98084
-259142
-743713
276218
212725
-873206
895856
-858984
419631
-150632
286599
-645390
314988
-300900
754086
721516
-464124
678880
966793
-713331
-115469
73290
534334
551751
-910865
769822
-871132
259122
-465338
-547910
-80018
632747
192949
176269
-91036
-594327
303064
-195180
-453310
-277305
654188
833290
77305
-30825
-467611
-168609
-309309
68266
-489730
-342517
354935
394802
730773
-110732
-53447
819908
-340910
75421
79030
193753
527511
999012
-173501
-279541
175281
735464
126133
-521656
-459717
672824
201039
-805530
506113
-721656
163646
-961499
109735
854337
106767
620006
-488181
-538298
14808
-757408
350971
961361
-937500
-989940
36782
141531
203813
-435708
140542
-969689
284752
-684178
765775
-589115
-205833
-693943
-916292
995206
-499472
589821
-726450
664174
628323
383285
518511
-264910
3290
-969670
196792
-981902
-727078
-452238
979459
-664577
-442177
16240
476954
761636
580533
-382504
791948
-134715
-66681
557723
276170
727486
863781
359879
722692
-635692
-50300
996242
-971518
-421978
379526
546993
313113
-617184
577323
-490096
-599086
850246
57667
-619627
-814331
615491
396614
662623
377126
-22854
-719882
169074
842432
213437
-273204
118602
-59077
-409424
-521520
-336386
-45116
428181
-340145
-16633
-993798
-960619
-469641
319316
-577803
-892318
829221
-176888
957929
-113113
203485
-856403
-497622
-399902
806220
879504
577245
-913662
48578
419676
299776
775374
-461723
-759302
-634051
16758
-95688
320834
-555062
564168
-695800
-548859
603549
-165440
770457
-974255
-57758
599677
-151142
-99830
-513436
-947658
43768
-11058
-347559
-150012
-131554
-770315
-63674
917024
649362
-763899
692397
-812362
-523200
-941654
204397
381113
379180
649335
-54720
683380
-899525
-451172
-482060
870932
-425426
460182
470608
423432
-639648
957173
475775
404121
-53886
-871784
-745892
814560
-642099
190434
731584
-992737
426536
423980
-805098
903336
482326
399299
284449
-138494
48633
-770272
-455114
149109
-221443
62826
20040
353132
-476992
-509352
-223436
-116640
-552179
-747661
-712520
393935
-619445
-458412
208495
-261543
732023
-59922
-254280
158558
-635942
-59378
61894
846385
-660080
-653658
-292110
388554
-423929
252776
-462338
354629
-684399
557703
-292240
-161391
-951649
484324
721970
-503828
736664
-990550
890108
-882782
-448961
98602
-144325
-716939
-961320
601395
441620
-597262
-457984
-496487
-750878
-118063
-150144
-42987
-729510
425928
-790212
-191847
-219444
-474610
-634145
488316
364000
-585793
-27360
85970
-89621
-290697
95420
-199514
-173478
646459
899089
682197
929521
937769
283591
371140
-659493
825608
874654
-410370
-292455
-275490
546643
-21964
-849563
756432
786189
-69007
-718179
-847956
-580691
645822
-433749
391950
-268209
476631
-898747
827212
-722883
-72225
473671
-823794
-390029
403191
-886025
893563
-225669
-545518
719171
-351015
44112
-573284
373495
-409245
404752
523932
-652814
190941
-545075
-370992
342985
-125766
-725171
909237
-733816
6621
385868
-632563
-166167
662986
295213
-692497
839192
905185
710695
953167
798748
-514975
-592352
517918
134011
451761
944634
-492495
-957485
349386
-968563
-610298
-459674
-513638
18710
883311
360597
293540
792548
626781
-699839
178416
994219
133994
-158599
289432
441497
-319408
194616
152191
-366241
-6637
637217
41408
-488720
-228773
-506832
-544086
278733
-464316
805300
310170
-74614
-654375
796532
944097
-771064
157129
237637
-978516
-216090
537798
199900
-221872
-328209
-958700
-932441
-886712
-278107
262175
265480
355652
-744462
-97303
-602941
-233181
673925
-109772
222733
-47343
425913
28033
-737174
-648701
373659
-940642
-704605
602595
216487
533033
624080
-999604
70830
-176020
-221475
742622
-134720
-153915
855910
587174
-891740
121390
-57174
-636202
-975914
339885
130617
698011
-769887
-646650
-349332
656026
381383
-86506
-992676
-244959
-27147
-697280
-642364
-810660
835753
981716
-810263
-93418
-194305
-31738
-350796
670976
814348
-494887
258150
922608
626504
-799025
-713595
650590
540861
417023
348601
770974
770373
999269
427000
151756
-87237
434324
906798
885616
737044
-735567
-925044
572797
-753851
-735307
-520622
51845
232955
128582
-277179
47303
633696
980971
-30090
260199
-818054
256316
-89211
722808
-326662
-740611
493781
-556289
-741342
-79219
595468
171421
-644896
502265
57037
-907852
766699
131993
664945
-987152
396686
-855677
64693
-370359
272906
787515
676944
-93398
768486
-353147
-833199
950432
903170
77590
673239
-423492
336980
167020
20219
595638
-912200
-384313
-232941
-557095
-882049
824096
-464947
884651
-43911
-800002
897499
-647226
-655679
-37808
-17584
617228
-250294
-340640
-476171
-481809
306214
-309370
-531377
209383
768221
-858138
785891
105200
308882
-193890
-299162
396683
421797
467897
839588
539749
291993
-625359
424399
-751919
-425361
321898
-399144
-81039
-715911
583273
-463812
33796
-757368
60018
551987
548846
750648
-979390
-241772
518868
-837528
-455881
-375932
471355
350229
324906
-131963
-227974
-207198
-292376
-688226
-915205
82266
736174
-667123
656905
58071
-66267
-424134
342160
-482994
112055
-624044
-240362
-827928
927943
-691516
922720
948553
66712
441588
-888975
610832
-934345
582380
-38939
390561
-549584
733087
-816637
158041
-955139
-731841
-759694
781035
-398964
897212
-160895
534770
-526923
-818735
-948225
585133
-442779
-188587
757205
-514836
119898
679925
-566283
-813390
121512
-455258
797442
187168
-872879
-241498
-422271
-422462
-508411
-238908
735580
-463550
29252
975886
-682516
630288
873098
156590
165057
-653825
337856
216833
931308
895077
-971754
688512
-619759
148144
368436
-186042
334754
-510052
358701
132195
677116
485823
890698
-745156
-936640
-617714
15937
798941
-81264
-954812
774826
236221
675477
647924
-607190
-159466
994099
730666
-942634
925407
625743
-914388
613918
-994016
233756
-17646
-180058
-431490
472303
-821357
700705
149419
664466
591403
404264
727827
973689
-579799
526767
-107575
-534611
301593
-871354
-859134
-50484
-478544
-18600
-56385
-747878
38766
-130979
877866
124379
-517061
883850
-641865
465294
-296208
-73355
-62404
-117565
-372651
-912986
-453099
-781248
491279
-725272
-807560
911480
801495
84866
-623131
103088
213512
-482265
-947397
734969
499135
-3781
987092
-462099
865240
864957
662281
-651821
748807
-979585
813473
-547402
-52940
-248932
335034
574410
-161917
881936
793162
-670639
-843337
985603
-759160
958158
70468
-382290
61246
-716020
135445
113850
-981052
-365420
-889932
-993961
172482
975308
870996
-165238
-676513
619803
-144823
-863041
-927599
802238
-111972
407435
376648
726112
289370
169809
-944527
446034
155412
-703686
404192
-774121
-85976
-534563
-490141
-950532
579287
-471192
-315952
689355
-465153
856531
664663
-594157
-308708
988150
-974355
546470
-874891
-901954
348708
13137
505482
-274645
-260752
-205148
895164
-205279
-759115
50576
91035
645077
276455
-994941
-889486
786315
-945473
689801
-684877
-261424
379156
-150030
-404894
43818
255814
286399
31968
281460
-167131
157077
379507
-818424
-829786
-115012
-93069
-90538
679841
-197905
704184
920727
852671
-204781
565804
129126
-199722
676318
-84559
-145194
366119
230564
593382
-254726
-919466
-811512
789093
336348
474888
-178940
-382193
-692244
978138
997314
-510668
-851649
-117698
396264
57813
-437857
-801641
-238003
-517131
-948970
557217
-951328
180156
-642505
724991
-904403
212301
91109
326162
-194317
836383
406696
-5828
625475
-256956
-530941
-553465
360851
-223185
-575328
358165
266148
-426977
-759533
-337588
630837
-197390
-139229
-607167
285479
-88199
950051
334152
-908043
-692455
59142
-812445
519846
-849750
513717
-674471
986634
-79588
319701
612108
663457
788760
-941358
24307
-434425
-516685
-617528
831724
56338
-377061
-505865
-312826
425549
354907
80008
-288972
-733292
30059
-954821
-641335
337604
104321
-453779
-142550
254571
-940063
182979
241204
-19650
-497320
-146688
-356194
-708561
-88045
668114
-142985
395270
-949415
-311261
-548392
-326476
182874
138783
-900927
-462219
-781210
-189899
-195511
248849
-144720
163155
-413547
959602
709376
443903
214173
769313
-373119
-544623
-250338
129561
308689
393469
421001
-779356
61582
-721984
615914
112167
-33245
-932478
785692
-850371
206305
884766
-312590
425095
-305134
491899
-326056
550147
-344947
260397
509749
-635572
-295700
-276079
-866259
331182
179298
-116597
-539257
-512014
-723129
881744
-291369
338454
-840240
-675455
-549380
126515
-607933
-763688
276145
598372
-878923
963555
23467
-184056
455454
697412
-633909
-889494
-42192
875840
-525065
662108
-400240
-391324
-6710
779059
492080
454033
-732955
768951
335777
-24324
107405
495537
300221
558026
-377948
692288
794338
898197
290660
915416
861752
-685874
-268640
317205
-988463
97452
427711
-30654
-26708
902646
-368546
573053
-488678
624744
352111
-996599
78776
619156
772353
-585448
-405168
-120243
910090
895053
-562218
-467859
587341
-767880
-569662
-121999
-852465
-707911
192128
-121104
609294
203665
976348
37005
-826989
-50361
-60350
-195535
-477309
450972
-570791
874802
454373
507986
493958
226726
922539
-911211
-893518
832628
983843
-455736
-635232
571184
-223616
-204893
-550816
-76080
87196
641312
802816
-303511
-155023
779164
733495
17988
-271198
-326855
822454
251494
-875884
-748337
126296
578490
759649
-379747
-194785
682187
-290957
-88302
514815
-307115
455962
879583
-735932
-767654
-325310
-286747
156266
761886
-645436
-40918
-541625
199541
-261755
-808131
-782471
467048
-134986
-960017
-281459
-10869
-708354
844837
-432379
-948705
-534910
372837
733482
174133
-715466
248296
867018
740497
127879
-868914
972843
802569
-155661
129109
564455
198904
-911810
-977170
-601555
-173565
-785301
-384025
-706518
79714
-344042
12024
-931156
-52395
-143140
-363534
-1100
321950
-990698
-267618
-503918
-706163
980679
-636900
-965666
108558
-505813
-992824
-88873
338527
136286
-524419
-462569
224476
-501589
-64124
-949089
-286889
551852
-655606
792825
-792191
356418
861670
155415
-786722
-501864
-845686
535229
-492561
-113303
-968690
-198724
-132625
-605589
-164389
975933
-111401
-157213
-112941
-772875
979073
362641
-235444
203549
861052
700433
254461
-425837
252284
598856
-633012
460094
-44727
-771342
-384491
168552
-273206
-230177
-296220
234234
656520
-264909
-964490
-476106
129503
-128879
-500173
-981899
713908
386886
-754773
692981
-250473
9784
-103470
-389421
-289784
-849010
184742
962501
749847
551731
422595
-294881
780389
-961897
873672
-492817
-192073
-422549
741417
-535554
312543
776927
-11659
-557955
-351953
488169
-539854
-638045
-124945
-294627
-945064
624582
715157
-48533
-764840
-574627
102457
419902
-612126
-147697
-28368
810470
557423
-247979
848573
431095
259204
-343500
-991454
620
120946
321089
-222453
-890713
763134
425595
597457
-776720
787550
-527489
-71346
842487
-902908
-356189
-206047
-667747
69184
896411
752155
457059
-251286
-276213
267528
-693863
475809
116101
737232
-264988
772601
745778
735633
-106453
66866
-486820
2835
-170000
938775
-399709
53280
726325
72802
981934
568811
169895
-374256
-637237
502148
694929
-740827
254303
151988
7887
978091
-580485
314024
453899
535617
51255
-811089
308217
-202967
924545
-798237
863899
-562275
204599
-306102
-623501
804890
747179
-897177
-122308
729112
671634
-952414
-645144
-965603
549734
-950215
-706430
-195963
201773
301458
-217873
621289
-384519
-763974
156905
666737
-575063
-534878
-536230
-650518
-333114
-672332
-212793
871485
21567
163707
676374
-231255
266530
-445934
-502143
-61836
-398348
-147287
-27439
-848614
-97501
266132
-44577
-895729
-432410
737550
725561
183072
973577
-117534
-150192
-601487
347588
313579
-252004
-985527
641247
535203
885959
-337186
-301090
562333
431560
965440
-883602
929417
-96396
-281950
-217870
876166
-130563
684629
142298
824860
788901
709888
562410
514462
-107041
535986
-603073
742768
934500
744515
56346
-317505
758989
-302407
-782302
644947
360407
-83392
207280
-208034
-117952
323678
-278617
785652
-958272
503513
661818
-88835
188142
-195885
-263975
-22957
-485998
-701566
-508496
406962
834420
-111569
149729
768920
-367054
-793926
-548586
-608066
-96332
-330887
-963119
-735925
585721
244161
56041
-532231
-432161
777425
-746579
-390433
280938
915239
520733
-530921
-280647
-743243
446123
233356
-444808
937627
-359683
-610389
-173942
790046
-841470
459004
996121
-390055
850938
-100212
279058
887820
163863
-135221
131981
-780096
332549
699820
997330
585970
-690613
278267
501208
830120
747347
-779439
-913123
193469
453917
-357931
131095
-905767
31681
957154
884280
190212
416157
880400
800158
267095
-219812
79216
154914
944052
943996
-713106
-836044
276544
986715
-838715
-137487
-703899
439552
-636279
-873779
186898
-415718
-786902
-619634
-961802
-144832
511462
-867569
886849
468615
-983289
77061
-115228
897111
-122782
-848134
-322701
956434
306780
-378650
900429
593675
-214693
176972
580389
-53408
-960515
876491
-613857
-596794
-997289
573042
-12512
-784191
953409
25686
70978
464871
158118
-42174
-66514
174829
-965114
818258
71940
-87895
970124
749240
-131462
276904
-629411
-231033
-129421
155897
945939
-549033
-897512
985425
-672543
-511368
-611370
-669831
-938327
376118
-454021
-984919
-598196
616957
479953
559922
-425217
-586562
-265249
-390330
-768305
806692
521775
-798182
555931
-609687
478723
926521
159280
-650699
82417
105219
-199731
184905
90643
127727
673538
479273
457896
735211
-144609
-996125
750293
257195
620832
230245
-182883
-804386
643683
551868
-194715
875378
358559
-672941
-922804
-85511
-282627
555920
-158990
876653
905221
923427
-18128
-294511
108332
-927486
833217
-218131
551788
291113
-482921
-592822
294988
-732628
664373
-84181
497618
-518510
111434
141300
-966643
916719
16678
391917
-756222
93875
-693594
-38849
-350206
147416
-162196
-444985
70843
819676
260505
-820826
892191
93721
-38957
443978
-615167
478123
851157
679821
745495
515530
-404360
243113
997020
707074
-615588
-969623
623793
401091
422294
867571
-505034
728701
-171279
144760
-123884
666526
699776
946959
486201
-39720
-873868
378392
-946000
87176
-177631
-561166
-434702
-326474
-881345
-689207
-810944
-285705
553906
-813925
-578631
938319
-783548
-954839
339410
638747
912732
834376
367447
-258547
-20865
-756437
-592022
-321089
-809479
894180
639191
-683346
272571
693192
403830
-905060
-867975
969129
-231533
-749319
-720078
-42477
-35024
833828
143598
386345
772147
360051
431507
111556
-1202
344238
-54069
-633756
-914309
925067
-390193
-506330
-396023
-199671
-612151
-756833
116984
660421
936360
-479186
755361
-931615
-510058
-476173
-680934
-230135
481350
284043
-396307
-375052
-329612
-624161
985000
-898106
487395
-16203
446133
-566674
350042
531824
-641607
959850
-974507
-37630
-239822
-586657
205538
877163
-926237
141897
-602024
829124
210283
-112081
-647049
529349
657784
834302
-186609
-738524
-540751
483780
-362685
-555751
585674
-875290
428047
31807
-441964
-221912
-436370
-83570
-262063
-410876
878800
498116
2467
84338
375278
76230
-773765
773254
-94646
436518
-338828
258305
-34134
-681044
92607
779258
-419568
551857
263037
217748
996106
-151289
342458
424152
880518
900495
-797760
-555852
-183076
-59823
33272
-304276
-561707
-964261
780062
813571
111969
-993704
586825
-982677
442814
-752003
275629
-591320
-433047
-631765
-812063
147386
920092
450975
-634867
916198
-700314
707592
340350
-819796
608087
542590
-375648
-574990
-517234
657624
120735
-78940
693363
-99204
-265369
-194668
-92907
-678545
-177345
-650093
-430547
-901717
-241413
136407
-533481
-53475
-716208
-613389
-602500
-351074
-697192
-302814
-643483
643158
-122609
964604
185747
501743
-610386
668514
159367
510350
-410427
-147270
-588854
324204
658063
318239
645660
-519283
668146
-784887
-420999
-573267
351520
45521
373258
635312
432132
770759
-715762
734940
-532055
-359245
378098
345336
-394641
-436155
-152922
-5026
-767642
-993555
-494677
-178068
-140825
-83531
-853864
-482763
-765292
791797
-2045
902854
-993091
576957
-670413
358429
-377523
702846
-6259
-945391
473604
277979
789550
941549
918735
167647
286884
-475906
731492
-866038
519068
963851
-859593
-975609
-214218
-418
-59140
-68081
516820
175568
-276285
-485225
78422
-269376
-908269
408010
-910947
-285791
110855
82794
-231182
-415542
-639227
-441633
-473994
-720492
726014
812891
-196398
457506
946853
-677331
421356
-912741
-652939
-792862
86842
287921
139058
-396338
-536511
862773
118437
541912
-406603
210168
-50079
-317550
924378
-939224
765245
-306805
-354766
-873982
251562
171241
-594474
-22424
-15869
209128
-564918
-69017
531798
856439
18243
878859
-936424
-894915
166780
202634
-291253
630270
65407
827184
172182
658805
37352
-877897
-658746
-38271
-817121
-893501
654924
-171887
-767483
-93514
999355
-361956
884063
-16515
847172
-680855
914469
378970
-824417
-67288
257828
-760840
37797
-575392
441795
746545
-945123
-492799
573728
227059
-833995
-388920
349162
-492740
572809
532041
-386240
227733
-639846
-153723
-865781
-640492
484322
-981718
342994
331493
-662573
257462
-289538
-486989
-809827
968291
-247829
227971
-607102
-806035
-25485
-552225
-298833
-451757
674835
-132827
159323
23996
374433
-267868
-443963
988194
959866
-83808
-165529
-905916
275700
-681208
-887633
-381307
650285
-550205
876156
-639253
-37194
-933672
-670963
714978
294300
-278064
908943
-731186
169711
-389890
-182943
-155455
477283
976381
868542
-148284
-291488
-575421
-160091
-331623
340771
674380
-237538
-383530
993172
-125171
235164
643457
324625
111319
-995796
-712570
177648
-666759
-997593
-528053
55177
911351
-259238
-775112
-478539
557820
69434
998745
534200
-62024
-149540
-757289
362555
690370
-88911
-296675
364750
673552
319796
357921
-451620
-445040
1378
873006
666279
5582
-839565
-156073
338824
-837157
315874
-605999
-925806
-943364
-381111
-404344
614456
688324
-405600
148655
-373701
444861
391367
988855
135230
-697544
-307820
-500021
976008
-988024
857901
-475612
-433064
-140722
-602607
-766786
864860
-442171
77141
203683
-279327
-606985
597684
-205133
-550349
-783427
390524
-935893
904898
984924
212762
-468803
429784
-395871
-479949
-434987
-93415
212232
64993
-117407
224208
-77107
406981
791144
782171
804374
-975643
647031
-637798
101499
-149286
82875
494515
-551602
877743
944167
-335028
268266
-991727
-430131
253190
221036
101066
-317027
825166
621118
247987
-268249
-166651
-687021
614344
-942443
235872
21324
848701
18043
-174302
873059
-334927
187901
-25442
515788
-729224
-530928
964186
-851482
-586762
-370842
416785
-578488
199027
-330026
642548
-699907
352948
467714
921212
-399066
-800536
-245439
-86087
813808
-187882
-850215
-164868
-339182
167828
660830
-466124
832902
-151269
508435
348690
119507
977507
312876
268026
-609255
942034
-315190
-187743
141061
354785
-545195
441154
-292268
922519
362365
308666
-878018
-883075
-777421
935791
-70957
-627636
-229078
589862
540193
-568248
-876262
373095
280483
632173
-278216
-600011
609680
-965341
668015
-999576
976693
-647175
-187319
117753
707610
267487
-441093
-584659
190005
921272
724008
311988
-961803
946588
247778
-32759
-681049
-981300
-442897
859145
-549548
-319159
232239
730935
-686986
954023
-869076
922694
988682
798940
923118
965375
-848236
-264201
83127
859374
-996715
642034
-725285
193291
563306
998724
-494722
601504
945311
753057
-431255
-735738
771757
125848
-876594
-777792
806690
355645
953144
-880297
309668
-915933
-957603
298349
883008
965516
263723
-965229
-298686
-653150
894146
-295400
988885
-831139
897891
552191
-832416
-596831
153694
-887105
-843775
722440
-622843
927982
-151713
-499436
-849810
-345023
856210
-896667
-225319
165877
-812599
-182922
-535774
-929592
-217406
727950
-894820
483908
-925200
999327
-811493
-936316
-831813
-913602
615875
-664228
-510433
-230431
-551332
-354208
-507992
-174175
-426226
340296
326390
-276036
995274
182599
-172702
-230046
-651524
14699
587033
-187297
85108
-630373
-459348
190289
853535
-384548
189615
-957958
-320863
357802
-871560
-704989
693575
-381992
64581
-857758
263800
556590
-31932
837574
-103114
-705543
-438462
-107841
477057
388836
662114
825534
-596465
249147
-361764
488644
618774
178889
-321068
472309
794341
868547
514351
-526523
226349
642792
-231511
-80077
-739200
833071
62165
524600
389660
-969768
362174
-713455
-675310
923713
178705
801748
312548
-159181
627281
716083
-910035
-734484
204726
708739
444405
883659
181048
238746
752205
-304602
712224
-21446
-661810
-519287
898477
-401010
-686217
-39358
-876410
703444
-9125
485765
989990
315565
409477
168695
117313
-277975
-990487
-255407
-561892
-900522
10110
642834
808218
-545485
526493
-10735
693262
278697
684664
405485
-742749
-977147
886199
-844273
-378156
-800018
116370
-254565
903426
-892756
-768801
893416
422810
640677
62110
-459878
-637299
71623
284716
-199191
171102
-705174
-556357
-20681
-250659
970136
968584
-557397
248833
653247
848089
506084
676101
734287
661812
-702055
934269
-221819
43380
837695
-114575
274580
731111
-691765
-84744
-206780
-151642
277958
864844
-866927
-921233
35945
-572101
-477589
-984737
177241
-507454
983848
619844
741380
637095
467932
247464
313196
202219
-90725
611141
136488
687457
-345480
-25818
-427118
929101
-294707
-118883
-155643
498513
729475
-877686
363356
862549
-798918
-600700
-709552
-276507
-585436
467689
216040
-601589
87533
-42581
-964495
-444535
-795117
348701
757684
114159
-40158
-105828
-198385
614363
868355
374497
543463
-426353
-744386
-612181
-927841
985090
-489866
435516
847638
-288784
834817
-861915
434709
-750620
605775
-349252
-352208
-306693
608168
-316702
248772
813052
-968001
6456
-72790
-8159
900628
728826
-393797
768982
103322
-850335
-657371
358937
-462515
-585212
344026
47619
850305
191664
758836
685121
329749
193544
934502
-64476
844293
-417706
628831
452461
265592
-122397
265513
