# FibonacciHeap add-one benchmark (heap prefilled with n-1 elements)
# warmup_rounds=10 repeats=40 batch=20
# columns: dataset size median_ns mean_ns min_ns max_ns
dataset_001_n100.txt 100 38.000 40.875 12.000 91.000
dataset_002_n233.txt 233 17.000 18.975 4.000 68.000
dataset_003_n367.txt 367 18.000 19.275 10.000 60.000
dataset_004_n501.txt 501 16.000 17.400 6.000 50.000
dataset_005_n635.txt 635 16.000 22.925 8.000 143.000
dataset_006_n768.txt 768 18.000 17.525 6.000 39.000
dataset_007_n902.txt 902 18.000 20.600 10.000 83.000
dataset_008_n1036.txt 1036 14.000 16.375 6.000 79.000
dataset_009_n1170.txt 1170 22.000 22.600 8.000 72.000
dataset_010_n1304.txt 1304 24.000 28.300 6.000 85.000
dataset_011_n1437.txt 1437 21.000 33.400 10.000 397.000
dataset_012_n1571.txt 1571 17.000 19.375 8.000 89.000
dataset_013_n1705.txt 1705 18.000 23.025 6.000 74.000
dataset_014_n1839.txt 1839 17.000 17.875 6.000 39.000
dataset_015_n1972.txt 1972 14.000 15.900 8.000 27.000
dataset_016_n2106.txt 2106 15.000 15.025 6.000 27.000
dataset_017_n2240.txt 2240 15.000 14.050 4.000 24.000
dataset_018_n2374.txt 2374 16.000 17.600 8.000 66.000
dataset_019_n2508.txt 2508 16.000 17.150 4.000 47.000
dataset_020_n2641.txt 2641 18.000 21.825 4.000 83.000
dataset_021_n2775.txt 2775 16.000 18.125 4.000 39.000
dataset_022_n2909.txt 2909 14.000 17.575 4.000 56.000
dataset_023_n3043.txt 3043 14.000 14.575 6.000 35.000
dataset_024_n3177.txt 3177 14.000 15.375 6.000 33.000
dataset_025_n3310.txt 3310 14.000 13.125 2.000 23.000
dataset_026_n3444.txt 3444 18.000 20.800 6.000 56.000
dataset_027_n3578.txt 3578 16.000 15.550 2.000 29.000
dataset_028_n3712.txt 3712 20.000 21.975 8.000 83.000
dataset_029_n3845.txt 3845 16.000 17.150 8.000 33.000
dataset_030_n3979.txt 3979 16.000 16.200 6.000 64.000
dataset_031_n4113.txt 4113 14.000 15.200 4.000 56.000
dataset_032_n4247.txt 4247 14.000 15.000 2.000 24.000
dataset_033_n4381.txt 4381 14.000 14.725 8.000 39.000
dataset_034_n4514.txt 4514 12.000 13.150 6.000 25.000
dataset_035_n4648.txt 4648 14.000 15.425 4.000 45.000
dataset_036_n4782.txt 4782 14.000 16.475 4.000 50.000
dataset_037_n4916.txt 4916 12.000 13.275 4.000 25.000
dataset_038_n5050.txt 5050 14.000 14.250 4.000 35.000
dataset_039_n5183.txt 5183 16.000 16.675 6.000 37.000
dataset_040_n5317.txt 5317 13.000 13.775 6.000 35.000
dataset_041_n5451.txt 5451 16.000 15.525 6.000 41.000
dataset_042_n5585.txt 5585 16.000 17.400 6.000 37.000
dataset_043_n5718.txt 5718 13.000 13.550 0.000 24.000
dataset_044_n5852.txt 5852 14.000 14.375 4.000 27.000
dataset_045_n5986.txt 5986 14.000 13.725 4.000 39.000
dataset_046_n6120.txt 6120 14.000 14.050 4.000 33.000
dataset_047_n6254.txt 6254 14.000 14.450 4.000 35.000
dataset_048_n6387.txt 6387 14.000 13.525 4.000 23.000
dataset_049_n6521.txt 6521 12.000 13.075 4.000 25.000
dataset_050_n6655.txt 6655 15.000 14.125 8.000 25.000
dataset_051_n6789.txt 6789 12.000 13.550 4.000 29.000
dataset_052_n6922.txt 6922 14.000 14.275 6.000 27.000
dataset_053_n7056.txt 7056 16.000 14.825 4.000 25.000
dataset_054_n7190.txt 7190 12.000 13.750 4.000 45.000
dataset_055_n7324.txt 7324 14.000 14.825 4.000 27.000
dataset_056_n7458.txt 7458 12.000 13.600 4.000 31.000
dataset_057_n7591.txt 7591 12.000 13.175 6.000 35.000
dataset_058_n7725.txt 7725 16.000 14.025 4.000 25.000
dataset_059_n7859.txt 7859 13.000 13.475 6.000 25.000
dataset_060_n7993.txt 7993 14.000 14.675 2.000 23.000
dataset_061_n8127.txt 8127 14.000 13.925 4.000 25.000
dataset_062_n8260.txt 8260 14.000 14.625 6.000 31.000
dataset_063_n8394.txt 8394 14.000 15.200 6.000 37.000
dataset_064_n8528.txt 8528 12.000 13.250 4.000 24.000
dataset_065_n8662.txt 8662 14.000 14.275 4.000 37.000
dataset_066_n8795.txt 8795 14.000 15.925 4.000 49.000
dataset_067_n8929.txt 8929 14.000 14.150 4.000 60.000
dataset_068_n9063.txt 9063 14.000 14.600 6.000 25.000
dataset_069_n9197.txt 9197 12.000 12.550 8.000 20.000
dataset_070_n9331.txt 9331 13.000 13.075 4.000 23.000
dataset_071_n9464.txt 9464 14.000 13.450 6.000 20.000
dataset_072_n9598.txt 9598 14.000 14.275 6.000 35.000
dataset_073_n9732.txt 9732 12.000 12.350 4.000 20.000
dataset_074_n9866.txt 9866 14.000 14.200 6.000 54.000
dataset_075_n10000.txt 10000 14.000 15.000 4.000 29.000
