-155540
407018
393823
531468
-628296
793507
-174279
-903833
550041
720236
705689
-753098
-394886
-59334
354297
-189374
-805935
-439761
359620
61103
-56530
-74444
-164549
317616
-626774
-114614
156516
-40137
872256
78869
-182160
-283285
-514113
-788338
-751817
-142408
-994832
73904
-46241
555210
-205860
-340553
802113
399254
600114
156410
-790121
794179
716650
569500
-144718
-339880
-504945
690734
977736
-131718
-423881
134252
828145
-551625
-786880
-354016
165090
-300992
-142354
413274
556600
-137185
-512822
-489642
-581975
281318
169806
-779863
-319429
-230081
376548
-109549
-435902
93197
-540050
419380
753318
-44994
110114
731054
823288
686234
-134695
651432
-865392
78426
-702585
299699
777434
155062
-287028
334034
-982124
200150
844393
-564098
-518532
14198
-343961
162039
784118
-967413
-947510
-651785
125784
-487559
767596
-120899
467447
-122291
-389846
290734
-436057
475460
-57835
-301449
-446115
239581
998250
-668682
-605358
-288778
665352
-587481
911373
509744
-151579
-607160
-476058
504461
554880
-691941
537048
607370
-343725
-337168
-880190
-576130
541934
587257
301580
-847912
-122009
865524
627548
820157
-435926
-818568
59737
-437676
-487249
454380
273546
-821897
866899
184918
687848
-284681
577759
-788211
-780221
132638
-480151
756828
-259993
176124
-580341
-140182
599995
961593
-552925
-98425
-886320
325066
-232902
741229
145222
331172
922661
-795041
893497
-564589
659339
167042
-386486
526237
-648040
-698639
-758444
929719
-486849
-538664
62357
33000
-781836
802364
-790876
-362177
-337818
809119
-400584
109257
-289307
-286903
-565677
477791
-545675
579546
-191037
-623015
784506
-297541
-187603
443844
869502
425912
-29919
-778538
727274
211638
-848819
-759576
672975
213538
273425
891139
15902
482549
-471039
678084
291667
128378
-212659
-997641
841475
221665
480151
-704201
-198789
-710887
-327215
-414284
-8428
485183
-970440
-138926
-88906
-359
82536
-361633
-788721
233717
-121208
884254
-552746
-847784
775393
463157
634765
-695647
141240
-73568
432732
928582
-71208
274206
150246
-591058
570006
951457
-301945
-757210
-462827
689628
727973
-433267
-449299
-360933
566375
633238
277434
777654
-133046
-843774
661908
314209
-691558
437300
-222635
943208
741654
918606
-130361
174385
847188
798431
-551410
-2566
-792628
-981404
-51109
-94572
-738614
486064
-404944
989360
-947204
145758
-371574
619171
-221005
905861
396825
645950
-937914
58732
-39841
-629471
-503969
737525
-686264
-762315
656131
183375
412070
503318
-18195
860661
-499248
189178
879257
449643
-905394
-859357
-64293
-310338
-869998
-11496
835421
-241571
-392325
-385584
-335711
-995501
-739635
-273624
63232
220525
96905
559264
-41951
410641
796949
-385820
-405984
209018
-882502
575821
69678
-381750
-235001
-51065
-932107
-140395
89578
3600
549268
219581
992104
384688
978010
-400222
999104
-357701
-395722
-740531
368675
667510
479995
-534421
226773
-561956
876221
23722
52224
-529764
-767261
169722
-953943
302418
787973
-188943
-748648
855866
670662
340931
-140534
219930
-439489
-148431
-395382
-461480
451348
-396278
180820
-944374
-136809
-450506
723136
-656814
15074
-50091
-218770
-108705
973631
833454
361531
-793630
3175
407589
508788
-208852
-781355
760141
-352987
889308
101072
506479
109238
661583
-641952
713856
-799897
809397
-682423
380923
865023
180769
930418
588159
523955
-54509
-461932
-694816
836786
-488301
-861363
198317
-281931
141813
-394094
-773143
932962
-175448
986999
-420026
-286140
88070
-913547
823098
-250348
-555499
536954
-50244
-746103
854532
-669322
-881080
35300
-738904
707079
-440745
206587
-754854
-135561
43373
-243155
3077
-758310
474915
-855110
-152403
701772
-922149
672149
688770
-342174
-613991
-223160
-255721
-790893
526493
188780
746061
-523752
442678
600593
-193073
561598
-364108
68023
268677
195147
-725390
513824
-940414
317984
-729331
62664
559675
745584
207555
-592729
447356
285406
-920580
136126
943233
-534571
912966
-312489
-325463
439458
876292
-579402
915707
318970
-978810
-277367
-119433
-342917
790657
-850756
852231
-934734
663068
911817
383251
933738
-25519
-57075
679321
-817965
350196
126677
467442
429617
-737198
410674
895046
-824232
-901815
-430417
615227
974477
-9819
530933
293446
11371
-746434
-825987
668455
-955777
-676743
520685
-890511
986326
432502
492741
920063
-593018
-564335
599384
-410982
785861
-273940
-943541
215478
-11137
467134
110524
164631
565320
680107
-220143
539796
-329713
-689210
-166758
681659
-435644
7256
350113
-391421
330514
-129202
-281931
316840
-696701
-789191
236902
-289719
-353525
-163714
299299
-567664
562347
355759
647814
-448791
-177107
-241663
715841
-611788
-561557
-504303
928009
108731
-193512
-238749
-209610
370845
768507
-859497
979425
99021
11301
-302507
-584140
314600
-91697
652763
-975119
554779
-510952
324181
987115
-948605
-320061
634928
-397396
502833
-606735
-681556
891045
-168291
-185858
819054
940440
620630
-419696
-269170
-8526
-651189
-128667
-29102
447832
882635
668392
863693
197234
-423305
516455
222116
-868527
-994497
-453704
-881413
-943102
226236
753516
-340498
-270931
-853219
-22053
-379887
-21510
792089
-560833
-81071
412718
19471
649760
-595808
368283
-478908
375090
-183886
-596274
43482
-320194
600961
620177
-803739
-176923
751650
-798235
369374
870238
-741337
-404391
623754
-81834
324678
770535
896113
944792
-250976
688202
-616042
667954
100920
403430
317713
505112
-228288
838806
-119798
587827
-757468
923685
-732367
843494
543861
-536106
-333430
295511
-334341
-964057
165748
-75677
-368447
-210498
842489
956232
-439963
738602
901024
309061
426804
-715018
-22985
-472277
688412
-705272
-967165
-539876
-866466
-86962
-952050
-623934
-163278
-684416
-780440
-619418
-220522
-113870
676094
445138
-77926
-158158
-630540
553628
631344
-788051
509860
-808620
950552
410883
500442
377355
695865
-522543
905078
384277
-227814
937914
844402
-94280
-149049
892353
281786
687674
-792064
501346
-931744
-12585
-612524
744350
-567448
309551
-413809
-197987
-136822
-782465
13962
-626963
-591085
-35487
783921
909358
-658132
479786
-613185
-753054
-135938
159001
-815141
-291536
-935280
35811
-399184
346507
-276516
-191248
-152148
-208259
796167
235329
-463910
-771281
-455121
122282
30732
408058
339817
-955306
781096
748733
9208
565016
658090
351076
44801
-955096
598022
908864
203906
782882
-382673
268626
-181307
218144
-384868
542178
-973104
462985
-666082
823063
-301687
-129992
-948218
243193
992290
82514
-348750
332107
127209
-567654
80839
-863584
997363
-261072
487493
42163
-216167
85515
-48973
987739
-131603
568355
256365
687090
-213501
871497
229267
-186605
334482
563185
-363543
-967206
-566807
-311760
275988
-574517
770754
927239
757590
-102037
-640416
-161572
34380
-643054
577357
-478127
399110
-638810
607388
-649863
-651071
-524216
918493
605294
-837126
-295009
476791
392141
518386
-188728
-44674
-845157
-155933
388520
-156917
-879946
814004
-386163
-952707
571593
511800
-593123
-589979
-453821
-236176
987379
68052
-837066
-651432
-324560
-486929
-302502
151225
-568436
-697209
314099
136555
779583
-293760
-345060
-409145
661567
-190217
434922
50086
652867
554977
-135910
-733297
602270
-564317
778503
-990853
-154296
-675318
-227028
-166917
392735
-64094
181652
-931826
448978
879150
219400
880542
-818059
-466502
17097
961524
239739
672037
-447622
-98695
-518180
987301
951392
-865314
542277
-184519
-598611
144547
251164
-820108
153694
-903132
-495426
926667
-70049
897310
-137428
-888398
965484
-688450
990753
184883
-807909
-827307
718382
209189
-865784
-41879
-118775
-313405
859426
363046
-326105
810818
497733
-783829
-373702
899123
360719
877463
-920986
-485588
974332
-416411
-558922
-95718
-519101
303651
15885
-553618
615201
6637
631266
807293
179331
349648
16482
313547
-692232
897708
-999859
-832806
260753
-325963
978012
-241514
-109791
-395690
-342392
-749073
-518227
-263377
-234660
-543896
320213
206419
360386
801112
-489931
-623729
-752506
-874730
382909
878761
932564
-437761
228409
-50955
875787
536177
-153248
875928
703372
-892495
-450035
681383
-134009
440174
-714307
523600
691101
-232534
-739777
-543560
223570
580436
662859
-416044
381548
-827072
-39772
629043
-701801
-656864
507803
-769238
-94625
-263788
179808
-218839
-727611
-973440
-342911
975761
-865935
207054
657144
57
-352773
942837
-476343
-661672
-289697
-216120
-205232
933873
-635684
-542373
-482171
745864
-369445
478057
374907
-71246
821193
-117290
159517
-273432
618922
-660675
507729
891311
-634115
-835182
867071
-500049
371872
524214
500008
-980901
467051
-976336
-642573
-822647
-192455
152196
-888774
171861
609823
-370945
-82275
-759623
-892889
-707369
169132
928305
175342
-671351
-345128
-205737
-332026
-837400
-314426
33859
-672581
-447356
533811
699291
-923142
33818
718391
543910
57483
-924183
721263
865029
228014
832490
36889
-162164
-538456
954615
78214
-431344
-752755
-752654
-503040
422588
-424005
151832
-783150
243969
314433
-97576
-722172
641852
455069
811639
341143
531928
-154543
59533
75838
902941
135351
-202899
767969
-636636
-370410
-195142
201201
91135
-240528
-720586
659791
6718
-473240
-843250
-570695
102756
308583
-353845
-653276
-376984
548580
-375447
-735132
3649
-563808
606011
-464423
281650
-334456
611415
184590
800896
-591485
-47441
-835741
38105
757417
365460
-870761
-483112
644875
789031
523606
-828366
945782
952912
274390
254364
-400934
621115
877381
-852354
-754332
-857752
151296
-318139
748260
686873
963511
-586197
298287
148101
-785302
706803
-899341
-621042
-255092
858076
744419
-125853
-625036
389293
-336822
898571
560928
-391041
851482
-164682
863324
-549452
-543567
740704
-401806
-297898
882953
749490
383963
631212
436363
347473
-954986
-265350
-504426
-740287
-558548
-403767
-361329
186360
-545691
-616911
-939493
-170727
772383
-276315
-272157
333310
332645
-420676
-831373
195968
29872
-374939
-63328
628067
327163
-180376
377557
-288875
-549165
-186081
-941402
-504151
548569
-445827
-244437
990021
150406
394234
176381
604715
777324
236888
-566013
549706
960574
161831
-116985
293218
741155
51643
-510814
-228973
676705
425858
-600907
3867
-754519
776650
714993
-303683
-409431
773592
192167
-860863
-672236
947730
-870842
478170
341963
305540
82885
119286
-457573
516873
-331009
-496999
-321297
552007
796219
-580142
-396350
-714596
190886
-719646
711263
589980
284221
956744
366630
-786
-346939
957199
-227195
845228
-903664
100570
792957
-774505
-421261
134920
531035
661625
-745795
-926538
178497
-76803
-423537
857201
-524796
-627319
-722941
78854
-341914
467946
359208
-630652
57925
-356571
-673908
-575446
642643
-20847
-618248
-584553
-175619
-521911
516017
-382663
-296416
-905244
752257
-765382
756382
-993538
-691920
-65121
-70340
-115456
-207920
404864
257225
69139
-516283
915312
-462915
842925
-715340
595010
-513647
-389247
-980437
-871004
589906
-598684
-455556
-585713
-120594
-939540
31624
582990
-844783
-216119
817609
911600
-209657
-874311
-153522
720004
10233
638558
124867
-732542
-292303
608585
-817230
244782
451509
-532570
-160209
937863
78183
-140645
-933142
-331911
260672
-388697
82376
-859923
-328236
-886000
723068
-173019
-102119
540676
-261419
688225
666366
585059
408228
-323401
223617
-466905
-55943
931315
-858321
126828
176096
593188
594258
-984113
531051
-327560
-124757
597910
340530
-864086
-790788
-577095
-724008
-119024
-463094
999060
707958
434787
539736
-553462
123012
206101
-968403
-468761
882701
255215
64334
-173242
186529
206013
953586
-637375
-200799
547843
-621488
-669748
-779717
253756
928163
560813
389671
-862625
983719
665663
18351
-479376
664722
-273691
955412
204457
172848
78423
-589442
204446
609662
-706741
-540340
-326004
120017
646189
880010
73602
-991187
-320789
-378556
-612674
9463
-158272
641082
-62374
-597459
30753
75001
-613741
-303585
-906648
-93116
-638863
-180339
-137705
565595
992510
940718
976153
196955
550380
-730588
656615
-775624
389429
302804
-895614
-536970
311618
-216403
84475
698944
793060
926203
340026
-269314
-671256
-629222
805687
-284997
67194
899039
621887
428331
-281300
-515818
-6075
-288791
-575100
-29922
908165
975281
239490
564780
-800344
-371082
-132417
-695958
91949
-820800
87639
-823577
878145
-119301
-897374
218171
611385
-568630
588949
417072
146374
-343857
316110
-231739
-915527
-965191
252444
78398
-253981
677344
-951525
-345817
652624
287966
-781038
852281
916884
86546
-843678
8833
265747
243962
185257
143891
-875339
287883
-637939
736047
719254
951011
153118
-134372
-392847
-530772
633890
-308374
-495962
-113667
770025
250057
-436324
818501
904241
-783701
106466
-876797
-931421
23350
209749
-775098
-967818
-524505
468865
217439
619387
593527
-494678
981449
329574
-775424
932459
-517309
90204
-460388
-48080
-275907
231239
455958
610426
1263
-293986
-825899
-180236
-389745
-609599
926230
-266542
-541019
-50421
943208
-316116
-18239
-581298
-847251
-800801
-961911
746276
-295479
-980463
75849
-70902
951997
558541
-980699
-508392
-489540
-256605
722848
966419
-646180
-275890
-327568
-472078
543874
282688
-81676
470104
-983855
377306
-580318
959353
-938811
401444
-621945
-786061
600644
-583856
960215
-694836
-564319
36064
234262
-612322
-405395
253564
-120714
105066
996959
-397867
71484
-649221
326244
743917
-121298
-129882
26604
797026
-659779
42749
174331
-240096
2102
235521
-838653
380157
449460
761991
796302
409675
-932845
-768018
-554261
301418
-380339
40344
-445018
498947
-854591
-448059
-898920
216893
-97280
427324
-39190
781422
-702558
987414
578448
-362336
30163
-247221
397568
-967736
988300
558916
412422
437760
320907
208723
-152565
388063
440706
293174
-310520
-939634
-666482
244463
559314
-521073
796404
660394
695821
-300877
87718
-343370
-519455
385160
-355956
-941008
-977176
674207
-188229
420392
706472
-199929
-20692
