172673
507830
-121107
-39791
-379048
-456002
137254
272548
-765738
685129
-360668
732220
228576
-532628
-648810
-342657
673364
-149296
-284844
-876713
-646757
-326336
-877657
-18723
-385885
-812403
13559
676540
-465412
7517
-348885
707261
-484654
530008
-332530
136298
-925995
804725
-591154
-691732
489853
48179
-959512
-281572
515551
-608321
375771
188915
242383
-909073
312203
595627
-235408
434547
-423097
378707
622144
590462
55247
-843268
-402021
706363
863994
113325
236370
-468537
-750378
310376
-663813
-341532
618645
826040
706647
659134
-455532
222198
-949188
920239
-588887
293196
-988834
723316
-111178
-224242
157862
465726
-845535
-219994
56188
209713
-63262
654167
-83925
-199269
-232509
-847555
332195
17113
462821
668383
675582
81466
494423
382228
-259401
-961110
-395574
-208588
959129
15539
-915393
970295
-261146
-26570
-253948
896717
-560845
-99482
-323278
495343
-889770
613461
149509
26305
-585808
917000
178750
746387
-65887
-358429
414769
-390306
723037
-90809
991923
-536364
-51919
-403652
255049
-92790
611888
339657
-122495
-649258
-686914
623558
-752542
-247758
-475925
-75819
-752416
-365695
-462358
397094
660610
-48166
314094
-160640
-301780
-751793
480931
-887011
-142098
203968
22180
-150176
667604
970262
446173
-77347
-122528
58060
-737691
754977
408803
-424604
378534
656261
327638
902609
-419558
575223
-463086
118084
-27683
-802476
-930083
-713590
36884
-231862
-465382
-482186
-118873
392520
721782
903308
-757657
389386
873569
688517
-687962
-248959
-253423
-425652
-493983
-844621
149744
884552
811640
-522618
787161
-607918
-947396
-675926
510166
24921
-478402
580084
311332
558482
-651779
845950
-923704
229348
238469
798078
132655
480813
187464
6224
169329
499503
757265
915906
-926150
-736718
-928715
223595
-852167
882926
700977
934994
-724993
753581
-740932
785174
-221498
-219334
365257
-910166
-660852
713478
935784
-584556
-57174
174253
-786478
-924519
-344935
400986
81705
824395
-99512
-161030
740301
-25661
102253
811586
-802066
250086
694511
898911
185080
969519
652492
444148
754692
-569007
-775186
119949
-479173
-436038
-166573
-543389
-20593
776253
630865
192929
851735
-714070
-406086
-66560
-889676
494403
772410
850626
-531258
-125338
662212
-333324
-875252
356723
-434414
309829
326241
-781922
-246023
80933
-350928
-21209
-799119
169900
542754
34309
626511
-477840
-189438
257375
715089
-337704
543305
-690997
595736
653630
803407
368146
504256
-727852
-757192
166467
-61175
-632444
-476811
504412
677385
849431
722490
-568639
-69636
-628439
410153
131246
541461
-47094
-834446
167972
475067
-23883
-574653
190156
638413
968652
499160
234149
622282
302566
-397706
126537
574715
-154898
-706997
-486461
212659
-183807
-982050
-109956
-334376
740441
321405
595988
-887998
-268442
-272767
653463
684465
-107212
-178565
159531
868905
246782
-650313
507318
215434
848847
-258534
-162285
151412
343760
964253
-273874
-811138
-742744
239666
401521
73449
257617
-708436
739074
-1943
612970
335061
110059
-655472
-937706
-236478
-971008
-44917
584958
188524
-176013
-168261
538211
-668695
-952828
387057
72771
-115112
-461531
-583469
-150860
264596
-394607
106396
-495739
-993086
-820155
761879
-701521
918919
-240065
911450
253980
869995
-744023
316275
-366483
-715030
-728643
-781526
473494
95345
50213
11705
426651
97386
-601239
-500579
982275
-62769
-84048
-168585
-798174
521346
937812
-293912
528261
-882343
-532034
826741
-963424
227901
738191
290557
97896
994169
-393169
731413
-720862
-121811
949888
752633
973535
101
-235663
400185
-902513
163099
899607
-920239
-899670
-184441
-88823
-697844
-663095
-151012
8244
865166
-33354
476210
691907
3222
-295889
430097
-706222
802008
424265
-99390
533420
703404
778799
483308
456036
752334
-516592
-779627
152519
-419105
383473
52125
-339344
483803
867684
571834
785960
-795412
-579178
-205797
-930246
387468
-729587
761661
-609311
-25476
191758
-315532
-223468
-383978
585078
-690048
-680574
363877
793260
775463
116210
-723333
995836
-731271
-142438
379309
320854
518219
-136888
188538
90052
-350929
393126
510874
443274
462881
-101658
713688
224542
289031
-311788
-583701
973500
464744
32322
558577
774696
351748
-77546
567955
127211
-961336
844622
123046
-692607
-297816
-497645
628247
-779597
365467
-183216
310456
-985463
-790090
-178671
457812
672792
719672
171499
-102667
8702
859711
313633
-17799
324455
-654045
-459222
99150
697704
463232
-332896
-175086
501896
-488274
947961
809289
213911
-549685
437536
434314
815782
-745680
-255231
830320
-535769
566099
288132
-862978
285770
-540370
34356
-705528
-680659
-652011
276673
643797
-306056
817452
-257054
-608352
280683
410051
216562
-217421
921778
164523
-408132
135688
614838
-970597
-429999
430620
-716277
314771
260940
-252045
-119131
-450929
-115023
-833362
8702
919334
-538890
328044
-732678
737784
-28160
-38733
555236
714786
352915
-164081
124837
-430523
618498
46614
734000
-789635
-817698
348838
-760231
-247696
-220542
-476507
-932926
-959603
271448
-52057
-410532
-843576
114582
598171
-924242
575693
-73786
-656920
313477
898054
304347
-131288
612840
-342738
704631
-262324
226739
323129
784291
-39261
533494
966593
-690424
773263
-281104
89034
-703244
-214030
129432
568204
733914
718901
724629
-151504
317071
800387
-575812
-756716
-856534
737666
-858663
447814
-393623
754177
-894924
-688992
-508147
331816
634137
-723857
-707446
167631
-757264
-397869
-59106
-38368
691166
237650
747603
-179403
-194147
481517
-460503
-469519
-669988
856569
-669132
-245799
-900148
-525666
-508134
-758810
922149
98244
995367
-972776
409252
-512780
359040
43389
-236636
651595
-788981
6100
-746275
151914
967733
944892
-610437
715335
-234512
195417
196851
304986
725899
526863
161554
-943234
-718937
261407
-468899
-227070
502597
-546751
871174
497964
-519526
280426
985184
839515
-676186
-251453
491109
-465166
754648
744835
686748
722380
689726
-923689
437715
-544786
271728
-365435
760201
-2374
-838572
-78245
54393
-557508
-816839
585494
215422
685758
-961257
86595
183722
-480783
-632979
168906
-641268
-309165
917454
849842
225670
672101
594676
-87583
394480
284402
-11271
-167806
739616
-739543
466760
499816
258084
628189
-578430
-687524
-929320
-395268
897970
286103
-709511
936713
-627302
474212
-544070
-260281
-356883
-185338
430554
-439430
-335497
-343777
-767330
-740821
568641
627151
543581
-442630
-540655
283196
-182173
926106
-216988
-924090
554294
204582
-611614
624975
809314
-713644
-88923
-900197
-776932
283775
574016
-321001
-976506
-782868
493662
454048
-222297
-841836
-889729
10373
-582656
678913
-362476
960925
-763718
96870
244120
54109
22976
-972868
130020
-422731
231714
518406
-797756
41028
804762
113321
140832
-972170
-602904
-285153
-293171
-579410
-68020
-799510
874639
709683
-641345
984911
-279944
-224001
663824
357581
-263077
900107
-545549
981044
-45785
477427
-991825
-915765
-945304
239890
602641
-743060
-719082
407402
370262
421751
435233
767358
-863402
-857939
-812052
68578
-657448
-937414
-221739
-298793
-952503
498317
477207
711321
-144103
-785871
611427
310348
-804827
-434358
-212225
-796651
-350123
-157529
443240
-747482
99411
724158
659921
-530328
145909
95153
-762970
282507
237215
-575022
-648916
579767
-512435
129345
-719026
-464938
-372338
758181
-753617
483560
972310
857811
-206093
-832517
-576547
581682
-629168
73330
-575847
814072
325849
523564
538230
-14231
993237
-315862
-919079
-769734
966646
318137
-344755
-682271
-102097
142810
447075
178877
677873
-925264
-62942
924256
558297
-90632
782066
-647797
76851
-794481
933886
447684
278849
-641962
261756
-395303
881603
-200014
590467
874839
484124
671389
-894895
450770
-10475
-239650
768499
887429
903160
215574
66306
581033
290311
-996637
505288
-151393
-87269
287354
200811
989583
492873
134697
437266
-228278
492736
-300979
376420
374338
499007
-33113
249177
-16869
-361725
354282
-566100
627801
-885368
-797601
515229
-982208
417974
-418465
598825
-291716
-415102
104113
556892
497630
-608533
-242297
487212
884341
892400
-75522
-343937
385135
623499
-967518
-240527
122506
-630
-991351
-894363
637645
362932
-460462
265446
477564
-258063
-219325
495356
-840089
362210
94181
-131805
947109
-801707
-574913
444738
-410240
182790
-68050
-525899
75189
856428
130164
-539676
479927
162647
219797
-397568
-837984
228447
-291930
799661
-408621
247608
65107
-931058
989546
845782
564299
-850544
207991
-341521
17652
155099
-143227
442739
-400163
446534
-374471
531787
920635
700718
388214
50798
-838958
-131860
-786556
380840
470573
-624540
-390714
-821358
-824879
200665
426251
240229
269608
415796
86010
-166093
565252
-706000
492387
-417096
449100
-650841
-974358
-951064
795694
-348829
580723
716328
-648111
-31063
-232874
-487068
837077
-19429
893772
307650
356032
-496942
486292
531154
703723
-87457
-228618
-26669
-671662
857392
807238
893591
-848608
299625
-523506
600492
648785
-497864
649429
444478
153308
230152
160806
505198
-800912
927933
-981871
-963835
-91497
911901
343815
-735466
-585042
-169893
795689
-881319
742650
-432930
92013
-929013
-575538
-100749
964579
-424146
-801125
-558928
-823654
847660
-56791
825776
292137
-903484
55927
-547057
601715
255015
-619125
619844
291181
289378
531745
-365005
553913
946704
465103
349601
-934616
207752
916672
157398
278740
-658867
-943352
243318
-83012
-744477
684390
93335
-896817
-372401
-80890
395321
-275884
975037
848264
-674170
230052
-770862
945674
-478768
518517
477419
156228
72429
424122
-378670
-577970
489507
829083
-661298
-353096
107823
-320164
-296447
-648860
596824
-40923
-964470
-309841
62260
-336871
609269
-542420
387245
584306
-694157
713076
-185642
-465019
658750
335591
-946503
136168
-508182
125927
-439711
113149
547958
-950204
-57768
886660
-303299
-949946
-433505
400254
-598805
-836681
-640670
-563275
-146521
421590
99855
-537253
879170
-512900
-952947
-814987
-799824
-138589
-280006
858926
-802999
-226508
-4907
-311180
899420
555383
801970
447377
605179
-255798
334037
-698121
-205744
900532
702133
195451
-936149
-938537
632177
-82670
483053
-267968
380078
362223
219133
427131
547236
419309
-711458
-732770
278234
-514456
40723
-726673
174364
-59858
828710
-23666
-612481
433889
720536
721556
735768
-485208
622088
437901
710244
685939
499364
342421
-396731
-17583
-925548
983347
-655361
293586
410477
891876
-287105
699020
-840895
991130
-815437
199829
-735544
358928
-860030
-906835
-664739
-472510
527054
-944203
-750955
262822
-429410
871133
-299278
-719167
557072
-799914
623254
-839660
182503
697707
-856314
527142
-8707
554164
419017
704188
253183
578123
695317
437746
-222049
959774
-203326
-82078
-947061
131936
445412
579994
187733
694458
-157185
758324
565590
543538
-960844
122661
743624
662411
283002
-73873
360118
426688
-546732
-648589
-19148
872286
-944402
-765965
450409
750916
671782
-771641
710690
-531545
146282
763629
600391
-408306
343622
-211876
-713849
-813564
-453553
851742
729975
-414396
-25597
473599
-751985
-742596
-600275
608133
684093
-147006
959545
-335056
-274721
-984858
-101021
-824313
766059
-429240
-595953
476748
39216
550330
240376
-360394
-857977
-416002
427731
-571825
-229565
974178
-720084
-499591
-440218
254319
974008
-192203
511723
-626268
-584070
195816
226727
-624526
860760
952006
-609383
-240261
-872307
-843325
330500
-468259
633424
-630285
-917929
-126200
9322
-775906
457798
-562948
-347731
-771768
-588770
-67814
-271358
-28988
-813496
-297351
778809
698228
76382
-805262
-105957
-696892
-429788
-245198
-744886
-39171
514542
-617192
117505
-154959
-85450
-249071
214757
-3379
624729
-775922
220715
82527
-338869
872985
310760
72361
-194830
-960599
-956627
-8325
-257949
822182
-310098
818434
-983080
583945
-878458
-412867
-661253
-623343
547963
853290
-240535
-334533
-301670
674015
416396
913088
-329364
41125
-862834
891352
-876348
-201703
764336
434412
870659
-430494
473814
914032
561181
-784135
736214
-748918
-965702
753135
835028
-844160
-659733
-826225
-467502
888230
-972936
291963
-446303
-274605
-34022
970094
-361518
636614
11219
-224351
527965
134871
573946
292301
-430718
444605
861807
-956904
358637
422988
-741039
94850
674071
-706741
-152015
509098
-550900
188252
682874
-18402
76482
709939
-726439
630179
-564667
239540
600272
73816
-123846
-388510
849465
-595882
746362
423411
696420
-684356
-131984
558227
-641260
-773348
-18786
-382299
321503
-344716
-89039
-830513
-835618
360062
357740
847256
-658340
-565779
557195
-384778
-935600
992528
854762
664672
66344
-269085
-723838
-84191
135034
-977476
-660780
-168546
-661832
207236
-610320
-303091
433889
370894
314610
-244609
-973822
-774429
-75121
-809440
585634
-717382
-962184
927294
-283161
595011
-457485
-218761
587539
-602723
-554089
-346117
128192
-277926
569692
-736774
-255401
908913
94680
82767
116149
484360
779676
-449963
-144746
94286
305429
-118568
319858
-769693
71992
-94509
-487074
109809
-167216
229765
-295181
375300
-988996
-707642
772577
-543084
-53759
-99232
178991
-484067
163995
923590
-575155
-741326
6357
540994
743035
-213968
-908969
-401712
880319
396460
479720
200176
626768
-448288
-894334
-860307
661522
-61549
369459
-633660
-686250
380464
-341301
-913674
837381
604940
-12905
16371
-879128
-848911
-60039
-454282
-590236
946319
-913288
-847202
-267649
-822257
-248914
-387331
574204
-769194
812846
200971
-217482
918512
340665
-555961
-143038
-289877
-189620
170713
-909414
469079
257039
927968
74019
-755867
-55662
194891
-604777
884300
740609
-195013
830619
827321
-42215
-437031
-994936
708871
175638
579268
939678
-11517
-219761
-277805
-93005
-879097
166235
763958
-168973
976616
-65330
-78386
445695
-808292
-150419
-480287
-564158
793920
714604
-168934
678219
455213
636054
508837
282534
-406162
-928194
287599
-697291
247445
-133134
-757614
-764073
647106
-35418
142923
768010
-869183
-93120
-400964
-892568
841551
520650
553127
-966741
-629770
-927161
-530898
-835851
787444
300168
842369
242657
-63779
351206
-474809
530060
423012
812790
832770
-329544
-320344
-924844
-93616
-673238
39738
-950694
-905229
170555
-43813
-306193
277988
-202262
-785544
-168886
-169003
-415313
-96046
300099
-251164
-308602
-399733
-408795
934055
536489
942411
-540754
66549
365422
-727965
-100682
-964123
-48308
-25526
-57739
278454
-985788
-8432
373225
184767
947756
-932969
-537245
-254507
-718512
293870
576491
-133824
-802177
-123411
615012
-110779
476857
-793784
-176724
13345
-851373
282522
-920107
514049
554558
-20788
549927
-493751
953686
-507812
784703
967898
483756
157928
152665
431512
224960
615420
-822995
506449
-90711
753496
-627376
107113
-369915
987637
996335
-893059
-806148
-180390
120286
-657521
-897868
200180
856529
656690
-820609
406455
-837061
-866923
898643
947643
-899026
382399
105570
253640
-186089
-669471
-130941
-9084
836978
778349
-255589
-790398
-114539
374496
-802762
-118205
481438
-608910
701406
-398276
-266430
803538
801904
-409901
460228
981296
996554
623167
-885628
895197
570809
-784653
277595
-323622
468987
-908494
6908
-661954
82422
-156114
-883606
826834
53488
1856
201330
250726
883652
-317233
641817
585058
284491
-624613
388595
86395
-34514
-151177
67691
-37960
-528011
182064
-142764
-957203
397411
-865169
-280824
-133602
-773663
726085
204444
308760
-430030
320839
135593
623459
-677305
-663077
-125815
-793653
19691
-483998
791405
-695818
-108611
180000
390577
856876
-971178
-541732
-181084
-499189
640332
676153
-456391
37743
810984
262786
904141
-962679
-11130
108585
346082
558841
-570576
-518325
182300
-247881
-181402
-943516
-41533
838289
-427513
-250129
-857530
463877
929871
533048
320752
958693
991316
-860332
-540496
631648
815821
3113
-330609
626805
-734101
-426469
664127
254769
682117
10208
-186390
-888460
491883
995910
-136340
-689520
-947606
822127
-851231
-375119
-428002
-708761
-911242
-498132
824288
409511
-539439
815604
549179
-79935
447251
364999
923179
-883359
-8196
-810923
-309827
-344070
443847
-627710
666138
-742544
-516169
158020
-746634
347491
468501
-694239
169618
617270
-69357
741616
908510
19401
-756516
732797
-571089
-295955
548400
978090
624110
-4349
343089
547289
112293
-665108
736366
802466
-9178
180212
-825244
-343040
437669
-341413
814980
691036
-993923
283481
996798
175696
-99249
-72560
-82689
-190740
946842
160795
-457943
-624248
864841
-909543
-646158
488950
86108
696932
36238
-801600
-968177
-227396
-999134
22646
952817
-824378
679607
390486
-165790
494586
81521
-159712
-221933
78318
-984017
678818
-994242
-66705
-511923
952600
-905910
30135
-671648
958931
120592
-317806
447881
-793301
-620875
-515881
-594900
-589051
256723
-594034
433596
209540
-418411
113202
-399975
415799
-392212
681547
-743913
385855
-240136
-727930
64673
-234377
205366
552751
-281777
299456
-417115
46575
258386
703477
728770
-293734
910177
-892106
190385
-684724
-481156
-552892
-278757
952440
656648
302833
65642
-743328
-281368
673430
938219
-25281
59285
-301917
246790
-876043
463706
-547845
676708
-818072
751611
-740407
228504
9996
963070
-42727
716263
873247
65168
-93353
-811478
584012
353755
-90234
536452
10403
-787402
-397907
267075
-68769
-724477
205293
905950
334809
903377
152739
458767
367083
604894
135474
549012
356504
395068
-222485
-633500
358138
734788
-917238
231384
-200045
-10590
419907
-616033
-656835
-670328
920419
353568
-457729
-477488
-379357
473502
-201964
825937
379451
-867156
729313
-467810
591611
96395
-862917
-272915
-354594
493588
-877848
422921
860089
480291
157709
942852
-288326
957665
-67739
-868420
-658369
275427
-538748
-737951
-371005
3523
-215438
249638
-522976
582598
75574
856476
715443
-195113
-611335
307054
901282
-474251
-965862
-453312
-980664
-843709
969610
879426
636582
127319
822277
-651744
84983
-245462
-520164
426614
-970036
-58911
688664
-341041
944612
-526775
908598
-578364
-944177
-15829
-721888
771266
789059
-333223
78320
690341
192527
112458
-762972
211864
268750
-793362
91289
-94668
333957
-86435
253588
-581061
668103
733424
845553
698068
-325487
534216
-642973
-380876
-992559
-734376
40761
-936736
249796
318874
834531
38854
985651
-87150
-270806
178178
-974692
-33777
-609959
294059
172861
481330
-800610
-493182
-605105
452979
-74243
-937002
186403
-228690
761067
860916
-694474
-881907
-519960
-687033
-616283
520802
-623768
633514
-160325
-789237
-327633
-174674
123614
401562
-996497
148922
-632215
-606456
-557019
540646
874875
-357628
-952536
-730230
-904650
-26779
-667232
281753
744532
-906166
142669
-949943
-788073
622709
-636975
-404355
143511
-260743
-770842
983186
-49979
-98474
-191489
-926366
-696913
-187986
222557
-329128
205559
665538
-788482
80433
-692091
-741017
350203
-596740
232205
682972
685014
-23264
776807
-172318
26793
988734
-549609
389818
-415621
593902
-870925
-186462
577087
79096
715064
-614402
152731
-981849
197612
-624713
-310976
-596829
-959175
-99457
483604
-651265
159526
-166193
-248005
-608270
-483221
-562992
368466
-706415
264691
-604741
-717681
715082
785078
-133302
308984
914153
680236
-113930
-6751
395300
271669
-854021
413451
-530720
-478733
-897526
-127548
-437907
3017
-643944
-89172
-837457
189863
662824
-445727
706643
-900168
922740
-999773
364523
-682002
-717454
79605
-896925
149245
-611412
-982773
-170519
274659
10477
-775220
-453673
156457
638231
15608
677725
740706
888060
-760183
-256277
-755885
150646
-93733
433979
-186530
460540
140621
-86698
383279
140848
-722176
701278
423395
357430
804353
-427361
746018
821581
402120
20676
-167943
626901
567003
988515
265132
-417390
666239
5838
-529330
906057
749561
-285215
56703
-344173
-851237
870173
-883633
289385
-216526
499647
-569767
61299
200924
853628
-581272
5276
-573733
-835254
-173143
828388
185422
658915
455288
-247575
647429
-279581
335036
313668
726257
805706
219725
475818
-479510
-723573
-868355
-330746
-853400
-751987
958639
-69926
747660
-611129
991374
-51417
-757501
-589898
953860
-331234
-425152
-219284
-502847
760270
-560369
952442
-487305
-912941
-327140
847731
400728
-600883
653436
-379548
874936
-826074
-103120
-993420
-156819
43480
-745407
-198181
973555
-997747
190691
964928
-49163
433190
-624970
-95303
-898044
-50122
685414
-400890
-289852
-874956
-448449
222843
-787896
224411
70573
612832
623529
-275991
-766716
498464
-102064
130165
505045
741117
-826356
759639
-457064
-852801
761892
733628
-887873
-287271
166817
-512843
617426
268774
437035
302839
867884
-852818
427883
-580566
370025
639988
643846
-559402
252819
267374
164608
486104
-234162
-937456
-383732
-729118
803661
-210088
-969480
-653403
-62888
792412
-919776
49239
-494859
247042
536396
-877434
-484185
-26569
425405
-616301
120614
-146712
-196867
-509361
-506725
-553022
-68762
746095
714353
-904155
232198
-519810
-841610
848466
-248928
962051
-361622
-218408
-691352
575490
-425996
-611128
-375271
79146
635914
-838875
201712
-848271
134556
-372883
-464572
-744831
480406
338562
-254191
973682
785541
677047
719776
499893
772892
-48026
980083
931283
-199561
-268845
893333
438818
512748
-798019
14307
-913248
-409147
639037
165898
-773233
800162
-632391
-621503
-65282
-5273
-86075
189888
-524868
-747514
935697
-551186
-961974
612743
-831411
537920
385635
120564
518003
316917
921003
-750843
210250
359821
761905
412231
-625872
848658
-996917
-986836
14555
-770149
813326
382165
-391652
-251957
-623109
522274
937931
-147976
774761
873627
300838
812788
486370
469428
350707
-127996
-410009
-131291
-811080
-489006
117867
399170
870815
-120228
-188600
-755058
-271571
-185516
-741893
742985
44336
-928568
125149
652684
-180524
502041
174957
-242593
-645935
-50282
-368966
654904
-237495
-882597
124331
-886789
-10593
714323
-18079
178328
-774684
-900212
-422502
-903870
-20440
388899
-658927
707989
-796618
-400820
450974
247719
-329387
-423878
-99598
490089
-921837
-924641
-752504
-567772
25077
-121470
-912868
787583
-4066
211463
900795
985341
-74215
-117285
163669
151102
-17496
741167
247233
962064
130065
588306
670053
333448
-812514
121026
-418834
-141901
697149
481569
-651812
775312
556929
-404315
-792460
-417994
474215
-705328
-630412
-529852
506136
-729618
-544511
-568079
153098
619159
583023
-864399
360325
-169745
-902335
-509610
-581439
767718
823839
-393953
-111257
-594995
464147
-414108
886574
812336
-638796
443503
-591980
-431256
-974492
882236
-136583
-604904
-647616
-630447
-334521
-192127
-198526
818577
-572968
-615504
954179
787358
214752
-948157
-722253
633313
819562
-898415
-760640
-291695
-493409
703508
294197
-606836
515843
655401
836668
923864
-775855
862176
806099
87563
-742728
-841518
457116
-77249
-33644
-741411
-258672
393388
-356914
-304493
180746
857838
-252650
458493
491151
-433089
560079
730511
275217
-933331
434018
-430587
-540166
-50139
-775186
-703499
-126276
-551041
-841323
-320177
536523
-584051
-161694
-6362
338701
804662
252227
-919972
198050
895313
-224465
-621205
753151
522886
837289
244301
-910203
397367
-25189
365014
464037
-591171
934427
923872
358691
-840760
-779627
-767586
-391800
-620950
-87762
-855278
-205000
750544
138361
-866300
555205
-609413
-786272
-246745
-714100
-10736
132051
-960949
-487851
-30661
283352
-398054
-633294
-741837
966960
830744
-333008
901387
754616
-974318
-939373
974989
-741903
-331172
-645961
170335
-186450
149039
-79122
951912
282740
-523917
-657502
496469
229339
-371601
-514268
-638611
-332550
-2119
330729
950802
599828
697436
-791035
566788
528179
-124043
468174
282795
-98360
528801
257783
159738
-802372
611823
-669927
11179
-239138
250951
-36910
-956399
727035
305589
540070
-43626
933989
-974198
317764
-398561
23683
-351508
-447759
-376489
-654072
-238794
-809702
874108
637164
658472
156902
-461197
187273
-585316
698541
384902
-973493
-971387
-603919
-212631
279565
359172
-169030
6600
-335239
-628960
962974
-401251
-603158
280738
200189
420526
929230
752430
-955964
-724842
-486365
-765665
-850735
-849202
892808
306167
-310398
80080
720852
-611857
-535018
747359
-583243
-138936
-465273
696323
-779764
365697
-297078
-115003
736738
-334104
483747
-866421
946634
-316065
554105
875864
-563636
598142
-848979
-50000
832477
-699714
100798
725284
606453
790400
-194636
327305
-821457
270346
74663
-404700
-868590
609390
-708378
-648354
-24913
-5456
236643
-288176
660441
-279610
-154596
607075
404326
-600492
482938
840690
997650
633960
-209310
830126
934246
891489
555410
540699
681889
-639227
-131996
860432
631119
942667
-544269
762530
552057
-252647
-885825
-472857
741898
350819
238968
402339
-928792
-915629
9413
475534
-516120
-507649
316224
-518471
-873690
-893087
-688345
-939444
998402
867065
601256
680290
-772163
-530741
540722
858957
-588074
996453
621486
963983
-256194
735661
-508874
-514297
86480
730094
888043
157688
814466
-102545
-366778
-701655
389807
949446
-220125
516117
-943641
91531
576674
-945239
-41404
177930
735052
186433
647189
275773
45390
-940885
272225
-333124
-976903
-983970
-597463
-485777
-498266
489017
-755683
-610223
-353296
-941218
287233
279926
-642872
-322961
229372
137004
-806844
285732
-771466
769831
340493
187130
-52240
75544
-626437
-405051
-648683
418954
-345936
623542
-914171
-322839
639573
-511634
191385
-858693
977383
435702
-468915
-375913
494485
818318
904014
851613
-504644
133386
-11383
-311487
-580883
217151
-541657
759610
-595719
406103
-164846
-222155
-998948
186471
-803202
-344884
-189987
-717373
332278
-550414
-229006
-476338
-409106
-251623
959365
121980
372464
453849
-59703
276478
305462
435654
-590137
-705922
-875834
-171020
511230
-417491
-411410
915512
988613
423745
-306644
989665
-389784
-109846
-355220
420230
172782
977059
869817
943776
-499280
-539290
-307847
-539915
582690
-935383
913935
-477013
341095
219396
958641
750958
513475
-917194
-420062
24705
-334684
168528
-59784
-346072
-407728
633572
-356408
202488
-476274
288373
-377283
696509
265431
-507467
640285
766152
-46756
-667563
-773764
-464066
-602946
-859830
58921
738149
359567
17562
489107
-126958
100369
-930956
897748
765685
237573
-162037
-580388
829845
-528465
63205
32333
-4738
-648422
655051
-308230
617009
-852416
-667946
383160
100829
-335509
609397
636763
61545
749568
-304316
-200306
109135
713247
-711199
982177
-186385
-642155
879924
-420701
595418
-282113
-1088
425263
189423
-937884
-542405
-815316
-586306
-887354
-123546
-969297
-739770
208508
413864
361059
873000
23260
-2178
-65455
-227172
693506
734240
881963
406753
-976960
864139
-779633
-619114
744063
-200334
976304
-538050
798578
401567
651373
860695
859163
836057
-725611
971809
-287489
-694908
-767961
921020
718956
593098
794019
-257784
-409081
-271436
515044
-715575
-537197
397006
691178
-514157
261145
911545
-133271
5208
-288789
-156967
467158
-490211
-755400
118530
-629517
-896238
-45413
-355128
-924429
667099
-50035
-692390
588118
-331079
900708
382137
411137
-508373
-889300
-73819
-223947
-426497
-676814
-532769
59347
584332
-621225
926076
-410461
89987
-230891
-943303
599776
13709
175227
970260
117471
-870186
-384869
193043
796913
565097
500653
385031
-765983
401361
-232833
645154
892989
-122133
-428666
-330959
451371
-105479
136272
-489283
-521147
515048
-563208
68392
-394965
205902
125090
-795190
-780390
-699684
-824931
337082
-569869
-209799
-469876
-772957
-644703
-969224
612074
-410686
432138
-620759
-765532
325126
257108
-194197
994168
-291521
700324
130439
219196
-820823
-354513
655989
247569
250522
-138110
-627341
455332
81501
-327025
630402
-581418
103107
-579398
-51294
330151
-224101
-20517
-57775
365214
-588379
321466
599682
736747
-421426
-594516
730914
287053
-894192
-138647
-493752
-715015
506840
-837763
532555
-242639
24127
905214
-787307
-894373
-421811
843096
-475790
681296
-736303
472917
11446
39597
-547601
953671
-595189
-135980
275137
-995508
-399233
853711
-590023
-668320
140764
-484214
193033
647012
-199229
-300127
809249
-666674
457235
-166624
-761461
669929
-60996
-183271
513024
463214
-501976
776722
-63870
509471
-183682
388530
463142
221129
-747451
-261722
225622
-146683
-408011
635600
184997
732753
-848615
-621970
379765
-47843
77903
189014
285483
-464862
-977611
524022
-794934
-38607
-659250
718090
-575393
-161225
494811
360737
-651754
-688871
-250733
811388
532259
1817
-450334
-242119
855134
141655
-606520
40131
-125593
-455135
418161
-745829
497022
-503936
443185
-217495
31202
465575
-693473
236269
-573032
-352722
-45642
-148425
486053
-550831
-787688
834300
-239702
-38421
645687
-707443
963396
-804648
50438
818530
337008
443918
-141340
-788585
988784
-723180
-534413
485806
-227115
908772
-731690
804088
374347
-425163
40356
801315
222116
994715
-347110
-291832
-556117
-134797
-457533
204182
826783
-811846
496739
790178
-616493
-452824
608707
720515
991095
-532633
931930
979879
-255813
-602484
465684
517073
-693712
733995
321160
680636
-691168
-638484
481951
530948
-643770
-865160
-760884
-199887
44
-218416
-995705
-173174
-30262
501034
-382996
353246
-951790
-774289
73760
-960695
-306922
5690
-980817
437266
403207
484868
-45662
709496
218862
-724503
390131
527695
-362986
-127918
58642
-6756
6923
297758
793358
-993034
-920658
797653
-166208
49080
298687
450796
-597675
346898
676507
476086
386203
-630416
-518224
405386
806850
884983
-109747
-238812
594479
-890885
36686
-15390
636810
673700
856692
-304548
-333057
-136386
993211
-539700
-129419
-927448
-742048
704373
121632
556640
155169
523958
-96463
-168324
43
-710261
201261
481819
695126
8110
366802
-414621
769299
-38720
-305506
-194016
945891
-668696
-520317
802582
26756
146627
-333804
19966
606927
536777
92518
864880
241150
-785850
421519
-603682
738108
-674945
227994
-261849
-385205
-570745
-780030
-690080
437366
586772
-104701
206664
-451948
589794
-987353
-506057
921098
-507669
-703476
-52146
638958
-37279
967820
245884
-500503
60338
110764
740648
274489
-467718
-863035
12596
-142662
364960
750748
472133
794216
970718
782054
231581
557490
-322647
-561756
-894458
-732854
-549109
-400515
-811756
-56777
-103990
136098
-417820
858731
103918
828065
-641772
-835744
-61172
-901125
438745
471111
-764159
-548659
-671552
600802
-797912
800582
395017
-827194
582635
-373402
730296
-740013
64842
835839
-472866
515734
-564677
-284622
-541044
331334
851477
41136
190065
-44605
-130800
548293
119651
808028
647169
-441604
279138
883011
9737
607587
483813
211826
408168
-121170
384632
-9197
505428
114928
250791
-429730
-49233
777926
-913997
386090
-506697
-455041
-282576
-655220
586095
907489
300175
-544705
455782
-580174
-736677
102950
-21778
542462
-14039
987960
150048
-530226
199785
-441784
348605
-415583
549020
-145968
699346
-200189
424302
-349888
-422264
510306
-963798
71039
-944736
-246374
415820
641360
-338886
-284006
-903346
-883105
135821
-640022
219846
-885957
902440
-794193
-897998
52488
-324419
301788
610705
-975814
886205
159724
-121782
585550
959535
-697480
-764339
-462730
812826
-728137
608310
868091
25490
24129
509450
686604
740124
606105
803500
-124055
966083
23346
-10012
868523
229153
91990
-78990
904735
-606223
-468286
928921
-720018
691439
-192861
865532
650974
109660
-898807
-811756
-77514
-626943
796555
-209424
398547
-179316
-699974
85151
-439193
906131
-111350
436753
872213
911996
-573260
740736
141149
518731
-338255
45883
912509
193460
-25196
-807510
-115101
781944
-941978
-464128
-108397
-840784
-275884
814089
-467727
-479330
-395335
930821
341354
-95309
15971
902162
-189179
904621
338915
-316966
816617
765655
-576231
-42235
284386
85515
-996352
196894
-721026
-21548
389385
163873
-239604
447408
699746
651999
606624
-576139
466088
-861103
-55468
-929248
-930283
-714114
-24557
85689
-811952
786265
-9690
526963
-530701
-193074
292618
-106932
764692
-422997
978584
768340
773897
-742443
-253208
163282
421431
507188
-389311
121176
159187
-782688
545038
-374726
-643791
-510430
-303973
-574073
-224543
671471
511616
-36495
457736
-498075
-509533
927035
308852
783085
-179897
73543
-639913
-201314
-158117
-866016
56244
588676
297266
-522326
95864
907956
598851
-744950
-874733
143889
-119675
-518523
633459
576352
-92596
-591085
247823
-580980
372421
-294442
-79055
862888
-367408
-770204
645973
452695
303340
-993940
-748619
-854778
-859956
307625
733898
437311
785300
-170238
345266
384150
84812
470534
-471961
965137
952011
-838503
541489
-140585
-429587
-210689
278435
942835
494869
-800620
805722
-872539
-570823
451695
580156
732517
457755
831538
877740
597800
139162
611637
35111
-75539
-558602
-619623
-691389
526211
850911
-163350
491348
802922
-1852
32837
-337663
568562
822148
940773
511396
317017
-859848
317117
444478
-430670
-231188
24634
-698154
-773434
-143828
-820415
824366
995334
791223
-140523
-80206
-767379
239854
228406
758832
90764
-934945
250180
-106314
63203
-716984
556023
-368235
-894836
496796
-856840
422181
636948
460278
-133341
-793722
-770911
891294
-491876
-544345
-252535
-312290
-719979
-257201
-521068
139498
662594
-288446
-620648
-109001
-529614
470116
-43945
720566
-636198
-980743
-996419
919826
-348978
-891254
416621
-205817
530927
53569
-745540
-602414
259847
-516451
-711120
767972
-60795
36345
-544319
219227
779145
-65386
-641275
441738
646168
-261923
-667264
-883447
-791807
288791
837120
-428005
308049
840702
-508179
959072
949448
908442
-246746
480375
-37990
7715
877961
-778143
491264
-833160
989829
-569531
203186
-554491
649696
-17670
380123
-991579
-575933
26291
-253502
-243196
142844
-45308
-954405
-20036
526688
353644
-179335
-981492
312716
-229888
926950
-934031
-749514
-111040
73684
-871554
110817
-435052
-704713
100646
-4582
498474
546156
-354886
-519196
-73721
-346465
-95128
952570
400034
661676
95414
-645275
707271
-924623
881413
60915
-103958
899921
-626370
666154
826871
-560400
916640
-284169
513285
-954914
826649
-921768
-659626
-72706
73651
838848
-526551
718765
-680349
399728
-627701
224523
352297
772333
-113801
-552289
-872942
-406530
-476912
-991529
654385
419130
908393
-971985
85284
735263
-532385
1923
-548906
980900
47010
-722258
-940868
387384
205036
132783
226232
678486
-148453
545883
78213
223847
-229594
-569490
-3820
656606
-121779
123238
-749924
401309
131709
904461
-179561
40102
932477
905723
-224635
-599909
-92354
226459
-619009
954656
504201
-559876
342040
-290763
572908
-431729
-612278
-575545
-885846
465936
648302
-115439
896446
-355519
-458834
-225333
767720
-208758
-824025
-100571
-304297
-3585
939531
-371820
-97863
-285105
28272
809783
941355
409264
764439
445555
849388
106478
-845209
422295
674749
-457486
846751
788904
-991551
495052
-326536
904896
-860467
214631
-320438
907254
-994127
-144462
-193318
-298423
851953
-253787
329757
-245911
461109
-641972
-436128
402463
767292
-671689
-151982
616680
434789
2810
38974
109538
545324
-114276
-101559
553774
-619224
571905
458669
-479691
-213464
-861770
-572438
-207591
-6232
234245
493986
-154280
980458
-176258
599810
441567
181771
-836318
-155971
-50938
-508007
692047
-434259
926783
-305144
604716
36321
-759820
-509560
934762
793954
-128784
506667
252622
391526
-706798
390852
819089
85612
-615380
53334
-420403
230341
33792
403340
-169850
-524642
-414890
-6167
319387
534172
485826
11434
-900087
412609
706291
704630
-551071
946471
-804931
-616309
740424
66286
890359
-6954
-542188
-816439
-616102
-723100
269173
-231482
330235
848771
998859
-635974
252110
-170991
-160616
837220
822842
-841229
371392
308668
170205
471306
-278723
-123505
175935
170206
-177034
371004
553898
-436610
-562711
444256
556437
-104898
627817
940335
172002
-103010
-291147
-497764
-254240
-292288
-133737
997870
536721
705647
835090
359563
864418
206482
-331769
34623
-322213
389508
911119
853722
-440286
-265916
224726
-886388
297475
662016
557868
-146089
-442883
185685
-205755
729120
-917326
503099
-768644
-171565
-789190
97619
-173695
747531
-196735
-338606
107094
-332317
867877
775325
702306
-454337
164833
613424
-600616
724547
-652492
624111
838160
644983
286126
396027
-501106
843243
-418288
293140
572362
-335613
-203762
803718
492822
7048
-98663
-680873
-245421
704602
-19479
861673
-627715
-151602
636998
-925410
394061
-198170
688015
793446
-473623
-964478
417556
-635464
680506
-296318
760564
-820601
-453076
-657725
472539
-880714
6663
-731223
923005
-500515
275825
-175659
-181388
-969597
-471057
799134
892077
-98772
-352469
529074
-24181
-958409
-669097
-336167
835038
-142719
-300644
252593
221817
-620139
956275
-17620
-440739
-496801
324656
-968200
-377515
-668682
-699423
-454510
-169197
576402
369832
649416
606806
898775
448549
498882
-199997
-903921
27955
775822
-862329
358859
-560346
972709
-783861
139011
225302
437957
518873
181577
-579663
-921867
684776
744993
-890066
-692739
-923689
-589489
-147249
-92885
986914
-777417
-443470
593719
-878643
-994922
92601
-78640
-898842
-879444
-302818
-761171
479415
136837
-788462
695555
-724153
436840
133512
794720
-381584
553849
872854
-696808
298841
982788
-389547
375153
-606702
463205
-717733
-619789
685788
-161203
973931
807146
-156124
66532
-271494
-54966
187088
425688
183864
-333497
-437476
395402
-637942
-161629
-167759
495570
-366909
450658
49418
-494056
753850
-651741
-511269
-635698
723412
-117970
827508
-994321
262242
513295
-155524
236173
320440
688353
-697296
-951055
-366614
489792
474634
817250
-843706
-962843
212651
-481648
-124471
-955108
-986079
508621
495550
63340
-985436
249399
411599
-496704
613702
135011
385326
441209
140690
-352432
-45496
985167
883741
-725057
673519
-813556
-676111
-693096
676236
798523
-875846
832531
835681
336806
-649117
-288791
381698
-635195
-780170
-122752
428145
-765606
-873353
-160256
-262309
740349
974755
-876984
181558
115444
-229415
-863939
100610
-345675
-588995
-225871
-159231
-265106
81033
-482995
-466583
205187
-650464
-630903
-458008
-299581
80307
923691
65225
300137
-199062
-506631
534532
-72415
333114
-727778
-332066
307868
-604761
849492
-576688
165824
985554
523923
820149
-603442
-701949
-339082
131453
379085
177924
664870
-415729
527460
-966033
126264
-772121
114274
49955
293105
-585589
850894
786475
948943
-221521
119588
-778836
446413
-572544
-383597
295905
-149232
782227
281458
-625310
602376
678017
-327258
-736706
-190531
-948174
441218
-525662
-363902
-31322
-491695
762363
196558
622580
-187683
-510338
-963010
-336789
-723864
985934
441690
395725
-792903
-111898
823181
-176499
-815993
-326052
-394272
465465
48639
-791897
143481
721382
-528603
952951
773208
912616
-572712
-590694
-118707
-64406
-828332
-922149
-441826
-16014
-432487
-404835
647197
-156350
-418902
88886
-760626
-211804
976989
-937446
611697
-839005
-263497
-782576
626461
785142
-574472
-230058
506523
-103074
-277108
279731
-190458
150181
689037
690836
-914225
860706
768687
-356050
-155309
-663800
239115
-508113
179850
820213
580774
419225
-391592
557763
481780
-779895
718758
-781718
-562471
345219
-996576
-136942
-884840
509948
759985
-161947
-210321
-430474
988235
-521285
-739639
-925990
-660580
-970953
-282040
184112
-634753
957075
676000
545098
777288
256773
-35677
-614304
-185465
-553898
-394199
-466707
-335615
43331
878512
-332191
906389
993673
-822243
666374
-168274
-32564
-764101
-180040
446152
-503739
-106029
785573
-474692
611931
-30316
-109444
569006
-354317
-564346
346293
902457
399977
731989
-283009
846080
-662210
250285
-489536
381121
128797
178274
287510
122469
356032
-46117
954196
-676532
189783
-225844
769621
686044
668127
555193
-788648
280057
-475123
101909
-150937
170560
537563
-804645
73017
-62460
927345
790009
-216380
-734865
40293
294085
646256
-830911
-527641
-66234
291559
828391
887650
245754
-848141
77432
-980091
921480
-236524
688036
476672
-25172
-31907
-998451
-923263
817156
172110
614301
-987489
-754874
-448160
939857
-964866
335461
-795009
75427
-370455
851248
244517
101905
-214987
-463925
-69705
-327337
781830
82155
750095
801739
3634
-486429
489775
-519694
488400
-542132
-518145
565137
-724977
653965
179437
-712465
899092
731278
-772609
934226
66738
-567618
9653
696284
-716370
-745831
-201812
68643
-209755
728484
741307
-427926
-189362
491401
-626187
814273
-995028
863589
-705421
493372
-678544
-223566
58508
-403520
-569601
-762056
-115985
-670510
969222
111406
-736284
35960
543789
273369
-267757
827419
527539
530432
-103938
-682216
258916
-362632
-110141
-930447
-871231
263673
883827
-866259
127261
-821595
627113
448717
-45160
-314379
-954804
385239
-76434
-70788
714730
-107213
-959383
978446
928748
584407
251815
-339009
411826
-220647
-808578
-692113
97138
450338
-54744
986997
519892
74026
250669
403719
207767
-622070
582124
-165120
826647
-463037
520502
871844
922203
-555933
-198945
636933
336855
-158327
615378
265602
-573920
-132808
926593
837906
646546
-881985
-854207
-256316
568354
91049
-269320
88246
-834926
981350
-508036
372842
-640721
-925912
-792278
-814074
-388949
728224
-942231
-466746
-827709
-141175
-829814
509146
700499
785565
-225253
-873422
-347243
-298660
964484
-700698
-180645
-889724
42986
-612292
201326
773667
475954
366401
755016
967919
-260757
-885706
-957994
-53035
-699780
-346942
-324811
-642010
186312
-152520
216816
356499
-643374
-82685
142063
131373
43893
794820
832713
8377
-905878
-347932
118654
137109
39777
-680021
-89225
-484269
686381
-334209
-516351
-574377
-219914
-474345
372589
80307
178714
-952222
438298
-634975
-104741
-344887
721524
251885
572429
-136413
-616742
-383679
-341594
-784029
624698
-247471
-131961
-256648
889638
907816
63331
-199587
-576453
-250288
466205
-92804
175335
-753710
432852
-452077
326598
-388435
-404299
-235105
-23409
490960
420009
-301886
-257156
-7563
561702
126102
608759
-779893
342073
233457
-27364
-789888
976809
-137726
-882072
40140
662688
-458525
789852
128892
448672
-34814
375183
-118477
513110
-298220
493088
-891190
466676
-530321
599771
-113316
167794
-657385
879122
-270505
468718
487880
-50398
-189210
-278664
922239
20903
-301856
-215487
138831
738285
-552800
680307
528136
576093
128978
-506679
-48725
-989500
-993570
653056
503589
-884759
119731
973268
715012
-993585
141061
-942373
885537
870556
526345
373417
-179842
-662865
-905248
-257603
358038
-207103
526911
-503131
-468818
974112
-822825
-940683
550204
306153
-447361
-498521
316654
-440930
-845466
-179757
-325689
274266
-206489
-610677
280681
934572
-553050
166218
805128
973295
-460366
-374714
-689571
-365613
367684
668468
427285
-105406
-834664
958467
-131294
-657488
-982217
-581091
648665
-429578
-79612
-34681
129492
74923
785562
803804
-650812
-420928
-806873
629869
-486356
-359923
-203914
-681228
-386628
335720
-55941
-76198
970108
-688257
-407730
397392
206337
-242394
355858
-924957
100118
373641
-506048
-251217
944064
414341
714103
73556
-510737
499664
-122641
-161549
-921264
70486
-531680
-407619
710564
264407
-88846
-676064
-399873
855213
247739
-429766
-833045
840009
967626
373293
-402386
323483
448336
697733
-302876
942289
-553484
-358812
356629
-839382
714744
845893
660283
-407898
-315656
739020
662589
152664
-668599
373152
-582930
242555
697089
17197
97768
-55173
587432
264724
-215165
555057
-361983
382450
-121460
-913647
80182
575665
-971359
526699
-783148
385271
687318
931596
231164
347600
-476302
915508
86620
-813714
68172
418021
559439
485242
-339425
256528
-497561
758344
-798646
-910130
23067
-13811
644928
661084
-631361
-476532
747438
448822
-900868
776080
-24480
-684015
161350
-337163
-752420
-607486
-989563
-228721
-691979
97057
-42435
376193
-484923
-482996
-138565
175653
773532
363875
-66004
974886
453746
957063
-38925
98673
618147
329714
622141
365584
-221465
721274
141664
754056
-962742
-696986
-583108
-715161
-304472
-572670
56118
3549
524387
-986317
-620258
-960536
-469313
241177
215117
-695781
-394948
-850888
-720895
-941203
-893825
240181
157471
724323
-430105
-220389
89907
348430
-499115
-768430
102486
-461857
-465416
519379
-177018
230112
946709
879100
-766339
471095
892783
-386597
510560
-576530
854581
-274324
-272311
-540367
-125211
6795
-481570
-19036
-753025
675901
-294713
-183130
-544488
795194
-834700
-43603
-973236
267786
494540
-438652
-212836
-682478
791461
-266127
-803378
-974878
-795032
-910595
-361475
715528
-487125
-506894
-558797
240565
-47261
315992
-752641
471170
-703044
-505666
147070
2244
311205
602582
-202563
476505
-441021
-175798
-255709
-946481
385551
531456
-628959
177011
-734672
-432337
202134
-529704
-342932
840659
-814176
169944
-666235
-372973
-589492
286505
943020
-342132
-242326
-760024
152203
904745
242220
-536593
507326
-960343
939913
-933696
-136141
-315797
-880176
-750591
-784341
-509135
426421
-519013
58529
-371446
-48716
715598
-530787
137108
-114459
-197021
764136
296050
-910517
707156
953918
-152842
947132
106120
-248098
189351
569528
-740772
229008
509441
-674467
-907133
-806356
-554643
-657723
-590697
-63778
768698
-109709
994751
-602748
841575
710348
-133535
-21317
-404111
669444
-257182
891939
758928
-550026
845857
-393915
-602895
-48023
357987
586457
-478496
617215
-184536
-969055
942748
-91668
-775411
-611896
250609
-366108
324327
19307
524183
319078
416559
365758
29426
-716977
-655560
625315
952468
87259
517254
711396
537233
363110
-682520
934339
-684914
675468
520795
-163409
292683
-663741
-132464
235431
244591
92125
623536
-504801
726017
-52137
514506
250200
-733060
-68936
-384043
296367
214088
-39603
-78318
166556
-952344
-561065
-122048
584889
802045
195433
519227
-882869
-129100
40021
-46278
-836417
376281
821258
399015
-379129
-86618
22550
116071
-360601
970414
-369424
889599
-762647
561641
-494445
533720
-224271
465953
-544599
942286
513609
-105663
-179763
98498
-303618
-984331
-382275
-186487
-113430
657747
767235
50154
34027
588493
-550832
654898
-498125
471719
-229031
141274
442132
401546
30873
679485
-36814
536429
213205
738916
2381
668607
681202
-484010
-437057
-498562
614489
259326
-482892
-767787
-927162
403678
889961
840074
-546169
-76013
428566
-97000
-421115
930441
-625282
349854
71715
816850
-248600
-897413
496335
714586
639016
-290461
453502
-358603
-621854
134703
157387
-58910
636142
-228125
-799585
-846750
4089
-726746
556929
-105951
-886673
-989240
818037
541893
-86240
-603078
472334
288478
746777
-455951
105327
-501824
-353364
-398339
-787238
-714348
311201
666264
-72950
689348
-199033
-915563
-369563
-562891
-143688
-169147
-409640
860402
104107
-852712
-245549
217434
-841952
-427513
-240673
71808
-30591
-768340
-639715
-283814
-224290
465613
214362
422346
-932726
427124
707999
378476
93388
-364952
67823
894356
-280515
698260
-668535
575798
-470888
-78175
436200
633220
69113
-809350
-149347
227161
-236863
609980
-701031
732547
841641
-340746
-551268
-382650
-875133
663095
-960304
-807859
90219
747696
570617
-816394
-617256
-361561
-922038
102230
-663301
-590573
-321973
-134188
331253
-885774
-500969
-599635
-695124
349685
627527
68014
-40335
926496
-199439
-198694
-414250
249294
418657
-289383
-87612
458353
-97241
-997394
206049
-526624
-813787
588793
111816
-735825
-308978
448516
-326397
369050
-685673
-995145
483277
-186641
-594779
788153
-836957
-967253
-143833
122709
959244
656728
924015
-455007
-93978
342671
255611
818410
-198976
-841630
821017
-992928
-368254
-992771
595866
743562
-728595
-713113
192078
-54992
655937
506405
-50136
139214
-680236
355085
-72634
-517192
387833
783534
605517
347077
440262
529532
892070
-653717
-127798
147681
-835307
673227
306052
985710
680300
937798
992940
276165
681360
-735656
563052
-126563
209352
218989
-620158
-840785
-641798
-300394
514301
285569
182415
-97867
69103
-212069
-750791
-490635
-682538
-858721
-144352
189665
288961
20342
-137109
-404988
6051
-456810
-467190
-1009
819356
-785831
263335
382408
87607
-527313
-398603
467450
-368098
-40400
-832945
-853797
-754831
349471
48336
314272
-862599
297546
823637
-545136
438826
-320715
644530
-272214
699627
-492580
322799
-294322
50611
855609
704669
-130034
-930222
-31996
-747627
157386
440691
-146230
-375165
-927407
813371
-208109
-781204
-941461
-858639
267133
372811
-721237
-435322
196448
-266373
-996496
875733
-621844
-268709
575360
-114423
-945911
-718963
936189
909699
985707
-193846
979478
-46290
58528
136863
-605600
912299
761699
-533007
725669
-446411
-314211
784208
-305050
952923
157019
-26287
-482399
-646534
707341
-478895
-770801
-914504
252396
804559
-28926
306486
-914404
-92738
216185
-928698
713417
195662
25013
-228055
-667475
419413
-315756
-905777
886407
-590087
-352188
-427804
-805879
342763
-474882
351140
-683524
42719
704607
-976184
563825
933806
-890687
-183779
738364
80388
-877293
823961
987650
338892
895264
701067
-465446
-79724
-526989
-132921
-660311
157256
-38697
-773904
567169
609116
-201708
761290
-48122
323411
112429
268355
-633870
-182964
292172
929955
-249159
401485
-253824
-510795
-518127
-131117
-686835
-530478
-792226
-791572
-829411
-257672
128705
-356399
609408
468394
800857
-429290
694490
368025
-820175
-507218
129315
131704
816193
-758256
-599942
-817677
58780
692230
-887723
809621
93715
-141547
-701174
575588
727336
-388009
-954890
935111
-179580
-784301
-322562
949125
-140700
-713154
417519
-339843
-142444
112009
-971818
37381
604791
157497
-830916
420984
399241
-430858
603307
-541979
-738628
715585
-732358
355087
-425963
-433532
-69326
-698627
178460
-24216
-763516
998880
191483
-86078
948005
-949217
200769
365524
-289060
-941676
-522468
-260877
95706
-917677
896620
264791
503307
295861
833933
106613
753882
-904695
-177802
-978477
450392
396236
-412009
-618935
697609
766451
356850
934093
765331
-451667
-151985
713336
-400883
-951217
78859
310057
-892892
556391
-950820
202814
638714
945800
-532396
142021
241660
-698463
-751366
-4458
-603158
70832
17065
847235
-532933
605057
-771700
-835324
371508
585150
-901232
136839
-866518
-53216
-149826
-267401
-4432
929033
-957344
102676
485424
-908164
-694510
124138
-962364
-226905
-733842
279297
74633
-485208
-725162
471476
585624
291904
318710
-947309
-103039
547010
-782633
-731531
132159
-683864
405308
265642
262920
-744519
998242
-741512
-815486
-959102
361165
669938
-867265
666655
-205924
-829629
-560251
60234
449669
514382
575027
724508
-14142
160651
16412
-695433
213342
913373
851577
430710
-818158
-16264
746846
587150
-750622
9765
842632
-752380
268254
-972854
-711482
-370582
697085
-578747
-703928
-508840
-408375
-264178
551395
-958707
-749796
126421
765801
236062
-712929
-217788
540630
500414
-304415
392206
-68877
-122573
-624058
-322032
-535423
-374679
687734
-692791
-127059
-44012
-665645
161460
585406
-968561
582713
881478
-477401
-825662
-382700
-926007
-784369
-132495
200415
981433
-896434
487486
-236355
644196
-12100
459230
36402
919024
-663343
412345
-403008
-198765
-962334
-715274
108444
-89393
240714
442799
-927934
-173881
474238
654780
-292403
996838
829118
324897
-929170
-955252
-807599
271245
-973819
-704032
-241269
-210174
940165
746632
-750944
-23433
665655
-414287
-611089
-737354
386949
-573423
-452628
-504608
337185
788086
938191
409252
-385795
412429
64031
321802
409266
-106851
-353301
480097
-62102
-160899
-248658
-35921
135069
510074
753905
75234
256705
-997040
-948200
-77640
-411326
-559288
185007
975623
-132710
732380
-528986
-795526
520465
-590795
613727
-865330
821635
-322243
456472
230901
570907
-896830
-289003
-491196
-57728
462340
472883
-922659
-27587
226787
152575
-770882
229748
204376
151478
818422
645089
-663516
794045
-487622
-931137
-734941
-283147
589329
-325736
-669421
723999
-504101
8337
180471
726800
-420757
283642
-562203
88047
-774087
900137
-439070
-696746
-127451
787718
455830
101668
17465
-339795
-746855
-164113
-694706
-410370
-370069
-182328
-341506
-105009
534526
-752178
569256
865105
971822
-934846
-126558
152293
791954
452685
-564066
-770249
-459268
-338152
-870113
101662
-34897
2437
-110621
-579068
-895896
906845
81138
-642750
-257268
386432
-53120
372664
-795896
605374
-732346
738630
853197
836910
603734
825019
902064
-522824
-22689
694018
929862
413246
923769
-529407
-924907
-946344
572256
40196
56094
-538365
461129
160198
-631521
-457734
517449
111211
928699
-535671
-516126
-867198
-930298
-248472
871432
922900
-411562
475166
747918
-509498
952343
-274771
-815481
882204
-861526
-891712
-647204
-786432
-838055
925053
253765
218039
-613313
-285107
-621764
-244834
257160
895686
866378
185859
-639986
-649749
318662
-570284
101780
190094
-647384
690218
-334740
-899466
-819281
-382398
-174237
-634761
-500195
-35762
-526472
-147398
177807
-364527
-222346
-568429
853512
164341
146465
-768252
919508
-596376
-872567
785885
589484
-512553
-863864
-91855
-82836
237917
-901762
269781
-71866
-236502
370315
108854
381100
-803922
474094
880905
160317
947622
-266493
-661877
-416906
511162
-230306
-563394
-324497
916159
-331646
-404990
-680217
-204213
-619105
909267
283235
-482968
-182588
-799602
754949
-84350
470179
-316917
679148
-159506
791938
60247
36572
266031
-58848
-803111
213652
674660
-464988
796747
185821
304707
-766648
861324
220866
-98294
-543666
540649
697494
-162770
449916
-19271
354262
-732673
181128
109210
182977
-348694
792294
-137875
491801
584231
922373
-471627
-149739
-136475
-274738
-936087
-461816
260274
860660
724005
-435020
-905989
585329
785846
-4282
-958338
326495
-306788
-121108
-223589
673941
-766846
43739
-144932
342365
-773284
506375
134658
88841
-1825
-281111
11213
526549
569150
874739
-748190
633063
-587078
512085
493723
-863073
-922936
587734
722256
862911
-416548
763919
189406
276664
-357189
965818
-49395
-124034
9556
805673
-781670
236272
312048
352989
-674887
-689777
-928123
336327
836772
641028
211065
-911419
274091
623987
600666
-232187
760915
677731
-644453
483171
540642
-61000
247089
-269952
-784336
889901
-304135
166269
-234134
705422
-28058
-15803
-58306
-716011
-662815
266807
-405787
-590937
-396866
-569016
-949909
814199
-480434
324182
438186
-879768
-908005
199100
797964
-552457
-317730
338606
386543
929360
-931346
602207
819261
-235481
-231525
-414874
-530059
740418
569324
411635
-975593
906509
-321558
-381380
-684428
281576
49605
-634337
95775
569171
689845
-466039
689404
781841
733061
487367
-770617
-584669
-174028
615926
-655309
-105374
218132
-836049
659146
986608
-250922
-870913
727025
-681599
540723
751432
-775091
-780836
-629948
-459518
500741
419657
-93855
-403484
-11173
-404010
130477
-321770
-622170
-136462
-834403
-392787
278870
-8430
-776861
623561
886196
441271
787512
545342
427879
-463411
674430
154904
-145010
215152
-93664
79900
434317
276388
620382
-64943
-303955
-473474
531574
684873
122516
-337949
-636897
500347
525589
-471300
-892441
-195542
520270
-669302
-571982
406466
771970
-784470
-48192
199849
-247880
-373763
-645247
607111
841389
261089
-312990
275705
-462523
-692608
-789238
233522
-166081
742337
-81606
956436
-595613
281498
456782
929976
810198
564342
-265566
330468
895040
162453
-263066
667010
377984
688742
-133141
-869897
-685021
221612
737214
-843633
-517300
-575776
432073
20178
-268384
642836
-746300
565536
385173
172094
521971
789560
-546408
-21248
719536
-736211
-456906
-546031
594257
-561866
616423
-668810
-894857
-5594
-980068
-27998
124509
-665089
-806387
-138277
-508721
-323686
285947
923353
696492
-982437
566189
950192
583099
-48639
122286
105069
-259080
575878
-916179
-539544
839668
-373085
-85575
433925
65049
-469152
765116
170193
525254
785048
-857805
-350238
-880041
-664191
511486
-388761
12123
-202568
-465409
-291385
-185005
-899221
-341194
-601907
52140
781093
503163
793061
356971
586985
-746484
196638
-786101
167942
-369437
278949
698790
-604322
-550859
224043
-819274
-408663
873806
-699314
-72854
385291
-88075
939269
-817277
446516
-352116
-2282
547296
306691
395812
-400565
87783
-101025
-607504
-555246
-514041
-353987
641393
-300141
813955
-728045
978808
512744
-332366
-572051
-263213
-151640
19286
-389407
149046
946433
995884
-939030
885701
-821393
507487
-466416
176326
54782
840275
-427862
654218
-71942
471113
-953287
372812
957072
-307274
14205
-343070
-493319
286160
-364262
-980575
953794
63688
-243788
-197846
-917026
366805
951201
-970594
362689
-987830
915108
541296
519658
-551309
-282378
-425561
-711034
289760
-771343
217025
-239128
-724629
-410163
-282056
-31902
604042
374875
474779
-109798
-989388
494204
-156004
74300
-749584
646150
157274
617221
597350
186681
-20090
609521
101788
-478794
129178
550480
238828
703618
839447
-471412
932275
56471
289460
-792355
646309
-992596
175744
250351
382279
-349478
-859448
392892
-855275
-15452
-532808
-604859
-369302
624467
-987638
-771952
-188853
-7727
837570
912935
513479
-33252
463414
-247693
-329635
302860
280895
-397360
-640669
-429645
-189714
-994360
-422241
986030
255991
960038
-363449
396544
352930
-218723
-618908
820122
176419
11790
444588
188782
239839
-744266
-818946
77408
-831331
694533
-955845
632084
-553160
-285479
-65056
727736
317161
294275
-701910
-872553
299915
-124151
-886524
-444094
-164113
-249972
952450
-811184
531306
-666459
-991063
-292276
345331
453526
896506
-414830
709261
-922441
662578
877930
772093
706733
510014
-781067
-578747
-555043
946669
738415
739232
-755242
865862
39147
120608
979339
595053
956495
-270634
547502
-854689
-739329
881043
-845752
-31604
226374
607775
-135099
811544
317035
-57539
474122
194965
-285446
180855
-295022
-66513
602108
149935
-119844
340523
-110833
124914
206384
928314
-754478
185722
523367
-797984
915089
70869
-652673
-824240
-48088
-498424
144156
-821714
-890650
-990943
989831
426386
-48481
463952
-378650
666073
-355194
326329
-400440
-753086
-523737
479717
587437
365431
-395370
-206179
293745
-149847
979544
-182889
52169
894633
887981
399497
-929608
-160108
901074
214549
18178
-989576
223606
8009
436810
-824875
-528040
-941840
841199
116767
384490
-559242
363681
860753
920475
-48882
226184
-474895
744940
-480072
375259
724483
337040
-572572
619116
225020
826925
689508
-935088
727999
-95943
83091
738423
-872337
-908901
175233
-697212
-436940
233394
-856014
679827
-382117
-415255
43508
-521364
-494780
994626
704820
30326
739565
-775253
-594416
464048
561788
-166988
83164
-213193
-340063
-227329
-148280
-612065
676729
934811
-873642
804392
-974091
301592
-892820
-411030
-465015
-748834
-731204
152869
-164088
312304
631505
341133
306930
336324
-628542
46495
561072
-222957
-489458
122859
610055
593706
909667
-730008
-633623
-238614
-342072
-956894
-303804
-215713
847498
-277894
-914122
954678
311076
-379137
-794156
579873
773732
41757
-107824
405237
-617111
-800895
-258440
-245653
245600
-697368
531390
756143
425491
141445
349849
335158
411438
716227
-903457
-930635
759334
-207260
-146348
606831
514846
-60469
561509
-174078
560395
767354
-594206
334127
-190890
297971
-260637
191999
497077
480924
946347
-257323
783556
477737
-501180
209047
-380818
848670
-455796
-969381
564896
-359253
-900015
324230
433487
-46362
-68940
-51667
893169
-507431
774256
453563
-740078
-819950
-212311
69033
478021
527053
-738968
-24902
7976
-792622
717775
-208469
685115
-783406
-999422
-695704
-934736
-455218
-665084
630161
185530
-565098
-45610
-380983
388540
885450
567350
281708
-621981
341606
-264729
-362058
521656
522961
706976
-323
50013
968008
974775
-942012
-824615
692549
-150480
860501
909144
-149902
-835204
974408
394880
-500287
604568
-419591
-65385
-441043
199426
-676845
-555593
-233224
604863
-177573
-891619
-659866
460370
630038
863095
167345
-370286
-86893
135352
-395512
-28905
310737
-702963
820615
171237
-793819
-329287
336034
-819412
-934408
835748
785157
-353998
-229638
-655886
845429
93517
-211478
-387796
-301620
610949
-279414
38515
71318
-649377
-98391
-761337
-19663
814716
374015
584825
-214189
-315249
881863
-393574
855989
-911957
277139
192023
-731368
342732
27770
-946211
988734
798133
-602097
834162
-108350
186426
-553634
590031
-202625
166952
-371455
868694
517575
530154
-892644
-502089
344870
481371
-917264
-869319
-833878
964600
-262892
-977890
-947358
-985754
214134
-678725
356979
-758097
-624936
345712
-959965
-227032
179874
-68314
959394
626240
-478284
-243231
-206808
150261
-374538
-689234
-319586
-267181
-191322
-974716
-785811
-108585
-844034
-619688
-143986
-106926
-597577
-91344
-92679
616557
229931
-735701
858461
604996
610012
898496
-622037
-210114
-169819
-662643
-583875
351897
94127
209318
-497842
719589
520084
182573
-547592
-671239
207857
-333402
220176
363823
46910
-923810
-743104
449333
-15154
164218
65890
-785223
428517
-75650
819774
38529
-177154
-802263
828415
653028
-464906
-755460
4925
629222
453858
507083
348811
-26059
-310345
801219
302703
897512
-532184
-477121
261335
514726
-400931
518232
-35941
583916
-317551
-970051
798694
-889034
-45701
618467
149495
777145
816204
-22091
430173
-648702
222450
-564903
980520
-323693
942180
329330
650249
-368166
130548
-47049
-470654
598365
475831
790682
113091
-925101
308914
-922851
658816
991363
-892901
457509
-897671
61398
75975
251825
-161457
-107822
-770267
-731285
243476
452183
-296188
223996
-871510
-354008
-446675
778739
277826
683874
-268311
807173
282238
-792480
597854
-604672
-717580
-93233
-527522
941236
-101870
-420423
398744
459
640976
-525281
-747717
-520481
366898
-517983
-251766
-389627
934201
452047
834370
-937310
-901962
-612306
841429
375864
-928433
-426882
183037
353806
-219361
-219110
749134
63059
687658
-778388
4295
-414213
-198810
-596961
586247
-557835
-122242
838531
-78316
-755345
-679452
669919
-144971
-745252
121965
-310602
-682561
220003
77093
-841132
-404133
148660
-268013
778904
-497535
512626
-440206
-748401
-424315
-752548
-526788
579980
-166761
274402
983019
-580514
716567
-139224
-741983
-361749
105432
-421435
-691831
960461
-166686
430134
-350141
150753
-349863
726952
309622
246005
-124388
-958391
24909
378078
554235
584703
629677
-870080
832155
-897111
709900
-334606
377291
692918
84881
93857
-446306
342898
732109
659126
921464
-959723
619587
-245223
470412
-730554
905531
-879452
996398
215153
366553
-127991
256762
-608539
-749913
-189003
976165
879765
-59083
808320
982654
-349184
-526286
359944
-656266
558596
-546199
-102572
-98507
-814091
-443446
-177044
-773814
-823859
577734
696599
-554413
483264
817147
-558015
-301584
183700
313995
955179
575162
564082
-233825
551327
443846
707092
359647
426500
-642092
833361
-213557
-298358
391957
240245
599071
-706551
426154
-844375
116406
652341
-668234
-305860
348939
-222646
-822596
166086
219340
-124180
-650215
-466666
-169001
924948
-902584
597174
476274
541263
304265
-164080
-32238
662173
-330719
754206
-636185
-938763
-5549
962887
-645313
-579396
-881489
471094
-927055
-549722
-834767
421885
227632
-657363
-412030
-553028
218458
-62244
-19693
-950544
-137296
77723
646630
-661023
-381014
-49105
174898
586749
-386932
844179
340954
-23116
905417
-664595
-60230
-739897
-243990
58281
731198
-171045
508559
896431
-749160
-263809
-760932
-161189
183164
457526
776568
-836530
506983
-360729
241194
153613
-21752
860180
-895492
-846854
446928
-282423
997326
-212118
694461
902742
123287
-365770
-837155
879297
692512
894044
-291748
201071
790474
-40908
937262
-970458
797904
120426
487069
574471
283896
-5949
-786259
-474911
-852336
191990
-614732
-747828
345136
832197
-30251
342462
-379922
-335790
245204
743366
298440
408050
622662
-9048
302093
-669086
-807978
92567
290007
-870716
122109
87910
249710
-390823
-337620
-466395
603229
-123879
58694
750894
-931889
443963
-996935
413248
276159
-27185
-244291
896238
637025
-999088
639603
-64535
408962
262265
926417
-288945
593179
-881562
803622
-116815
-752277
-74269
971095
497433
534909
-366526
-968963
138137
509596
89732
-110970
577707
-466306
-107904
-9046
809854
864912
746664
706091
501937
747577
345694
-562598
156539
-392042
-636181
867594
-798863
-517742
671216
84322
-270019
-403054
55417
-772587
-868146
688892
-741549
269992
198488
348183
-840978
-223805
881878
51118
767150
691732
-83970
513813
397822
-582033
261389
-256484
-144631
-582073
351474
219188
-714479
552612
701446
956737
-363067
-568574
-446318
692351
-341160
-314463
381242
-82709
955529
-420270
-734527
-885450
355925
-852649
165669
123074
839083
-918301
-363114
236905
-500334
898276
980421
355035
-683798
331895
-425778
-398276
-115494
-724332
-441540
521440
-292905
112143
213791
365935
797680
-404968
-716775
753208
174763
-451301
867759
-469313
-303950
33427
653761
-464867
115126
-709354
772038
614792
-811079
752459
-30173
-494876
84353
544050
106848
968860
819718
665309
490299
-473188
-222549
-295911
892747
-424870
299122
-824028
-671662
-526116
-275329
-803904
4572
420722
229524
-341668
955855
-655350
-51021
727893
959443
137900
480351
-70731
643025
-435296
-526682
-250127
-466436
-706964
-584819
-976137
-180152
192632
-272047
-287405
767763
-972925
-111433
-903900
-499040
613238
-707803
505532
33959
521721
-836137
-10186
866372
112842
-282293
825815
-749258
-801942
-244917
893767
-237238
228402
-356360
296326
521439
58821
320190
-658714
-748547
-951858
53881
-980785
-924783
942448
-884685
-423823
555686
-592487
-918292
-410355
929235
-754429
579460
795606
358414
-702834
621420
609156
-504776
-623497
502923
257987
604906
-853438
-445687
126344
205384
874503
467631
456837
922645
-478488
476052
997862
-536040
591368
-425962
-980355
998881
-344254
-390709
928116
-98682
-811250
723721
-740269
-514084
345141
868887
-18859
721645
371810
-760873
326551
518373
-206560
-547105
-276244
-332058
920526
-819408
-409414
-557962
656645
-411553
-94002
248013
162486
-74356
246894
818232
534935
175009
-280450
723686
-101270
-20719
-790399
-756130
-151832
190742
965516
-780023
429869
292066
738350
-776692
744962
-537894
-108749
665487
-357302
481837
-892475
-700657
-929716
13523
547356
232770
939167
-205751
51001
474102
969258
770551
197787
-132013
-250168
407389
111858
598000
-401869
77374
817978
-972000
-630561
556328
-748691
-885599
-981566
142560
779888
-338868
-375604
887413
-39525
-305320
-99064
-492169
927450
-159897
302080
-21549
-685795
271337
-250998
511992
-860676
498834
-80619
251182
96834
517512
-671445
-85188
545512
-302005
-528860
796821
-187604
-510426
-60620
-407716
150707
563777
-520303
-888818
-741543
380634
-380987
-814094
-779264
921093
164358
-465059
192430
913361
-953067
331754
412194
-33685
-417064
-490972
-516174
-88509
423841
-970662
609487
894982
826159
-578117
-615445
-234461
14167
535263
-670684
493865
646446
-412227
-125502
-734542
-226320
95235
-813449
938038
630176
378981
851398
677110
-289265
263592
-356576
293671
772621
127251
-794838
196461
156589
814649
91443
-17252
-763468
475999
748288
250699
11261
-922397
-255436
-342294
-334624
619062
-76835
439056
-285704
109717
377094
-655528
-511302
228492
-978418
199433
-507917
-334993
-506896
-735296
792259
-301734
461166
-51153
-487085
-447392
931596
-250553
-971394
679883
-999854
39868
757487
-255289
697575
-577138
-636228
-379260
861919
78069
730457
239012
422542
-780846
-532497
444125
418588
-40413
-890869
911693
224292
901390
-390041
-314543
-149763
122875
238065
-218167
872323
266672
-538285
872469
-693461
-780798
-382821
-995886
-357936
-19048
-375146
-496017
-940979
-644690
742995
481563
-425535
-789502
-74313
993054
170086
34819
904747
-605623
-63792
-485295
79835
786446
637580
-682100
-431722
509902
584572
29994
382371
891112
249196
999551
895226
891261
-19497
-479920
-604757
39524
-124609
-861762
-478913
449857
-651263
446774
442911
518823
-518407
347657
913201
417801
862363
-6964
204247
499943
310936
772525
9844
-104493
-197482
-607785
-213381
-948286
-608234
-318155
942975
372269
201925
-661782
-588208
-922684
-523544
-67121
527173
-174806
-620347
-29917
-655983
-138754
-682260
-742783
-720953
-819898
250253
483294
680045
-438811
255819
-310111
456697
-941663
82105
-756685
-889949
473871
-74839
-946974
-153861
-872914
-608755
257932
-795598
-132299
-809190
731576
692896
-429536
-298341
-963088
431711
19400
-705870
710758
199502
544384
194052
-120453
-894428
-550130
569437
562269
-491793
-348459
805585
-381741
-874589
-269254
-328715
-28449
-142168
62531
-770518
62235
930233
-579707
-206190
623128
-9243
495470
660040
-577533
-485131
954171
-866775
714372
498554
327277
-406082
604127
777148
-836646
166395
-714646
-185104
-28020
-96386
-59693
702726
574900
911858
-439442
-362570
-858661
622793
-432338
-438368
-583397
-809211
552390
912074
850830
974858
-573058
805000
-891918
-858686
303553
435360
-264768
-92321
212507
-101413
-925926
497861
713483
46055
-598525
-346210
-251219
976375
-434352
309339
-386196
-293012
-67868
181466
268621
348736
372256
-178990
260809
223085
-204133
687752
28084
-96050
829066
-668363
-660691
-435702
239317
551816
462885
313392
49677
176368
-640554
451152
830159
108227
427527
-604194
-582434
-958670
102795
349698
222797
-628585
-301567
-404948
192425
959243
818138
988293
646994
-153778
-107757
476059
177859
231552
-959644
-582824
-216632
503242
730568
833046
-320390
-909987
284198
-490232
198241
-288276
-94425
615808
-246946
-991631
-34495
975852
-620216
663939
-429096
572210
623181
-610959
560503
270175
235263
-547254
-253766
-586878
684298
-213410
-169702
-532334
-710168
-439135
-699289
-30558
-349121
584910
479211
849121
-703367
-615214
464928
49688
-606844
-569567
25539
-227059
-905629
596443
-654850
717553
985485
905654
-12273
220747
-641601
733961
633869
-957303
-479449
-535833
-489636
-189616
25032
-188924
779827
675912
-604015
259037
525032
-307382
643824
-10040
742306
-963021
420393
-232155
-190080
514764
-635713
155071
232317
-650229
60725
-779956
570519
419124
954005
204388
461822
-525444
668555
972186
284940
-306413
-216739
64766
-630502
179246
-676197
894531
871864
967627
-115510
614170
-995394
-695118
-617986
-185473
819647
-253698
969599
51964
96073
30323
272008
-333408
-550554
226012
870980
911268
700569
539534
883453
-14492
-766880
-333286
-949726
-397381
845960
-625923
-502851
717824
-658296
381640
331993
-653689
686523
714007
160838
506169
-539691
130436
-441868
556383
-839242
830140
-777026
-389795
56152
-906047
-478527
-243279
633488
-595074
742229
866609
71640
792504
-530773
-82401
-833420
-33623
-364578
-491715
-651984
967416
-145403
-965462
681423
-984566
540708
-858269
145871
-901160
698114
306630
928981
921088
916836
-14867
-984959
-561692
741854
648529
-156766
484083
515137
914875
276586
984365
-167527
443167
-49259
467896
951453
298757
435312
-193951
333296
116734
-178516
-125996
258465
967356
-27156
-43422
273985
-98176
-122334
190821
886958
-107293
629129
628811
-458764
-527637
112893
-943627
-612762
-610522
-959262
219711
832646
-8521
-312393
784098
-709764
-877082
-409854
623533
239653
411630
-502464
-501883
378985
470380
454696
-347030
-627796
-667638
843791
-740839
225069
472920
887973
766306
945284
866
822680
-667479
390344
863418
552233
222990
-145103
-760161
7087
145134
-637242
597233
-231334
602411
8863
266202
-899472
-612152
-263418
555225
40818
108787
887587
-115391
367949
112656
-642472
255921
-121039
-697189
-743214
-298359
-364668
647131
-434942
-812436
-129880
419956
-572596
877208
-434911
-209837
474440
333755
-607426
-516697
-400043
-506898
-128849
336539
-951674
911970
-554674
935913
-203422
813275
48568
154106
69195
927530
456918
325982
-370829
-907750
-26887
194229
-720186
843234
-385815
-292781
720441
179274
497382
194881
-486972
889957
678184
112985
-616942
-450665
-550476
-568615
-538696
-105150
-632702
257882
-291876
415867
-588012
777320
343396
868907
103302
972568
961157
-923585
166797
-759029
919649
780982
-51810
640090
-39745
-554428
-165030
473284
-664472
-486846
-413732
-281413
62490
35793
149972
523794
930644
517270
-218324
-361232
-66863
193665
-583912
-723467
62571
519390
-750900
23727
595806
415897
264699
515454
196878
-787111
155543
-842868
-341538
990514
630416
-6009
-496332
-783316
712578
566158
252478
-137450
89951
183121
-620180
871628
821889
312957
65292
-762024
589490
-872137
757367
838590
151591
353172
254487
-583711
-131374
-548636
-370822
-975831
-391503
287640
-985317
-761088
-718369
-481649
-544403
994209
-915492
708075
-143241
174460
-108805
236580
46087
-286916
-450464
-888621
-48939
-860974
-760758
-291572
977617
390833
-938400
232103
807123
