-315788
973557
836831
983577
546018
-9371
901798
306309
-441160
-463666
-115279
-61393
-684323
-13187
905941
88236
-487401
-528177
-616816
706389
46557
84707
242626
637765
-113341
-172292
669028
-158927
461500
-473921
-739217
-854288
-500365
-902386
-870712
-954347
88244
-968915
351963
647084
-432580
-763316
-414310
-116903
223497
-508369
971333
736097
-36546
-645483
442485
-989989
439225
-314889
647776
-674117
512819
316804
166957
-25681
842883
427740
120031
-657482
525355
249319
-611829
-386402
280405
740135
-739319
847825
976819
-153629
-269078
200316
338002
-297745
-63588
-698544
56772
-621104
-688533
-504004
64008
959243
-178120
-423174
276046
988837
551146
118929
416577
-328824
461448
-58069
920495
849619
555529
200900
589754
816211
48725
566572
-337419
779647
-233112
-999417
-518098
703300
-697961
538674
-917804
-386494
-965330
146204
-427251
-143449
723031
848796
-154612
274176
-32276
-738035
945352
-570829
203896
865847
-721210
-240575
66747
868544
-424365
-884529
435116
238217
895118
-797997
238800
-622981
905304
540840
915694
987500
-845655
950365
133704
-272905
-193085
-143265
-424110
652304
-869090
543615
914269
-923738
972786
118165
942110
-748424
877590
8856
-879880
-546775
124327
555236
691442
19445
757240
-69758
396465
662543
-528919
312158
650043
-374573
262523
-216254
352522
-930562
640481
928412
721742
771392
472026
636010
847655
444812
-245826
789764
696388
-368236
-201380
816509
84989
922948
371745
-223570
-57607
128984
706673
-661143
-208474
-822247
651016
-558432
-196820
-86462
225315
-844299
-17023
-134204
-915887
-295282
-362813
556139
-659272
-515158
950
94902
-725394
-302662
726667
73226
-486153
-188345
-3826
885592
588086
938567
14575
294758
-722576
806102
472511
928441
-752330
-724309
-158021
472985
-568608
824956
-661219
-484495
-470327
-24031
-928356
-129599
460811
72595
965304
735417
769934
691970
-191357
-716220
-496375
804817
-830629
-908289
743384
183947
386469
-979193
-9951
-141020
949248
237719
134671
-208774
-289296
566064
-383818
49485
-918431
145855
-974547
-846786
-983744
486265
225809
981561
221681
-4258
673530
-969677
279523
-822845
835141
448894
-731134
578524
-367159
655336
599332
622890
-485685
548580
-139391
648987
-660194
571313
215051
-44012
-379202
296620
-898158
-353748
449834
-881901
-867484
-324357
-900341
354197
671386
773190
384521
-49092
950345
219661
-600198
-780789
-201816
32643
874547
-602485
-344467
-611139
946095
516142
-962152
-714100
87454
252899
241888
708253
-450481
343731
-645496
999354
461831
-512980
-325004
561490
841218
-653619
334679
225738
297290
285024
-554602
697092
504235
243582
-270266
378782
641098
385268
767644
587193
-98591
805492
873094
988864
58391
114982
697116
607910
-541288
-948380
607264
920544
-461360
-717741
482033
-620143
-371359
-183288
605596
925931
-898264
-949007
623022
605971
294576
-647244
-15247
-64326
738025
-247604
-477134
-360567
-442112
-604041
-371704
616279
510941
-674588
224189
969654
-622968
-168548
890197
-84327
113712
372229
295531
742353
-811059
-98874
668284
-709323
-47880
291306
896649
-753304
644063
-118599
182370
382087
633798
705236
-978481
-808315
-898806
-350184
807964
612136
-24771
32153
581789
352261
863605
471986
-732066
-22684
-155786
563465
-280331
33156
-535409
-612048
323833
416712
679258
220481
663408
323320
-898118
-154223
-294594
735680
-448988
-273074
927365
-347793
376743
735329
-735657
-648029
-232519
846133
704233
-368914
318118
972167
608402
-837669
535632
-671929
195487
-999777
-283977
-480680
416935
-604719
739802
80342
718602
841684
926119
-575992
577363
-522869
150935
504728
129339
-472323
240057
393683
-120352
-992463
239815
-416119
-361377
-442068
-443953
-752975
-279736
-908321
-424904
915752
-908098
291120
-564929
508838
686402
-825128
-410821
405004
-983444
-484702
829012
593920
-7570
-20053
98647
-878231
507624
-661297
515452
-612728
-653759
-244733
-28847
-15135
313199
527201
231891
-966538
618880
806988
949214
710783
98107
-615715
219620
-215492
-440843
808800
-810488
-424287
-675902
-981477
-830368
316528
-1529
268280
438298
-493906
606984
-46250
-106633
953226
709017
864520
-61910
22215
391721
-830019
55678
10601
976969
4891
-278617
75075
389176
941004
859584
948334
749804
-950905
-475953
-926099
-932381
-306320
390430
66090
961961
-171272
572185
568944
782478
-534449
522169
491494
-669929
-539741
-486291
721792
-369759
569387
-267608
-392791
-425722
453776
682285
963455
394780
541869
911788
144583
590965
-564165
218485
658585
129516
-391085
-275325
91476
437643
-703141
-339581
220120
-237589
-817412
-288386
92483
-357152
225324
-185726
273090
-205290
546667
880299
368989
443
562584
332443
-604777
104452
244230
539807
-304583
680066
-241709
-645999
-190419
367207
78676
901057
-195151
375536
-438524
-975031
-862054
-255935
-263416
230430
386914
961908
-955297
-339997
-243382
591371
-459698
-874394
-408186
-897115
458049
-12963
207338
-297721
-473156
902755
-617656
285135
-743245
191926
-347658
335432
92983
457191
-289033
654459
482161
-151086
-601476
-781256
-920657
785438
-819348
-875953
-554559
-62730
715419
-14257
62876
-692767
88629
-479075
294270
-704034
223205
821114
-801279
605550
106249
-544524
-202525
758591
790909
890458
215782
-498124
544917
-302058
350790
943441
-83313
430134
728879
97339
554182
-825681
-965391
269601
160063
97486
576834
-751309
618412
-128897
-455342
-158384
-307783
-256621
-552835
798467
198856
244640
557058
-10236
135098
-227161
491640
-319986
470782
-157570
-376546
-612531
-727436
-647667
484809
826747
-473348
519418
96347
686716
-383096
-326820
935408
-764685
544283
-519935
76931
-763500
223444
524096
-965034
-577700
-231264
592024
412064
903834
-635137
-96296
-416153
835646
746135
207302
-776886
-981301
559635
707923
845446
-913714
227341
-58208
773003
844245
614972
708410
-920441
159255
-811526
156490
395756
411919
-319414
430723
834219
449322
22746
246283
353155
387610
-850013
937002
223255
896123
144303
446370
914822
-296063
154293
760268
-209776
-618367
-297941
-436774
-774122
-682969
-728365
-694563
476287
-539890
461928
-127958
872029
-857487
-697236
706248
591835
325511
-47470
-55010
-286879
102518
-118009
936377
-1360
-973706
382746
-86538
-269768
-462962
-326271
520456
-81328
375789
-916318
144550
692821
-644682
449988
169107
-184572
-88085
-958851
-312543
54429
-656086
-606296
-353736
669425
346235
591254
-617454
-551248
-526755
-681078
447393
-500461
701668
-639146
229771
-761294
34584
-249773
157378
-589627
-166091
-698072
-896807
189227
751916
272301
-995345
-336169
313451
-307888
718260
657365
85817
-635476
326790
-567949
955778
709336
-119197
-570978
-971743
-671804
-71438
729926
-310950
-841668
968632
723635
-91441
126010
-865993
742469
427938
-762800
-68305
179854
509502
-63649
843685
-177048
628463
561945
-519684
-285721
926470
807107
146331
882247
516442
-972866
-688731
544700
-644670
239831
274625
44381
398164
243257
-231985
-693278
-630734
-97978
-950809
797205
139223
-19113
-22942
-351276
917238
-179257
471677
545701
-617312
951994
-740020
-690842
759100
406311
-808596
275542
433445
-497326
-179759
788776
742506
-905134
-166844
140669
338123
601171
447392
707390
-496807
496583
504594
642416
-522531
-518348
-708860
-605293
302396
762817
940408
685085
714811
-799613
994243
473910
606698
-814353
-250548
40143
-311679
569693
-171082
-569173
664560
662074
571496
2682
263245
18888
-289928
766438
-484529
-785335
408854
-7059
-303682
699994
387648
998714
462811
328055
683798
177622
528442
678040
-348469
135140
863687
400983
-824718
-447992
-29324
4200
-17165
-364765
-333726
-445669
637918
929519
573220
-652011
695956
-911310
-437345
104810
81631
258973
-195196
-530721
257687
-732385
797334
-58515
445237
325776
-380476
-903232
-539085
-516789
497751
-363802
35220
-531573
640399
-981946
103663
-693328
-427614
-258420
-763810
-854395
89570
932147
-765705
652226
36957
315927
-88801
841761
785207
-831114
-890625
582541
110371
554612
-91684
729896
651380
369232
-786894
149131
-994570
248326
617559
645829
266381
-278779
952501
838767
462802
-811309
984373
-447628
-879162
-781332
-795403
157795
534596
115797
-445
319802
284683
108931
-97658
-604947
-336458
810658
-875052
-685078
179890
-661945
464054
185320
586382
81612
-168852
-147237
802834
-216351
-308470
265635
-27660
-324098
818008
93179
-105430
-977396
-749027
-570835
138402
250529
748968
-576916
-640541
-348691
-181862
23002
-538033
-56913
337925
641858
281143
-198022
-172823
-132476
883591
658326
720288
686424
-558026
-588183
-47941
414315
87720
-229934
-492507
982290
-207329
-241533
-588545
931073
-991005
-839577
-645843
-631546
-188268
172295
391456
273700
-884618
-270620
-84443
396525
531359
742735
-735951
414949
401060
984338
101373
843035
-603846
-946569
257350
483874
-176502
764844
466164
616169
-476690
877620
547242
-467695
-961958
901399
-99241
-150225
73694
-707785
-876526
189077
21595
39032
-414398
-447047
-218234
-150349
967903
-817174
-166011
69275
-974139
230143
122707
283211
-285983
946206
48054
-819820
562374
571364
-942200
109616
-896332
-904158
11015
4428
-54383
-915291
296643
69092
273786
-681763
-891876
859388
-128809
-110110
-290961
-160906
72717
543028
908370
98578
-226829
31076
-618211
487188
-22718
429843
667369
-460345
1207
725169
649272
104876
821011
-339714
-890697
-233372
-255004
405947
835721
-981219
724185
943845
878170
-404625
-166265
-412791
434470
906453
-869763
342839
5030
-96592
-626086
386820
-609404
351196
-183338
-942036
890852
817870
783134
540124
-77255
604145
-799590
32049
-629227
-54594
-562005
-793507
-35813
-837821
-849662
-157643
-242445
-15926
429566
-807976
-109474
559804
534863
895557
-536789
908778
282376
-146192
259974
-900962
-88227
150826
916908
-305094
-309051
-160347
-700950
-108640
871702
-330177
836766
-690303
-123683
-199047
-528123
26656
643310
229432
-989271
72876
421456
-98744
-367321
-43681
-203187
95891
-134903
-920811
949699
-874930
-821773
-138529
275897
-904865
556377
966847
-65211
855428
-141794
-193509
-474750
-305029
116188
401568
495924
588065
-571777
139234
-182503
-561047
-787890
-761047
340209
-155211
195272
-862978
940681
-939632
-783789
890379
-814561
-605562
-248150
461336
-510426
-691773
428182
424363
-836346
-713613
-769147
-311095
-18641
347042
-909528
-522717
-64893
-481305
616518
752604
-42351
828628
991557
-702143
-326583
186829
-565121
-385903
247197
-348910
-495524
432637
45529
256326
-106028
535103
564553
-677846
-40534
728207
-391458
190320
-582888
589902
-462639
-492416
-932816
472468
26280
683703
225072
983929
512330
216628
-718214
-814254
-596544
-283334
-200156
650654
367757
304320
83290
-586715
-439355
977263
948389
-874802
-700584
-92145
853406
-92041
-901826
-729483
-502140
-364464
-221899
-434955
-891996
804381
-751253
333076
788310
761077
-450296
-929905
946824
-46840
-213239
-253333
-396186
-845483
-949014
687104
-432197
-388368
664367
-483808
-263170
963784
424047
-409765
-128258
522222
-139248
369603
-842242
638854
934648
-734238
443235
-816605
598838
231544
944472
-851458
301640
891296
101702
-911599
-362037
705517
-757081
-311050
392621
-189278
300582
56987
326915
-962588
20770
-249038
-372352
892513
-726817
488401
262115
-569059
127254
196763
-303296
-429512
380158
-704458
802033
324630
-555916
103672
215925
545787
192073
853889
251303
434992
-457162
-356077
-754286
843420
700911
572630
880833
-278320
-676409
-491520
-385807
-403225
996881
876308
27717
124134
73070
724421
694623
-546772
-980038
496656
777858
-535953
-399672
-6217
-990167
792402
-152329
261137
227394
390509
905060
473108
233929
605970
45738
114761
-672350
369329
623241
-58157
966104
620122
-181849
-6179
-255744
891222
-281759
-561122
-655551
-261796
935535
-877693
202251
-464138
116090
212084
-671737
963761
-526780
555657
354269
-621720
28765
-411802
984251
-925497
702959
-688099
443832
326200
253745
409936
-53679
-928105
-596244
690577
963118
121998
-870545
-692433
860202
-935011
-570126
62453
-399148
545964
-725464
-70884
509725
-252243
-515227
-136007
126038
513539
452192
110289
588042
155150
422190
31873
-518651
-324065
-558191
427671
-252170
-154434
118247
-289052
967564
247702
18515
827766
312692
448389
-109782
913545
-5647
164755
-157340
-495923
912513
327433
368071
38551
-159029
-179738
-851161
-570988
975412
571029
460886
-543239
-753037
902696
884432
-5206
-251739
2679
705743
-284175
-749619
-275743
-456409
563073
-827354
433809
476617
166999
-401436
-680723
671076
-488923
646710
39146
549628
-512320
859409
698467
-83307
834820
269496
-622421
-708419
516460
-719726
-823988
-488746
28535
178692
-783004
744361
429073
-58746
-712049
-7854
113900
721761
-531237
-719102
-679675
-211960
951975
-168598
-565251
-8879
-618971
-77570
-149471
-920505
839123
-314651
348991
-783299
-23070
-134549
-503025
152943
376705
525511
-668366
593701
269872
760708
-465046
557823
-247147
648855
279584
221616
929754
599909
-990345
881728
-568690
-555596
-127151
-187661
366834
723378
-108165
205957
-591273
-759174
422659
385657
106277
919635
-461400
-517019
445146
-129766
-923318
-284983
-369059
-388363
-727160
383795
-739509
552424
-394590
-809755
152333
-384935
-928028
583643
59470
-55178
-604018
-573696
-331800
287818
632261
76927
528644
54920
-537417
-365079
-25446
1184
117903
-580301
871419
194585
134716
-497641
806223
407557
886155
-933286
-40019
-508436
-743041
-887687
106630
-671068
695957
-833901
273754
-908061
-407597
941954
379757
-775336
18880
-91599
279585
481464
543322
-745862
-517353
-338776
-326162
-645935
855810
808555
-143575
662033
216111
-257421
728747
-823909
234144
985706
-711595
-659227
-685363
984362
-493127
588392
-923700
99277
530346
456057
323942
-450775
-635542
-396474
-969311
907780
-142335
-486663
-430996
531503
-132597
-575186
340057
723829
-913154
-443833
-533592
815594
-267741
700552
801300
20664
-958675
-884063
5025
-451802
704329
81326
647476
234674
-462617
-28583
783900
-98159
574944
814590
-190379
-567392
-672074
378625
964111
195329
803440
304167
-80842
890287
860335
385566
705880
-407407
86117
507179
613258
127443
623116
-381717
675642
327445
699609
323117
-437881
-763009
-705466
-653982
138832
869478
-839393
948453
-697914
-511466
327078
-733804
683864
130517
570364
-396979
20804
430699
988587
-273316
-976708
74704
-766137
636550
-797853
856979
-745168
877789
184424
954441
200906
746543
-808569
495440
-907439
330264
364918
-746832
278716
667004
-258297
-394207
933201
-574434
736311
503564
28588
-242885
-65737
17175
483799
-42445
-908122
717662
-405896
-705974
574641
-151063
-828186
-240936
-196623
372720
-494393
-5191
-131840
-401832
-674928
-766922
-148663
603789
900082
593040
-790418
833283
-981394
945894
336847
47194
-296992
-728891
-935631
-813194
228664
-843752
904469
822769
-549726
479109
-328295
-377912
-761827
475083
994809
-256220
-530108
-137031
341948
-205035
96047
-806716
-601247
-3871
786324
-391664
-170589
804931
-445771
-833742
-147876
257238
-562633
-83506
444044
666032
72742
348513
488800
523016
-172379
-839495
-854897
65794
635588
-860088
809575
-894521
2881
151522
-99556
-901073
344806
299198
95057
131130
907534
924469
-63940
-538237
-909274
788185
719001
-471906
-295322
163044
-805875
777420
-488444
682926
300436
339178
843431
445540
-595028
479019
585452
-785454
584499
-411668
366068
-515057
-312740
-289126
784141
782318
842005
691675
706786
-221935
-846563
797512
-433750
872438
-674395
270929
35482
-480269
48349
547039
-797344
-651216
-113784
-953913
794324
291188
525106
379775
505735
109605
968108
-128198
594548
-344632
582677
378689
-562315
424681
70363
-855530
-797255
223800
941983
-231004
96237
-732412
-960076
-868281
-212681
88273
678758
-10025
437057
-435026
36063
231380
856163
-438832
-388845
361897
670774
-420738
-766301
265321
234631
816376
-355991
672317
241057
714373
816788
443803
-61828
758770
-787202
-965591
-973643
-747278
-833871
-186324
340995
844887
803652
-221949
-590140
-160286
-990569
-733978
400883
-379414
627920
71657
199849
861619
-663023
-565520
677994
-19013
-893204
-80950
-304641
923584
-637147
633532
682354
-424349
667942
708712
-171627
834071
-477612
-830633
678957
-673961
-52581
-911183
165754
-43150
-645160
-433363
577437
982760
638294
-222714
844378
975272
211766
522371
-43741
318562
-558579
651618
242146
-195726
285150
-75500
379926
-46909
-366789
-791702
-212839
155599
-622334
-533882
481639
325085
-445065
-352607
-718065
-90225
214031
859373
-107466
-147676
-363342
-263088
-172404
848424
-740717
783855
166986
-299296
435473
-590869
504979
-279378
333632
-115095
673713
966843
93203
-539126
122442
470869
-73008
-395919
-204046
481928
251474
77890
-608297
-534495
-62738
284238
317830
573920
-978851
-854575
422343
-719568
929281
-410671
-18863
364753
-1539
-513884
-914626
-667908
371021
759088
-701065
-535777
-780039
421377
935093
146954
-974542
-268953
-371119
276933
808937
20584
742438
-253802
-695179
60267
-679882
-674030
205693
742462
-393598
134973
-668210
587539
-500275
330251
-926345
-414901
662343
444676
-655814
961278
908899
-435852
382655
843992
711102
408113
-424962
-660018
-314955
-616025
360567
-572518
130174
665388
487750
450292
991359
-306558
192753
-402239
828415
524543
-814701
-671860
-145207
-741045
-86761
-482864
703631
257426
-521587
612530
821574
861069
456521
532676
269181
-968441
872658
954227
-584466
233224
-618291
545709
-101388
869459
-4000
-110030
-437100
-811247
487731
-608685
713297
673031
-280545
-431910
931986
632695
85226
635616
-109879
563640
248145
-288305
424708
-295334
-755630
-306111
-263774
-882972
-351885
151761
350252
29824
-302531
-751136
-100717
693470
138835
462184
882223
-373435
853499
595520
-700404
-427046
-836391
-768418
-794352
248835
867199
95769
-187526
115344
807465
-762818
820010
-948166
-68928
-443765
-831138
579187
707996
519115
-390989
-594535
767979
508294
-901066
-93187
-29523
981158
533379
-176024
576677
832975
396930
740286
-935443
602579
-10879
931756
-301652
801596
47099
-494188
-961223
-132891
-442354
-30150
423344
-273491
-450964
131340
-754377
158048
536806
-986398
-333658
635741
-79585
636820
616898
-546206
-539205
193575
-713232
857726
-66140
-648674
460304
922982
-716919
-841348
724577
330180
-335536
763355
-802712
222111
-266796
620633
948621
282241
-248027
-805757
-559712
-711221
-792155
106631
924520
128261
-256550
541417
582055
204246
-265009
868824
61971
668852
-779851
-477725
591833
-496770
-319073
316409
833411
345392
79764
-969301
-432497
812968
651333
-483877
95208
-596694
-289633
535497
-307915
-81787
-357872
-383396
-953527
385578
-841980
628528
-410177
-106988
497352
651794
-438136
717501
-825931
-846303
-779269
-145003
470106
-945859
-799612
-450130
-915159
-232108
-637163
736174
284016
458046
-860521
994383
-6457
-168436
-87405
635671
448168
-40931
21248
606189
-412404
611072
-500799
-915052
262866
61065
802449
436935
214762
-976820
-708069
-315132
-922679
-507680
234738
-837838
260212
597576
898337
-455772
55621
-962185
-461390
-950837
-130621
451206
684834
-682453
-589726
-293918
923737
-2129
-682847
-577063
82819
580019
484003
-114732
16953
-301235
-91552
308885
383634
-14230
801206
-381629
147933
61417
-784053
46269
605646
271568
84085
-855745
320732
953465
595462
5566
-728989
-994265
711648
-805252
3607
-971199
-382315
-913575
608820
-898312
-28306
-374227
-199547
880142
934659
-815914
-134088
735864
-197542
-986156
-202719
18405
60114
-597074
-710027
-855802
-452818
610706
-902338
-857357
-383729
-631326
-851621
-672081
-436578
151986
-643279
181108
238411
965541
282796
-789895
-408686
-916752
-909754
-474028
-732665
-43841
-738164
69794
-29997
59117
-911801
-969883
462043
-621828
-825685
-990776
988879
-728023
-848132
-394850
