852691
52999
-380438
4421
507535
-188046
-103067
-558210
665832
-191788
-849519
-503661
-236580
-929501
-262456
33641
914187
-278552
157810
464341
-517900
582199
-652125
-965873
-81427
409218
459781
-857794
-125776
720241
-638041
-273086
-226760
-18479
731336
-719225
793476
-371732
-277435
459308
436480
-126954
955647
-800100
-56455
-306810
233541
-142268
414639
-608649
-677928
896739
973550
-330052
930867
-107877
-920835
390647
34329
-46611
110888
396289
680304
884128
-622190
411639
-835098
-828714
-960094
-112532
630594
476387
760515
586240
676288
-295940
-720570
-90172
561792
694070
301179
883865
590809
274729
-446188
521675
-833149
-367023
-87679
201181
586367
-976791
-402530
266670
907337
-24719
-321691
-927761
146567
-281784
-40293
-222839
-805398
-279779
-636599
870890
424281
-357168
-219282
-13927
-663099
-918103
-130063
927710
356626
423749
449384
523478
-943274
-638295
-275341
643093
-615086
322130
-90237
-707749
-702590
588072
-635509
443978
-693713
324199
-778862
-499110
-955580
-415461
-628220
468702
227371
152498
-545226
564272
234395
324711
491982
-408979
-251540
-58634
-885502
-194814
303072
-160843
-551721
687987
-838713
358042
980238
-541303
-53887
-655271
902676
252400
668928
-876187
753290
713348
-291647
-874930
182050
935724
277568
636824
499996
-488037
-38465
-8023
102984
709995
933344
217482
-484819
236415
-943361
-36540
-75599
-782074
-678498
-95361
-323376
267615
249368
-420701
-479985
-81704
-296887
-726695
-368356
411466
-601625
813694
347190
675943
450517
-152815
-812094
-587948
839163
290890
-877954
772506
-491628
-362772
8920
-434988
600689
933321
-217061
922191
-162040
459563
189805
-912673
-961138
709821
5623
-258024
983126
637267
-846559
-618500
450961
500631
-942557
-98523
-652184
-754650
313529
-813022
536240
435576
959484
-955388
-927196
-31597
-390376
673493
-98276
392563
595683
739684
-147874
-214512
827011
-109011
-504692
-167366
632965
-521566
-530099
786407
-140066
920862
287038
-82622
-177661
634854
162728
-864132
821832
-301032
571445
781316
-256420
644249
-250282
353205
317741
651443
-254233
-86576
391126
597894
698912
218137
-511118
-805780
-949229
-878153
-327346
-479327
908254
532589
-558466
195291
-550033
263874
-169855
612696
399742
-348023
-688337
-28813
-566708
55244
-384565
183011
-591552
933177
-165547
154216
-153399
-774421
-247891
-454488
443717
240992
-260267
494488
362839
412387
-984839
271092
-55025
-543304
-533617
394943
720570
296528
7638
120312
948506
319301
-908502
-618203
-625455
-293066
564809
-217006
-359889
-600738
937210
486712
-375158
-310681
-967776
-931442
930311
-228043
563047
293149
-815657
578208
-435760
129319
-965097
30624
-475739
755474
-672848
531900
-124215
-724343
-148800
-32716
-342545
225746
674218
-777736
-991261
-685672
-378474
945949
801041
246368
-364733
833265
314927
-434422
-394779
-122026
858727
-210435
-543818
-577033
918885
-508915
453591
-556854
-753441
780744
975046
122344
-943600
-173754
-910373
-286144
-948009
763846
-63880
-939269
-921826
557647
-993321
879215
-195985
-358053
712480
-881058
207525
-682299
-3084
66252
107267
453098
489219
26151
944184
-57190
469298
-809258
-276447
444344
313087
-220046
-729411
402714
493811
-677419
166560
-570070
-616688
244735
987578
-610008
123950
-208408
31940
-163571
-89466
-760535
154130
907450
305717
-738603
360548
-205064
287548
304731
737746
-243154
495473
-538701
-798811
-191441
241253
-528221
-788727
-264937
-205640
377834
164994
177673
-377432
152571
567665
746518
944164
-400395
-417054
-145302
-160930
737077
-237852
-855213
998474
-877305
-60277
286022
427426
-322532
-957132
-77101
138767
-755943
731459
-619980
-284164
942732
115084
510197
320565
-719923
-312131
943134
432649
-744466
689651
376813
-144860
-727403
-768490
694210
-990326
-6341
838997
-991853
116354
-221280
294170
-456220
456188
337038
466680
-405045
581096
198138
-25025
-703069
140869
-909941
807129
-538566
-629863
-505002
-595433
802786
-249468
-905782
179599
605672
-633184
411110
299882
-623510
-595232
138879
-615362
521123
917599
678808
-935097
373787
15845
531583
968742
-403059
-270280
-56283
-106128
870590
33777
-298999
-667977
403914
195999
-263409
206700
946532
-169190
-613702
552204
197626
797409
-147915
574116
-797824
990965
958754
723300
908564
637562
788203
282351
-346593
319785
251093
250348
-950496
-805191
-855780
920094
228587
-154779
-747883
-367500
-958780
-11291
839200
987752
819520
-774502
539955
17145
-977094
-607960
-408739
-774917
-616996
-449985
948383
-708432
-812424
736585
573919
-159016
56369
-174989
-908669
105874
19821
-764448
25968
-751593
80774
278086
-119093
121994
-733206
-279894
109745
-913687
-54395
-350301
103459
-31489
41739
694720
193594
424744
-755265
141976
716312
-567688
-121439
290230
273296
934931
-884759
364628
40804
135062
600180
-933228
383469
-319046
344858
-735625
802948
611653
-15518
-87308
697967
930087
562391
-198575
-101402
-395870
-503855
-907809
-971127
-259119
234168
745186
173193
-887272
35416
-553511
-952342
150657
811117
88463
-714282
411297
155235
669187
-907750
-499908
933563
895198
-888255
-81955
-192110
809712
-151868
-629719
-388863
746730
-25589
107282
838922
3285
848164
73089
-251530
21356
185818
783886
467845
233477
-65458
278962
-678061
220261
-309742
477174
-110552
-217491
977267
-176990
-322293
-910989
741056
485597
898723
-410813
855878
-490140
-664084
-169711
617143
-825162
833574
465306
247928
-417956
-513339
-566255
-634070
954507
667222
300473
233468
989162
-479267
923727
466335
410181
-293765
443602
-766809
383943
532613
974248
-130461
431336
-436566
-274583
941196
-100649
555706
558339
74189
389280
23644
-677884
971325
510305
-244138
-662746
464812
-576917
637727
-301720
-587756
-841540
-377994
878580
568642
328242
322182
801834
-287816
-145206
776081
581724
-713870
-660486
-692859
-772674
238866
862848
785665
-686946
252127
-190692
-364829
223452
-680387
391033
560706
784426
814117
198433
-517295
-773639
356893
104711
-895059
-74465
-567047
427123
-272632
145138
-718083
-496552
-273139
-431952
-157037
34002
-204626
-918172
-103151
-418961
-605117
-851024
390348
30055
372428
709962
-578912
-66866
494388
-764795
-868434
977093
-538434
488460
81804
-433492
-586005
514757
993631
141363
-340105
-724453
644812
386756
-156404
-512226
-579242
638971
-430397
317608
-779991
-35514
466585
610358
994542
-160988
320320
-584371
772147
-185293
-349166
903713
-208201
112401
392173
873604
678909
806168
388361
672540
-52469
-951745
948088
-407658
435011
-208317
80117
855770
-569347
649720
173377
-349337
-385794
-360039
-738980
-391253
478974
581341
24377
251120
-603953
675211
154833
187847
-212388
-452994
61450
-533479
-646826
-550190
-860940
300705
-501935
-912853
893047
933077
-121169
-26836
788847
309484
-377117
-37776
960148
237089
602185
-778832
845837
81159
802509
-129787
-667721
-801445
-454576
487112
386403
333036
-965882
-552148
799557
-612708
-102337
938618
687997
395729
-974236
581044
328806
-95404
-445793
117652
-785920
177091
-920125
-825773
-585821
682061
-604605
-739985
-236780
-802096
130229
95499
-603540
675653
-417389
782863
8688
-383271
-769286
-191755
4022
128378
-253138
-307982
-475894
-227373
-726938
852912
677223
-172730
-29436
891303
-995640
50439
-934471
-581461
-267500
-539075
-321445
495720
-341171
808785
-408781
55289
484437
173830
-161848
-506875
790560
68866
301370
-205419
-802757
-951769
486600
-278650
-179142
759662
-425739
-501920
-413069
544825
-610617
-408709
-404736
-545087
9831
327765
-84161
688387
-176515
574668
497171
414704
-370043
-18392
-411467
468109
474733
-620907
-463025
-223898
173674
-265781
-175666
-339727
455569
645192
-580065
-970170
-856728
6867
574656
-467345
598159
-830080
-12431
-392010
497685
903408
-703624
-678831
478076
793548
735874
-891967
-224845
-675594
576143
-750113
-296500
-886883
25990
877174
-152663
850324
-462553
-697095
495515
-42617
-667265
638788
964251
907392
-828557
562409
-922689
159012
-829602
574996
62420
-533225
896166
-459505
-739678
632039
-351472
35478
956446
-775330
285365
-340055
-662212
-688645
-462881
185125
-838322
74567
488030
657194
-968051
820766
295981
996201
728157
467425
558609
805469
-373564
729007
380464
688856
-804218
276630
-770649
-543896
-91332
-122121
491583
-134886
102550
-223052
525059
440338
88303
-937822
-374538
249981
136745
-886508
-92826
168695
934258
-796845
164895
662415
670580
-276496
467883
-702984
-547490
-151653
985873
-351707
-875024
-784777
104398
33645
93103
-404020
898759
-804348
372928
423817
635990
-538770
485995
-738549
711211
-377260
-625057
-381615
791436
-690799
-178459
-43670
971616
-507880
679834
439499
-210863
-867656
-712155
-224991
-219363
-587178
-9767
885036
446467
-916665
-518985
345225
-721013
853943
-230958
914977
-684827
-744963
-823572
-973616
-122222
-448629
-355231
-330787
-139428
466310
625543
-167812
958431
305377
-728314
-252433
437722
-440468
522577
-781642
-27645
-487191
-896607
-581179
-403856
-415591
764047
-124868
-561649
-466912
-209892
-246475
-211874
-33464
-220091
665904
517908
424678
-664884
-621520
-109012
960660
210668
-150581
266036
482355
596987
-296243
-958113
119563
-77884
14242
632373
25510
433064
-771483
609920
197110
103649
-951729
730199
893758
-198204
-481676
-139706
581705
-815772
-621798
6382
-480656
-243318
897371
-519996
967351
-253210
746041
449706
-656224
-550202
491593
463340
371915
-494165
95713
-602576
938899
324230
-992656
136008
-572121
-944385
-133793
-678363
-142589
384532
181932
-560885
568760
560134
445498
-911896
-683185
342869
-431892
-715834
-910342
-685851
733872
-566566
-236053
225465
896774
-864139
731300
-7513
-466714
670198
-683284
-459370
-193794
-255404
-403754
672414
66234
453657
56945
-751835
892773
-374296
808299
338270
-286191
-874886
-318861
281918
-590719
-229203
596067
-856848
204232
-639986
368617
101006
-504125
99917
-906508
29162
-229886
-589792
569793
576321
154805
-833962
248734
-778962
619695
-694322
-530797
512468
-68617
-722498
-149262
645192
-597383
531877
-72890
-188102
-697327
-476824
-44950
506905
-116810
-676333
-392090
379066
423584
-298598
-591772
-806302
111611
978021
770020
-733585
-855942
18753
-512546
763754
324432
-43343
276221
-744185
234160
-873042
901008
636777
658835
-171883
-551326
961509
351294
403725
468414
-765516
727393
-923676
613550
150977
-222273
-978223
344675
889338
999798
114694
-844247
-856144
-866553
-356793
907611
457879
599865
183831
713695
-165976
310790
614702
-529199
-30375
-557182
-80524
-68866
794112
-676799
-600453
-971404
-949407
-524129
642146
201570
253598
663924
-453755
142936
663722
660939
298690
807579
794387
941898
715189
252266
541762
-100980
-34040
-624214
-790191
-419339
-153412
179435
23480
766064
-889432
-182408
-910736
-489884
-153812
-860143
-14012
-511667
