-239695
-850865
-503433
-183923
-65984
773616
182575
-232136
-913363
-691895
-86744
743406
95325
696872
661828
-826712
631283
-774658
72064
-690771
-757675
347002
-8300
-667291
333333
-526110
63063
-132617
257975
459127
477915
-981721
608263
974483
-165644
-457722
748098
-983069
310142
834736
-674964
-776602
578142
420362
920271
239969
593651
551553
465312
-334286
860783
707637
-987285
-147518
-959654
346049
326373
103409
-786569
-415653
-437464
691347
-397373
-829202
665829
436983
-286924
413927
453914
-976782
248662
778951
-753383
-173196
199313
-833113
-933228
-207036
718441
532085
458678
579223
239722
471394
-568295
280068
-182557
758078
-616524
30874
-657575
-53988
-277779
-54948
116811
-611951
-617965
829888
801977
835950
853107
50639
614900
-900277
877443
-185787
-733389
944215
607178
985052
476300
65855
564274
-283979
-462751
995980
996089
354693
754057
-620435
-614433
-903519
325577
107788
41533
-557612
495838
423569
-727725
297814
259518
-874619
-651548
-125582
-774896
-774106
688631
-508285
-829891
295808
-523234
646409
-638337
-958960
-637571
-101087
-962981
-641482
-746395
791077
-261917
-360827
887559
-936340
746961
-70909
-493952
242798
-647341
-221677
-459389
612178
-96296
-110936
-513405
128809
114958
-824774
620524
285068
471035
-902710
-68523
832699
-861669
293906
-268389
-824649
652425
-14783
966429
-609493
624390
853987
-545833
371351
-216923
-39785
-385852
135737
738539
154760
-252086
-357758
-956177
234510
771052
158782
409736
391576
-556150
-119230
488866
375327
-286532
627198
-330767
445080
802549
-678343
-569703
768977
-287835
-945313
622964
166332
426038
-593960
-873453
-959814
541778
865087
194946
-710308
-492671
238770
524203
-721620
-602448
-66062
669956
-158598
814709
158822
-783272
-471823
-213981
-114038
973258
-411432
207619
-596445
-642455
919785
-541758
980509
86117
884281
-613451
212664
924467
928328
77751
119413
-781980
585080
-641817
742223
863460
-244265
-323839
533416
597138
-509131
-307763
813867
19047
478256
-300172
-7696
-933176
907448
395859
-575631
827232
854102
-595122
-86652
738382
-208573
-873988
662849
-280246
203763
-217738
-62226
-211157
140446
-320003
-347697
896181
356158
-814282
493319
847027
-122045
307185
-133926
-643789
-992987
858378
-576965
914462
254237
-152595
741693
108338
252283
-344959
-153280
-956290
-218946
-490432
-236535
984818
291831
701240
-226340
-567724
-618764
425963
-671543
737394
611681
821776
584421
-510364
128961
-549506
-154153
135975
-691129
268883
50436
563109
-883713
-207871
-328554
368570
447170
518166
412281
-771776
-972266
-824255
-786959
319565
876985
-13298
751842
-741780
-587336
-919702
995614
-975655
902074
580035
-486019
31035
-969472
359829
-832991
-660600
-371289
217445
902509
-255002
-990427
-426045
-886432
456744
-907880
525849
684968
-880145
701594
898009
439421
578579
-115289
191262
836799
297375
271560
832413
321721
173634
412447
835702
-795332
442976
195531
-628322
782376
824242
589123
684885
-430760
598697
-741161
-317192
55440
-649040
-791343
-259592
-529184
910252
-361583
910237
488830
523128
101498
325629
-179498
-626943
158042
-857777
546692
-429512
977926
751360
-986536
173456
-876963
795840
-2303
712161
480725
566937
310857
739565
-750255
-633703
-909476
-541597
106705
-438660
-631345
745122
-528423
857486
268249
573075
183114
-911249
946133
-658845
-769026
492824
-88356
-791101
244184
-74892
382356
367222
-279052
-619948
79382
-798327
946990
-609761
941238
-803265
-243464
-968238
-344861
863242
-406897
23794
608363
64680
-118721
-123388
-362246
-935607
-34637
-416114
-594451
196338
-923291
317193
405238
320894
-757699
-212407
-311885
-36751
167646
767497
164922
114636
-842264
106160
311372
-85728
137922
966511
-222487
731025
-9695
-614124
-204296
871585
262488
433459
935978
-772149
-982656
-658474
424190
-905946
658720
-170572
414948
901021
617022
-896937
-135730
-215332
870560
-970808
899305
-971705
135352
210676
-57432
-726727
177187
720082
-995702
-832509
-894043
-199998
-960925
368446
-766540
975054
596298
-749195
-683421
20488
-655140
975300
849916
759809
876320
466938
862872
-259410
-748395
733432
-230218
-849091
761728
905135
361586
-295705
-821592
-461228
-575624
-817294
-293737
-469666
-17291
-254661
898781
216170
-279608
495078
466976
36972
-484434
811836
12271
-634519
571645
-111409
832419
434516
629181
-915976
167948
-601037
-765067
-70325
-695902
596519
633970
-517494
-864709
-941654
-334787
-158445
-411319
647922
586894
-512539
-135909
-692714
982540
-668933
344258
-501895
-857098
-643472
-136413
714548
245120
-303994
149064
-125699
-219969
-682989
273265
14964
246686
577363
-388517
-119344
-940131
-253226
-60998
-274918
588330
527684
-626996
175223
-984855
237096
482509
997685
568163
-173233
-504210
711066
183296
359378
425613
-571585
-944616
-425324
302717
-164585
-108313
-424019
850380
-861627
-846656
-538138
19029
-786787
208637
958032
-61704
-203034
485715
311300
972190
500860
-451605
454699
498545
-883443
-718535
994336
827624
464762
353714
253236
893177
409098
827912
195894
-755488
-280401
771875
-905108
-142028
925219
-443246
877001
-861568
765392
835032
76728
-437642
320747
-611973
-465453
-178393
-63577
989247
-679849
52981
-729289
-685513
-119396
735473
668201
-866161
628650
77298
961752
-175457
321811
-318650
-403582
416703
539322
-478364
973458
416323
-339931
738850
251355
736797
-698793
-427899
-875176
-164245
393708
61248
-174999
713860
-885772
95713
-971654
-5167
-168814
696547
128673
-540164
-226155
90424
284379
-904344
771775
880798
512359
311096
-597566
485817
-272582
62503
224666
978774
-200700
525874
-449126
-75875
-638372
944583
985373
186630
658442
-900399
-717658
686789
94434
113529
383336
-776894
573365
-842819
313531
-142256
-747163
85305
-261459
765197
-603599
140975
251013
123820
-796523
-524321
102593
2777
-998448
653468
926903
-636819
598050
912275
549811
256492
-988125
832154
-56720
106310
-54318
-673384
329417
-480953
-516203
-357052
376791
-263365
728254
-884668
-498169
-875346
256307
752845
248475
459785
-771477
-648933
-537438
-769925
-995466
-610536
-406744
602585
-698262
-856933
-140924
-686386
975221
802357
419925
-79097
-871028
-250658
439951
-387230
392290
-183258
349405
120543
-67926
851236
245198
-811620
604081
-506328
648166
832604
-155260
-889273
-937322
-150725
-499808
-344065
-548141
-198069
-200997
310935
115546
-225777
113291
-464530
695127
242264
284813
135077
855034
-322898
951819
204439
797646
-116108
55675
42843
72273
-340245
536516
-279561
-507642
-618745
-168834
-444963
230530
331358
210973
682389
-866711
-990025
-6676
248835
-215801
-893385
784305
-520675
348879
69117
614403
203913
746220
566221
-591649
543866
-549887
464027
-413291
522387
-876219
-876776
-757175
-383860
-495520
73992
171177
735011
-594650
-617850
417400
-461361
-607875
-589277
787474
176324
-482662
571779
655650
866218
-359104
270052
70131
-612885
-163727
478483
930982
286387
-57491
-482310
-191226
66290
-359085
51599
682431
145395
-874409
-146392
-119595
-469059
235758
-702196
69581
627884
-291472
-142946
-195792
225867
-571168
-540143
92085
69729
729910
-837785
456844
-433817
640698
387825
852570
-416794
905516
-338657
649497
-453570
712943
331927
691826
838534
-814465
-427770
-630525
421293
-129965
439056
49177
578564
-703890
853385
-195570
-275057
-686758
896515
794672
-956848
-941270
251516
-390665
699428
-360659
-538095
-717366
-455144
123249
932131
91287
-163809
264058
-216888
-325275
449593
355343
44201
-129114
-774623
-516743
920064
803942
-220633
773449
-391628
504311
-913310
-495114
298983
-870158
-436383
-449502
-260822
-736956
189840
201083
-454322
734697
-675669
-522191
-174017
160523
741867
609095
835249
191460
-35562
-120551
-937654
189815
362706
982411
-6243
-857927
755859
602129
646384
842549
-892985
-54633
972392
-329368
495865
-288430
-66324
-314295
912654
479355
-579599
-763015
957164
246385
397508
699031
-144520
232756
-109509
819918
-887796
-47162
9733
474911
-64752
-996511
616984
-308894
605618
263368
-466345
712634
-791266
-493953
-616735
704600
217618
316942
-609696
130271
-203704
-189294
367256
-246540
-942910
-235237
-547510
-87429
997520
342982
-267512
-890276
-704181
742221
584635
231068
745711
201618
922175
351329
-535014
-544170
63962
-326280
-38123
447228
-621680
-820506
-235831
-231375
309766
560466
579331
-322979
-686075
636422
441785
-233584
-451007
439304
-890602
281481
549028
-594783
23702
133662
636286
-230588
-664720
558460
-879259
-199733
-985711
184703
473988
-23833
-368070
852308
155662
396100
-379068
-534573
-43435
-799737
142448
270491
836686
-415768
-963094
-614322
-976464
-853696
667160
572564
-448478
-309139
-293774
-812193
460274
41507
746268
581015
841774
760557
-234282
315761
-263276
397648
168068
892386
-206253
789001
-642187
750313
989265
500261
20803
825950
-915507
57710
-788372
-891971
204015
878788
680594
755537
-430351
-613181
943345
-970078
428326
689612
610938
270099
450169
-623345
-414140
-813107
774303
753928
-920722
-431950
542929
-562909
-681637
532193
937353
339166
358143
-978154
-603125
569771
-870125
600890
448558
810470
356427
-981794
-802712
299772
-951871
625614
-10617
659067
-104287
-560448
-964279
481573
-373555
810025
235501
-294276
-621925
-221571
142816
-303562
-689378
80169
-964397
668765
102015
-567521
238535
231891
-966631
-312907
42360
389797
-294701
239648
-310432
-246571
-134738
678952
-587505
760976
-881497
-551784
242548
-255051
-741759
-521952
450673
-363684
256478
-406511
332754
567100
673658
368358
235865
-224328
800838
-525601
-992437
834207
161492
49923
224004
866792
-710429
913572
-379780
154833
592523
32716
-84191
711027
480933
-841644
-544025
739174
-363595
906649
-624511
892884
-499863
708243
459983
-826205
76601
-304153
-50532
-122562
170247
-42969
-288355
-668261
-993046
935649
-801470
-703475
849220
-181249
451359
441742
851468
-632833
152769
332400
-474476
608744
71573
161929
515393
447062
54812
-984471
155305
-485205
-810675
-768095
210643
138793
109344
-619110
-904176
820989
-287371
-897222
756637
-88840
-600697
605857
729912
850663
47599
581379
-782170
-799633
-86222
-256646
809111
985351
905284
324503
432413
-39904
340033
-412282
474892
529358
-180376
-314466
-331849
928968
66424
-236025
749956
779054
-133247
506593
-309787
266057
112449
-579876
116720
-839953
-998498
334550
-639586
-84720
-922096
-830475
-99369
983188
494028
-666956
-56717
-165939
-79238
-581826
-636581
740386
103709
31570
669353
-829867
795546
419309
949187
-337701
-74098
-360601
928356
-961650
59523
45076
-801602
61026
-620375
-441188
976307
-542471
-271663
-123063
-559283
-777635
209981
384000
56427
-869257
802175
419846
871129
-94117
-548584
540482
76016
-753039
-40209
25202
-90739
885693
664602
-162384
924044
-275875
882693
-877559
785151
-737683
-318747
761458
-280153
409591
-361606
160564
631957
848376
-455436
-311617
979119
-653261
-891771
850248
252622
-440355
390730
-671362
-193393
-649480
353841
715868
-763787
18443
-446516
-839744
742568
-563824
-717302
527719
-301506
-36049
289176
418342
-626458
927571
-421094
-994502
775947
123470
-306118
755066
470209
-197889
605313
-277169
361757
-3957
51470
-831636
346563
-594689
884233
582777
423754
-562283
743034
166321
-126106
-974269
-305960
572388
-10317
983217
-9271
363225
910787
569635
368724
686733
-306895
-937394
441798
-836686
-135282
47111
-113854
-773526
-956847
937617
-605161
389717
-657073
-720928
-27507
766681
-283211
-284473
-66998
590683
-258742
627042
163071
730941
610258
-846200
94166
521045
723436
-537110
207778
-583460
-474504
-350424
-420145
390214
696687
466002
616689
739841
403618
-988473
129557
746545
-709401
-897950
513225
7389
-182423
-553773
-401928
558836
-926731
761143
289776
683528
914943
-616058
204572
638378
-153168
-587651
-945082
372328
61926
-365226
-237458
-241388
-899225
-620770
-501547
504394
-609242
628010
250938
-318642
730061
-235837
688747
-452362
210391
-713182
-893526
283660
-952039
396251
-32813
962905
780193
-828241
601282
-372976
-415891
656201
999353
646035
-709025
-238106
-595354
-608249
141125
-96901
896145
531883
-468891
147083
-786760
-738830
911246
901988
-191191
121636
-811194
-84717
-594704
-763233
-688467
372483
-800329
-908275
544242
800954
-281250
-871650
457155
-281897
774385
748130
479998
-820969
-860120
-378878
82131
-963976
-846995
613241
183107
-633754
874412
94353
-731767
-316780
-784011
-542960
598504
-378715
-306192
910037
993769
-106520
-998238
538011
-305566
-279488
666361
-848412
438616
440746
899719
-81387
619778
-960402
539736
-298091
-924377
692741
-684850
258731
-941013
-810439
-646916
-672779
-127218
-430927
-215739
-528715
190359
478069
-618679
184127
-628451
-616917
-277863
65983
103596
-611502
217571
-457789
829245
117289
460825
449023
156888
561
-849069
232512
-306698
-533919
-508758
-247711
-344358
-155673
79510
528424
413401
863771
999709
-396241
341840
-618970
787887
713389
-235887
-489976
-220628
867710
-101478
996943
-590079
-272233
114232
870746
-823211
-728880
-128694
-672280
503632
564608
-206199
994875
-683104
449444
-160799
396407
-22132
-747398
260178
-22423
-143639
-397983
358607
-355753
-684594
-877280
154271
94778
990430
-947207
91721
-599650
-219440
-794047
-728904
-42650
-522927
142402
285070
980706
-292990
-921129
975580
23907
528316
-185219
-579687
-493817
67383
680492
483760
923745
-717491
-157633
-432008
-402085
-34913
722264
692694
-44484
775057
-215585
355867
-444383
-9632
626963
512967
467442
-230635
-201963
448147
476376
-123092
423727
-499717
-594776
-761492
-79403
-88593
305892
-398912
-604833
229636
-116403
237534
797629
481513
-797380
519892
174207
158137
294949
958622
-485996
850566
-51010
-859033
363533
-583569
-89667
-838431
864579
-613292
38478
288305
-113009
443702
526814
807589
-644892
-167295
-591324
-249724
-937659
292273
987810
859971
-226214
-809570
379862
947993
348568
-325190
906615
862573
-474625
-144396
-996461
888909
272036
-86127
-949523
136614
300581
88955
-575081
-812428
-467343
951733
995161
-112234
-215562
-596163
638042
-153220
696111
625852
-293250
-530104
816283
-913388
-582111
164850
-238578
-675497
27423
286798
180108
30962
175706
-547856
944835
226183
588758
245416
-684862
-986323
432989
-152205
965411
428150
735561
-250151
831987
373603
596630
528098
-546
-696621
997995
-184264
-610009
-584117
980587
151414
-259613
8009
-561789
920496
-961029
613918
-627361
983807
-159899
961398
229223
155239
975075
-337789
-996966
940486
-909639
738596
-309666
922349
112198
-713036
450446
-888348
-409657
448440
-72612
-19665
864324
-92025
-868251
-395290
915984
-430039
-474795
954956
-816122
-102155
938763
23979
-140758
167985
-820782
-165683
830197
-817748
-225198
920558
920849
465137
842907
33046
752101
293353
144699
-657556
-258207
-927914
322780
-393884
-19938
454529
210827
-103954
-975511
736033
-148999
-791633
-366123
-210237
232347
493119
957749
411565
-672565
787945
593818
102238
708503
514666
-432626
551409
-452289
-680526
-155239
692410
-338081
586554
764497
984699
-807330
-255441
439228
403497
640605
463717
139529
-508395
672085
773406
281369
-95568
266525
239117
-684004
593960
27062
909814
-303803
-264436
424479
263572
-713028
972191
583047
131734
664601
-755035
-281712
429098
-770337
-89042
-826344
668892
-685545
814261
132609
453985
-694134
-195306
227390
587236
709126
-506085
-173647
-974879
-912126
853415
934936
-215928
-411021
359415
-952357
-124048
331606
630690
-992315
-3793
875655
-274026
-574696
-894682
636933
-401039
774211
951388
-586778
-93181
405372
-280911
711513
-367238
-693675
420638
126677
132678
445760
214552
-13907
380695
998624
575072
-259890
-953733
-548977
-928285
676957
-541291
67922
552612
184683
493227
657931
-178385
-907812
432141
-226997
-494589
-661041
-821626
224500
-949528
-188863
530825
471110
937814
-336497
-83131
152365
649596
-702436
150989
224668
37674
197256
675692
109390
-125787
-865600
-822688
-573175
319083
670540
-915244
-859302
762728
516897
-86299
-731862
855857
92076
492639
906329
903213
23464
377439
841027
686967
-705693
-6608
336563
-408128
-855620
-438769
629546
341637
-763078
-261064
-784150
-628678
-83752
-357325
690406
-413212
-272569
831105
-650485
-755672
-255195
-382346
-899815
836882
-889707
-993487
740094
133757
383952
581120
-179276
678260
-425488
-842714
-729869
-281107
-281483
899678
-939471
-44560
-361387
-723620
326762
554862
-80945
17168
-858351
646487
-151728
-508835
890815
593078
108819
991000
429959
219113
997514
170052
-647131
381466
-248828
173593
59725
325685
330880
329856
-955423
-950603
229534
-894893
4837
868148
-618513
-668401
423009
300543
348767
564659
-52971
-802962
-944177
-162156
790116
164643
-171156
220075
-616245
-173642
-609873
-263376
-792177
141300
910218
267548
-533016
241097
-402596
-488439
290494
826939
-383332
-704669
695086
-1844
-373070
118094
-701302
975697
-317247
245728
-827265
-261424
-916429
962852
903220
-87584
182926
-713026
738774
573053
23599
946597
-285648
-66184
214145
181336
-825087
811550
692898
465408
638488
-690434
760739
333573
307722
-612332
-548333
606420
-636635
134420
-147853
-463900
872997
-64281
-501049
776216
848135
681877
-936811
586909
254929
86789
533505
969282
-979396
-252350
150617
-804482
-440801
-156485
660926
-802314
153081
421664
531260
-539198
809333
982928
-932778
-827303
117347
-80630
-291203
-9656
855089
207749
-233441
703224
-110374
-170251
290133
-855445
916538
-176362
-886164
937143
571288
264454
-867340
-869514
-892032
793586
-671827
261049
215249
859434
721851
24581
842361
789074
197279
-40292
-291557
906077
950052
-436468
113825
-283390
-733244
-996550
546359
556889
-851995
462897
-619474
-738158
400039
951814
526296
532700
-917700
634264
326285
-589526
-104688
-458466
-730093
-382837
566116
-887732
-593764
-236606
71976
114679
-330529
22027
678211
783296
738637
944968
786747
284996
501856
934753
-252107
882382
-803406
-852068
834196
722890
680632
916497
357153
6916
-673030
-747535
548451
-403122
-130372
114567
-290854
275865
877961
781122
-609456
-452568
-196852
-931245
-669273
-458215
-986278
-882526
826782
515578
-947774
-425326
397960
-751180
-277394
232155
971711
-596763
148651
328864
410154
475622
581329
-41395
-927501
-549043
-926829
-218355
726822
951133
-437233
-882634
-501436
365915
-813879
-170708
907701
-800157
-53234
734482
715421
-1008
-690845
113381
247813
31762
-654465
219523
435000
494187
-451614
-154847
-30192
-870285
803759
42308
-419328
876930
823954
-692506
828063
-613280
-575140
-673374
752636
-389019
155918
660337
-189176
-897316
394818
-473755
101676
703974
639627
-650512
-264264
985162
569012
-829265
479349
-882603
15889
-550843
-752888
-180353
491465
-172215
-303423
315419
135279
-475361
702139
560140
-148734
454775
-828879
-992817
115111
-18054
-890132
-490071
508191
211544
-786098
147818
561033
-50362
132979
130044
120374
-387672
247442
-863738
61485
494555
-44091
-447050
-677660
652487
868369
457620
-822875
570508
17759
28391
25283
188880
35575
-859607
-829175
145443
-349678
679017
-643013
-135775
-173166
918021
813864
959814
48065
-65763
-427859
-704494
70499
633627
790062
-973592
-813423
-887599
678895
-945054
570021
856021
625454
-412220
-115588
-349263
776660
919988
-208870
947486
65431
441453
626502
422418
-694323
-546664
340439
-880460
-586851
-611497
53777
-14709
-315990
-875724
-381082
-525928
-849316
-194505
-413527
829580
-139558
-843506
685601
-514104
-255725
-429988
136633
-479066
-510001
927763
-531580
555430
369215
-905079
-22152
674893
-451742
-681713
794434
-38593
-293210
-151789
946699
390801
-27513
-434384
864873
123172
371112
-548654
-47248
-768447
-392160
-361648
-282551
352115
208364
854082
873050
698364
781845
-658531
253793
151060
-563609
-768359
-174048
-15351
-450072
-379615
946057
256719
468596
892755
-352481
-558917
-541630
-487609
564255
829482
-36262
-482994
-938965
571578
155358
-221516
-76307
-636278
-367435
-203257
-937915
-585591
138213
315879
565469
574605
547521
-608579
-440747
-902551
11807
-494690
354168
-519597
-601936
-998313
-78514
-143565
-485922
-514259
-314083
477816
2748
-253048
49394
-841894
525436
973088
-478171
-841999
-230169
-416086
-427589
908044
899794
-862120
482649
447314
-470699
-958099
544763
541109
-452788
-101070
-978489
-54724
-99382
-57002
801712
414697
428740
-512372
-107488
-568513
234581
941907
-410406
-239983
914995
111423
-81982
-315175
695338
490430
-407131
595131
628310
-924483
42444
-842389
-882581
-412793
698720
-335369
486138
720232
609908
-613245
-336771
411620
801452
-908032
899248
-306036
-476544
133829
-364129
113050
893846
-449135
-775527
-188136
235691
919811
-697707
828561
514941
930604
904078
-442615
-911786
-978503
144592
786935
-313871
-369271
507166
-703963
17484
-829605
707657
-181064
-737636
606905
512900
-214180
-259267
-851230
898871
-365422
-300364
-876657
446442
935327
-956846
748735
763887
558096
679338
667965
-884520
767553
689463
260073
554488
-624409
890803
61654
-328371
-91713
232049
-620715
727223
494413
986190
240122
-719767
-273078
388893
-820897
361501
-911472
-697553
-192058
-976146
-654399
-443323
787742
903697
-763985
455707
-980823
-996433
145169
279250
558055
520761
170052
-380291
-807611
-921661
851758
-428325
805562
346171
-442135
45684
626404
284787
-565424
805507
-353713
-476895
-892046
454230
-453040
-546445
-989094
-665299
-642748
-753079
790408
-623571
-749511
-64423
655680
808545
-543662
-174268
-571747
-351272
-95929
-719990
220403
-290368
626181
778268
755317
252585
63055
-810108
58092
709343
-287003
166046
163573
259957
619602
174479
594659
976854
421400
385067
-646717
671890
-679356
-991038
480434
-223018
-165305
908687
425710
738766
-811304
-353887
-551602
814878
-575619
-796286
67462
487436
-606393
-874446
196779
106605
291600
-639649
-633438
-88799
534831
961222
-111945
-43770
346288
241338
-371880
666932
250301
-891447
-556086
-915005
-982761
869624
823762
-794065
-484263
-727841
-979187
-59882
-524126
88276
-572446
-130518
213830
624333
976087
-494570
984685
-657351
416632
519515
-696130
-695314
-524255
650159
546025
103865
317090
-203675
212418
761005
-118679
229657
630629
-294918
435593
-853635
-22758
456407
86483
453117
-455318
514037
-677402
758513
138370
-701315
-736057
123054
-358666
680575
-357431
-54795
985262
118314
-404637
531286
-777822
912454
-672389
434596
673458
208933
-335747
304086
914015
-900155
450451
-108743
556253
-463066
-655627
-899066
-949029
-333028
859448
189342
-34343
-876610
-687605
606992
803966
-45036
-447804
789227
-926722
147559
320513
-704544
60012
648125
730053
-266531
-142943
-605695
-962445
-228928
-505849
488007
662330
-949597
-975059
-993298
-848662
-924088
-326325
-989214
265254
639332
-865824
577650
246323
938143
-467386
798520
727369
-394108
-53922
47882
-98651
-993910
-303993
-368598
-260440
553064
25708
-222885
-675864
519860
-734878
986466
570264
-709937
993169
721602
-634024
-333157
732388
631231
-693825
866565
208880
552499
804708
741495
351018
532076
-652613
-702904
-420042
248737
-696813
275965
880139
42747
-170971
-94154
819863
153166
-574295
-915016
139632
995969
-624952
132800
717571
-258976
799644
449959
-627746
-894181
316524
581135
658318
121231
322630
9336
-346693
670017
306433
233266
-81246
609620
-490769
-201108
-347634
338260
704739
-527772
-508574
-869556
-442787
631058
-873587
-67739
-236142
843985
673285
-436498
293944
-954461
-330679
-389533
626674
-672362
731699
-50697
336975
-614995
-380680
-356593
618272
538075
-746974
-872498
-663033
-94608
465763
-958295
377621
957189
-827850
934835
588247
-701436
-132905
-647896
-857452
-459620
-84394
436493
-414081
584927
-953041
-787408
912566
778659
161896
249541
-836336
781217
892948
781936
319291
-854027
909438
656259
51366
375200
697964
-571013
332389
870115
-636179
-79365
-831321
230916
272740
-688772
771297
-811654
747721
-642785
773274
794681
-430192
685840
573339
731705
-64620
737003
512922
-171673
518938
-167788
-25699
428376
-511530
-974333
-196424
-813566
-545346
-864035
-943451
-181524
56601
-774772
-950608
-670660
-463544
820689
-482313
-715824
-822097
-709040
-921143
-252288
976800
652196
-520584
-87821
389198
992338
740507
-91864
-175450
-285193
-663488
313021
-259525
140088
499456
195130
276053
556006
-986395
-667347
781234
-937002
-338006
-682310
883687
179681
-398133
-938410
470642
-319276
-190697
447441
-667080
288719
-640380
722119
281057
-899874
-369746
-894393
-185066
-33233
418628
555409
-893146
-81916
-249462
382908
-525911
-235856
715562
-744677
-172858
-622444
-426987
-289171
557238
174881
-227580
27879
855605
581723
-524680
-811476
-129558
-165060
910643
-848501
-64933
-459103
-742894
750002
507664
675734
305411
614519
-406182
-944051
-2573
67907
-179907
-287012
323230
647236
90544
896244
-641935
-352219
71124
130485
675661
-73271
-287792
-849020
115254
582651
-14079
25897
734150
920988
566794
991256
670989
74458
666990
-23600
-311023
-739193
32349
686404
328715
852443
-600608
-348056
499678
489937
-451812
857744
-862283
619312
-11771
813379
-453960
700437
964359
661294
283088
-49721
-312809
17237
-128733
-746015
8493
-457744
328443
-324518
518656
-982580
-63710
-448996
703824
-734995
-596554
-896785
-83051
903125
593152
465137
760868
730870
84449
-250904
544249
630490
-550467
508607
291783
732622
-541114
978975
-250142
330153
-767041
758352
872409
561402
-566166
391065
578823
370124
942069
282646
635129
-654485
385862
-447922
-751360
-20986
-982785
-990493
-290116
101664
-241396
-745868
-267847
208138
762740
-976064
-59241
-778375
-997090
690618
551778
-764130
448969
424187
797272
882803
-184749
376095
252927
-242680
-341260
-111944
102835
-955398
440134
351475
23617
457350
360983
733501
-440986
-880413
987634
291168
327726
750373
315104
-731516
971998
318015
959103
523776
553885
408071
-52037
351157
290873
763214
-272748
-456200
-479467
385992
431856
623369
430595
-128010
-25156
-545789
-670661
-664173
-812288
-111646
-544585
-824655
-820479
783141
925719
494626
-948375
897716
-187359
-989273
421492
-633474
418798
-630546
717684
-290329
-867332
-555065
253472
-346799
830928
-314673
-723430
261522
557318
251414
715734
886657
587242
903446
-224990
-957344
-921210
-45468
825797
-995491
-550843
877422
902226
261798
888150
323717
628324
306947
693172
346007
-983382
825840
790942
270090
-520959
621869
955418
-244389
-116609
512735
-992975
-400876
399392
594268
-497431
-825598
636924
-418640
128934
462721
-414131
578091
340143
-511906
-160111
228292
811812
-531787
-464761
504983
814220
-448143
330823
605162
821948
809864
227031
777366
-434525
-889579
290100
-427499
-290455
-310508
-833232
212115
-136106
803692
793476
992829
266413
-620656
570920
-393445
-132561
-589192
834847
-320750
-120979
-629915
-815767
-306759
-78057
515057
-701598
-256109
324920
525434
-478744
890396
635855
811357
-537103
-654600
-499151
-370335
557516
364743
-566643
350991
357571
699770
730336
-71509
-693676
-402226
339299
-858829
277025
-781680
-488744
461259
-88439
433200
-23685
209964
-822910
-698765
-264603
-301653
-808370
-628748
-490297
-345473
-283348
10552
284193
-725833
-624705
717551
625159
732867
417320
355494
-338643
723645
953268
-999345
864816
230293
-781024
-623928
-308449
130537
809272
667866
-659499
986362
969101
75898
-315292
-839269
447151
194412
-184741
-836198
-795036
-900549
-562030
-419741
817002
-936871
-686874
234322
418623
-25517
-42033
371891
-24861
-177218
-397817
194115
198854
293734
-675348
8126
-38400
-334847
-5513
-69300
741052
679196
91432
188202
-126392
906691
352005
78572
-993858
789976
658832
823145
853105
971958
57467
271727
-53559
-984567
-356383
921580
-161784
245801
115695
-962931
-460466
440348
45196
501134
-894500
-960318
-568166
846553
718879
523266
34754
-407514
429957
-613241
671058
436099
-823266
329890
259244
-970161
301847
-683290
301567
-751712
-667856
945185
-830133
170360
190985
285563
207430
730519
-274090
-747375
231653
-168589
-707692
663487
-322036
-988814
186753
712718
-396327
-383291
-900523
-725269
-947192
-723788
604621
312053
-693949
-93532
628763
607618
154756
960908
552802
324624
131267
-256214
-389814
-661303
-525695
336097
-408678
705958
-832493
-116370
369445
-154529
-105183
-443803
-441811
498490
172906
-342333
773221
225715
-66121
377842
-462233
239931
-715691
-833470
-152452
439065
-872563
-599650
-236312
258705
144137
373875
597402
618443
-290029
-811276
324401
-122521
72355
-306155
722951
967172
250043
-718860
465662
-577052
-61193
238882
648664
872687
-383276
-813570
112617
-98967
-647040
960166
-659903
-519602
-639484
103786
739103
504654
-522340
336505
123096
187632
525229
-552504
-934890
-402417
141342
788062
-435245
-608616
-930799
-969584
-185667
8009
269299
-537004
-119305
886023
-350574
993312
-212944
2387
953478
127154
482785
-686007
-769061
221888
818647
-291400
-441608
-58258
896233
-916379
389239
961344
-318795
-469419
749405
245960
-78035
818607
276377
736298
-173385
-454324
-800706
707311
-568301
-151280
700623
218755
851108
654100
-654092
333893
968093
-423152
-444220
786740
285449
114173
-271518
181681
197794
-882280
143024
878999
-351699
-107571
124959
570267
-288965
-598665
306564
537651
-52988
505858
244961
378711
-645422
-54417
-402535
-794314
-400318
-56626
539579
-432225
520223
-904641
-645486
-194329
209532
82997
987352
-592674
200717
130376
-713676
849019
-977195
411283
419286
-266159
812619
-274151
-728509
-240370
-768293
516453
-861659
-413714
-537965
-264193
-208028
61718
679181
-668449
629494
199403
-573090
984009
-994926
636442
67005
992427
-956233
-732278
122802
-669908
-883259
145608
741376
536027
879449
553995
-738124
-849061
-686375
-506417
667393
-548034
79870
-870573
187773
871843
191146
-133046
-796607
-179360
-933643
-369697
-195351
-928569
-733255
871654
-936143
-689487
-860624
186660
-359395
-743883
-667732
-618019
792145
-788284
935976
-945980
-637345
-750400
-452396
-969953
-298434
627474
-840525
889340
499317
350622
-243707
702710
-828738
-177350
-666987
-24089
-105918
-400241
-152435
-42060
-89728
-13058
-855400
550878
243059
-523132
932859
35204
-311416
868835
89224
51240
-881566
636829
81288
-179999
264303
240764
-290660
-236381
-408614
465633
-533671
-237352
-711717
-200658
738560
182366
399101
-413876
-859695
-690627
573066
-715095
860251
-183875
-238227
793110
851330
450357
661944
-59447
-498403
780378
-422619
582885
-399622
841684
-176352
309719
-394697
415034
-224648
71632
-822318
63635
870974
916242
-754000
270075
-497634
-613694
579448
-924568
-328789
439699
-108442
432985
232808
-257113
-116659
-105248
683441
384939
-324870
-739178
-32177
275508
-897495
791471
-414773
-292191
206505
360579
779441
384187
-575786
650415
300429
-329785
-79510
802796
56521
-500062
878228
727733
939637
-230214
160717
172445
512673
-955942
-932803
196113
428997
-257673
456935
-603181
-982165
559441
-811710
-396938
-732750
394795
963641
-953310
-221018
-612146
697106
-920589
58070
-382405
882207
-885410
117533
760434
842323
57170
-469781
3039
-770385
-957108
47098
-703188
239006
-523906
39139
-304059
-127087
56974
-744618
61204
660037
-477368
-544001
623677
-430678
234981
-988469
-733572
314392
69601
-115977
196599
184192
-998444
-42968
26514
58727
487252
-970447
288343
530145
76651
585156
-230850
552746
-375705
465092
-574342
681270
720474
486863
341306
-756895
942862
-35017
-187572
177842
-23486
78856
-507766
-953885
962880
688833
230307
964437
-354135
-743179
23163
-866883
-713625
-688494
663263
363026
896662
-567587
-84229
-479044
897505
341430
-797775
617978
-171708
543531
861084
-228846
-491486
-326489
948996
485028
752367
-558770
531144
715246
-869937
-238550
679683
-224071
18272
-297154
-90953
304647
14352
-427690
-332327
-88986
4723
583445
431970
-97773
-75126
634196
-479795
753167
177727
-618712
-475680
686241
54799
-526684
171269
-192834
-85453
-297588
-477588
44611
463863
-797906
820541
-517866
-95060
-270413
786781
919293
301897
-545546
-169694
-693381
-962102
-737724
208847
-37227
896472
729053
-284061
74199
-889659
240260
-239561
165141
713577
931709
972307
-371877
-365880
-505281
672734
-902017
-303186
493274
-419883
601755
-777139
-633102
521047
524759
-178648
-648647
831379
-140749
-386371
40225
822024
-489899
-230722
-462038
584301
-120381
778223
-655260
-955240
491799
-723552
-982933
-880079
-89431
-488214
792656
8552
208601
285930
588670
-189645
508792
955569
-668598
33550
-223079
-317245
-135072
636172
296385
905154
458195
806487
-325569
996158
390787
554051
774380
735528
598812
266179
-988025
615879
386101
-77455
-872335
178756
931097
336266
-535314
519767
-853379
973478
475335
-521977
7027
-747745
160779
871955
888428
-542836
777109
346622
-736350
-548461
342780
654438
-994410
117159
389965
604402
-616663
401941
220281
769439
-675515
347946
-51806
-744418
-315789
412881
775349
-169168
386358
250684
308856
-606615
502939
-530366
-734660
391367
-73201
-957552
-262012
190450
-506012
-919233
-155113
-500422
197927
-765148
-896020
581265
636794
324261
350703
961280
-327793
-701103
-783139
356418
711779
992211
-812750
98137
242894
496107
491522
-254167
965742
756863
-862801
-107460
799311
-124812
-917011
-706701
-44045
-72123
-207123
-846118
162730
-103142
735148
-200477
-778881
85851
-239198
-106674
384748
-22336
-750256
96526
-30126
-563005
-805338
-787233
933102
686185
-41400
898843
443047
95799
-208617
242358
970987
-125628
535657
-73058
802250
-671466
80825
-35021
225392
-184028
764503
446512
901824
-474695
-660163
286571
502969
-410419
-616903
-527158
26576
-422240
-314390
-40322
-736056
644211
-141480
706992
-259990
649904
-50651
-289003
-475725
-514994
637940
-673476
-186460
-281236
291504
-961068
534737
56006
485444
436560
581311
825281
-276869
84279
-585138
106228
557122
441439
683989
-757269
-598884
947934
886943
259637
654925
-373048
-90460
-395726
337949
433816
89280
-24112
760341
902820
694653
51844
941753
229389
-892151
427196
-334051
689160
252477
389080
-226561
667340
-504692
-669440
108778
-820704
-426708
509895
-872771
-539765
-230468
782155
87187
679072
-613572
-574865
112888
475709
401024
-126772
378528
95676
925072
320281
-674936
-967080
-252524
-8987
722081
999954
-619907
-504480
667293
-124599
-173920
-223929
54697
399373
-714035
181927
859608
55497
-35919
-53205
-265431
350509
371930
847458
-173783
-227046
-279315
-795255
868630
-354244
525026
-806306
-321323
-727498
184708
-599242
-727545
564801
-103722
939749
-559799
722359
-284181
494899
121731
1785
-323175
-18661
-942718
640906
928134
-208148
-8585
300064
-360691
817633
-926982
359994
-977622
941648
-994250
547405
-864659
-315573
819908
320050
85185
-907637
-115150
981463
-967889
325051
703821
-252069
-180051
-174448
749716
496775
806892
806999
137681
735026
-401150
-870905
35090
238159
946729
108108
-401847
969108
49756
-396097
516512
185098
288331
336419
-494853
-626484
428783
389997
-645022
460894
-284952
-941201
-791176
534998
-115648
958541
31772
-308757
765539
-830548
-573731
-635611
-701452
461359
602549
-754724
-430533
-799299
-785617
619223
-195395
730896
-195680
-907065
67315
309467
-533548
-503903
-300536
-178570
956991
414512
-119770
-834185
-50491
764582
-875644
981281
-544175
889895
-849267
-117905
-745716
-550719
-656547
856833
-305443
-87080
-942466
-91059
-467857
-137861
-360164
336463
-44925
707151
-354070
421527
-796752
345394
-757043
-839762
-240095
123188
-673946
709414
-112230
-549590
690695
343596
-659695
841428
-774310
-405411
-709291
-430857
-548579
-14734
482064
-491044
894208
-985794
371096
-465956
350670
-673830
-758805
996600
747698
-555557
341993
990656
-395318
-898102
113844
-69264
811312
-998387
381147
502007
345209
721452
343435
570899
-683960
634144
-859958
-232538
-380590
622106
276418
-486383
636313
-352487
47662
-13018
-26316
288857
-16418
-278618
733300
-674426
-287962
-662018
-572528
825882
268718
-761216
827495
-350136
740792
172703
-628685
84226
-256398
-312644
-281631
-116356
454818
337780
-494250
-268764
851397
-857937
378750
-100941
129046
-647567
-812085
-887373
73815
921216
-561798
785854
-740803
-134325
611735
527915
104460
439229
-822221
-154749
-388068
-450905
929478
355534
236452
-352153
-760822
-308731
985627
-255071
422506
837024
-113007
-198745
-263918
-983962
153689
-76003
-871334
-772496
-154788
-433132
-986643
104409
432543
625092
-367676
-462998
64320
-189896
382253
676252
359199
311731
31786
-404350
959578
270965
286920
945204
-984106
-290574
782227
-97113
510681
-481691
-81075
-335631
442306
47591
-108127
-712482
614460
-94770
391928
47002
-469679
-975749
584005
594642
-165645
-33742
270894
-806446
-722012
-697320
-210796
-762435
573645
-923876
-817231
589539
-214450
964996
-507574
-703770
-516695
411352
-39400
925611
-541057
852473
-786871
-926598
-242297
605057
120405
288025
629308
-295590
-117334
-536337
670668
-846441
-342783
948657
-543761
446422
-813779
-970116
522546
-631010
619423
-691905
-666014
-888151
-395674
-182708
523201
564927
-257098
982144
417400
-43969
-944454
-824898
-438912
175952
463127
-809605
880362
-654208
-345941
551029
-500648
311276
499685
-44409
-242303
685907
-14525
-719757
-945103
-395102
-411661
-611116
-283252
192665
206176
-760052
-242408
949079
-777908
-825009
-94890
-722362
-649906
466198
453590
813221
656594
333952
-840987
-689348
-115020
-341634
621928
-615335
613958
-620375
-929429
-400567
-340132
-874531
204331
248207
-485646
921080
-559128
720530
-838973
198464
669608
-616880
373456
-425282
-339241
723550
-959085
-885651
536770
697509
448301
695784
-991839
-666719
-645851
630090
-282054
968107
-990286
-211482
-432461
-330417
-86012
771871
917790
428342
692950
-641338
148871
853978
557127
-181521
-762902
-69418
393197
-102143
-345869
434113
12206
-809099
131622
-539493
886685
139783
-206212
-759166
-230128
511735
-791059
-220413
-699748
-223520
449170
214240
-451649
366960
-357419
-758699
725622
791453
-904721
282748
-390068
-667623
-786671
-996871
230234
-132539
437242
-757560
58362
-431136
-297053
-54954
708647
496736
185881
-521481
8470
394822
258106
308723
-828698
-292725
-477038
-280347
-925766
165544
-39045
799857
-43003
56234
82604
566929
388611
295934
570058
-381155
-836606
7300
-138715
221757
576164
564233
-833197
284811
60969
352684
763330
-930562
-252495
21435
378162
-81192
728711
901124
638462
802946
66668
-400584
602803
-976336
655651
-314593
590594
44261
981341
160652
663106
-855265
-832049
-475609
366492
744116
-911376
533296
28926
149594
-114021
-207745
219033
633485
813691
-402806
-447708
542402
-501682
-809246
345348
564986
-209830
-51850
588651
-554180
633557
179245
490082
614898
-660104
153188
759634
-492152
677580
126126
-748037
766204
-340579
280889
-84203
545400
-926856
-865171
178885
886835
-267976
731178
429237
230342
921932
-225416
-204673
-287899
722734
-616022
157922
356291
563224
-351997
-28812
903120
801192
-269178
-589032
478771
856948
-337069
244974
-483631
943821
-839229
-938231
-983036
-704399
240654
903800
27625
-28169
333036
-742034
-106238
-892381
53294
605864
830354
437273
-236214
186644
496
411790
-842168
-96384
212981
-111345
314584
-308249
-254397
977516
936726
261972
921336
-902504
323741
938301
-606902
-435605
842100
420724
536226
175136
678691
-570012
282756
-268015
-964148
113109
-830742
-200362
-700247
169754
-788573
-542414
-926630
424408
346241
387955
-883841
-908157
365470
-947116
353815
286806
-849619
-322444
225106
-456521
241951
67206
964204
-221823
-757659
642894
208165
525097
-625121
244018
-361794
-455863
-956345
-62041
713891
-744917
395546
787262
679492
-258214
175216
795651
-166370
-459315
848535
-812555
827491
998917
-134999
52597
-457605
-893048
-880198
-493401
-114871
-637857
-850507
-906706
887241
-475628
337312
-474554
68509
380968
463406
-217600
636052
-141049
-430339
315543
600738
744878
111194
-565632
-714438
-40271
-378187
-886947
-41355
486815
165651
501041
593767
285453
-992361
-521104
647597
-842868
-427809
534837
-318495
909503
-939717
750014
290471
523690
-467587
-73478
-617359
102075
-757935
983380
-153048
353260
-582253
132515
-687012
39560
245569
271633
-473626
-588781
-227327
-879859
696672
-219687
-400963
344269
-62554
171228
-120895
618951
80731
-60611
368964
-628798
-536922
901378
297725
-154280
3453
539791
-170901
850406
-106950
246846
-17080
206038
-713595
-771511
-522330
-187220
-360291
250344
-67078
-663619
-969343
531959
680650
-31897
-296813
-440245
-412947
783919
499144
956018
-844880
962223
857395
452846
-192058
-139152
-7364
637042
-288747
885686
-116113
694173
91723
170293
922663
569394
983074
-437629
-180262
-84005
-101248
-149605
-552046
-420598
818498
151141
139157
-594449
-64940
-361700
-638432
90180
-399477
-781037
-456974
408466
79811
535662
45507
791064
421347
929395
485237
-486930
99687
407900
-917537
82760
970271
-97798
998755
-130977
752597
-553291
448425
571095
597850
-412419
976647
-467090
225882
-661786
623090
826406
-442822
-833884
234871
636990
701778
-719622
428053
123124
-790228
-86710
636195
309460
-678811
718658
-607780
-708540
-379140
-609025
160484
-626544
-162316
-391092
944552
-564466
196490
921198
-31556
-577628
-740588
-408466
-751223
-183410
-242350
483649
-546421
-540573
764028
881633
582552
973801
-205077
218746
283261
116113
-62596
675481
407573
558264
-933545
-431943
931721
-95860
176965
876273
339674
-626545
797470
-691883
-204172
-943118
-100348
44606
-126528
657302
-471746
327052
-883271
-707718
208685
699281
-733918
-996392
-81973
549344
119721
855432
224824
-472706
413695
291280
95351
345416
-804581
-727685
221688
535094
-354229
19158
843211
441599
76040
-257137
-513796
949513
-599836
14459
276565
-483107
306742
-514751
-783826
572825
-511142
134201
122168
608579
-10368
-653009
-864128
-596673
638271
231223
748743
833691
503539
-29569
368784
-850691
989589
211995
590909
65629
954858
-922887
15141
-644978
91572
-708294
-128085
-601687
-223044
88089
971138
265814
-777711
93305
-125608
211922
440297
10264
615249
78568
-758513
363992
-87742
745026
-665577
-718958
894336
-675988
493038
485244
389641
447896
562357
-595218
802918
-346071
-303512
-325167
52243
473444
762922
23380
-260743
985212
-883315
613649
197133
556982
-376087
-187618
-364450
-134600
-823626
547809
-389574
-489203
828851
-495239
-165191
321889
990006
-775551
-230216
552362
-370769
-427299
-793709
325720
247534
258534
-200837
10456
-718086
538420
-4332
-601401
152069
-807200
955582
775982
5183
-408869
-358618
181557
-861061
251808
692354
967791
756570
-472837
289679
746575
-248388
-940537
298937
380844
-367835
505228
-293437
879699
-236238
505727
-109845
45676
44147
885823
444276
-803785
-921377
399857
972198
83806
990989
-386420
-734637
-870072
865388
957718
-902281
621957
-515120
387398
368532
236493
446862
-332532
-382664
-920974
-827305
323900
958726
-63542
-170374
-151120
982134
873773
-265298
426409
-930012
-186674
-173734
-957815
897132
-182746
-344235
-837505
-52817
-478847
-879788
44902
-856890
-394907
-567700
511642
841586
879162
-820891
-541079
958188
-648195
782822
916913
288263
-387552
-234207
270396
-513780
500495
-303195
-443791
-686179
523071
-401605
-789048
-659675
254161
-626552
287509
775314
-506339
-667590
918425
98754
-235289
430066
-59661
-356127
609176
399261
-397939
960981
182082
-481026
249244
794530
284767
-480360
-719250
-214738
216445
-163040
99083
-260484
435355
310036
79841
-310485
683484
-632650
-535171
-822856
-300240
-616747
275899
464472
813319
-783763
-891656
422494
615498
-289595
383475
-202420
229379
-367282
-407890
-485854
152358
-127140
299408
-631197
709821
-601510
108319
145175
708527
-811840
834690
392010
-444490
-700482
569155
255271
-317229
-154947
-280258
-503910
61290
-171913
918584
-323212
538492
302059
474368
-232129
934777
-933523
282017
87135
-60662
-418575
455938
-350842
-20085
-435744
794334
-311559
-247583
629023
-919549
307927
928542
649607
-436803
-388687
-505341
282939
107403
555950
-888975
25987
-767262
649518
-671955
707107
-582611
-737178
773585
699406
349957
-287078
-719170
-194105
362081
260746
370151
156414
949188
-877433
-214563
-970361
430495
-286021
679246
993692
325292
-826095
276631
-567306
729856
387657
458682
962594
37175
786727
669700
454564
-950451
443284
153969
399506
-843794
434800
-794600
518288
-304454
575552
-325298
-355266
698120
460139
-325627
128615
-825882
-646381
122306
499410
-472476
-601063
932105
-742621
786594
390786
-780027
-176232
177513
889673
-721669
227062
332957
432301
-373432
489163
-132899
-168031
7450
562648
-592479
682153
-792619
-894360
142292
-118245
234255
316410
235375
-643439
-184181
762899
-244502
-252076
-979722
-457908
-861291
-759748
365861
316223
-870076
644193
-456715
462882
76493
169853
-47956
943595
-998178
959495
506242
-590657
641647
713624
-485016
-216062
-404621
749240
-899652
830754
-894199
-83833
593653
-138700
664091
613932
403392
802801
854184
-230747
119024
984109
-586555
662309
446990
489939
-167838
-600966
433533
-166016
-641472
-60225
243328
-999825
-346601
758312
-215886
248778
507552
-115538
79532
613353
800630
-326816
-525348
464721
-712884
878045
267522
-858701
-352703
-613455
-874592
60743
-951146
572398
-449319
-118984
971433
984214
715000
-670040
-76011
-41672
-669864
577389
-283361
114251
-173834
-775809
998714
905699
837544
799344
-421117
-687804
264065
-134001
-809759
-468414
7299
-162462
-81868
132707
898281
-33014
-294895
-551038
848002
-323463
-566825
563002
6498
357165
-478671
336635
-65447
237969
-549114
760720
462160
-550401
666418
299704
-751057
-754700
611901
513008
111300
802142
-955406
-881401
-360321
-37274
251307
-462040
929712
956412
-13078
777714
-367051
420098
340716
639448
-222737
862046
-23917
711816
100015
426969
472536
-437825
876569
138953
861879
-874489
384254
473779
638519
-504446
275920
683113
-385847
915600
-354161
865460
-546440
-424449
821872
440483
-646736
-545179
-139420
693981
-905731
637844
556027
70352
349659
-343959
-502680
-177805
218216
-626112
961149
80095
-500600
345402
-446127
-862082
840957
829794
821032
-544890
745394
-533130
-679431
-801047
42421
-857559
639436
395686
-402737
-499984
89667
-308468
-862140
-354307
761884
487519
301734
-740796
-690287
-480050
-366907
-729139
600045
132493
616264
-846082
270412
457221
983712
91444
912331
729106
558314
-767100
928059
-399265
-624658
567495
996422
-27395
-932489
86088
664137
-794629
731781
426020
692891
33515
685225
-997396
553465
-681683
-726534
153509
450811
889731
307427
-278777
346951
291139
812667
259282
20244
370981
492182
-51697
971716
867524
-484202
968138
-159872
-416690
54225
-495735
-211319
-213994
930286
-518428
819521
615510
-515823
372986
933828
-242357
-473506
384638
-352626
833922
-894140
994325
125060
918528
253606
-854696
289508
-254212
93607
261224
-386689
609406
229361
453440
-807285
-716414
957705
-18603
69593
887990
462969
-110886
503500
947146
-737901
437327
-295211
-211406
-178035
352163
-377485
-72174
346488
747576
-153647
-399906
892880
-864140
345882
-13513
397084
959194
-404107
-373555
412634
-211392
-89969
370338
770005
979624
258328
232974
-131262
-238172
180120
130837
-800845
884909
919431
21120
237071
-458055
948946
-416441
-710479
-204702
183653
-817599
-68841
-470466
168889
-671758
-511272
764782
-45312
901362
-446611
864719
271700
-676606
844343
-469972
556368
-286920
291856
-263513
843918
491011
-378604
763348
-487869
858468
-694707
-538924
-557974
-405185
256375
625679
-222784
-812467
-844787
946105
-484225
-356059
710887
470463
-454698
-735724
335182
817002
-412330
179525
-652971
-855962
892606
638886
-119474
736523
129897
501922
499871
642028
360389
805164
-896897
802415
-600022
359479
428094
177195
547012
583307
123300
-937213
-772753
-165814
533251
-227451
98462
-131567
-410449
686133
-952043
-63419
830171
940564
-424533
-289304
677086
705364
-787383
176957
347391
573007
-17880
450495
375421
382099
-190027
-196486
-440706
-643016
-613179
682594
-580229
-385932
-483221
953023
386618
615242
-178545
976170
301374
-130588
-87250
131544
-190024
488217
842241
-512939
193581
-945142
664019
-459029
627865
-353861
991466
3286
-971763
-198561
806801
-412469
158423
-806379
-729875
578195
-192311
-213095
531217
-805694
-597854
-647329
-829525
703520
222084
83226
-164936
-967941
-428557
-322695
-480879
765024
-267837
-816861
-694006
-639973
-170722
-702540
363313
-142484
98899
170113
445048
-742678
363734
715174
835518
-828577
-497922
366735
-634270
-95776
719407
-463794
-392256
-58509
619432
442809
-26449
-809125
-879887
492672
955899
-147724
675812
-738107
212303
-494910
-440646
-424384
362607
658253
745730
-192345
915576
109464
-477172
751094
280887
24906
117828
646617
929131
-162765
-817178
-463126
778726
802255
979683
-247724
993130
-900205
-755052
949028
-47928
920761
-789079
-835626
-574149
-229725
-260009
788458
-571472
-514280
-403888
-655897
595184
118941
-904803
-123929
-856154
213026
-477313
-927024
-949740
-294490
-390149
828987
-492236
-410466
-418738
-499106
-310671
-173789
-550078
641401
-253029
-339157
805776
172822
431118
-454233
-38720
859646
31487
557393
-796251
-373329
-323667
-701053
502742
-179820
511973
-974571
-106843
562233
-269061
503008
391220
238704
-907458
972482
739599
-218129
-201307
-810480
-576728
545664
-149636
-770952
-281514
-718519
-225185
679766
-858873
806303
237159
-655123
-567027
913492
-356176
935716
-266328
-844204
961145
626829
718030
-307916
129837
109249
930789
222379
81731
670388
-995750
880424
859908
-572477
426088
-289729
-343429
-855427
-8247
431387
824340
132880
237690
61498
477757
670664
-25010
-878419
606379
708662
-722623
567524
335491
995408
-740392
-534672
104657
-809603
687707
-813613
860785
691958
-933189
720693
-880520
492900
-569036
-223948
637474
422717
-792561
461813
-444403
445129
-476689
-966646
115792
498302
-845065
-277829
206964
-567687
-710305
-457546
-572279
-450696
7782
532378
-260299
-304511
718766
-399514
-612554
785578
-678821
-493074
278477
-247857
