-176070
242979
-511102
-793108
713182
-121842
-980940
317143
464549
-421207
787900
398488
560029
-863780
997174
-629137
-663622
301765
-918204
880576
370193
308455
-737803
28917
-303990
812098
-250160
958838
990281
-449892
670509
-185790
793087
-840594
21103
506269
37565
40163
-176588
-497887
618956
-388689
900601
178985
-252469
897774
549848
83910
199539
631644
-35514
-430268
-59902
226683
598649
636109
38781
-651511
594946
29062
-101403
265454
843272
-308316
424861
-135625
-802048
-537574
904539
21364
-35461
523495
632676
-134860
-297521
-619793
-237086
-747674
464117
962454
883971
-571397
-467814
-175932
655286
-869165
-539823
-305933
-520676
-944877
723129
377921
320577
566401
-930396
-254562
-569224
-732443
207864
-664686
288922
-827597
858809
-78402
37544
-438712
301805
800458
-186386
-234078
762912
-302415
194525
-704903
521653
-150189
-574068
981830
543878
-94744
-963047
267006
-716823
357530
-166593
-647219
-897032
264183
-379661
310833
599497
909262
483236
458306
-169141
-479221
-980407
-867336
-678763
-166792
-101414
-915852
530793
-906890
-620755
52446
-57079
-194822
34276
-513201
710434
71229
753806
993611
-571241
-412788
-653608
-468272
851396
-33268
842561
450892
-124007
325797
-90802
706853
846577
-71208
839517
-832187
762000
-261898
-748038
292793
-168787
-368793
-654761
774135
436385
379515
-739067
146819
-549256
-985261
140430
-120497
-398049
486822
411231
-546654
-546447
253792
904239
329547
-420412
-186563
36399
-573836
742229
-124084
-406022
504229
614018
-154060
-202979
-554769
477147
142260
-780635
-86468
-478225
-519701
-939649
-27481
-504962
200781
852023
96990
-312398
263254
550336
141156
-482955
454575
-529297
96634
-731989
507103
522798
-989760
-616982
-883225
514469
997036
-37285
-688510
-557733
-560138
453751
-338368
353395
975526
141931
413746
-51955
636970
-385473
-199933
-266041
302130
-936679
-715705
-556714
-419634
738871
-86011
677000
-993119
-578909
199798
-982878
-195891
316573
531591
-198855
-720712
843081
243412
-280850
296831
905045
-927455
272357
46976
486292
-779599
-316055
-899182
20469
417905
402949
83790
702200
846235
664157
441070
-239776
341156
447952
181315
-459047
465074
985425
857527
-3335
-213430
-863186
-160255
-970018
-144035
-863424
935027
-71489
408933
-17997
-585198
629335
665948
-484379
-350196
83852
918571
733595
-213948
764805
397751
-772878
-474972
-261094
675074
706344
279860
140148
691768
137387
-863188
-521662
274201
-23442
-491680
-869834
113135
-556653
58677
-477932
425350
473480
-848597
91297
989102
-198793
-824851
907672
-465199
-38798
672476
932552
188324
-802496
-328542
-136602
903848
951319
-996454
595616
88705
-859641
-926047
-637094
116918
-417726
-506928
-769948
25621
551750
-247880
-549030
25229
-96477
542268
14330
704731
717418
-77998
-760469
-321381
-405523
-827917
866944
-208018
-156458
-269658
-304171
-205140
-266112
-708555
883565
-125752
-634601
-753530
991166
-52326
-260457
-778782
973295
-708708
-26662
-575735
316522
876862
966533
-669148
581593
683951
252854
821125
-637431
847331
993208
-770487
-360687
-163250
-40145
335142
631610
693744
626588
515175
-432009
991988
761646
-440843
-60339
-498811
-219625
-87045
-207519
753714
337220
-890997
630575
303753
-560145
212168
-12297
692709
33292
350273
540039
26500
579786
-820649
863250
-460359
514494
494860
-766616
141082
10035
-198624
133069
-228319
360533
-927271
272870
-859093
-14315
-934649
894621
-677096
-825646
525196
626658
-385791
-262637
-385640
-693083
770656
964634
846957
-202845
544419
-973692
-339595
-915941
540803
-844736
-682556
-318116
165300
118820
814954
936981
-520647
887683
209851
-379740
-126632
275202
-485119
196272
449557
-959923
-177070
-936234
-222560
437291
-629317
-451904
401924
-782360
345251
-53658
-756051
-994345
30402
784753
-839080
347847
-533363
326220
-533333
-718410
263201
-53980
-830727
-526949
566281
42641
748254
-918839
-761087
197810
-878762
61843
261576
-101321
-500867
632260
446775
901058
849901
-207974
-152600
-906151
-202318
877802
878602
-41398
225649
-654762
-715179
692316
-373171
548022
-361665
-203898
-978927
-795385
838744
769327
-714223
-922344
-32864
-592984
139500
-771288
305696
638634
860973
-247529
539691
710873
544497
-612910
804723
-657822
-735108
683325
300780
490541
-971437
585602
182856
-344608
133624
821192
451495
154697
-974194
290238
-75977
-688417
367894
891160
-281400
-492607
-880128
-975705
-853974
980845
-223234
685718
691717
-678738
-927193
496440
-336559
-662301
179764
964222
828241
208327
549824
11096
863719
-316553
-167713
315214
838145
-141906
-394549
-237832
169678
973346
-346673
888278
-519261
-226800
912573
-373235
-245956
-310662
-687517
-554240
10601
-614710
942201
674042
-277010
121964
638264
-448770
-669710
188087
562326
-805991
871534
-605387
509223
709679
252708
-885326
-528154
-577615
-911981
125174
-689338
-431242
898374
-776765
195524
-347583
-87426
508007
98178
923175
893298
40378
597217
-383713
-837659
235481
167517
-507368
-576433
-270157
-313358
-704899
124457
-804135
-995221
-622836
-689461
-523374
-200451
-601441
601800
110212
-32683
500174
333447
-837159
-847410
-753979
670848
250769
-830804
564146
-708854
766413
-819568
-546512
1894
347949
-53879
425461
-922208
632763
720563
202249
828629
725342
579413
-860833
-798033
-621038
-462274
803768
489174
505044
303941
-177379
667885
456532
68642
338733
-292700
237838
-97121
-1553
4251
83311
451936
-993856
-568741
-601944
431606
-490948
-969181
152168
711301
859448
-122490
290714
998616
79478
669676
-463658
-116754
158850
-958615
-812814
981471
709271
643719
50113
48004
-648982
-712049
950883
349466
292203
34194
-198599
298348
465453
199458
-270047
974506
230277
882122
685806
89725
-240368
-23481
88340
839110
-353805
624682
-277645
805045
666068
-90458
786516
375339
-446740
-163372
-576658
-95722
124580
-625775
-746256
-583218
408419
55145
715130
-126128
-745398
-554917
-151623
484880
-672796
-465817
-425396
86836
510702
662944
-74054
-843103
287626
648302
961942
-46307
-442157
748457
-670968
111103
-414915
-247626
-984619
709665
126600
-730875
-873554
-464982
324271
841577
408891
578873
-713341
-742733
63752
-386136
-208549
638357
700701
-697847
301301
-373354
-540950
-411074
-725053
-579009
542620
-167209
-830552
871652
943895
-245467
-375974
959276
-535802
750627
-771599
-409355
-714356
552672
-567779
694536
131545
-281119
951804
-804703
332745
-256746
833655
33445
45407
134955
660092
504457
723882
935040
925449
266502
-232170
-905104
138154
-288276
-150570
762180
-329000
313629
512807
-100599
904274
798451
-547927
-663505
492987
583619
55376
444790
778917
-611880
-811957
612571
421566
233450
-252475
81657
-262093
-528593
16696
-336644
737909
784527
-241747
-123938
-503750
607683
-361758
167250
-78688
-848952
-933349
-174414
949500
-481275
162081
442486
-897656
-782543
-112725
881261
-394422
75319
493831
-972857
-691231
-758644
108801
46677
-287237
-874504
710033
-549328
910023
-531715
326735
-593727
-924032
964977
573523
-2720
-883975
640175
822866
-934475
-841101
-15053
508011
-738756
202404
-604714
-857496
807982
470606
636336
835125
779375
877693
-56074
-173949
-409544
69422
-463917
41128
-20555
4368
-632138
385719
80337
-667161
-40759
-922384
-551136
-400584
900483
-485611
-241684
-114571
-977600
19560
-912167
-582313
162064
895815
888293
-201600
730940
667667
-323908
-325135
-506282
266548
744288
29802
-692324
-276267
-965830
-324462
-890549
114507
8378
68693
192124
457242
668109
92606
971632
-573575
978036
994033
445985
-934132
-588281
-391951
961684
-699989
406449
692624
967679
-917460
-632511
-538603
349089
-888224
491199
656765
-164490
525369
-667697
-55038
-360124
340681
-986346
832000
-202077
681764
-75394
-230446
-891812
-97359
-236413
554173
-31490
175306
-837778
-69807
475318
568671
-377184
442996
651212
-9695
904393
300
102082
395592
-342935
937593
-79039
-10632
-117446
560837
-669952
-103791
392836
127971
-422028
-682559
897526
-313839
220083
-338888
-759666
-811408
836419
-597444
118785
311736
971227
741602
-245269
622439
-268093
-340876
-377262
833990
-945285
279803
771582
-24324
-730830
-345864
-463487
-400781
550345
929349
727191
-871684
-753210
624717
-185522
466874
-714171
54812
655466
-877753
457368
-225749
433983
428595
-484147
-811286
51033
247760
-152162
673772
81750
-97446
-46425
-146668
878231
222746
507468
-585257
821966
57812
-655908
549156
186129
-409117
173872
-999394
-942244
459701
55419
713222
581948
-487213
-512527
15931
941382
3326
204645
-7585
-748915
-947517
-333813
332836
-44962
619762
-813833
-166732
-157492
693635
248012
-335527
-248554
592105
-786372
937576
-817013
387501
938183
-759256
-152799
-6399
953967
-570851
506388
-558561
445081
447769
444765
-350274
-559816
695851
-297791
106372
28686
657248
-273867
214853
-509484
568642
-91512
738528
-766886
659935
330633
-553258
597510
513621
834244
535692
754365
-318555
-470708
708331
110595
-964320
-850230
-444325
483449
594535
205401
923634
290386
907611
30005
-680928
564858
756139
533926
-944627
324780
-557587
793902
557894
-897653
124534
-995364
699858
-361845
838881
235550
-607481
-479675
764842
-899150
630920
800522
-749380
-813406
283971
845156
391996
207605
135541
299606
-762390
454614
-135536
993749
-11461
-80162
318529
430952
-286261
-123578
533300
838274
-118941
233157
-523572
-280061
-531294
-131052
240265
-766452
-30202
-128816
-965930
220419
57779
318042
65574
-550226
-474354
-798885
749381
-236744
655729
-386155
-242995
-355733
533683
-924467
-924781
-752578
-48044
608519
-914304
833016
-158324
-437875
-447045
310383
431073
793220
543931
-599129
-335597
578002
621290
722183
-103957
-313136
-828043
421690
-112021
921338
-815054
-456292
-464817
-58048
187976
-931134
17485
263195
-683712
969442
-128286
-598016
802457
713390
-35890
-644588
23772
-604818
-851369
-432297
-203947
-186965
-854296
-582657
-464783
41748
104207
-292826
-536562
992186
-371488
-351616
-464106
163695
590336
723870
232561
-392179
-12936
548850
-422738
858778
950835
-620281
572168
-85056
-264869
-404060
310127
-116237
163643
-893821
696798
309348
-476478
-767986
-648904
627729
-60811
-185466
619915
567701
462919
-844192
-268604
53254
879678
963958
661076
-133259
512807
-761663
-274481
463642
-381943
-702314
-621415
353189
-106374
688712
-763049
-942731
794892
933750
366618
-681586
-834236
717714
946143
104953
-467752
566058
-327346
995167
721866
404050
48421
601544
368008
-290504
-531715
-119185
-52167
193804
-655544
565891
491491
-276958
-80921
-614883
-588247
156031
-557613
-793355
89780
809005
-474941
255544
526719
-528798
-639503
-941034
-962741
33151
-945868
759126
-562799
102554
360669
805209
812050
828954
-313977
-240118
22758
30479
-674227
-485751
753521
244852
-100634
-834726
-599117
341753
-628081
490663
150758
-103021
-253793
-322524
368181
106704
-263557
405440
-860146
-209424
164565
-422945
893130
-474766
-617736
705179
-645813
68287
-534939
376946
-901234
-209166
891195
852287
-964314
-209439
-982439
-563431
-867687
-610519
927233
283072
286460
-326561
960548
-345360
780143
-303009
-939920
919998
487567
224646
-502947
380696
749880
-120683
85875
-895933
947604
550936
481014
-953631
-658231
372208
898657
-622545
-837232
916219
-185975
-704918
-694301
-258743
578154
592160
414696
538702
-753200
194839
-764307
-693120
114836
723260
531527
611889
103956
281406
-508795
-810170
385474
-561191
740766
-133513
-514821
-917465
-761305
-616164
-540009
-598536
-699946
274016
-303454
-394246
-984727
-725300
-802087
429970
813403
-555287
-375192
-950905
-248406
739644
772356
-716880
351533
-123689
564527
842739
66141
-50000
-718452
-193093
816488
-233273
-110557
-944818
150563
349434
-543354
450618
-376550
153193
-943629
-361277
427894
-745715
-931308
241297
-301001
-306499
290392
450593
-566855
62747
733714
784678
939059
298240
627417
5200
-751761
908965
812107
-935273
-324309
-298451
-880091
826255
-949017
-423444
276873
-325566
729750
333245
313158
157643
587530
381850
-601061
-713471
-924649
689332
737122
-491504
-247922
470835
-706826
-308863
-230925
920591
696337
17315
829555
508443
82042
-494754
-790008
201952
-668499
-739024
778508
608374
-64590
508257
-58382
-751433
-334101
-470852
630418
64839
-184323
705769
-245830
-447201
-785736
506249
-976367
-492562
-802615
-207292
-571972
893722
810024
-742417
402165
-107935
-237171
612157
-905984
94331
873134
872524
-297296
-191457
380781
644323
57111
-953320
-826530
-312472
111519
-10853
-606704
865689
541946
-392439
371938
565580
115000
569323
-641712
543029
463044
-831689
800612
-134792
60376
-436559
-522635
154393
657773
-649501
26917
-639524
159042
-592303
-995202
-783847
-545623
-821731
-96319
565897
167416
296978
431586
-290638
904540
-196477
-725058
19539
-627154
-366770
-437433
835890
-198458
-636821
-298902
861919
-73379
178464
16311
-415607
528963
-956773
-55130
-311995
-549075
-50332
-95842
-94697
127937
807840
-528800
-704647
104817
902786
4716
9356
-293691
279658
-971105
79155
912889
-408537
-84955
-285569
-45357
616143
-423651
881264
-205393
592661
-534343
-676430
635889
410527
11576
-913187
-639805
915735
-7883
488133
723574
463317
783487
-171609
366102
-211798
837748
-927589
-932140
866643
151566
980750
-541895
-933390
-304819
412748
682754
271530
294012
-522639
-135809
759670
-199069
-499921
170196
812508
-413107
530392
728242
579011
18524
451815
42327
-197990
-719795
-591571
590213
-882048
-519160
658074
984596
632407
638824
-557299
699017
-665996
855450
381771
605535
149461
859132
-530274
-90870
-339937
-30194
-920674
-527430
556700
609718
-799189
135710
-371758
652627
-821963
430253
932832
-413533
20466
-949216
67308
-321460
-964621
-300286
-682637
-521920
-601269
-348632
-666471
780502
-743097
482991
639634
-273371
-607879
-700304
696435
-528553
-227734
253134
-918835
-26922
-611156
-290592
-374296
-433119
-860340
-441465
153348
160126
-390680
-779345
838667
-355301
-79630
-843970
122780
319101
-192602
456310
99603
64301
-60700
-260764
790931
331422
38932
487366
802869
811199
-259500
884035
-215724
129344
-406558
409980
696226
-266897
968516
-150427
893230
-422165
70229
731896
222535
990599
887926
-654685
309700
-304676
801625
-590698
759626
-259076
148538
550556
-927654
-812531
37921
875215
998669
778421
759250
-217056
-92235
-647308
-807077
-396010
85795
-838561
453564
-20975
-260726
-476208
-289080
961810
-485609
-401154
-692876
824091
294170
-891252
-766608
53795
-150327
381930
-395649
-77981
569400
642273
-202766
568068
420694
-443516
-648989
-671542
-90824
-456065
-67552
994972
-294625
-613989
-26004
444650
-90196
684917
406459
424195
-716238
713584
248285
577932
822332
481678
-368273
-327995
-136392
236078
594025
-566993
-121650
-608741
-998925
-700957
-52257
-647913
-372499
856919
-103977
559950
851891
601398
945962
-174114
46047
-144235
-489198
-547494
-720040
-205436
-833911
528246
-627504
988422
9923
4223
-339574
873531
-759700
-745549
-693462
118650
-354290
-692387
417694
593453
-340300
-954806
450372
555723
605145
302262
157121
551106
-871852
-796833
-593129
-361050
-344327
-313169
433515
-178237
-784924
806012
-189816
225000
-189766
470611
98531
50535
725062
405069
-830815
-629228
712683
586879
964225
-627617
632074
414597
928106
237218
-283141
85226
-211677
-154993
288394
195195
483958
944068
882026
-82527
-234170
-902898
-276516
576015
322103
533718
46625
-579367
-415747
-228313
825703
-246562
142459
538385
-659684
106684
910768
972390
-478719
838874
209608
238140
-75900
997932
-916854
-787507
193126
567104
-843439
75152
-515423
-77609
172254
208061
-501595
-505643
-258221
545031
-85010
326032
-683283
-259307
-920531
459177
-720923
-580214
-434139
-810155
-607825
87142
-971281
601784
-674719
-47181
599715
-591573
165313
-207160
975532
321874
867992
-539892
-755736
40246
668170
-257330
534603
-590052
-712300
-550407
735980
-395582
190286
815450
-936406
469364
-764765
-370545
659209
-372589
716597
687928
-770806
-958122
-359253
828910
-549695
806060
-378251
-574163
127933
-510259
-114054
372198
529987
-445885
-885133
64590
-35937
-597432
514183
-299957
6986
-295531
-484508
70581
-826168
-249272
700037
833042
378139
416634
520970
607334
458512
-838284
436243
908817
967776
-942009
-665346
95709
-452267
220600
-532093
-922280
774715
-417225
142310
-261223
-14657
-343507
438821
992330
360962
954313
62910
534794
-294960
-237053
367835
-916821
-820420
-111195
690513
638092
50521
126755
546909
18297
184747
881563
-885995
732481
102163
-418087
810201
-123123
164688
-47490
615655
-849970
609003
54475
-857640
-30035
8788
205271
-495242
713828
968218
872594
797008
-852203
-238602
487520
785890
811920
-385725
332799
-169784
799023
214361
-55778
531503
-683476
526135
341703
193401
-309177
-705787
-190944
-159147
903216
863531
-16786
-126820
-127682
-811516
377939
-413854
-843299
250533
-616847
-695501
-988069
870674
-909611
823851
-515052
423188
-345933
-716029
-362451
598290
815474
-45927
124425
157176
-852527
815248
451389
-43470
-343899
354605
-179940
639315
-772215
692379
827799
605725
-721475
984501
-143743
-338321
-711001
-131811
-467647
-620611
-307960
17302
802577
346107
301273
-559875
-55603
116746
394199
-931179
-726078
541673
884069
725312
-501798
-459831
79916
318263
-820517
307702
10641
-992719
-86574
289167
991782
769683
950847
-719219
-362128
-516801
-339830
329912
500501
-537253
-323981
-198227
-97127
620416
918520
-702929
689237
-807559
838744
573305
917753
-663055
-886526
-2331
655208
-707042
-694630
-334151
-699761
218796
955016
-707979
-11521
905862
-427197
626351
-610939
232974
-43737
889562
695721
632282
-308665
-401407
252697
-390146
-104336
-58067
-197704
-265593
-484762
-279951
71353
-371287
717718
-273439
-78329
-976912
392410
221911
241885
347426
513932
-769637
253288
-913265
856715
642349
319709
-187022
531911
15429
-554741
-776755
614022
697956
-166901
-490314
-360111
635396
244094
155128
-644556
-684554
783841
-926839
42008
-294489
-903750
-565583
927422
338135
781844
441354
568498
35131
528089
425213
-322520
-152202
-761810
-790610
863227
-316551
-567365
477249
-618595
265735
986935
21295
-98870
231028
-823578
256574
546475
960263
329736
-411518
-334227
425986
22900
-406805
-235880
-195256
-965451
-667382
839876
562638
757832
-482645
-589565
996023
-273254
-726338
-320528
159382
750911
60877
-574884
737846
-917829
326247
-31126
-741407
-417179
-484651
-781144
912558
103832
-115370
338544
-873269
477825
-897336
-68525
512374
-564718
-228649
75012
-806886
288706
485448
-810864
-984548
759110
-131392
174834
510021
929486
599950
247867
-988344
-73803
-783260
-729750
509019
-267910
-510893
421576
835922
373737
-239881
962654
-148438
-137217
-105872
-636064
298066
665480
438949
491181
-45815
-75604
680317
-30363
-316494
-451075
-855530
-806473
-521590
744421
441394
-509933
-329382
658135
-239682
-820364
-609776
249425
601212
-773855
-376839
-638669
-811202
474724
224115
82927
838660
-477819
-251594
277608
-986639
702592
-797997
693679
-327771
-114490
-757397
-183300
79037
-278987
-438879
-479569
211080
231739
-821435
971398
411376
-431210
220822
12588
-205064
843984
373920
-16265
318707
-401966
-933339
157366
120216
-184932
-565026
133577
-482340
-363022
-172745
189890
522488
69858
-993411
-398475
790872
-432290
121956
1951
799450
300522
-26651
210826
869313
-805829
-776587
-335752
-961846
597333
647983
356862
-804633
714645
-485772
315583
-470287
-50798
-550840
47374
586180
276415
-762737
108668
-653727
-756148
710194
-862856
-188437
-167850
139096
-388987
-867328
-887556
821839
-998016
-693385
-954748
-333767
-655230
642586
-685785
701632
837954
-971140
-784141
153536
-441426
165062
602696
605948
-248758
-120889
843211
859910
225385
-912937
570104
362529
-101373
-597747
-498375
509640
-465075
-385930
331479
-463091
-79314
376732
203142
265456
19317
517358
-32912
-142730
546219
182948
-989194
-895208
-651990
613503
710741
99252
-507386
553952
-40838
717999
641015
-470735
80528
-460359
-68482
582154
-950720
466444
-803777
380760
-996648
116909
-242509
206495
-617635
776809
-276147
349454
-365921
-729928
-467599
-355115
-625136
-119589
-741612
-914395
979664
-248998
639557
-61175
-530999
280571
468091
549530
820213
-600391
131683
869494
866053
327906
250253
869405
-555185
-992256
75900
-172819
784553
799754
-823366
-581369
-930175
-290964
63517
-555310
589448
321906
-469705
569111
-927092
-830149
-492064
-458091
450423
976027
-908562
270636
-624365
223122
140129
-758313
-448972
-609618
-888908
-4157
-601874
186993
823024
-817321
-13254
999659
-398689
56571
-291306
664828
501261
-701859
-13267
-968445
867252
59641
-798593
-624812
601551
651831
-648786
692990
-77534
-273150
-83888
-937405
-31462
467140
-547023
79631
-537017
-148897
-733377
-713993
33782
253369
-714335
635093
-690060
-5641
299921
811201
292501
-713346
842757
159752
346296
-955836
534941
-52153
695996
886155
-359164
-381538
-386996
556948
-318943
581543
24088
134034
-338827
487071
985138
-72204
773078
18920
-818835
-941257
-345987
-508894
53103
953935
-697693
-654397
-759412
-854936
505356
586885
-810772
40296
-465269
885225
-73550
175568
-496314
539455
-267484
184744
120997
756604
-681222
782170
243675
-696085
-290034
16753
322836
-108868
75496
976849
382238
-871402
930784
684545
-525799
-828629
829609
979557
758257
-981163
19852
-707012
904062
946303
468556
-592252
485758
-798928
592492
-393245
957676
911270
-611075
201351
-784815
98891
-781897
538021
990023
293599
514870
372261
422198
445653
56805
896399
617025
-113587
875956
375281
-94749
-104192
668269
-190688
-157889
136825
217060
-672132
337897
-190448
-65377
295573
-279178
323548
-503077
-63993
-577561
-284974
-525972
-587538
-991375
988898
784723
430823
434551
-158472
327222
51575
727942
203178
-573144
-366808
-901015
-904875
442504
-58904
231950
-340436
268965
-430153
469117
-796413
865420
-810062
527136
-637657
125946
949576
77370
599974
-637963
85995
588872
-853240
-483182
23422
-11712
844040
-925004
-283771
47217
-498147
349422
146203
-403022
-208074
-912701
828928
451490
356264
-601225
-79393
559852
-735806
110545
86987
-373462
-763509
36563
703908
836465
398600
-210097
425337
545361
306721
-551242
-466352
150761
-476245
249878
-802022
25609
-400700
344181
622587
391226
431481
451514
-157284
-212256
850290
763323
-652405
-885516
-126132
434583
-258978
110359
-528855
-555070
-53176
869746
234833
-627840
415106
-458447
-179081
948755
692315
344675
198633
890293
-629717
797933
234474
992870
189159
-334046
444384
-968126
453698
294673
795197
801294
409157
-330936
235877
-849821
779424
707023
-404891
-273753
576768
829942
98408
-8126
-628505
919327
-59371
-936190
264002
-860738
954103
634285
937196
188576
627155
126354
854530
71538
158228
308228
-633789
-46575
109521
775369
622490
-654603
925548
401913
-947580
-479343
-871841
629188
-649401
226568
-378938
-277905
145894
561692
-214095
-590104
700954
-259993
-955820
638150
928583
671335
-235497
783113
-257127
922732
91340
109085
-123844
-799139
-115547
-501355
-453741
-189999
900559
-401321
330659
-971283
-772133
681258
255285
-151071
-596648
-598821
-589379
189257
-188925
-888426
929265
-144744
749724
857847
-473409
-485773
640960
269465
-563042
-267700
-621451
313115
-66839
263003
811761
479420
-926996
712319
-921902
403663
741037
-694035
84920
-3678
154895
488272
397502
565516
-322471
-791423
677091
-393207
63833
426815
-535360
590424
941042
-894401
-140111
-622000
-162101
238438
691116
771060
-498560
502876
250480
-425556
215195
328578
978108
-43768
634544
63027
952554
-210561
-448701
350056
-645046
228828
558633
-967955
835621
-377535
458860
-699739
-787111
399901
-594140
72778
777902
243760
-688784
469017
14820
-187343
-28107
-734701
387102
-812913
593878
365209
143319
228422
-571765
95873
-982140
-20466
-554072
-627185
-791638
-995439
-595140
-956017
-372973
863720
-655756
-160084
263621
-249895
912695
41522
993865
-776089
-489461
8685
36568
482432
273984
-576331
669520
-132138
788878
-187161
-903716
-782887
908713
-885856
196648
-645359
-513041
405010
-640798
-108180
448993
-13771
-244461
793238
826146
-980840
-456658
738841
60683
-462793
962752
571222
545892
-681
53654
-180124
422989
-276827
687739
211867
536012
784023
428980
444725
898167
-374372
799366
-614874
-969363
-841433
276946
479631
144797
-967515
272869
-29058
-948355
816211
-290218
112328
-646583
-327467
-316450
899310
671853
737204
-280815
94842
-539624
-593077
-693292
996389
-809055
735689
441113
-910888
-638684
240478
-525762
-608047
399046
751185
871585
-456158
783670
144453
514784
835316
-39336
-775434
-52356
314081
-102900
631194
213391
-431047
368397
932576
663795
828773
-660501
970503
825162
-469555
706191
266275
-380443
-932493
-493247
93796
-540540
905799
-155020
-668955
-550359
-371350
475498
964426
-536035
-563839
-811008
411609
750243
86092
42803
-36367
655046
-588801
-103791
318840
-760028
235709
289343
-934867
766154
-4466
331409
-614290
63041
838162
479507
522502
743961
-675513
853547
-806398
-46863
329045
-841973
417103
765207
-652981
-171288
515450
433112
871515
-520917
88157
-717287
375292
-593003
-477314
-389000
696340
-412181
-622846
-308126
919229
-237136
754915
757390
-757629
277417
501351
-433142
130963
694953
519995
-539992
852980
-62902
-774786
-800001
765810
740664
633112
637325
-780253
-278732
920039
595039
128265
-557276
-793961
-175395
30544
-416807
516480
-50228
346058
271394
-292838
588429
-451189
-791488
-844714
679774
903466
675282
-860218
756446
-387621
-635004
956445
-621811
-894340
589556
-984486
-674593
-689176
935553
920447
439090
-621723
-873514
-736305
408821
-290321
780175
-641407
-944264
51569
65756
644166
600380
274268
799452
280154
177734
474733
419936
-65821
-912888
784933
-109377
-534699
890593
-519821
-519185
-784000
-208997
-583632
-863554
-769907
-205355
-737068
-506212
-796534
-27388
-726038
-437940
28349
325531
627816
-327486
-74089
-97916
-528034
-793936
-920183
946700
626000
13996
-966189
410932
904620
-500887
301525
-615201
-20071
517525
175803
396298
653972
405896
-809057
916905
899684
-605591
-110484
-826354
-43530
917866
499178
-415715
-409621
-574912
486370
62346
-368848
566187
9045
-742848
-419817
42857
668084
-515197
541971
-30392
-130398
-478101
-512867
-954596
918198
-858895
451301
-890860
-941991
350984
-496450
-52474
524631
460020
-134609
23808
-955695
455771
448896
530675
-481884
-919953
96862
527162
-662801
677046
-429981
-994717
-838152
-888011
-25108
31451
-366111
462026
76856
-447914
603131
-471844
-338774
661140
879141
164777
-391334
403771
-375204
474057
-572422
-330898
-70172
876474
-800223
447944
956522
296640
-24894
-706279
-26314
545125
-700995
135534
657114
273897
-833015
-708998
-264078
243841
-156911
-660948
771998
504316
-999808
651138
-330908
-391141
54908
293889
-917085
482487
962991
12743
358960
-837232
-539313
315482
459408
435793
609204
-566907
-19082
908209
568628
-361969
182106
735614
-70966
918029
-20545
772123
-742919
-248548
276438
-742727
-597411
945531
-133868
457497
239419
-50952
-60017
202410
961792
-701057
365178
-577522
614426
-175414
858272
223630
257680
-160811
131838
-173692
477221
-686057
-438078
-593746
-768029
541377
-821623
-510947
-707172
454816
-253674
-304583
400346
612459
-847086
-360235
-438493
92898
842175
-476702
391842
207353
-54223
6267
-968061
-195952
-770104
289620
643238
361735
-884072
120459
675679
-322150
526714
907651
-780774
705091
-603297
-487945
159907
143030
207473
-439747
-244511
360388
200019
316996
-546715
42194
840294
845128
-750454
-213929
-148606
-718514
590120
81291
571107
233357
-556974
687035
-646184
-881296
-635116
880530
-973645
-415889
585621
-576941
96166
-254473
566089
-696361
305781
-678423
664027
-494201
638573
-882688
547993
478867
962440
797540
-735063
-186167
-920974
855057
895125
650133
88414
-661849
337167
442230
-543144
702052
322759
-516789
-713838
-91621
-93730
382329
653907
-527641
685969
-40313
-206063
349995
465487
-567491
467307
13479
911377
429746
-188981
-823686
-756421
-109955
-968629
-861296
-459823
119785
-523145
877345
-437985
-66289
579396
884775
416923
865559
-206846
-676807
247887
-552940
-204448
-66144
406748
589489
-716150
-127766
-978002
751157
885714
933376
180903
-303268
-890311
424483
586778
-858940
563187
-873045
260846
-959959
-995701
822862
-26247
583695
707636
-609325
449254
-499211
-286131
-302860
-52150
509421
630997
-645402
98910
914847
226833
120909
666004
112546
54284
-153094
809279
163974
-728612
396057
305035
834576
523012
-434120
874618
527311
-611258
-151630
111006
-903623
239046
-439741
-402833
952915
257400
545018
462336
-111604
899617
-438755
-196758
126449
682155
-530754
-761005
-263562
316152
-951726
900413
587541
444331
205447
422116
-32658
771328
296733
-505347
-839931
-854897
605659
-743553
384149
-834082
-146385
337064
423318
-601368
-200601
-688287
-701752
360645
114956
424698
42800
584202
663693
779238
-99646
711968
679650
-512105
156298
-114903
910012
-876360
-343576
206745
-381707
-183507
351848
-776048
72941
-264003
-610130
926556
-926939
813188
-674812
-127539
-875099
-376563
-766894
239858
-951866
275906
-175941
711828
55143
724414
423795
-265207
-787692
-419907
619890
-877681
-296267
-723686
329065
322027
92807
-319088
545980
-834252
416910
935851
-907697
489971
749039
-582508
-637568
873940
40929
-404462
113797
89064
871444
937857
-199108
-73414
662270
-775314
661380
874578
-195220
281270
996898
508514
557584
325962
-169460
-349609
-993126
-623480
-183861
423785
-687630
-91557
-86244
-938592
325935
276188
935348
-633137
871726
49145
455928
743169
-12999
-743181
-330245
-350729
-518494
-668866
-476151
286286
612405
-479253
-205201
169989
846709
625340
820380
853584
-998141
-363481
277368
-685771
544962
-808877
-624363
-129104
467311
-689015
237760
339037
360131
-306312
82205
-652868
-49493
751960
-3597
432013
-916906
520253
-281702
695499
-959001
513097
-134513
887708
138436
-314133
741292
140296
322386
18660
454525
-132652
209783
830163
738245
-322906
-858852
-23995
-983870
501279
669693
98335
848411
-379801
-149705
-155186
-947789
-66611
-634934
-229490
-371112
-593935
-716393
494376
-706227
422043
-819758
-964935
-437661
502629
53725
-983137
-630024
-736493
847026
-891779
-59398
988175
84226
-43267
489453
-246082
-944932
337864
374117
-94637
-817323
426329
838753
-452256
-803161
-532360
-46190
-519554
962016
247583
902490
-857742
282649
-535172
644887
-663627
-518308
-985137
-400119
-671282
-876916
540483
-683108
207310
-502785
806345
961229
-447717
144208
335346
457647
326886
-238326
296399
874630
-41486
764040
-171560
438960
726055
-923977
341450
868314
358672
806278
513200
695045
-712031
528064
-705075
-383313
651149
835409
-66421
-141542
-667377
-260076
-180314
-115093
884133
-844968
-657446
211018
-83293
638953
85648
875221
402992
914088
314180
129047
990111
-344371
-2640
348782
-538093
-489440
43827
-250124
-961376
338752
366564
689773
174160
-699857
-451769
506784
40067
367918
-608309
-75801
522950
-265754
-864783
-560344
-626802
220865
-685124
776191
134953
629057
-94762
125063
-715314
902599
-526155
-253407
-586841
517673
496470
-548217
-143576
-136967
-858444
-969416
163176
-310213
537369
-796757
-942296
929061
127442
580654
-336694
262659
-979690
36505
-516476
-664814
-187304
618477
964244
717934
-256460
-751071
620533
217386
-4477
-966309
-264942
-508008
-514525
591483
355026
-372969
622068
-481798
316818
159436
-278555
374523
88496
848887
-44823
751803
111546
-24513
-211693
595070
310674
601004
213547
274917
318938
957088
523846
-60530
174473
-480632
-26838
909532
11361
458637
501014
-633614
-914333
123081
-115412
402486
-717483
606033
-222992
371014
454920
732186
122816
-433534
-292328
911124
-838464
-981655
512127
375083
293263
-168935
332170
-182892
770535
-493357
336477
-256303
-583826
-652162
-797667
917189
-285776
-711999
40270
598813
690488
322787
204846
-532504
-306200
-340235
-800319
816617
226232
-92647
727741
387768
-74301
239868
-237150
-781039
-929068
-904980
36070
841468
-398336
-627453
-414836
17839
-279615
-212503
-64973
434610
75499
975297
33422
-234014
298084
-761733
233482
991885
-101967
433163
808501
-875736
-659484
536242
512032
266215
-223891
-725118
485176
-152959
-630097
-478754
-311492
-28433
-106207
273673
989406
614178
-938830
-75567
48787
136669
-100271
-917791
902656
-802187
-679524
136138
-810303
218510
-430699
998198
342774
-90183
534439
-145194
-823968
-689452
129689
661209
157589
499592
-817546
846098
-528842
76247
119771
-539436
-309575
180941
384997
739212
-682390
-715274
821422
-779735
-517461
-858103
356404
-327764
360408
925706
-329566
-296818
-164477
-795127
557988
11555
-484579
-312323
-327236
673011
-812732
-144782
519109
-341573
931466
-361121
118991
-378110
819821
-496012
-638898
-862570
-211286
-817477
-642304
271254
-675579
714100
943490
684829
639805
-386076
-611989
-524672
-181203
946000
486883
334219
-366324
-840354
7229
-179055
14865
-473662
479372
-53669
165217
-401637
568221
-14963
102352
929324
122468
891066
-888153
480164
162319
-563732
194264
105809
-878903
-165931
719733
-490892
309397
-461470
-544893
-203720
872749
88784
-44073
-120022
909729
970792
406316
389101
-82878
-428467
987464
-514657
556571
89815
-585334
-320962
-19119
-473487
-840799
-856800
-37218
353466
249010
83880
-812466
-31257
592988
496931
507273
-951905
-706790
380021
136880
249137
-740001
46608
219929
666315
-564292
-862949
-762153
-576828
-377606
794418
512987
37061
-526544
-506132
563575
-367343
-362932
-473643
986123
886079
610237
-826343
-145179
203224
670588
-637907
251320
963799
742115
-611801
212936
-997887
434808
-567135
668429
870516
-430084
906276
-706313
192311
700694
806675
-770629
-825851
-699457
792947
-193193
-62388
-680697
-207070
-176310
929541
-33413
678511
132765
-362825
-959397
-615916
-399026
782719
-227716
813910
784832
-792909
-753226
453260
-922393
-183309
359536
-628705
-990999
60230
-822030
-761627
234380
-521487
-968681
-958814
416125
-649377
-165884
-760186
-719837
800704
918325
412928
-562122
958929
797013
38852
741647
-430703
-147238
526479
-223612
99537
-20261
-146004
916228
-660726
225291
925229
399504
403261
-836399
-366117
881775
-805079
-324930
297899
-454456
509187
537714
-174292
309890
456039
-761364
747769
414967
-964351
-213380
156614
-395054
639383
-316908
381335
-261081
662831
-764670
-344854
-997895
460622
-419626
401610
-136117
-256024
-964508
-254343
-61103
-289437
-956444
484442
-780251
581270
-689850
529639
37308
-451214
277408
-547725
-415564
-935973
608889
189382
703411
-708019
-429284
-557671
954812
-193953
97476
956917
-733332
677851
358527
130552
-578174
394019
876209
360724
-895418
919766
-154835
-675669
501035
155315
853971
-461657
704102
131378
-9382
-711463
195406
-400494
477920
-101184
-108512
-951364
341146
-153701
-145317
-561378
-196784
121352
-883528
-838258
-748097
-461701
555762
-871888
899023
660344
-952122
-255812
984676
548913
899504
838646
-912744
603606
-29976
77874
892143
-834571
677381
370063
64246
-431132
418699
-594609
415168
-726618
-155987
-781616
394734
-39514
-619873
646638
498785
935890
774751
397808
596233
822629
-858005
580909
371542
-958501
419555
458798
645105
-610422
-463328
537248
-444993
-785947
-92690
619253
-217078
-673991
-975356
-801911
-400609
-131343
-583526
994125
829144
-203399
640763
327928
-267510
415514
-274264
-671277
238142
-132268
909632
-390316
-90769
329186
-931518
-445665
718764
-394846
-908417
-726229
-180792
-1106
893025
602130
324903
917669
800220
924294
-213674
-783307
918419
-384531
13294
559182
943398
745785
-25305
-330867
-925492
-787164
536865
984140
-177479
-553905
313326
-108997
431
32090
496157
92015
305862
-684636
-909092
198886
917494
415811
116554
717713
340105
902881
934407
258524
-481651
-52299
-182295
-538253
-306515
792400
130880
-232007
-994764
-332255
-247867
-172243
113840
-934541
718760
-885729
97550
214917
206287
-596589
530281
297195
602297
447775
-286994
-281149
165488
-946889
-378269
99895
311635
140081
-952405
-870661
601828
-258919
921740
-267293
509074
926976
400452
-738793
-245267
-485708
-673334
-526508
-371436
424217
688410
834851
827628
218691
132045
429925
-333535
845052
-851225
831954
898163
-229493
-68152
209797
910588
-20557
339137
512415
720525
260877
-754878
229598
187853
645574
490806
942586
-840134
817473
-583922
-211570
241689
-895513
-376719
69317
323178
755326
-500759
989644
600378
-351984
821598
498540
418524
-246555
-291663
329111
732889
-952526
-158475
453413
308351
86648
-316989
-503797
-267779
-826183
-561211
-107912
991290
-145133
680519
232979
-40645
-696201
-697705
-717467
-940875
-198464
-727824
659503
449553
-906227
158043
-131924
-152781
866381
-802813
-419892
913855
38713
-966479
222206
-874640
-283467
718410
-142418
-109650
-842802
749670
-118360
12066
430188
-885382
971421
733987
-583087
-746046
793112
218450
-473870
452615
-331997
-380096
-389343
536080
467124
-522963
733267
-952768
-609108
-228021
-919247
613098
-102661
-202714
331508
754921
687637
488706
504591
-430724
-499229
-65222
-316106
-527808
-331235
100808
-273853
-538124
-680742
252277
914491
-12739
872182
-474852
-476660
339306
2186
-743394
386538
393078
28586
467292
6176
925925
-735422
-662317
680846
952215
826390
185437
-478510
-672839
-879786
205385
-200646
-211021
-693807
525501
250856
-374549
-222222
165347
612713
-350041
690496
-863948
989266
-307319
-607341
375803
-914241
421245
-156906
91935
347170
107673
429619
28016
59887
256008
-786548
581378
583170
-666333
-213237
-617477
122647
92956
908024
-626497
718408
-314199
538850
331120
335761
229346
467173
325026
922027
859832
-299171
-992214
281077
543924
99721
-371753
-348404
-470660
656263
711483
785349
869716
292861
368518
-796618
-920377
751042
326029
172579
659065
699532
-109013
-655134
238382
-777893
680627
-532273
689280
5653
-610246
549112
706483
-602460
-169811
250406
497262
458436
902003
-973398
114698
613486
811951
-15587
-93654
180469
187796
-14031
-68490
-486175
-841452
-409426
-786644
49536
-64559
451739
271643
-383933
919467
-39077
621721
-690779
-489965
328203
-293239
340224
-421391
-795977
-201341
-519389
-769375
913358
-905904
-957424
-102229
443
223045
-914434
986412
-845446
-400609
-855040
-254871
-187252
194496
680570
-735514
-533861
-703363
-816047
427062
918359
-506826
937098
246561
199935
277321
825170
403959
-924021
-694219
634584
989337
-600123
677161
-112893
400320
-99795
-27326
386732
54760
572065
531693
799890
-615188
-273811
480460
-350701
192328
777098
-166748
-380610
695456
326426
-443513
-57983
-473639
833809
-232814
930320
909788
72967
564904
899125
472845
242065
-213768
-126835
-857731
758906
-740104
197030
330971
791590
-3080
715783
-482222
-522621
-634918
710107
-745523
198334
-670503
949933
-475240
-114016
-108051
51121
-280208
659136
-18559
-370420
-267897
-453655
-471295
-795053
788411
314937
78112
930681
73843
338009
127710
-595187
129599
-875371
-879404
647377
-397991
-514322
357483
-143514
684013
686980
-193581
-791228
-427036
698368
259894
292757
357504
-758665
922337
-910394
-212319
-548959
-705446
-423909
765979
372667
-493229
-160179
-289324
634482
244635
840275
759112
365231
487651
-638880
850910
-154866
217607
534922
-467886
-975975
743695
105078
722394
3589
-602165
79897
244925
-679828
169504
-967394
-228786
464058
-391302
-462808
-163276
115469
377014
547400
-250049
-378352
387675
-490938
986880
-124675
-129817
837790
720460
-912211
372712
-747427
-888185
116406
357652
834209
-880005
755487
-85894
364920
-924342
-916390
397526
-153127
547668
-993777
384065
-615608
121693
-238921
931793
871645
382728
319467
-619294
369608
-805208
250890
207397
915252
338680
-419892
-832176
450495
696514
525477
284704
816510
280963
-801191
181429
356622
-717581
-421045
-796506
830088
-414821
587560
-785520
706873
-651362
-853727
578517
731367
465740
959224
100974
660533
210114
-691630
575784
-451207
-111522
743609
999289
-415008
269085
283992
-598499
-449952
482802
582931
906671
765222
-838114
-889836
595310
-252934
697725
809790
-546062
-953637
956063
-967545
777730
421803
991680
-121297
82335
201793
187073
-341881
750587
-924449
-598272
749875
-339457
670814
33866
62045
-779139
-483332
-355024
-872469
-718111
-193138
-762304
877199
553929
935421
686989
-992133
981784
643052
-959677
759513
64854
-967998
-361784
-852811
233796
825290
-194691
-15618
900841
207037
-265744
-438616
-122150
768123
623430
98712
-715210
-731595
226243
-433320
75268
463939
-556121
-370804
399360
-869133
-362936
381144
773919
-322613
140656
-161227
-290611
778873
-14037
943185
604162
791272
-72433
505003
-1692
661823
-933614
876159
429946
689816
-25130
714736
958222
-798887
-718584
33489
665053
-274705
662686
64412
-143838
-700251
-554445
-369919
-22863
586212
468854
686526
365084
-545184
629711
-30755
-753912
-442722
-525752
244396
-780899
-459366
120555
649047
-769550
-904576
363783
-811329
-703462
645199
222161
961591
-629507
-115154
26002
226655
184596
471558
856737
-838268
57769
325590
848259
-577147
780407
477970
392099
-973506
-964753
866347
270891
-745652
-593020
-608555
903395
-362569
-513130
267178
-173898
-216592
-87624
-951737
-255001
282869
-66890
771001
-490476
-882295
242559
-633740
-720562
-699673
691851
-872303
-276820
472257
605667
-884721
498752
640914
981626
-230358
895263
-611394
161088
798658
26037
647959
65835
852140
-568634
978211
900403
176365
261080
-166488
-52634
770605
-48782
-810076
-863136
230656
-509748
828715
358353
213433
300972
-35980
328712
-200277
-395066
310337
569365
-499804
698944
-269547
-701146
-275020
-621589
364689
-422881
-190222
342900
-522479
986144
-396021
311034
-66491
-625416
-737749
123434
-488552
492907
613687
-659837
-148740
-172881
641136
815281
-844169
-559142
-579786
466169
-989777
-79589
165112
-259324
219265
890092
119088
-416046
-532789
928866
926854
-55267
915009
-469167
-744234
-151482
-94583
-481983
971952
416866
-989076
585638
757029
-137816
-587243
398164
-322535
-431412
839023
97679
-965244
849247
-981910
199869
-410078
237355
89960
709010
821309
557172
637876
748162
-498096
552884
-721005
-242330
-598599
184412
275687
-626647
-398723
286611
958992
-641694
-851205
-628251
756471
-173740
-59663
595494
923940
-24906
444740
942030
-825038
-965338
179384
264923
743672
693
-177906
381548
-251145
323998
-65569
27850
-918333
335833
-787738
357355
709187
-186460
-356035
668178
171847
-207239
-960073
-71683
619021
-19736
-476189
542960
955359
968551
484990
-869679
-996788
-335627
395244
746885
665067
-782662
128432
-586079
541337
-937137
441772
623005
398696
654034
-19641
107883
-532426
624325
-223939
639421
-582915
-184012
-432262
-963894
796253
91549
579067
751611
60099
64056
881932
63312
728430
277176
-189804
393496
494515
938629
807418
35851
-998509
249189
-341144
400188
-96778
639215
-491930
370797
263540
284131
10217
680626
-899882
577955
716732
896371
-330497
295798
647982
729603
-640146
529914
-207086
-911716
-192910
603111
481781
-698396
541740
289198
337456
543231
-461614
996312
-56581
441609
635527
451490
-187595
-100934
-264380
822623
-420309
-164261
400577
-703578
-267890
-929920
592221
-619908
799684
952076
910006
-407402
-959641
-282905
-804291
522140
18700
737449
-188662
-643845
280679
349724
-647534
-775902
-208667
987993
675588
603739
-112941
-588792
426361
466750
246947
-173062
763173
979058
-102981
355394
-640851
-303298
307470
-730846
289300
347829
-13750
485009
-130031
-995051
222458
681307
-638895
-496863
31031
-286428
-272765
822364
-298435
-597178
426103
588624
-185969
-147537
55374
-939023
679402
-181453
-959965
-423580
-826059
-600816
273122
481411
-331661
-437578
-170760
654590
-952569
699209
659540
269889
380516
-979356
773026
-588454
-265784
-499739
-766090
435781
-96917
660013
24405
717114
-487524
-920222
778092
-808123
-101675
818128
-231703
72267
-782688
-958581
-446323
-114348
-396159
382917
-459759
-348727
82126
-800220
921163
-537359
-779575
694188
-125812
-45358
-805552
108098
-609577
97532
-231889
414828
-185354
280587
494606
-407262
472465
-607069
-589135
-759239
465198
-371822
-717819
-981125
513830
-113977
401793
-945930
537296
-516081
-746149
458458
-53440
-525723
152646
820749
428919
347095
-71153
819342
-555373
696958
234169
259273
-22455
-271225
852012
-549991
121707
-737124
-309229
-413095
-108946
-27048
-394219
-595116
858976
-992427
-541046
396272
-508508
-287194
-145270
438053
187084
-992625
258802
-383998
354471
-812352
-564656
799098
884606
669514
58371
-137850
-601711
-89618
312160
519997
173259
-997069
-893099
-935687
-24116
-287318
-530803
-165141
-279744
-71848
-768870
211748
640958
85860
-350199
-171959
93236
908603
444044
-552294
-903750
879389
-753197
980857
548903
305174
-156993
947192
-784444
-844833
467188
388815
-841902
574090
453128
133982
-713229
922325
968841
7028
-149524
-800029
-781224
-508566
285831
-131423
319476
-620934
-222820
-236481
-173227
-126569
-357092
73576
-145713
-808190
-621250
697295
-860999
-405694
852462
606190
983121
-989441
180279
436249
144542
467051
358573
113383
-525922
-790951
313354
-307146
-299517
-400816
561431
-980042
-21749
-661389
-216522
805024
212042
426387
-121400
-933671
618197
257350
763625
757199
851657
616086
363388
834778
626646
-456334
271026
-228812
-989283
-370401
884571
-515205
-161352
197924
177649
539132
797109
-260920
559091
-224641
77691
-657431
-419618
-710267
768956
458983
-643937
387152
-283667
-880313
144351
-432011
735774
-492262
-597233
362420
51405
673793
-866393
62122
-696608
-981823
546917
142041
216101
-275434
-318828
13209
463646
-759738
788569
-458663
-417168
-631049
-168929
-648213
827934
187134
738940
-455734
306821
-116710
112256
42594
391029
515023
-594986
-557566
188815
-461379
504556
492208
-443201
51473
-365752
772900
776040
315420
-213891
239685
555683
-425322
781023
-861486
-56371
-387907
-509698
-228438
799228
-770758
315829
106048
112532
-571916
-851358
-496439
943107
-446344
-54005
131922
92278
-549449
-375871
649077
502025
258377
421977
278064
-426203
-791914
-482251
-870520
-217236
-701229
-732005
726394
-89135
-241702
-502045
-289908
-12460
813785
816141
-899928
-758132
964784
-396367
-815025
-481561
549629
316897
610718
-999821
941027
259794
502205
199404
-318229
-219732
773201
-110143
298017
902682
672621
596789
-829324
399014
-492346
-71026
896970
217746
916515
710755
33887
-983414
952623
-1330
-379780
-862402
517110
-830152
454495
127827
-829972
395522
-612379
672233
-405075
69392
-547499
-631874
959249
750519
-729193
631870
347308
-558516
30884
854962
370459
-72146
72708
286973
-361392
-893406
303560
-408769
105265
923780
-271171
-377626
-906372
-816676
750202
-736344
578846
-862178
935890
-826230
207214
-611610
-458103
166463
-861091
-187296
-201668
486217
254189
829217
341178
-375353
-242930
-586114
911621
395678
-479520
215180
986910
625745
138960
-284262
-751881
232588
-100937
998321
496245
-522092
-863858
432134
-348321
343357
820525
193577
-490181
959434
-993720
308152
445650
260470
137368
-213172
885118
894438
200714
796738
290116
721194
11918
277026
346939
-849123
992765
595058
383466
-108173
593378
-120290
369736
729521
-688157
-978585
72877
-867632
214992
582697
-908199
221273
-109152
537451
-518258
-971785
-675722
-633141
922654
524992
-836403
212770
246186
175515
-510205
-406875
326393
-517441
-811817
-290141
374387
781562
589569
-255878
511082
901413
-234462
-416041
-966219
980530
-833345
-874418
201802
57503
663034
683545
85719
987313
-949597
8372
512304
-785999
-778858
-241510
389517
-289063
351616
-284090
193497
539799
425769
-432117
321360
15338
312006
-167559
-83249
-922457
416400
-49468
-941928
583056
76114
259875
-359442
-260853
-56581
726277
-273541
-6177
-265351
-761237
207824
-44209
-2746
-402660
666729
-651131
313251
-139775
888668
-260981
428108
210028
754358
-259887
-957531
-328892
-182344
458869
621640
-124271
41925
-302246
-864396
682483
436902
79023
408760
-836639
-927154
-856592
-597875
280671
99200
399379
878012
-234072
748249
191262
626153
636917
930281
54261
-153056
684638
794375
-110587
-644254
-387969
-651718
977387
487761
390207
-324860
623365
72690
-887959
-297613
-518551
-724597
-224766
-375142
-322472
-944096
724059
-923093
933916
-510014
825156
125177
-883861
462073
55458
170401
-690984
-259904
-35224
198430
95842
576807
546712
73228
64567
-63081
748369
-312069
-990392
860411
390319
-508942
-864187
-834448
115916
-186659
-778544
-160025
-109752
-844628
329961
-284596
280550
446101
-822524
-663993
-383498
-513507
76103
581278
684923
-828055
158084
231634
245174
-777349
-831447
-6457
-89418
-821839
-146047
-699099
-330781
-10234
-533546
785136
803108
-312089
-374890
-306644
-156717
955072
408761
-876168
401173
586237
-540161
-982325
-927271
535943
598953
757653
707889
-242963
-10713
-46937
-20312
157840
946606
890271
336002
-199441
-808828
-994779
790325
-342374
790357
593433
345537
-584533
-713212
-811181
-629461
695549
-687348
771713
281786
-227508
789388
354516
-691565
388341
112168
-983676
-854623
-898546
-30613
125066
259294
-84007
15337
-404705
716552
206509
-399483
506877
864135
-609126
100309
209671
-193658
387098
398491
176881
82647
711143
-51406
-635568
-516365
-262018
718948
-207930
-873678
-168884
-191606
-728300
-67430
777782
396767
-808136
-306226
-587897
-212840
-589675
618612
387677
917202
482747
778551
17511
-307583
-415108
-595392
-909092
761774
487255
802052
-289633
851687
-714314
448350
570635
77757
574673
-598250
886151
846374
334321
663932
243140
526185
-642294
655243
-686656
-231968
273855
701022
-314767
-243399
479572
702744
449019
-935536
-892648
539927
826238
594607
341979
-463395
446294
627666
984955
16928
-294578
559628
418679
-408427
406001
-247001
-744496
-350860
-720816
-386789
-695618
-407471
381243
578238
-706450
-933524
-665162
773122
769221
783857
837586
876573
323784
663824
471179
-334238
-799572
-82527
-706573
-814617
934402
-1150
745011
353080
590423
151011
-893921
845928
800151
-614737
-540862
-895467
-22208
840381
682771
271342
906858
-982392
44464
676078
801466
-117950
552650
125250
-454127
23829
791013
-253698
941302
-915560
-68315
875703
83290
-323305
228782
-326288
827706
334862
-480361
627857
720125
-21222
732391
-302084
-180841
415161
969259
-273984
432770
13722
-597907
234235
895773
954743
-640515
-558355
-21428
-849503
187947
-80127
-765063
-880368
-204425
318227
-203673
-975643
991939
-375967
359219
-488422
-748110
79344
490357
984281
777260
-690485
399441
746519
35531
-167789
-239760
437624
-933554
-343988
392367
-574069
97658
-629062
-423572
-714395
290812
-188635
-594763
-913613
-870408
201564
-889256
-878470
825598
469964
-366891
-922513
-450692
-876535
-938232
-673433
-567019
461210
-926915
468512
-706580
-166674
-93864
-640134
489339
-701497
-214202
-413004
-330559
362226
-127398
960254
-826409
277839
-953360
-696817
-520597
-842616
-575286
-695000
627349
57824
-617512
-823344
181289
-555744
-496776
614270
905466
-423690
82782
-801114
409637
988918
-441247
-101025
-712579
344551
485972
-43137
-293224
-641427
-82884
-119632
636412
-36244
183551
-884185
121141
608265
-579185
-251511
-333912
-196696
-74854
847378
247561
428371
461648
153027
-995320
-455571
351914
414317
-466653
910667
-686708
-179231
255217
799264
777632
961994
-842163
-305253
-157639
794250
658503
-974089
910065
-220357
634177
-669120
528133
-699735
134184
-546722
-852357
-618255
881649
609291
534773
886330
-846280
-113314
300647
-312932
-202648
613939
507837
-947432
413203
285468
-985438
571040
980215
-143077
365289
638717
-117165
275353
-581640
-482988
606234
946493
-182723
-259583
-600229
-35080
122163
-718580
-425789
-343065
-832250
-272069
543621
468397
414999
-659027
82336
-77164
-606458
-504462
-791697
-591896
-933422
-811482
265027
431868
827236
-852138
-292779
-754405
-335126
-686546
-807912
482151
53872
-408141
-552929
-823966
-126720
21282
-167030
41030
749214
-623409
-490574
164213
-282436
591762
-912952
111106
-912700
-704648
519211
-846122
-516130
-215763
585747
-688895
-67901
-707033
-443299
596974
-393579
-251211
79124
660293
340649
526196
836327
-786072
-452522
-330703
254959
-703309
45888
764385
460905
763453
356147
547953
-125442
443448
843306
-606231
597327
-672825
178007
183073
-361719
-889894
476040
194982
707080
-917539
943772
-213796
742754
284420
-687601
579081
498349
-140123
-751623
-246693
156569
294265
-482308
-382526
57717
873840
-834574
932276
317287
-991268
-673956
-85386
-664093
504051
-902313
-25811
614157
573727
-830829
321237
656188
-887058
-892560
398942
397363
-580161
-21978
-104289
279717
226399
649019
-563714
-479336
-833290
53760
578382
-959450
219187
510658
357838
227919
836703
-727549
563827
340753
-629862
-461985
-45090
943866
-292814
-723854
600054
-179871
-616413
-1005
-782509
-196574
977017
113202
-916857
203416
-237779
-480570
724080
-71068
573190
302462
-30518
-207623
-186881
-672681
-979704
-350179
-400229
584123
990575
-30091
-877862
-54515
-86225
-170675
221632
-486172
649454
605219
512823
866945
-591355
489840
-19853
-508212
-306745
742368
11219
-582665
-328701
-415591
719798
640782
376786
-467084
968101
397082
182738
-432129
-18795
173312
537781
103343
-881204
-548445
932668
340428
-34616
582121
-54354
-521793
449066
354292
968047
-570788
846080
-338698
-828420
-142701
78638
-157120
441708
-201565
-516339
-181507
331352
-548238
-784425
-485911
19634
196780
687402
-442586
-699877
806198
8970
-767209
146626
974355
814913
-907728
-547439
263978
446564
-579392
693191
292644
81910
864772
-850058
-839452
-292348
591651
-41016
191313
-589857
-709664
643076
-374281
-195575
-337291
822500
-508173
220124
-877377
-701975
-770907
-644586
444651
-796553
-829674
536924
-343992
434305
-16513
76616
127495
-723869
-841474
-7733
-573926
-680925
699919
-982276
278059
-108769
-572132
568395
-465693
53587
-627180
197016
-123913
-135353
-582861
-1290
162672
-353767
354124
-392677
-150320
524450
-855754
505689
-41246
127734
-417695
-913751
403866
-259168
78516
829940
59907
-221566
847664
-662034
669666
-724469
906362
-796028
329119
-720818
400989
-794795
143829
818128
203916
-693499
-535640
-441961
-86176
314041
-917511
58071
-180270
41244
-814195
402035
127494
589671
-857133
-793991
419610
202775
-15556
267274
540741
-345890
542806
447103
-141917
-128076
726285
-740929
77130
-129886
-922802
-718955
176615
-458441
-160916
-909561
855600
-78426
148510
-324670
962818
334315
-922635
90311
-76015
-779768
296321
-656405
423007
-719235
610869
-36252
-65125
153675
-589149
792959
-974402
-862865
-947971
102729
7250
-870772
383774
-816136
-329213
-777142
-725697
-473613
144432
422814
201717
107250
-242871
279082
-802439
681115
499315
493883
-975291
-77678
774648
635579
886071
-290477
-210747
-703079
-497519
-185148
-565943
-445490
917581
441307
-316261
301355
625172
354526
524213
899476
880914
-331355
322289
82631
775896
-920583
-638287
973457
760532
861028
467340
785242
-216650
241987
420821
-330580
951511
-789926
-33658
-546008
24926
400400
8502
-57493
-158293
692241
-756139
-533121
46767
768075
-633646
-72320
-563280
688644
-989689
-787385
768062
-627976
-813928
528593
-766949
653412
313835
16402
-104601
-265345
685823
-153090
-55271
-347836
300902
969656
-947436
-690596
-87838
-105728
-998355
156024
361151
48412
-75902
727506
976093
360818
416149
986405
573434
184210
-641572
759506
-287197
-408520
412918
-973363
607882
-691683
-238707
293704
155227
706022
945869
-543872
675678
998434
-234468
-412161
-107295
-232822
743864
-746144
815590
-332038
981362
791683
-971220
397510
778087
602214
-418280
-863485
361720
294523
-272005
-225362
321161
-664124
82955
-917547
629581
-761819
788476
575449
-305690
464153
573883
459843
-948008
-533413
-772980
795856
-279557
-957390
-536183
-298195
834294
-507403
-900685
612381
-905189
-318965
748896
456532
975558
-523110
-768831
296718
-187233
314124
379171
-557653
552306
167646
-982204
-753385
-368201
591679
706459
-316209
-941734
933479
-520353
-221290
976089
-56535
480515
810383
436063
579831
422763
530874
-739135
171658
-12594
-763578
648548
218575
533141
-538685
-467301
-87688
-96337
-914996
-920042
-78540
-668380
-288243
-486861
-961922
395549
-428595
971558
875196
350116
947647
-181340
-169369
758029
-745277
-589539
180791
785598
-328674
-647552
-226997
-92251
-999004
991578
-559111
-537689
-475724
353202
365975
-390719
433160
-712566
-59098
-855084
-199427
-21019
540465
371979
-49462
415661
-277906
-101815
-765679
552726
-343787
-510956
963187
837004
-725359
-365487
-810548
47645
542263
-809552
39222
983153
-347240
563499
336354
-981265
-827220
-230487
-693831
113682
-85570
106742
-907338
-545105
-521280
43201
870556
200815
941386
-895123
-246459
-402401
-406078
-283273
-565398
-131436
351241
-375945
916209
-106497
-185496
-44570
-123345
467265
-481071
-786992
486000
-308291
-17478
792169
805391
896952
-101089
898054
-648154
377631
-58746
-777598
-421554
-117360
-672721
331987
480239
-78799
-951286
914842
789765
399956
-461104
705974
-706542
353400
-338597
170114
-179336
180332
383123
-693336
872042
-634355
-901168
677432
-737404
-2257
575486
-385558
-624626
-483260
-163155
-46179
399380
164124
-714193
-120381
-914675
-665478
-205539
875091
734478
333357
581064
-972064
-313243
-757533
198051
507422
422800
-418827
814086
294841
-53182
912919
-27727
209415
-89339
-452242
823858
286036
64499
-339298
-760144
-536121
824827
-474336
343498
910152
-139814
-862042
785243
-405336
471316
366307
-377400
-841927
608774
820651
665496
31573
-598176
479582
-673586
348643
392500
298687
-441943
-696839
846446
-618085
589197
-89056
42617
829053
374824
-132556
-645284
-281679
-222405
214903
-143720
-437162
809567
-672404
929145
-567833
-514330
537919
-747182
-848835
-430508
-345357
630748
-104094
-996715
23247
-805407
-438657
326409
-958961
-56742
-84395
-48016
985876
-255342
-673193
-146681
99375
45129
630915
-685723
901410
-806247
-876156
-770994
-877103
-443988
-285324
660816
-191170
-134158
-769693
463473
-503411
126214
466759
519837
320807
-971898
-153755
361847
-28640
761851
-686170
-42764
-493492
-359363
810556
605883
685766
441470
920161
587176
635223
-955995
816182
758121
-399983
-469143
418937
408848
396700
649245
-127680
893289
-224541
-660921
413126
-903734
-632819
-740630
458113
338542
-978780
771943
-704223
-472271
-587420
-893667
-866388
-901654
547804
-946228
685522
183027
-902223
501703
-58853
-302205
-967441
-639916
-893358
429259
-990671
-21037
322548
-215212
318042
-264327
-118946
685224
-4956
-660834
23765
16265
-888891
319543
543994
-476311
425876
677606
-377965
-26320
731379
-692444
-843294
829157
809259
97854
-473049
841819
457938
-366406
271078
467267
612558
-406375
-747945
-69401
329299
133109
-384177
-675658
472276
639588
340608
583385
-40869
-115399
-892926
-614993
-437793
-270891
358687
-706415
36666
515393
-877258
-154075
-386754
-350306
-312256
-928816
283288
958822
538451
-104155
-447553
790507
826445
881746
-76385
-557732
-793912
-604109
-918145
546697
979276
40987
-568702
-913650
425994
-6495
-184540
-215320
287091
852126
-699928
409833
-301949
-86681
-940474
385795
-15497
342815
344616
-477046
-761340
897064
-686540
-934895
778810
237075
-492627
984899
632966
-410772
531595
612242
630216
962893
698592
56209
-43603
-485949
840889
-756512
-633823
-859039
653321
64228
54280
712848
-549977
-961218
55663
794640
-438264
294323
691703
-124804
359428
470512
-887729
866801
455410
745238
-543971
-12995
357480
-913756
-50103
56071
142454
906294
570123
-16658
-850218
936301
124304
803104
528
-821417
515951
450552
-782634
-428386
245191
-220897
865937
-63106
654300
225365
-592595
766572
92166
862816
511809
548196
-150180
-130712
634441
799717
925360
-223106
706011
495482
760237
855794
431782
-115460
658897
-567690
63124
174847
882863
280491
746461
128053
-940406
612398
-935054
713894
-162238
-527648
480466
929929
-664832
-7726
478124
184988
861563
112564
-15295
786922
889458
-309284
282404
649695
-453491
-285814
-465765
-794595
146497
597359
380253
29359
-122150
126714
-842588
-62556
-260888
-777642
-348662
576874
-305289
-868197
506803
29879
124078
-15074
-785133
-14360
-902511
199572
-227438
986948
890288
-945035
636643
-563203
-230848
-829123
-357798
915650
768237
-977545
-54992
-353914
149169
102421
583531
888281
324779
-765132
465155
-980510
-633329
-28043
49369
490749
956884
264236
-523611
-945627
-536192
248951
-958680
-645904
303917
677963
-209107
-926932
848841
433096
988719
617077
455551
-66274
-736838
-395280
-963854
846693
-506999
360926
-918440
958156
380416
-551768
-69887
-570215
938982
-113004
694022
-584630
-58631
-842171
664321
-17310
-488075
-31762
-339347
302819
41306
-490507
-264086
30024
-873431
-808535
963751
-610268
-203815
999898
-763576
289186
360824
-682015
247342
-258760
-233782
-822546
171025
-294801
64451
-134954
120570
-994180
22876
-215110
-11490
534801
753128
