-623478
416624
-438476
-986152
-38653
-487519
-468811
420323
-329240
116219
573208
7193
193268
-466000
320362
981361
851175
769817
543367
845286
484876
-722524
749249
179612
-462218
922728
661808
567465
733898
221690
435800
-889580
-361686
997324
-875732
599661
-490195
-344542
19983
180565
771677
-406809
-812242
-35056
127191
508121
-53695
-21635
277937
-510329
-176350
-237187
-232852
-427101
942426
304930
-504374
604233
-127606
-770476
-174077
-691807
-660056
464237
-694483
-535787
63897
-184678
119671
-916120
995888
-108652
-322929
-816354
856292
804262
691767
-197403
-217373
-30296
292268
606278
732518
-940585
-820824
674943
364345
-325197
279176
-763262
-95673
-894902
-455068
244271
569335
-149550
708485
-366768
665773
-171844
-282887
661660
719504
394184
845306
575796
198446
537073
-621608
981074
-493224
670660
587351
-760706
730076
766527
914237
94421
-558671
193413
331159
345657
298512
876092
-410072
-132153
-273459
-701588
501080
-607687
126568
-781808
-946027
-153929
612377
899279
-578133
-189177
436352
-199741
-208104
943129
-529081
-620753
-817578
-799006
-854227
-903341
295415
-412897
290072
-373426
932761
-411416
-497334
-477312
456431
229208
-178899
-42489
621522
947669
175703
675495
-206260
-211920
574774
215607
598904
11125
-984134
-609201
-45747
-513215
-229954
136675
-312220
-84180
233335
983196
502924
-476594
-390230
435684
111991
112436
958372
-431578
-658356
-220528
525933
963166
-272859
-298364
638660
520882
489716
213433
-263511
88619
-775442
-247645
479419
178812
239141
-750535
-684513
926922
165285
548822
910118
-331791
-927772
-480113
-896108
184219
632324
-937736
752641
973968
-158263
278573
937133
568878
980210
575793
89759
469926
-210774
826248
-441456
13784
-421397
-962037
-807405
817744
-712572
-491918
744666
452714
-943097
654783
-879078
-870868
-825331
-775185
313351
806994
-712921
65991
780962
128816
-655436
718094
-302306
-675226
293887
787454
794700
-916888
613702
-646756
96896
-807696
-608793
289492
-989952
-321364
797575
754714
-868651
854479
409496
-747728
983611
584166
-522913
296961
391160
-235833
-637048
172121
892983
-292483
-109785
-409324
32292
-815899
-621871
-173009
-732787
991831
180235
364110
-815865
571442
-346398
-805817
-749922
-548823
948898
-618572
-694345
358394
-366300
-710734
-57441
110788
586227
-666281
874955
949180
505840
767938
-343303
-603946
-641386
688989
-419844
-263257
-484021
-152631
-271426
696215
-788521
-87290
267657
-134918
106893
517735
316259
55791
899163
621915
-585816
-467137
911181
356744
643651
497408
690463
518606
446587
196302
286543
-896716
592357
645158
792274
-827488
-618099
-691747
19882
110475
-995533
231362
-976815
272124
-903557
130079
-210142
412703
-814131
-310980
34617
-399946
221883
-54203
956798
-134466
-556796
647261
-615861
889792
-156437
670683
993076
-564081
315840
785349
-391569
697741
-906399
628314
-191784
-901931
-140325
-168599
370193
-43882
961480
-839950
-631180
-852651
-150929
403438
-252597
-929046
-650766
-295799
-63512
-207562
-648539
320628
-317771
195024
-8689
-324695
630943
-692849
-539346
-760626
-995109
-445745
867688
-186892
-347676
-272637
644510
-977483
683482
605990
-817432
-947698
753339
31639
455740
-499258
102594
804974
204943
-960919
-402589
556404
359710
279641
-248573
-648980
954947
-617630
-341829
-584400
-378255
-336937
-30144
-510567
476172
622180
216796
120681
644698
-99723
-273329
827266
-47421
-519990
-141096
-591682
-19248
961498
-786708
-814305
-999421
-189296
742099
360290
-909655
-506474
711310
-954709
-124103
-630519
-539109
497642
32545
430747
987075
-491283
52927
203871
629399
-302376
-895853
-643931
-475111
56727
-163921
383794
465046
816832
345292
678339
-997474
345872
-510958
744626
-293839
-420613
-761848
-582529
-375322
114049
-213047
85570
-388309
819498
-483684
-401235
-671785
569244
802637
957614
-733133
906785
-686318
-208243
-36489
149762
-824449
-571443
-33406
520844
-893105
-30880
-133285
-404063
-286254
572877
175325
-48102
990348
800003
-934053
-222699
-114428
-322362
-403202
401889
276404
-74987
-28868
79040
-117373
238000
-14176
196309
-970243
949336
-653929
-794692
-622108
312665
726153
-515212
-718215
-407133
80725
-4469
-834256
-743950
947430
-843908
-943948
-986624
-66607
-58375
-308986
530192
-656486
967419
-544795
314647
46459
337832
-447353
-967718
-465860
-417596
981619
-119788
-212287
-640490
-807124
-486135
-155701
-525339
106733
925025
470193
272477
-818926
417622
428569
-762873
430998
-638039
178752
-877988
892153
522267
-910569
-652643
-163087
135890
685190
389560
168173
-780671
971965
149791
99542
-240323
509302
292418
273542
-646400
767080
-619725
-721376
237272
652752
-540302
-345106
81321
-303175
-914108
443283
875578
-792096
335436
397845
-702664
682793
-765242
433226
367983
624319
-398602
587312
596283
751190
-313146
-644041
260491
979273
629502
614092
746352
-990224
892716
-16376
662529
-647586
638518
-256150
49239
724410
-812868
-75183
932315
522568
-677339
-770349
205361
-442581
662877
-426657
-818263
-735725
-839345
778021
-984535
-152491
-866020
275956
-173219
763482
-109953
-426867
773259
-217237
556757
435788
135177
195275
-820363
-815584
-80315
-633230
109234
-148000
889338
431895
81651
94699
989315
-255472
668042
-828948
8804
828698
949073
24269
-323793
-916948
-699776
502988
846535
190272
-923879
619794
973036
632878
55582
108212
-171847
235219
292629
747839
601990
-598138
-400162
491328
833758
681489
-413974
823072
-573983
-745932
994125
434821
-917235
943198
-540911
-241028
-973750
-240686
-738040
872785
949586
-661919
492579
922621
970960
-451840
30833
-200888
783380
-676538
-453050
385369
-274676
146789
-123304
-440919
-171722
462723
-617847
254295
716791
-623722
-310885
799556
-680525
148204
-441472
-654274
907518
-179512
-781489
857104
158570
711090
779725
129529
-740750
-189442
928642
-957371
134020
-524408
427999
859345
622381
-695306
-581574
-549342
767417
-199420
704954
484207
176858
-605932
283763
496334
542273
842292
842060
449790
-337221
-939430
306894
821349
771661
86619
-49122
-969090
897177
-120481
-926461
31197
355111
501538
-109459
-22508
806233
308967
428151
573650
-890454
133104
57857
286404
527173
-658381
-217262
69445
-816090
-375203
-480765
-153310
-314632
826129
-331961
-542972
-87253
618917
-512062
-190077
-501564
-438522
841121
853548
-936984
-268339
-168961
869249
-959373
-740810
442899
-849827
392294
-499245
436578
-80534
-157626
-780684
988912
26285
-155887
-491854
872976
529482
-665726
-458986
986511
247022
-840069
-525552
-943055
-341633
35927
898066
-488086
98944
-370274
342954
-31808
-329647
602145
-588910
-179473
-5562
-88155
-742895
913905
754220
-523578
902816
-219495
320536
-589038
-346520
-149983
-254764
194495
-163473
992258
354426
310976
-950798
-987207
-653097
947269
-475292
445847
-423006
867663
-585961
247348
469807
-174871
-932125
-535755
736975
-675019
-621850
491195
-198597
-719035
-728300
-878062
-308072
-74819
-28045
437164
-880325
808483
429422
474102
119458
478625
486896
466362
425893
-988397
-87792
-997113
879266
326247
250235
349072
-848624
318110
813317
888352
643092
-808534
379546
-555506
-527568
651247
-433568
164360
-423573
538388
-398476
-303897
346871
-969055
-829795
-533672
509571
657101
932690
-64537
668704
-155102
-61650
547970
-828856
-811415
-102959
-677480
506696
-289642
-789129
149787
-98175
590418
594282
374258
241664
-839286
-461382
818092
699103
140142
-485806
45973
171088
-315601
512302
-319342
-658501
444991
616122
-989797
-710111
-445528
558173
-538967
-256942
-544786
-216447
-750247
165573
-5575
399541
-932603
-415158
-6177
441656
826507
154537
980274
644599
-146361
120416
-841208
899612
-708497
-156808
411913
-27838
184692
-143096
-411716
194895
146793
142757
-246932
607827
885815
208283
-608621
-864432
-626145
385805
535109
-558747
970648
-471068
882909
797154
683469
863183
441752
-462892
-16402
600545
-563281
275101
-556264
848633
-752737
628429
-294463
-164453
-176677
852330
978304
576392
460156
864119
-215326
851536
999687
158529
237340
534796
599783
207988
-936273
482691
5142
747196
345873
-553106
-715697
-670530
-952562
-278977
604572
-508825
-430344
851835
-880397
275193
-312618
-57073
127522
-334314
-480682
-412322
-470196
303993
-560786
-470510
-537478
676555
-935714
-937696
-115458
-871987
544995
889684
875210
-109132
-663423
-840487
220339
-615985
-119463
-175089
-124809
450193
-323254
-5205
-274615
364128
937723
852908
-970186
-542959
-559414
-440382
761034
-120200
89109
-776445
-443646
153395
-714141
440896
281409
830855
330579
156619
-278277
667156
316132
942062
-948829
-803331
-233028
-73637
646862
443719
921158
-627753
-192154
858880
-774845
-162340
-684080
-334259
397279
-923047
545541
-513613
-699491
-898105
639783
-413632
542791
-78809
-582777
-126630
-922191
138946
-459474
393942
81007
-408303
590612
847980
518060
237473
291698
439218
609721
-900456
298098
834876
-62795
614018
-499384
-665517
690972
-953843
-179129
991481
-851948
-539347
-422151
690844
381845
-4928
-435787
459655
-865983
104739
-146403
215025
696437
-555792
63005
214497
681682
-645297
-346285
291402
-545752
951813
126278
391453
565830
626895
725937
256802
673052
-453193
248282
821105
7460
826132
511948
-610695
-178797
-923839
848960
-44779
180901
-297444
-829754
-122662
146764
233252
-908165
-171555
587956
-254450
-880153
-957797
-302638
246125
433656
-736808
-126981
159593
519994
-453929
706400
-231724
-632825
-286140
-405593
879124
103165
415611
955286
-47876
-629168
136186
654681
-458921
-986476
-198556
774331
-894641
629890
362286
-149091
749737
404490
548271
-4138
-161854
811463
868881
997739
331457
-585048
704138
-900268
-217873
-582003
-305861
-338749
521163
-890251
-383464
-526714
-519418
752722
-872033
21661
766247
-70589
-204009
871606
-440699
-841723
