-352261
-566966
-936862
59618
442521
-830746
-984450
60429
990252
821523
647433
853445
365300
-360839
1325
-353570
646179
7335
908341
360422
-204906
87269
-205974
181121
443985
919898
-127075
226619
702715
108228
117678
-649547
541262
180817
410071
-16217
350072
425622
-955789
340323
247145
691645
193768
-387556
-669195
-804908
258875
976985
202427
167215
337406
997522
-745517
-868568
178643
698469
-948671
-948433
-74912
754045
159796
-957235
-895503
-298942
223583
514569
684841
-426346
-59810
729053
913978
-812665
420697
107745
-200221
751503
302837
-941346
728487
-494736
225869
65893
-497215
480353
197325
681428
178822
248655
732996
-896091
2699
-107209
-853325
107196
593850
370258
-378235
278691
943912
561956
7743
857889
749291
-571560
-34367
-450930
-820058
-731530
-392276
908430
-226265
833594
-25678
276520
313947
-828354
-42052
-507232
420301
-309057
-403323
-577000
583735
-256647
530197
177585
-886390
-848039
-543725
-942479
713917
464019
915411
463208
892459
-118956
-987723
-927600
149515
-379999
980830
923250
-546405
-44848
199770
767542
126798
-842283
-739691
-452901
-151339
-143013
-29900
-567605
600340
-499704
609981
713951
-347742
-933745
771472
-633825
530274
686883
829383
422732
-432073
841660
495133
717442
-538339
475963
640691
-84744
-568886
-159540
-317203
557913
-1822
-56893
-894988
846839
800094
75112
-720766
400434
575408
889215
114384
-772334
955471
-114144
-406159
485744
-427261
-576777
-91524
140666
-735117
-596392
-141893
-273456
879572
-501202
641801
-689315
339259
-675403
868598
-662563
267705
973611
-815725
67799
48722
-536491
-531768
-375870
-647276
582617
-148204
-691806
-531527
445637
793938
41212
868861
-297586
-818123
-866257
106023
39985
-139713
-14406
538784
-497913
296279
-121957
-173315
164877
215480
-905610
138487
399755
162189
-812792
863265
630422
-188661
-784012
213038
663136
-475817
681511
108772
-681879
-277277
-22368
20535
-95400
111376
-873443
944586
971663
112151
483370
-526250
-591570
-638588
300436
573307
576893
394826
-288206
-23353
-442985
-100997
-160088
-812564
710342
55901
400475
373477
580084
81985
-517751
898205
804709
459882
-81260
-290692
-428743
45297
-346106
-457081
-842552
-862737
16670
-434122
-501324
-682894
-860815
-924432
711933
-149021
52216
-731053
749982
892128
-543617
460324
-51971
856858
-166199
-471887
-61157
316050
-573683
-256449
-224069
345057
452860
347188
-609646
-893246
890108
-452198
-755983
-93222
113681
-257306
223885
252866
-181738
-64183
-896155
870478
204764
853828
762606
661148
314151
-289365
518006
-852048
238748
-543151
464002
665066
200400
-760067
10123
-346740
587122
400477
-239986
477229
948280
4032
-615993
61960
746726
607892
-685174
-435012
-456292
-581328
-564534
748473
-727501
-801929
409621
586651
-91293
-72374
734603
-852546
384475
198605
812520
-415125
438539
-177358
238136
25660
-776881
998151
-497111
-828602
2182
-113104
233359
-251092
-505212
548186
313897
38497
966858
749363
-213031
-760643
947435
-803411
826009
-143859
124216
560611
3596
-491310
-240784
-183885
93566
-802246
638758
-668299
223415
861878
-670149
726304
-966724
332034
-386800
266636
-919058
107988
-185179
394839
-853515
-218322
144201
-66545
21036
91636
130044
-152956
947777
-745740
-592345
-48628
-237049
166871
767488
856517
364626
406246
-811782
-411959
268123
-481930
-685656
301400
850104
-72455
-431965
931047
-964467
382856
325886
-817982
-835466
-529914
115473
185570
561722
-754483
-967386
509499
-500223
-559731
-539130
262728
607141
-771642
119245
-28233
634604
307463
559808
-97273
825533
874152
-795874
675637
-198303
-227838
606684
-162770
-844983
-67431
19249
-680448
402655
-865279
505123
-35623
-619761
537737
-526124
-119984
978007
-65254
-857256
585147
163105
261989
-443087
-202292
-430548
-883279
700436
-605016
990874
904563
-929379
-207430
-323276
677305
629801
-168258
-390127
-350951
151295
-987472
-216230
-343583
-23094
164010
-805846
450782
-955975
-827840
-614472
-813230
757308
548633
448759
-685779
-653659
-981790
-569058
-953223
-586805
-578185
951340
-516184
214385
-371936
-838879
-155815
459807
-229005
493234
-388899
-216477
-722996
267518
760430
441014
461673
211211
485040
633833
596740
671810
391140
145373
120569
705362
491715
138780
-863697
538492
551976
-441882
489832
-964208
772504
-882104
-803087
-383311
577703
-32092
-890077
-811197
751432
-613073
456322
511861
827942
-82006
-276928
312982
-448173
-680189
-15208
942968
465185
-894639
648329
-43101
244141
784632
-504610
-203884
-657250
985223
-168092
-884747
-896882
28822
-268058
680821
996730
-158135
869624
748162
228793
325946
260023
56735
-756061
983095
-630283
-204233
-697094
354509
-261266
768091
459870
-612938
-275011
-295989
-828306
220380
500128
-485556
205602
-667964
-370303
308720
360858
361640
-10459
357588
-796495
-140836
105749
432299
-814890
-634229
-510967
-570951
-651134
-141250
224817
-348228
-786741
963551
-580137
673129
-649388
144853
-622860
-477694
-634767
877268
36751
570835
-790697
666449
-120445
570161
28088
869096
-72251
231593
-271740
-966503
-336109
-86630
-600731
152925
342420
-251865
-988325
-432764
399908
-775066
-469213
819772
898064
-118601
-35376
-724797
403706
329858
-847529
-559543
-99308
-638225
-893095
780248
931937
134993
649344
-140315
-633414
-622397
-106817
30478
290974
292452
-816597
-366606
-959413
-804922
200631
440496
-579987
731418
260267
-681924
-387183
-775109
-406720
-983477
554749
-254248
-543020
-544559
107527
-436115
-764311
39463
698879
885033
899148
-934536
-737364
-207669
95943
553610
-915218
279346
-812996
-874630
474424
387635
565867
894437
119053
-173867
-787487
731870
51025
-194207
748394
-394226
551546
-794627
61216
-340928
-230741
296905
698535
-531863
181937
597683
-466398
444574
-609987
629545
-1817
-525204
-91110
185188
-399833
-616686
-427177
-833967
-722249
691876
-7833
-509736
423746
-956809
296058
172139
-351034
-152397
377513
710182
506675
-853229
7086
205210
-385092
-810977
-197107
148511
633597
192906
-221945
-368220
667703
686946
816968
-732131
-929741
-610210
-566098
-651990
-918334
426069
-161725
505412
469261
-865667
-322450
-881773
-18064
-944938
828409
-511389
-798166
-164505
693822
-183258
24518
-503286
965253
-341885
689621
-256692
289895
357323
-569747
106863
625193
-499487
496654
-940905
-151476
578320
485165
686799
83732
-45575
821133
761283
72653
-196932
816345
-98939
291680
-981822
736557
-14499
-165079
-238925
482216
-199826
419190
171837
543482
-290915
-470840
973736
815949
-845648
-525752
312602
-786553
322773
-109078
698612
9572
974654
-346963
-169296
735936
725690
633773
552281
-373249
-74548
570460
-636693
910954
-594619
124382
393170
205555
-456428
-434994
-250963
252657
94166
-277227
68605
248519
197022
-618793
461966
-480206
272130
160578
529366
246784
813615
-639930
-17280
539305
993843
-464999
-833945
-80705
-894540
-470637
-169751
-489159
653745
-776582
716397
-802683
-211575
-534567
449974
882591
188206
-481421
131110
-614773
-100213
-406925
-94978
-828084
753654
-565613
418700
567268
-205543
-598580
106573
-211700
-63579
272628
707595
41881
801992
-462157
552723
455736
-238738
269119
653054
549687
734553
103027
432278
-77241
621607
-436613
307987
-478607
156463
-786991
-306690
-89884
-352604
-887990
-522616
441854
-486570
583957
-769846
449852
-143415
937749
-508267
-341424
-524408
-955545
-885688
236854
313575
767366
-213460
48128
-129607
-781182
970888
-508000
-217795
278874
13393
938668
491883
706704
-151216
-860721
818714
326168
581134
-667856
-89875
811289
781996
766711
749038
-726271
-574714
-775371
-681816
-460401
461484
631760
-693035
-751977
-320113
177358
-533158
-349226
669358
249047
929649
-317249
187715
421532
-610545
-963501
560812
-791831
362668
141946
-459687
-727208
-46766
-677691
-960498
-297729
-403962
-535211
-73100
-85777
4388
-611617
-454018
311353
-363593
225870
-511289
103249
876644
-841931
-647704
806293
-159180
540012
227824
230275
576511
-211365
438445
-60822
930582
978758
211970
-116185
-698933
251473
586087
-102894
716262
-487013
811330
-279350
-98630
-642689
-967997
537778
583181
-479285
-358973
459825
-321216
-6676
266117
519605
-466665
-506059
-250120
-890155
282576
-811676
49024
213157
-832918
-739007
-903028
-531850
512467
683059
365256
228729
-803955
176585
949380
97416
533897
981383
-364806
117078
-497902
276222
-423098
180882
-730455
843020
-299514
-197120
-663040
450367
-87274
619537
638691
961750
-167306
805774
-777257
-70333
-726077
735210
-387275
639179
-36061
-191229
-184236
-86682
906187
-650339
-105300
-458619
466739
396798
817603
-956359
-422320
-912853
886662
278167
-109972
-776379
-271467
802755
843159
-632776
764504
-324148
-827003
987248
605519
-553080
722457
-781756
-913901
-313604
27015
-98137
599714
-66798
251524
-505587
474584
-281737
891212
292186
-238096
-531108
379334
-351435
747059
-730638
-127813
-524408
-927884
-284655
-157184
836621
391198
15814
823868
-3283
462734
546325
214962
548833
-767280
-758023
-549304
832434
175180
702221
-673153
-350237
-579517
-781941
941950
182388
-313049
321283
830954
-565990
590645
-296860
-90398
662761
418486
752419
499382
-190316
-231768
323249
806401
-769034
-130427
21363
779800
102294
263340
-769505
-65273
-561480
932716
261575
88283
-646801
479634
30232
535587
-833416
-648485
366540
-399405
942160
-930320
510197
604921
488166
262615
104302
-702150
-969153
-572449
-895749
-738187
297124
125614
-958388
-600583
-611046
-727892
334145
-172526
-795177
-404281
915758
-441977
-924648
-54011
-906390
-758063
297505
460150
-157468
239664
529831
-647271
-155415
17997
615344
948888
315847
646192
-623562
420098
908005
673563
-454288
949617
-927020
-65334
-778276
407125
762141
-573452
-997157
677898
-15428
-921804
-376113
78182
-679866
921392
-461668
162666
161056
-931838
515395
-994359
86160
130739
954529
-597994
-223070
-669034
822105
-315065
-995471
-632184
-365448
-922491
302483
-143723
484634
64624
282826
487478
-257479
-732603
565675
366409
345580
885809
287800
883912
48475
-551144
952075
-436130
-545503
38234
694609
-590975
440241
-528461
-260008
262345
156475
-255479
630162
791027
-177969
-67356
-352696
-693336
997269
930130
794143
-260211
-802474
359817
-893803
543107
245625
393998
427018
-705901
842855
379092
-142031
-702649
-582674
-447422
-293623
857567
24118
446369
119912
-819407
-809110
-249927
971620
12921
682718
-381077
319586
679986
-450947
113729
-580225
-253420
-526455
-474027
-710314
719171
919972
716704
-986730
762826
95796
-128760
-939824
513123
423819
-233447
370689
-552064
-787078
-509400
-371471
-596187
240674
-399851
416735
-76609
219073
-263679
-396623
768126
850050
23152
-485295
-676405
549125
-195609
-957235
469096
-478905
-943964
231921
616892
-72724
292098
130014
-648906
-941349
-499297
-200969
-728426
-8696
427561
-324613
-768023
-972290
-907879
155369
246783
-171557
758746
14909
-321508
-218103
529615
2087
-668978
-665994
44853
800119
-144899
100889
32040
-528007
-971835
-675862
602008
-620741
-617211
-897289
178291
-345637
94015
-394149
329750
325993
-366439
421872
-518639
880345
-749685
-759894
-104747
-71193
22004
-575133
930895
353027
-241127
-24252
153146
613975
-923364
-814815
-914032
-895199
-490677
687976
-515939
-107887
790687
662352
546476
-115298
-731797
-123774
-789306
-98235
-701902
-307945
-217891
-451587
-67838
677363
477220
954167
-897770
408115
307194
-138897
-616138
-539661
-524922
-539501
-354475
-438954
-434699
154848
-750978
49362
-953040
-960291
-288286
593437
-75589
-20083
-530338
135105
881682
-232240
827161
-336209
316173
-240678
-658847
-206607
-286511
-556617
-798492
-979318
304487
-414630
-518978
779566
45869
126547
-659388
611170
-718605
-410366
-339468
-671644
-370656
372246
921793
553755
-647837
-608545
-311140
-766156
159215
-483980
-102364
-524612
275343
238789
268782
988832
682173
470290
-990486
-13340
-944340
-509464
-233775
101530
617083
106837
-287300
898478
696472
373232
-773167
-674185
-254522
-851374
879571
97641
-459919
-431570
331486
699297
84450
-770879
-825316
-640208
467911
443467
-651376
150083
-86244
-641862
-863257
-30583
-151326
-97032
-929054
-534243
-990195
-216354
-635766
706277
-843122
-408932
-967908
-97644
-260305
911663
999998
279776
-519907
331483
-20927
564543
560605
153758
924336
28516
-402776
-727041
-821401
510981
-368903
-684658
-519603
479772
218310
-448657
945529
228115
334989
-690237
-65608
491867
-99168
-33515
-605777
640527
-121852
-605780
-79697
358241
725704
899376
-77216
286309
53133
-152881
-685176
650357
120079
-506577
161337
751177
-191235
641735
230948
-972925
-806923
176477
255191
528067
486240
-810417
19934
-612929
156068
414157
-972403
-965785
808378
-52100
392457
534082
-152724
-684760
-179610
900409
162360
135215
550766
-717562
628638
-287898
-966386
-562597
-646163
264563
-535521
-453086
-558961
719670
-925019
927279
909253
94915
-685650
65321
-490928
-658052
99537
-682551
289849
-508007
851531
-862876
-192767
-328079
-962468
969593
807136
588298
-747970
435774
-699600
-714355
873177
-345763
550209
-662344
201152
991248
-942675
276133
918527
966579
-628953
-767124
31899
-119880
-425175
-868565
197569
864674
-376572
49100
-998203
430662
721022
-960670
400254
528157
627629
652285
-36069
928030
937931
-162893
-417733
488139
174763
783419
479386
232089
59552
397913
198668
430600
630790
-769434
-689281
-794386
-637998
508289
-929713
-14569
-442611
-927916
-583907
-721590
-888585
816347
806568
739044
468632
-229502
667073
406562
607606
-750660
-105300
-217631
-967242
-625914
-985543
92311
772000
213125
-477090
402789
443692
-166371
608403
805695
-658082
678691
-208874
-100693
750776
207219
177718
862191
23566
-15715
601235
-507803
754784
268308
898760
362389
517648
-206541
-855243
550407
167546
-840785
-357283
-60455
372341
165627
-657667
-183967
999257
950737
-378272
-658826
629427
412854
240481
380202
-379927
-581802
242393
643639
402484
-156373
-864164
157267
-888066
-965405
-480344
629582
-171945
-335587
179989
995602
-176371
822706
-64853
-804031
-11668
277480
12003
-12412
228217
633731
328763
-142356
46585
-430756
-762154
666658
-12557
480239
310297
-610074
-676134
446134
547194
-564199
480730
-933151
-934617
-691215
-268738
245372
-695614
554892
68077
239533
750862
-943592
-482987
-237136
43997
745231
-603406
-627240
-397126
443179
-57996
-159280
109837
929447
-679041
-579866
-680628
-355175
866268
866567
80626
346997
933416
146009
655783
-335322
-608620
960169
-780431
459457
199702
970431
515866
716715
-266706
-440137
461946
129889
-67377
-935181
-426932
874628
-94461
682906
804074
226498
-896961
-876554
871323
969307
990013
-48051
316304
923428
-902043
-27914
-411894
-510663
-67745
-192325
948795
-868043
-221894
464661
848673
511400
-975477
310618
-358711
-42853
375437
214357
-168226
-719025
-102738
-364153
507474
302
-240706
378797
-30391
-250694
-669255
-714088
-327266
-571297
257999
260840
-81959
-809746
-931485
-133165
-677789
-153379
-668505
-829117
-641979
-643981
481501
-690
313166
-143063
-786333
-855061
137913
110930
-219213
-354613
-888769
540081
-975816
80840
-710613
-645071
366753
-37879
-216367
-375248
-777039
701674
-184993
-708524
-431491
137218
138097
-99996
308102
496119
256024
-210397
-504572
-430811
646541
-290904
-285871
-215546
820027
494917
429841
931258
34997
454025
12098
324384
808955
-621149
-713495
-407413
3604
-490534
-705739
818611
-199057
-137230
-44171
939041
762775
-736070
435159
18798
53533
930588
587988
-299927
-360317
-697884
484527
-540291
797034
-85632
-609033
-167970
-631607
403066
-843586
-822653
781917
-557081
-230065
-214479
-47614
64196
-395869
753329
926966
559960
692370
689740
823891
127528
-291462
-122576
58115
-703475
577498
697799
-401358
62024
-842492
-604325
976393
-451524
227706
-655215
951542
384120
-477867
733459
827040
292068
-481021
-220575
-643736
123111
-467246
-716771
-316929
-774877
972970
-493039
352652
-318492
384386
-589233
-21967
-38117
-891434
576676
-976093
-733926
972351
-999701
-185449
200056
-654916
-233908
-415824
-132782
-500449
-588785
-840715
18530
190641
-484451
-858359
723395
-201221
-175288
948519
-228251
331674
301170
453257
-283941
711938
-568710
677942
820504
-992035
701849
-913423
980317
702148
-98872
180372
-952768
667221
764549
-85550
-833229
-824237
73736
185302
366404
589286
326943
89799
-611935
-848345
38318
159815
483329
-660512
-386928
-800613
-948575
44362
877329
871929
52328
579178
958507
32644
281325
-140365
-786984
328558
-473144
977565
-756992
-306372
-846673
316745
878930
519732
-93970
205873
-390470
294096
357528
647848
-546090
-159143
987336
66982
40244
-961239
-888656
-82427
910690
163672
-503250
869197
-803684
778076
-271169
-590668
106633
255687
-613104
349642
949315
-459776
-333614
828245
-940045
572417
34118
-330514
-133488
-608354
-682666
320423
232503
-695330
-612596
-727254
-656569
-501251
190320
-745879
662421
687070
-876683
858738
465145
-147851
-731931
-428222
-892164
-345035
921421
-942850
195190
-412194
885396
255145
-839778
-80487
924632
26734
311159
-758035
-652843
-456338
-453365
-265439
-183592
-109934
233311
-993272
144187
-104268
693798
267505
-245531
158943
-880347
22538
730722
-772511
677504
652142
-715360
-127307
-760052
-829964
-872162
-599830
89550
-947531
426905
-599291
-705566
774062
-55629
-158931
-491377
760780
731136
741934
767508
-124677
-362334
461306
-857173
392135
-379752
-737519
-585328
-649030
-510030
-907824
-996889
-225389
-35131
-756941
-55353
92707
-356770
-965804
145177
-929866
-565095
439611
844197
379276
-719320
-647180
140056
-988184
-905247
-92437
-112861
-267580
-631132
29967
-875446
-10883
292448
-460774
340087
782419
-368597
343199
-442971
596272
586259
501677
-311021
-770512
535874
834156
-700377
970779
273767
-856180
350055
554448
-503360
-509890
566264
-408606
397674
-546597
323814
766543
483370
448368
-244341
-224182
987595
-904254
-441764
-381003
438945
115266
-784731
25203
-383057
-95752
254692
-847184
-261596
554315
-876406
-987829
698135
473650
566619
-805226
963761
132883
-213831
361434
586286
-890018
127976
69656
558350
883636
845474
545945
979382
-596290
-835059
418326
518977
-619790
-556471
-864081
284459
698221
-711265
-977137
252536
-587670
-964965
-49330
885981
601655
145445
849741
-265463
931614
211175
-679178
-958405
-660849
390478
599946
-777214
235952
145890
-797833
639662
310831
620494
158638
691042
-935978
294558
-24499
762244
583293
-1636
14779
995624
33400
965449
881604
-364946
110894
731345
369591
42507
-57481
690414
84103
281670
80892
-315952
504456
-683157
829939
706624
956506
140770
327117
115144
-168189
391140
-590299
807313
153383
992995
-194324
-831838
988619
839077
-866390
870222
-525870
244505
601567
843721
-712988
-455915
534135
371115
825755
-384974
-944837
330211
-68130
885102
36835
-111624
25872
-636048
-996480
857683
755092
-586778
664996
-91525
-593784
-529329
76637
-605165
-690253
210248
-734943
-216122
-545248
866624
-372402
-258236
-589292
-838267
-887121
-763537
-223240
-831957
566675
708631
-946856
-396491
-402994
79016
-32539
-399474
-63301
-277448
13748
-398306
631028
419965
72366
-292336
814800
382114
917913
-920144
-834009
-627335
946481
-206410
114430
-642812
-44676
227309
-406349
732084
395352
-839674
440714
448497
-236165
-962280
-472487
731296
-361753
464213
-546152
651995
-934093
-915124
71960
138274
-207459
-113240
-479613
-289547
-33383
-313621
83118
-86903
479970
-802453
270286
-564706
424857
863938
-832623
-179791
-975737
608092
-731295
-211902
645812
-203781
-480606
-715942
-739569
-26758
936054
-673662
58119
8014
464613
850660
894774
985000
-438888
-138609
-328621
644231
774488
-848651
841779
44774
-413356
266635
-91289
-245979
-913156
-67026
-637887
-644451
721073
-992075
151769
-759534
-708017
412200
213709
-771963
738539
-728173
236052
203151
-877514
130825
188151
-316402
992217
859531
-672171
766705
-989120
-830393
-188522
-402476
436243
720189
351546
523087
-346837
713659
878637
-625765
721584
30405
-385299
-986433
-557395
828411
-758395
-818856
-899763
477657
384296
-777277
-391518
-427553
-93678
-399302
-568023
234152
-632598
-557142
403759
178881
40382
-159998
-100931
-608072
-636912
552233
-894414
-758275
926468
827171
272131
-458831
840739
714736
-630421
-917657
895881
-530184
560000
280176
-307460
-831519
852623
598863
-230820
-715400
-166986
136582
-272542
-763227
-684538
767841
76775
214532
-840231
439864
-233236
-734644
681590
-306769
-907474
-46280
234401
933265
-331544
603980
-984392
-435664
-926204
575608
844513
-233664
744090
697136
-634801
-486731
981736
198213
649852
-290806
434987
965315
-522965
-488238
179846
-363196
951627
946611
-97840
633216
-360158
-5313
-413064
874243
-72048
255392
478222
-56440
819729
552018
-480832
664242
-681646
-736742
361377
-316447
-223473
343113
881767
-573621
-947694
316753
-608307
-470658
828516
571540
166146
780142
518150
-931694
413357
-842008
62994
-999708
-967766
990946
255685
510457
-65494
75414
62475
453674
-260345
380830
716932
-898969
-935618
-506541
444145
946150
-80162
496452
262903
311531
-974207
91418
-116930
191940
-128441
-598780
260246
-715084
-440788
-676761
-714791
-408553
-685815
540895
-898097
248691
-383692
164379
-297636
355964
-454792
-580704
456996
-390409
-87245
-98860
-444260
832594
-602409
818644
144124
-576616
-89939
-972806
615325
781621
-571586
-124429
-933463
-12374
198811
-648253
579074
512996
892642
680978
-238314
-491050
-154644
464051
864914
390565
883348
321909
-999845
-203897
-776952
-444104
-371304
-379360
-625460
772820
44024
284602
800014
-340651
66223
-771572
534920
132760
216055
-266270
484507
-204872
-753274
377149
-523895
8413
886099
321462
-527536
751012
-287974
-644189
72921
-287818
151914
295969
268079
780610
916609
642620
553430
-39367
-72779
353443
619983
993444
581872
154902
126203
-202074
888633
-389290
593055
-864642
987860
-930840
143772
873958
390622
616236
624970
-897352
972047
-302109
-185169
123960
993860
-917090
-95430
910469
725530
-542001
-128898
-347250
811443
-508916
-353806
393314
645987
772398
-808760
534619
-616892
784295
669978
-629033
853455
-186251
-755075
244077
-570016
869896
346726
-597969
-432214
-838443
525991
-438354
-755532
-569439
-527886
969998
-111440
343217
-377252
-299998
834301
268943
-906685
480288
41340
-715445
14907
424448
-931150
-315116
795415
922306
498634
-959661
166382
928619
910236
-486892
-669351
-521979
-325335
856641
39667
-80867
-712799
511782
-110869
175762
-145002
511880
875764
-310701
-219178
969079
-830414
822162
-746366
184493
246609
-677516
869378
42024
-755211
368012
82364
411172
296630
-7401
924280
627280
470620
-401055
483921
-489713
518079
771123
-977932
-592791
-53116
-122934
919090
-177353
566365
-300089
-208274
735952
-477927
45360
-79556
768683
367845
-210178
-189294
612635
-842167
893070
23806
454463
-114331
-51914
81743
-643712
547032
-434337
-133425
65110
-663215
-111356
472320
283670
765710
391409
-893684
332075
-908680
-101957
68026
-386607
943404
988471
-617925
311248
-221708
192781
-76118
-63875
85851
947689
-609412
971520
-104226
472331
-672192
-557195
-962006
194384
507915
-625220
-916973
-19765
658450
848738
-628357
764767
180812
-537037
-337190
-751162
76357
-393787
-762692
458432
917461
15601
-348787
-158658
951726
737064
-210970
-657686
708584
684805
814646
-963608
-872390
852640
230776
635525
-772580
313804
-384240
885871
162541
-12597
650638
-656647
450367
-686553
-407809
-473277
-80340
-170500
985156
-162880
845101
-363632
678463
796827
-626568
-532507
-860860
-917985
-847702
953786
-881592
-720092
806426
349184
915434
-966154
-337012
-468807
919717
825529
518597
570354
-831118
-31037
883802
-238927
495687
-196539
590573
480842
640582
435673
-882791
319045
232500
-509359
786538
371640
-427343
938836
325426
-308934
-781256
131852
-959751
-865823
165698
-296762
-334630
85415
-471233
-816034
-344231
-302351
152930
-460430
458722
-351384
343032
49295
-870543
-16387
-515032
-753333
-697343
717468
-262691
-910805
89108
309966
-971969
-585466
-998968
-753225
546386
-958718
-619048
-287916
-255480
46323
797500
273287
230290
-546731
970936
-616781
-7161
429658
31835
-664129
-521047
161293
319485
-36078
407960
622142
-318610
-854732
711338
770498
455235
739369
-814969
456267
986144
731418
497549
-632904
-556498
-757932
413420
-758999
515356
-356291
-305730
486292
26928
687110
-84051
-941237
-977020
394903
220056
342465
-641176
-371985
-35393
40214
-226717
-324056
-189288
-771482
-584687
-4256
684785
-598543
-272839
182333
-231446
170663
424402
-818027
411665
-60243
-174318
-894066
-573951
852611
793045
341998
911374
816026
-263099
131429
158491
95725
759444
-876902
-864061
-467273
-200957
-53348
-238755
214356
942396
-553971
615813
-330443
628363
-615633
840220
52765
-433660
251885
992523
392023
357820
-581429
244633
150864
760570
156006
-33110
-502530
-712566
-874620
593196
-953122
-751522
729136
-420394
47521
-324213
340851
-738123
-381818
786881
877691
287739
415244
-737943
127959
-531992
-171603
-620156
-539469
-779581
737664
-120898
465053
-111472
-360328
-378942
855418
137142
-91507
980798
-269662
-44628
-770724
-540527
534978
276798
135261
-124171
538675
753443
-337290
416365
41182
-922047
678422
-830859
-454038
-493181
-451014
6493
-272762
-713351
885596
-807709
175177
-474733
-186651
30595
662410
721843
11393
-607252
-322785
240669
-147779
-787808
-482533
987482
88022
-943859
740925
750732
472506
-217893
828685
150928
-48751
-625353
657747
500235
381141
-615015
786885
266736
-422724
-37938
792004
390626
992657
454413
112469
4049
847161
789684
-755282
-300618
-998124
-237815
-313136
89898
-181673
-572211
-159371
-709167
209897
-330686
441761
-838854
43961
99508
661382
-574899
484493
448266
691838
-938231
-589673
483841
452396
-597016
-61746
-435136
407034
-214585
-645453
651752
484798
-643577
-586063
-828339
446321
232264
-400549
-713050
523098
809348
-43735
-35142
970495
-999775
-935635
631876
-574673
548859
80141
-882835
610628
490469
601006
63023
893454
-460740
627888
300487
324675
982435
-47761
-190528
-661142
366177
-18866
785180
-401559
580586
-927871
-878462
389934
28394
86396
360428
28620
150762
-7697
453948
-300380
-927556
571113
-689752
562914
172119
373272
456367
711379
1159
-243146
36054
-16406
709093
845527
322452
75270
-173339
107631
673711
-592754
179761
795249
797180
-791846
-118355
157607
236775
-967594
-850090
-309278
-267973
-777646
-738165
42275
785269
433954
-584453
241636
145333
416707
998490
-818613
-599700
707583
-973087
722753
-217148
-146426
-169616
-543437
260821
-989856
-748189
58000
-781701
133456
-784394
455074
165863
-634484
-854204
897890
-412129
-592369
-59835
-626860
841586
355712
614776
-13081
-227582
613266
168306
172719
320849
195220
-104529
-896299
-951206
725855
-439736
309615
736000
-187924
-632386
954299
945533
-416779
409373
111395
-51262
555169
9285
536610
962801
949450
909750
804386
305162
524526
-208695
-922421
137792
959611
250299
-541360
154831
-854230
-437658
203625
871626
122606
-486760
607625
934683
-119145
561924
880215
464076
-28704
-8390
-587187
-473536
-999106
949423
-510735
950344
859173
-706350
255505
383698
84956
333085
-478511
44566
-416617
-19870
-800603
-270846
542472
403022
-399221
-334922
916263
-791597
-400240
-202883
770328
-520025
-738808
-258377
471585
-325994
268088
472479
-376571
757353
422822
-517399
-948997
-321673
866299
135959
-988589
-612212
-819475
-405205
367918
-620078
323949
-89611
782945
924729
575468
699207
-866868
-824773
-503676
903460
-344797
-242483
-354918
-873213
431523
913170
599266
-945049
670523
22088
-462447
721526
700416
-596149
-142516
711828
-208360
38010
-693378
-840443
417932
630572
69947
200877
555300
-354586
-99917
688432
-179358
396407
591891
475845
-846077
-763027
602632
585447
-849858
201898
640399
820666
-776014
-822049
542191
924403
-418197
-600325
636230
373443
437685
942853
533001
-144383
573424
-397053
-943507
128724
248361
-43424
-182845
-930997
-647017
-590954
544848
-493093
-353981
147480
-907646
-203838
-650623
732753
-383173
-426636
910705
-840982
-502234
-507493
-441307
-866005
865951
996379
-923153
398951
-148005
650272
-998103
-91512
-221005
250259
865065
596151
319262
-781952
-994803
-135890
-275044
-348783
-988411
-182690
447380
-639033
-449937
-935794
-65669
-539233
-776775
432098
-46725
-218082
566094
-180775
-221704
642941
-781825
630292
293213
-779927
-461220
-927792
470333
-596156
668360
-210405
-378107
673557
653705
346849
-675227
665294
-835842
772153
-973740
-285778
836360
-39408
174989
-940416
-607310
-871737
-158497
958784
-52511
619800
601725
165665
250091
-105063
385738
788871
-32855
-143929
-807285
-364495
645666
-185392
-690939
299370
-838543
-366165
-35337
-674385
-594012
-9076
39838
-757652
951517
-785174
-698068
-655794
-656910
143436
-697011
290579
-236765
904714
-543756
-986675
-200349
841982
802197
766797
-301948
994913
-597699
-656282
-190480
-288637
643088
-29023
345198
-392249
296593
751186
598676
-663570
993534
550192
-448743
-704534
894399
-105652
438902
-802613
-815074
-797863
-897899
-358829
-784538
-98247
-516847
-982341
-331451
181206
-987429
70851
524924
-177908
782214
168011
793069
127412
775762
89662
-121403
374437
426092
-127869
-75371
977350
167598
-180973
-128303
-393500
16415
56624
-191363
118517
697795
24100
-979731
-819053
41759
-311181
362153
54331
759670
-112924
876423
541884
-944913
669492
-330705
830850
-240847
547892
205287
-814755
-579977
-870085
-837405
587622
-51057
34292
-805879
965359
-909084
2759
83875
788711
-973142
104145
969659
68618
792964
331811
-877051
552634
-781113
999372
94517
-726026
668864
763812
-895176
-571983
311704
310111
-386737
731728
440027
-224142
319349
-611031
810151
513471
-645672
901067
-483771
438203
689777
-456912
-457652
659436
611706
-664688
-8754
734655
887946
210134
734027
-17538
484109
402890
-253726
588933
830908
-942023
-100957
-555830
789706
-660930
220028
109054
-271961
30178
-377475
82367
-68755
138755
-479430
-378979
681843
62918
-719544
293548
398230
271703
28203
286176
-518163
-237771
-731362
965946
-834881
14912
554879
996027
72890
-546078
-559804
-137405
-207008
660225
971650
521032
-309597
-405826
-396601
621648
732929
123969
-757331
414772
-813113
-476874
-291680
585118
794830
736523
-128707
-723334
-501248
139932
-757388
-336129
-845157
797492
-340102
227733
-748587
100095
-909672
44406
-239681
-938023
-434562
450723
-343848
168837
72370
-610919
-707194
315039
803853
-520307
838166
-487828
-935189
632995
-751305
-63895
909661
-252553
-923964
-847727
411319
-769121
949765
-928783
458613
-798822
171312
548942
245585
931632
610919
811023
382354
-732929
-20141
-545277
-343848
272665
769763
-539995
752359
607928
-27823
817170
240922
220873
-246725
150583
968320
-170689
302856
379639
60191
252621
450856
-481196
453799
-377832
-932255
-300617
-446201
678665
-489594
936153
945736
490265
-609124
-398112
-237070
-839362
61893
-484712
768566
-965930
-667542
9488
254943
85733
-839930
223263
915045
462927
-397098
-24765
-284453
-946242
494040
-830654
-324074
561786
-131270
229726
240450
379136
165878
186186
-130599
556754
788074
632331
717393
-150033
-852382
485959
-115963
-519923
-504554
-861020
565811
-344483
362244
480855
-881557
965146
-543910
-166009
-981096
950130
3338
-305170
511915
872069
924557
-247635
251204
90434
938551
-879395
-352812
726624
752936
-635420
-423410
900555
850540
460628
-619369
-654015
599608
946442
1503
-38148
427297
119946
-73002
883387
953938
-54098
833517
-42724
640733
345432
-170656
565289
-902204
-919452
-344277
-963654
-798847
302911
762971
954090
667492
-660439
854644
518031
800189
-764725
864017
399797
-818283
-134481
-638352
609014
985466
288647
492400
939404
-765452
325917
-103321
875282
-328652
726023
440570
-230856
806571
-903707
-194509
-992276
399205
-431539
961814
66696
-91978
816457
-415273
-291789
-948269
-551256
-891993
-766552
314264
-530344
842463
299729
758303
334863
239132
992851
-339221
-864190
868133
332127
861834
308702
-898729
668405
404996
-93238
676129
-195800
475223
637942
870897
-616755
454399
-544377
91456
506131
-95632
199463
739579
-781369
669120
582042
518361
427422
-83096
-242508
420273
577683
-106697
288405
-90190
-244863
-402893
11081
-576459
-997898
917843
-900331
-193698
393066
737612
-322802
776312
192010
132822
-132233
-301860
-962810
-932770
-562281
-744179
736350
-980239
774182
163771
-63335
-468326
-415957
-485653
424978
872449
424158
-819886
-530445
-564762
-396344
-528343
-646919
-296674
277960
746148
-559063
955159
522459
632948
87981
-609774
-668912
125171
-542544
-231193
380993
-806194
-211432
155175
357577
725234
686849
941621
-760419
111827
814070
663739
291941
-716376
-901023
895598
-244718
-547942
-401077
-966758
-801794
39860
988401
720665
-327193
76382
-889110
3895
-798448
-431653
772703
582546
-237847
-438729
-262280
-880270
-713495
-575432
-938650
-473914
536396
875420
-810176
-171663
-840956
-711199
-276066
-85673
-259140
322857
-52431
-60934
-637284
-64030
-340270
35524
-987649
-229379
-960581
-786096
338968
812123
796450
-898879
-626606
-465831
-779149
-340101
-41262
-717798
185985
-504867
-842378
375810
323470
-683334
664611
-952597
230993
-594529
370260
-821438
344537
732977
114532
-995733
-231499
126883
-225111
-192079
340787
-886143
-379957
137236
-785022
-6563
671406
-564171
653337
-369857
-281968
-160679
125276
-124346
-784870
-551254
192321
879742
-503851
-576686
-714788
866410
-398124
629750
599387
716408
634017
-632112
-156709
-591095
175809
-815922
-477238
795853
321315
-262259
-210711
-7280
173571
-557374
622863
891603
281947
-251861
-232744
497078
196885
959578
376820
693035
-617109
662033
559444
-15233
291782
158831
-298825
-74201
526719
544467
334704
-297472
728545
857467
-501620
49859
-404792
287670
-957421
768779
730296
665442
660381
12243
-586420
-572363
-490679
610465
-612786
886141
303499
-229894
548173
-137057
754873
-160046
-978226
-543952
765753
548494
-999485
100457
-748979
729060
-42076
-250598
-221081
553132
-962929
-178502
321911
767367
-513060
-17708
-220390
-99480
409929
288931
-489015
797144
175071
814485
-432751
-276756
-322572
-677878
563199
-300798
-221830
328951
-752304
-221314
-570592
-501283
-492255
387333
248119
286665
-59535
285191
-891837
-737625
52558
-404897
244667
832168
495624
-345404
121099
-993392
-548261
-703830
821094
18988
19414
-501479
341110
-417388
197724
-880720
911564
445420
-102034
-659028
944138
405712
728305
192257
-307623
-331231
-522553
-199460
-68855
530006
395644
-824188
362173
-108733
-169592
-516729
-102124
282148
-220559
-281030
-698865
798856
217491
642246
-618532
-584785
761527
-706969
860636
-340507
-365996
804774
-934795
-637692
-2970
-242418
31078
474478
558123
962224
4483
-46234
-861965
-633345
845034
-31557
-150073
-257091
-749410
629369
461880
-448274
428225
-320629
-806028
809693
94586
955499
-897276
-44778
-385009
-263272
-240005
-319804
99036
757025
437779
-869886
231502
-4099
-907663
-764015
949668
-769628
-397359
794701
198816
452568
-462390
449407
81937
999490
-998867
-489839
-321140
-804895
-680146
773447
-849396
-577422
-271332
-234404
159306
488663
445792
-741658
245688
-116429
-611544
-522810
879472
-519206
-286825
829140
-288833
315816
623840
909983
-231616
-838550
359390
850322
-839060
360523
-639517
-160199
555629
-319663
-386753
706233
102916
341916
-528172
-737779
-169421
917621
-479436
-923734
-198809
-90979
-446544
-319337
389815
266632
-490198
-899018
-417552
-866358
-989035
350832
-704907
370355
201153
-543967
-269122
561636
295834
-713494
-758027
909082
992739
344889
250997
-535433
607111
-918425
-617813
-872326
-842159
183379
36696
-288702
864042
-573490
977931
-626156
-472507
-439622
-492513
-461542
911210
-197420
908813
112363
258614
-360309
-326002
-445553
-73803
-84028
-536471
-81064
-739140
714526
383503
867971
796101
765690
995646
953943
-50932
32341
-334759
-186890
458852
-356829
186955
986345
203549
694442
-475198
114759
-502978
-566385
-772879
755637
73306
-98880
-689916
999504
817092
-226387
-81561
-922048
-511862
-698059
945924
-715761
-932369
941569
-761819
16700
-26090
-96578
829810
-567238
546593
16765
-580894
-249858
-288793
-56091
864901
208229
377525
-907979
-36134
-549169
-6858
273950
-549666
-189767
-952438
368773
-111814
-464300
670715
-165891
-180061
738346
-224322
58121
-244955
749588
961543
-415145
-817651
508136
601620
-398544
-741723
-687173
545366
-876822
521057
-77110
-784800
-515078
373721
208342
758872
824056
-981426
806434
192828
-93240
-657866
-136457
740870
162074
-398111
-483453
-779805
356934
-733866
-818262
941790
-551516
689874
543410
49940
948152
856237
-404695
-928670
377293
518196
-713470
862216
-108083
494872
621087
-284028
513447
427521
908801
-579794
769656
-227657
-838925
-68271
374232
-322378
151924
-268834
-56243
333662
-327044
392241
23536
-783635
-557819
-28312
-927398
37487
43018
449896
-444318
329548
312111
447599
-175580
-66802
-836429
-662134
-639282
-927629
-241928
-869627
-155286
-80852
62103
-781054
596771
-785973
-49888
-459472
547690
623069
932769
-428775
839435
-625050
542914
912037
412437
-414068
361933
968119
915480
-325956
415718
-260101
607242
579289
77766
967961
651661
835839
-901667
-503625
-245014
160437
-284679
-648243
374464
665434
-107715
-77847
288502
-174946
493379
127937
200004
36292
39973
-387560
622225
-598094
-419441
537704
75950
996278
-722397
-316809
575567
355369
-348849
227227
191207
-250515
723602
946194
909922
-561077
-702049
284386
-895643
190236
-793461
392860
-984710
699919
-479204
215294
-263790
560769
827735
-641566
962676
-591707
896139
38625
-595429
-826258
721816
980138
529112
-627033
207364
-279681
122453
-69034
-333487
32375
369889
-35536
-683240
474246
-845300
-476700
-132894
-830010
-776782
387902
385285
-40571
-51329
213019
317864
-88654
621313
214003
949971
-974117
387745
671787
-993980
-83143
-955246
213384
637177
167207
-855650
-696311
-800418
514239
268153
-483657
-11515
422854
39643
855591
592844
262861
243493
-21872
-777710
-807837
-808853
540154
103509
812460
-245844
53480
838343
-858099
-274734
844363
58759
-229979
57747
-304065
937229
202097
-376
-863190
-283664
-732223
-346847
704821
690631
692796
560412
283475
-44343
-196096
-738397
177948
-3932
-547250
-281899
-900424
-734791
472258
153056
-896448
614160
878323
947916
-327082
-351656
5662
368853
-414428
-792241
-631523
-277618
-75905
-363746
375535
-371084
-673115
68331
-810672
610360
-976012
-6768
871964
201936
989300
-675287
920038
-911124
-410077
392296
241933
-306525
6455
120256
-358610
679374
768600
647053
48227
-645829
854812
416704
76554
-221093
-947042
-547911
407823
-620157
520420
597151
990204
544409
-409617
862168
-253655
-420317
-813120
-333617
-331441
-223196
-941322
910492
470280
65134
30747
-888330
-255493
-200653
758723
792734
153518
613535
209438
-769928
-607559
262396
-317839
800265
642240
-797419
397415
632444
746990
987799
494611
-506665
-432519
681492
159718
236040
-541705
218397
146532
928575
-716470
-822721
-959756
28038
-23374
798968
-179228
-869856
412502
-969791
-639784
804944
292606
42377
605208
-65154
244958
2623
-432711
-8052
-9579
-938100
485283
557902
743392
-355000
-206058
-798313
863398
940474
-869739
-853073
-882248
-829494
174965
94378
969474
995738
224523
381976
-974053
584739
186919
318553
-372884
-207873
-746601
872074
794750
-179311
-135978
-214830
-117411
-650696
-656928
-374020
-5695
137014
-172332
-142298
77488
-42071
4630
195240
128436
-820405
-710382
97910
-824668
514141
-520115
-798721
98880
666805
519833
725997
-541069
773232
598070
-746319
-406080
-537908
38852
476510
-188604
381925
-897510
805702
-481062
-69842
-336597
596427
888088
668033
-208334
16523
847629
81285
-885568
-977040
-404574
-405682
-775761
694307
-738877
744073
420303
-279945
517305
18373
-26264
-888776
480465
-987412
587735
-708139
394513
690225
-902438
913452
-379618
-239034
509878
-491531
-571001
-698456
524993
-723373
382829
639426
-700413
978256
-766257
-476173
672562
-505133
-732101
92864
214922
785204
-888764
-811342
896429
591702
-798754
484164
883563
595759
174388
981125
509210
794771
-257909
19088
-696760
171090
320632
828233
447717
-296539
467658
747305
-318284
701402
-728869
-645722
-803732
-460969
447142
411190
-675765
558379
599848
-779336
150080
801095
704828
33643
396853
-120784
14768
-93937
-326014
756859
925152
-22773
-72052
245783
-194541
-624335
949244
-726883
-877031
-369040
974519
-605900
-14762
-829214
-66868
-567620
581977
257367
990760
181825
478031
140840
-17081
182859
-825518
-620228
-937926
189250
285836
-263939
-53891
210987
713288
874057
-543231
-481254
-750279
-593987
-208136
-627310
36974
-233618
-233209
-977788
-62831
699923
-545408
-480854
-42711
-554649
700971
-564680
586191
-316110
618180
760674
63662
680254
-50076
-650502
-583686
896033
560485
-870398
770090
-982747
-351652
-980190
-576733
440213
-607499
460241
-793406
159293
482454
143764
-140785
937046
662910
816505
-617603
363881
-748175
968589
-952230
870005
729262
111433
550258
-320814
460931
966573
-424782
21415
-903826
-654692
38669
-255477
-634881
461937
-815265
-242380
-77822
-608670
916914
-595369
535094
-223872
-658324
198004
-407367
-275926
-438116
-155542
-307338
-390345
-285537
-578076
721089
-735279
101110
182019
-768707
676329
-796566
-672532
-978363
242104
71992
-613244
-295960
256727
144377
626218
648058
61290
-969151
183152
837419
-627474
-618845
-569949
96600
-56961
274510
789262
552695
988973
-788814
273783
-746307
312297
-544198
-515013
-11374
-340764
-187544
10263
901340
884448
397020
-394620
141175
-458604
-768402
-210768
602687
-737553
972384
440105
-365027
-646461
870157
731573
296579
144666
520835
-150727
133639
732021
-876945
387333
44318
-421142
872320
-967057
238094
-315224
43207
139434
-430777
-559774
744814
710398
-18378
976413
-500370
-415692
-761141
-527986
-975587
-126168
-174447
894570
-394595
-877869
39236
-873761
-28595
-827125
858261
94461
560208
-97422
673319
432528
-64478
-88587
-882697
978729
-949154
-313473
-581046
795661
-603076
400577
772073
-103445
984886
-989069
368569
-990702
-115236
-805878
903869
490169
-683746
-56896
616409
287659
115979
474669
-617880
-323813
-622753
-944562
-891286
312770
-33148
-773982
291498
17698
-87455
710453
-186641
309470
111029
-414568
-793976
95914
-403636
574594
105213
481128
768717
9081
-28703
-915030
952186
-412295
372630
68164
-937626
754750
744351
-560378
810189
853066
752392
-222960
-920916
43890
794739
-8371
-245658
-391902
-698901
865372
193530
-492876
-38714
789894
-918283
-933502
271021
850435
75579
-757682
935406
27764
-169976
308035
-904072
-107601
62785
840280
332021
-127026
693346
84413
650015
772430
-871698
444753
-235941
-117356
-947149
65158
-251985
246381
572283
709301
36274
654001
775799
-692705
504435
-148622
-450387
439840
879143
379638
-252125
975072
-727964
810660
815351
604057
-316366
508697
-311530
-666352
281127
-183228
778402
-954815
699416
831253
110344
-552570
77633
-317374
-843269
-886093
-663374
932531
-578798
841062
-216091
-29184
280901
-336949
-649547
-971225
-361877
-377510
839436
-546526
-773453
-476931
962171
-84983
-143282
243297
731789
-364881
288483
431204
-533628
-601173
878635
544005
81454
-964634
657913
418081
967897
-920886
259142
-248195
49931
-459957
414857
400385
-431182
-947021
-977126
-591746
-493547
-750579
-68676
-531377
164439
788042
711921
-103773
-576839
404
-672569
-110467
399231
-793934
-566463
-519315
-758568
-908551
898766
-790672
-829436
157907
-38866
220496
697950
-624010
-379120
-733232
-571030
-356245
-324977
-64577
-106823
606347
404047
-942385
394388
115968
-46157
817550
-883629
281274
-292918
515603
487341
140620
996288
728773
232070
895053
938102
402634
52960
-100764
-376870
-249090
275226
244011
17679
704196
887766
692702
-360381
-219057
299049
-956335
-161441
-306563
159633
792402
-489014
276005
73676
218068
-208393
-438984
-641313
-212105
-710211
590758
-317052
-772109
-6608
735908
127127
616522
-513182
-597647
-139468
504498
-893451
-251702
197200
-253832
529241
-503752
-210166
-632200
189685
949468
-839799
700672
225472
233878
-81260
-982921
794895
277428
-195026
-915317
-131815
487922
-687426
861577
223830
439702
478098
710649
842055
-661370
215146
948605
86929
-587655
-305228
-383831
-91407
484607
-16030
-901722
434074
144171
798951
-340455
-621952
-282310
-323375
-827057
995118
481599
-742374
-136698
-30479
-429799
-275121
-806650
-990097
-797023
903999
851958
-458392
119145
800563
628537
531490
-504666
-755294
-559917
979941
228676
-461638
414015
-627154
-662688
-926440
-249105
55003
-249815
-76162
50121
-768216
181465
913424
201305
751667
-361698
394656
761570
-158721
298655
613528
382888
-582201
414090
11424
949290
909425
256130
-610627
889366
-515195
-72265
303380
-142348
265048
376940
608548
-679949
-872875
-467614
370172
-641091
713852
283595
560215
465518
921897
-45129
227088
-236824
-746474
-159385
-853937
-328675
-745295
157487
-379385
-835870
-586383
9988
-946505
-101578
937724
356876
756075
202772
-266184
364622
522823
-139059
897009
-107005
219851
610860
-823411
-219934
76378
-901514
734937
-696535
-138338
988463
144081
7726
-340212
398786
-834787
280404
562916
-421170
-709608
616412
477253
-771885
-26713
233328
430888
707103
-402050
-46289
-431956
-505042
846706
787895
-894182
-976706
-432040
182196
-878219
-697103
485661
-16557
-708640
-370259
991170
-48852
-971473
-843618
-768448
591443
-264787
-478056
207855
-787534
-249941
-818858
445794
-819053
888245
-956256
134658
-543711
-461298
-18637
-755817
-355480
4658
-187856
826716
126439
115042
312377
-890118
406402
942118
-898948
-642450
970645
-742565
-410898
562088
-7352
111046
-230057
205115
861106
-48915
-349091
-957948
-160671
-305347
176711
295619
233356
-841926
539803
877877
162732
-648054
704593
-710829
466989
16969
-600946
-126610
-40913
-499894
230941
-70269
-242458
820043
-508181
750190
-68911
261762
-44695
-207806
-787154
606215
-165753
52176
-699133
-989043
-652205
534224
-830969
887598
412100
331764
-760457
116693
620936
706533
-866339
-980010
-420077
92748
-479904
810864
-977521
277638
630907
-485701
27828
-438005
776062
983134
354190
988909
589348
-811563
41084
890216
-800606
388880
424439
-631574
276477
-163461
700191
516020
953232
321126
222553
-913107
341116
802476
179642
861213
613339
202122
138851
244246
716421
-833321
806242
492482
-850188
160431
481390
739161
348868
-477526
629376
548263
911354
53815
916689
187830
890354
616879
-296150
843586
-61995
926403
930479
-720880
728878
110121
-859667
342217
-687758
279184
-413537
-971338
445863
-607296
521144
595676
553135
2534
334836
-97997
525008
-35788
-549735
436362
-981974
-633046
-375809
908380
983834
328042
751966
-78162
254444
682444
200959
-16678
-207436
341292
-674461
104806
-379524
-87998
133469
-933661
304706
-345387
662015
-142159
657147
-3149
759844
182155
961063
-789891
-381484
979089
-422937
242708
887469
-439104
-429250
639434
482735
825195
321878
-316307
-191483
-885558
-975015
134056
219249
-354538
-953942
-647283
-288199
350765
7331
-626184
-791395
-335523
370668
968450
846633
331730
-821441
-534851
310819
-244378
707858
198288
316519
-721393
-162279
-200746
-896199
-840401
482947
-87682
-725959
507933
-953626
493291
-846606
-907567
846009
-134804
443198
-146661
239013
651804
517817
-390320
620254
364450
941411
798813
829599
252230
-445566
537456
-549483
870954
816063
288239
-329793
919865
447838
-846846
-167817
721880
661087
-121443
215170
814482
-29010
61179
-320322
-585812
914518
918691
-934009
432335
-471629
686245
-203216
-530218
485057
-373618
722012
-960509
-836162
-827472
910446
979902
460767
-419348
899767
-91396
-266193
-268051
-369516
-605106
610506
845655
-790624
-418504
-93167
-110946
-4316
-178649
-192255
61676
-746315
336117
-252079
50470
805899
-767023
676853
527910
-727531
840691
700438
-817086
820593
161205
-236433
720359
-930192
497374
-547693
-299707
892269
-937187
-454053
-898356
-355690
452780
-9301
639994
-725869
798444
-298330
-472183
134560
449591
578287
-59541
682569
255139
-531632
955038
95830
-831194
-862048
-83577
330011
-98481
-363219
399820
-601107
89088
-899888
-708839
151902
-353941
-607194
796212
-901161
383505
436206
-627030
181949
-862125
-99213
-683492
587466
-520926
256968
270035
734214
725336
225072
-169957
894142
363024
746466
224152
-735457
-616753
-376029
-336563
472336
-275917
-45401
-375763
370143
347405
-579551
468982
-269090
856655
841952
912859
994531
-257261
-770633
581996
221813
486335
-147969
-43974
211670
-922898
786070
105812
440127
532536
-670037
704671
915783
-46065
-631892
388119
678019
322707
-987645
48161
-329888
-567195
-482857
401022
-710541
-640905
313881
-716011
101834
543248
865986
-676353
29582
-281984
279673
-758748
-204881
65743
347064
-764755
-401722
677028
939917
-485939
-369037
-691976
902181
-691019
630732
914536
357143
-699157
-652659
874286
701866
-363200
-766620
15746
-79211
335215
-441007
-213225
658862
588576
504791
-61465
829828
-700091
-995723
176891
-464845
-397444
-146082
-524928
116617
484881
-216904
18797
793863
-586172
-66667
151005
-285329
280674
25291
-583463
917475
258672
432284
-161736
-406113
991277
625039
-747252
579853
129829
191283
409680
429739
195561
-413430
964895
798117
440489
-560034
-85267
-74630
223063
933531
-280768
636891
-133136
870238
-648438
-852462
-104471
-231901
-934988
-845800
-799618
-96724
-251913
-808341
-471685
836
771512
658144
-807881
181192
87883
387680
767763
52777
185796
208251
492744
-899471
-866380
-284194
-965940
-147147
-647304
-99076
-276910
-295742
48463
618619
472358
113476
772820
672741
-983248
-479093
864400
-454933
521743
635912
-796789
713862
-182896
291094
101542
-415134
-656129
-712663
793117
836615
-612134
926738
-447579
-578074
-220410
-94882
322851
502681
609376
-628686
121299
81734
484790
-105882
-245526
501542
415026
-381126
-953392
-63232
-745214
-750181
-349370
71890
540914
752172
656756
884786
-960491
449873
721400
-572624
376610
-726179
-150697
-843801
178939
-827846
658880
-211685
-456532
-219821
870049
-971743
674298
-375477
529800
89323
243397
576409
-973909
498183
826229
-323278
-429927
367142
-571106
-773172
251927
-531597
676701
-26673
-104220
53311
247149
745083
209511
-573913
917237
-131609
214402
-539295
648570
84451
-511037
322868
708974
-981238
-587810
-47629
595172
-561718
-549446
421400
115004
20627
-211458
543898
247456
-959531
-987699
-75843
13797
-91919
977468
-739055
-346836
186978
-312968
-429599
-944632
901435
31106
703939
-14114
520069
26806
-305140
538832
438997
647231
134003
877279
-902216
-444598
-7717
118412
343945
-463820
-634133
384414
-451518
290024
-601790
456564
267491
-340844
-890272
-545531
346188
-319871
-490163
247623
711235
-786224
-766492
231303
240582
-71632
-229866
-320421
-424401
904138
-443143
-326617
-540461
549140
791796
803485
-914680
-842338
187898
-366197
447687
586109
-909634
-284823
-754736
-799906
169647
591453
-119777
679485
-160924
-408542
893261
72584
822762
133843
-999048
-407105
813422
-423449
-502967
-629722
249935
-43428
919419
41731
-239943
-995262
199393
947955
-361458
-352921
534064
-271091
362257
779329
-70997
-468097
370781
809227
-788613
-790144
-599315
-895352
282441
-776554
238491
283394
-183658
51912
859946
313375
422191
109881
-730053
341609
-848389
30004
346348
351004
-22041
984890
998084
-487978
-286202
360341
-708650
642802
892245
662132
452029
-896368
871989
852714
-791720
154429
-923840
446772
-562177
-107498
-501317
-702232
-794124
920874
407649
-524176
262483
559260
505828
-391170
-89736
-516214
-406280
-91652
-4191
307519
-731311
287160
-49679
-839067
-50708
-597651
-735434
-178720
-744937
-527153
975710
-668777
919619
-586468
223726
-581698
-288700
429603
-660825
-881052
905427
601659
678209
411255
-789511
-411528
895041
-195791
496821
-109150
-888272
765510
-821990
62049
926444
127302
464398
-808991
948582
719462
-336143
924291
-949315
-416525
-662177
274411
1777
49123
-295986
340953
168072
-390560
-57388
-153719
-979306
153101
434753
915736
957310
-68426
-193414
-930963
-302917
-15404
131087
-376473
-888103
-404516
-185463
-939521
-685054
478394
984770
-634369
-938131
-677408
640043
63647
371716
-655944
-595401
-460212
-46503
347212
386069
-25808
-499688
-179179
-110072
-542378
752396
696514
-473340
-550522
-318890
657747
73006
-206993
-746770
887543
-146514
-431823
365936
-161744
-66192
427805
160849
-426150
-508549
-467436
-82093
-103949
72352
871404
-756738
-541580
-154404
-256425
279242
735524
201197
31637
432037
727857
481116
-886854
385603
-445879
-93846
638834
-558336
759641
-792989
807600
-402104
140819
235405
758745
714670
726857
-708691
-367423
-377092
363662
-496020
-133829
822082
349577
609746
101324
85100
-189057
-867039
-482863
-461200
614077
-369716
924403
-831802
536438
563237
-390138
296079
770248
-582538
893976
-88933
652868
652720
-374263
379724
944030
258314
-997368
307691
762295
-131196
129773
111871
-521450
-768904
-803030
289493
-635942
-285893
828293
978136
344392
752696
-853667
-119170
315932
-243804
-823092
86180
173659
-929117
997247
-173474
723604
-377017
-793750
667633
881298
-791117
-24676
643592
77687
-894903
-244538
556237
-663807
-47567
-154271
-299748
666541
-325978
-321613
10932
-573283
-175279
891762
742650
580918
-931330
-171171
-245424
-860447
-173924
581103
863158
449060
787353
530790
330357
996237
-493886
-26051
73923
-388789
729411
-369840
-52595
-318156
475889
647657
-651616
-850089
-673956
359317
-423372
150765
251078
-680723
-268318
319749
148107
486258
459302
974184
67360
322459
423244
-145287
-146751
-246400
-149050
359364
727550
924873
970575
456960
-444967
-82020
-861196
-969079
-434363
-512812
-819167
-108319
846506
-242539
-957555
97584
76739
-225873
-582668
-775154
-739615
876635
-800971
327746
199094
622273
-817541
-947658
-624127
33409
411707
-896578
-41718
382282
560383
513315
-699739
699187
544237
-134101
-813625
725070
757580
-967120
-517469
800026
130464
559270
-425848
547797
784117
-165462
424431
983146
-837717
-376476
605419
-655258
-324133
981292
378152
-912427
-915286
-663566
469855
645097
849749
770117
344284
393986
-363985
530660
119055
-606405
563541
601587
-806380
-305996
160857
-232227
-758199
-55027
602311
666232
-71882
764594
-710245
-466463
-890664
-34378
-485171
487489
53195
-400457
823923
-476950
-755360
673672
-706833
588925
67657
-70817
119584
-813288
322778
-316876
788299
516398
377129
-50845
-715830
618930
894129
886482
285161
-177753
651076
574917
355784
760413
-459462
870613
247901
593734
-529845
71824
-883216
-285204
-254505
-590049
-696280
813153
339134
423304
999865
-338089
-893572
788164
-821691
483558
-262682
-537520
102488
-368554
-651039
-612352
453694
-999964
962566
-190523
760449
-496897
-319911
8350
-903163
150245
-919827
-786379
865041
-174331
-376428
-831240
-361179
962706
592065
-361315
-375383
698493
-573152
-197074
182051
164167
265407
-715462
795614
614368
-327813
249307
614404
-365248
-941217
374853
137856
-261127
-616798
234693
889118
-536624
448314
754159
289045
-928114
922919
927866
-965408
514984
-433449
-340790
213477
-6600
462136
-604473
-842434
-272457
-319935
953181
-658090
352252
202487
956315
987005
261271
331168
124860
-999856
714371
-640448
889262
-822254
807867
643421
466792
879753
566340
394658
914346
81323
961209
-426445
-705201
-45392
-964309
-309673
112175
-236766
370392
65355
105145
-277356
-732158
61459
-290352
529113
-607374
834509
529257
-893004
-805940
418519
-715257
-998073
61940
751535
881681
-371721
146192
796026
709602
107401
-630419
-995599
-937991
-594728
-305272
174185
168506
-934880
-760461
-726349
-212235
-492618
335110
497414
-963505
727737
331922
565753
834734
525983
-15728
-880524
527910
-953789
871012
409590
-325510
17204
205616
-615908
-875396
575197
-611506
-813386
980469
83223
360799
148975
148343
600339
422626
936109
-892280
-242264
433522
-855784
-514528
-234557
709969
-679794
-708574
-305760
-560318
819336
-259548
-689306
228925
414943
327898
-565459
799035
452503
-990263
-812471
639117
990207
270752
-84
139181
-580905
-399746
-438193
-644797
-292025
319544
788726
-147809
805017
-445831
-437840
-874778
-154405
256401
-435095
-335070
996853
-124401
893856
411795
-796503
-671604
210830
656000
-661867
398359
295117
-671660
-330890
-704968
467522
88206
-104713
-970672
443409
603262
348873
232134
-544547
153889
786304
17613
279111
-368102
-725987
844017
296828
-729134
-280384
190684
682662
-76887
519080
-106509
-420887
857214
-708150
874230
-814447
-39039
-830738
653075
-950834
64549
682404
492576
-332190
31277
-275290
123264
-814835
-488987
-859123
464277
142911
-585109
308293
-560261
-314243
-972092
630423
-631581
-48978
149503
261910
530135
6716
553761
404364
192270
-485279
573626
-154655
-436112
-361825
-472251
-943537
305986
559026
-218827
-570751
744192
292186
