664613
-186655
938441
660382
-108412
-916770
-902841
531627
482936
-602196
971509
-898342
274710
-812833
562417
654193
-340062
-770647
113171
-468861
-508029
-521893
674966
-629270
223360
760445
-712719
858251
586178
25798
-863028
250791
839143
-924588
-88828
-269269
-841357
8332
-737642
641580
406137
-766134
743238
-319153
-578967
305655
-664961
80972
535008
448210
612111
-973021
926317
287077
-602290
149677
47522
-315009
7927
-366301
710790
144899
884490
549933
220312
-204338
-719337
378955
803994
-456978
20535
210131
-223112
-236228
890978
197922
-930574
-773984
-721107
604435
674227
891005
631415
600544
178081
-970876
-249780
-774398
-285884
758147
-140698
-575095
-96954
-256209
974838
-876643
539453
-744499
502313
343447
-201477
-477153
-446423
575412
286620
-555446
-226667
356046
-329429
52226
-39519
-655203
-56770
-408105
945341
-878689
-378981
-304439
-653086
335135
-546293
206216
760041
356753
950008
734879
480111
489460
990381
-17577
-167093
-211097
505271
386484
-635685
-208110
831039
137648
-852064
-498391
-810126
108417
-153593
133105
700312
-208252
254416
-678670
487309
601331
656466
941016
-192454
416507
297769
-242447
151386
-222120
-752987
141766
760304
79920
930670
265574
-533596
-705016
-942536
-702558
432633
-794600
-200948
622507
313817
645459
-244389
14128
-562793
-989973
335459
924516
611358
-8075
865532
-581096
-591569
163301
176458
559818
941181
423471
-298417
701484
-496609
-367747
-32942
-30205
-72763
24522
267238
-640130
229922
-933710
982377
-456262
711750
-262012
557867
-851044
-251984
-106675
-926529
-640627
885251
939003
-221722
-706318
102303
954736
853500
43484
378207
-444918
-255033
881598
187335
712026
-148607
-885428
-263453
-881369
-525558
966469
-815079
-543181
-489793
896671
194808
-931927
-954374
942824
-38601
-880902
-697804
-153351
-941900
80475
140331
160404
35210
-6169
-796112
-586583
548913
-51144
-704985
-263752
-339119
146409
-149179
397428
265040
325264
363896
449962
782084
874103
346632
-23109
942177
392259
-80286
-96425
511357
221911
750224
569458
-697615
-109445
-270138
337596
884386
-66250
751013
433299
882606
-953972
-830453
-456514
192437
20368
940914
-542524
-654368
304810
907438
-872285
178912
254070
104606
121088
-353672
-975680
-975337
-842315
246231
774887
727143
548617
-334558
-542995
-113788
-450173
390755
-362775
983126
273360
-316747
-847327
816847
875690
173042
757760
-666834
518674
62569
-759396
646389
-758519
494674
-249005
362570
-858998
-224685
387233
-701313
-978454
162120
-974170
570163
827562
-517165
-543625
-622612
873591
93601
-639486
146950
776854
-486813
-36204
652544
686229
-278444
985711
204903
784126
-773686
-148708
-974394
720989
602287
388177
861991
-622398
-224591
-839322
-600851
937530
-813491
969313
765091
-330655
-574313
-857521
-457065
519288
-497007
689886
296142
16181
-346319
-51314
-297590
375238
-65604
907313
159363
160711
-241396
184970
-118301
-639109
-426854
-256311
-261506
348556
-95632
137643
286085
90877
106955
51176
760222
532643
193655
-696844
51931
696649
993042
-651927
-287170
-353277
296759
415240
-978039
-768845
322552
181324
391866
-918844
-633706
-726435
-557953
-60560
17255
180542
-712004
921623
-681815
574082
12500
425140
-374743
-227279
-42217
818912
75878
-990287
515561
68920
-642214
-771610
715644
654546
643630
737605
885702
-33818
-81071
277567
47338
285223
551133
489386
-775337
-431613
-330072
-487341
-509991
-11887
-913259
502510
-586747
-288002
-724770
371036
-469090
351109
380750
-953530
-579971
738536
-725140
-864327
393082
918491
873278
278783
-115327
-207793
-443650
932011
-922571
-892518
421397
-697908
-324130
-908676
-185248
165880
79438
-98507
-331611
492691
613492
-56380
-136274
-855599
-705271
-755525
-809128
-285242
983012
-534267
-149569
376094
-615777
-276291
-345123
268896
515916
211227
200907
593346
318710
-377696
895439
994580
-286371
-289809
160459
793067
611684
828849
285757
225175
-227532
-850517
369577
67197
-606041
560449
781956
-623029
-973819
-367613
753066
-589595
356096
-592058
679302
-127988
619169
-119792
-534643
-62121
502513
-639204
-67541
-783859
70987
-907083
-990792
-317329
921767
294966
907847
-305766
444449
277423
761432
838409
-162128
543387
-784620
-135946
-824227
968446
274459
531870
-623613
-46240
-596119
995557
833969
-130761
-66565
336482
230035
865894
552624
-698978
958812
561832
-16307
880578
-143203
-108461
-425188
-698754
-831039
-663757
-860346
6834
879631
-644965
870888
-944597
-676520
145346
587273
-300132
-900894
991155
-304576
933076
-139606
628860
269558
-909571
494753
-177819
-608549
453565
-615988
375144
334143
240810
-733317
908955
542056
-564355
-754802
681711
442479
-875171
-963255
313366
-819768
-639775
-541288
767506
60093
-442181
758661
755518
-509105
-380946
384377
760453
-290516
-120870
-417367
100935
-667306
-33354
-523921
666837
-792545
-257237
575792
749511
178408
820991
431221
-379114
945820
467967
934253
-873948
828193
-607035
893559
-111714
-49216
652219
-356197
441680
-728727
-971821
202132
-19243
-92691
784766
-918308
240004
-248589
-442229
-93160
-41134
300534
-517368
-291623
-521058
-696378
-860402
99829
-750559
607565
34081
-624506
435757
427046
-730948
-675958
-622170
921271
-32154
819510
-807457
-3974
21642
173301
903336
-193593
254993
143339
557819
812765
-949821
-483316
113299
-467189
225061
592241
-163566
364659
-307931
85876
-27776
726151
461370
-592020
153197
730422
-267977
531027
651692
699870
350537
844236
-304105
-627822
17537
-400770
178586
-727471
742569
-263596
-914706
792749
253089
198593
-674441
-521851
-209167
161994
842809
482903
-752131
-184967
209053
709239
223014
-637751
439660
955037
893277
91352
654906
243813
-64412
-649199
615992
953125
-49969
-205423
-774347
-307400
530982
-689052
-514652
-215930
509541
-189092
262220
-699626
972902
105028
783278
-779230
920062
-7670
930010
143075
354580
369670
98111
247857
-538979
-246983
-508330
396610
103819
-892339
349734
-946151
-97761
575388
-253550
-566780
886336
231799
217290
395876
-957294
-520491
696251
-984392
584538
479528
-763621
504599
-528142
-833612
-352327
826439
536058
745785
74295
997080
-501198
565965
393689
602621
673627
-256577
656471
-424134
-681190
-597079
9086
-794855
634720
-773624
601022
677426
-294115
297272
693035
-709577
-223201
929414
795023
248658
-904199
-557305
75096
631860
-811520
-850610
628940
-312717
715356
22629
-710096
388983
766052
946376
964849
-915139
-650704
-26065
-709993
984016
200311
891029
661442
906197
188301
354476
-803380
965101
283890
991643
213758
379691
-565662
-711147
11551
-377182
-561756
-359510
310101
-846400
663120
600006
542583
429171
546381
507432
514032
895677
-518634
804040
879693
681678
695068
541135
587874
-116632
-104389
784494
-151531
-820500
776137
-937774
559192
-789526
-648921
-429257
-166708
-210676
211234
-856607
-57076
-125647
743400
-514494
-696477
289780
992939
817556
185457
-525696
621595
65149
-844019
316662
-393716
743856
-799970
501896
528350
48499
681396
304486
110726
240588
514960
461806
811331
-651748
-748871
22564
-508354
194053
896917
-764955
679560
-799561
524826
672498
-982006
-289718
-853198
639590
775432
-697216
-43748
-618285
-953360
156283
883611
574990
-795218
565007
-120524
315508
-194406
-605564
-222687
-383075
-257312
28442
639489
234335
-777505
536405
469381
902056
736845
-5794
574553
754840
704488
721356
394429
479919
-975860
-649320
861635
-929220
506963
745246
645770
711745
310253
-474754
27253
-884153
-80318
804566
-267228
662371
-166992
-627740
-103295
55504
908666
-633915
-42441
645510
360291
-467888
400349
64779
-746533
-205222
-455302
-722393
145459
-593668
-651612
-347579
-848422
994158
-635834
461831
-480596
391420
577678
439086
195986
-689550
101456
-971007
-317290
998161
84498
-408625
-635754
-957944
-763116
724537
-425832
637234
-210684
-172364
-567989
334014
105244
577470
740346
453632
-770109
891925
447790
-405942
353756
967194
985479
-68566
406279
181464
241884
-492265
210458
924594
-494105
-705045
-484032
-129859
-662989
-247147
-405322
-88820
-609913
383994
738817
-177901
-281993
-155940
-600431
-541647
-702309
-370539
-649722
745482
223519
704034
712675
208998
-364533
118954
-609539
877351
626689
600919
801944
-867416
895875
-682088
2726
-767115
70766
597405
144066
460854
-18601
-117118
-717048
699406
726942
-317479
-842241
-975367
311982
-491963
770116
-464499
-787930
482791
744499
-152462
-398256
-865040
-275112
-771567
735880
-473168
-638982
631754
-155255
363744
864640
915512
-38852
8705
376365
942547
891587
659317
641953
618529
-658162
799713
643163
653821
-692250
413278
-810678
-480180
-103932
933822
367359
497813
-931219
-907754
726246
804661
-380921
-912737
436414
463824
451008
301053
379336
-587845
-690242
-244300
-645298
-798656
-584983
996656
819874
-243144
796368
463036
-589324
-895883
-123687
-400002
-376062
772381
-466181
991298
270194
-397399
-916457
-3561
-592738
-297377
83703
843676
-833554
-465290
144729
545782
-53134
454487
-698518
301569
655832
-283500
298224
475705
473356
94592
-61259
884032
198710
815054
-515970
822649
587435
17850
813946
-142372
620452
897490
854068
-972287
-399888
-62230
871390
-233442
472481
16119
-687660
-580654
-529394
-386177
720915
-873563
330323
19139
602143
-196322
-886270
-459117
-312290
312440
-644063
171741
135089
943372
-810409
-50966
-199000
810043
-153477
-344933
837757
446635
592838
709146
-786807
65318
-274736
-474466
484665
195870
139357
205579
322308
-530321
-775282
-75550
273358
-661552
465334
961069
650889
821272
132809
-214023
764643
322400
735011
-434357
132443
-418466
220710
-29801
-971832
-186453
-320655
-758638
878865
404610
-233104
363529
-399521
906253
-430892
922788
-624068
-206174
-152762
649291
132275
-687429
610359
-216836
-866158
-256833
569141
898486
-934433
304152
-535872
198011
885687
684839
-831790
913855
-501615
-152445
-844783
-622750
-747836
-77887
740780
-147356
-171634
-690112
-224569
204299
103715
622669
-146411
-764011
935241
-536053
19154
-930917
207115
-411706
967569
272682
892447
-568303
-529307
778133
-883465
-361097
691988
-385079
486459
847205
-7829
738624
-230682
-267049
-408733
597684
42839
366699
-198017
-853447
-10632
655572
-617457
-75392
-880482
401697
-6309
326634
989992
-38740
-400684
882439
392957
70009
660571
509493
708913
352558
-875587
195371
199763
116584
-66006
969081
849536
525262
566765
-107626
-108039
-631253
38928
881329
-975682
421472
-194063
-856163
-176831
799628
470471
-186839
-239113
-930214
-304401
-846156
139796
-643831
663337
-151292
708728
787750
-955922
-91509
-95666
-21927
-122429
-246131
-496665
-555664
646244
395296
-186917
-314828
276625
-162599
-893357
-917439
-18761
-70187
882190
-548290
742974
-356923
-478504
-561428
-203079
661292
-205258
-539742
-490001
-496530
-751992
-445922
411962
152342
532152
-710468
906212
-964514
-266132
552455
430783
546952
-762374
-292592
-615648
-655730
-210031
365592
274083
-327841
817302
17056
315236
-661202
455629
-887843
-999911
-749629
-427585
-489911
-246158
-179576
64168
-834197
972766
-403681
-544664
878978
-368194
189205
431432
-937412
-263844
669059
-230004
120509
-986672
559966
-513900
287412
-767876
-696599
-695533
547360
-357801
760097
659518
-357711
-989532
-768067
152379
-235690
52357
-783453
-69886
25123
-187134
385450
-95900
444672
-425346
-664468
507261
310810
-995410
-722744
-568682
-982081
837223
-82581
305331
-930654
220821
609799
616707
863020
369895
276224
-494691
380364
508157
657689
-855326
-439487
874236
74788
585637
-312898
-539762
-510264
-868227
34893
-174732
639034
-654298
-170142
916291
-222979
-152223
753513
694441
-846893
822860
-84739
762906
439566
-221719
132801
-284210
283590
-486835
-776054
-58721
-342161
-215540
-184486
732628
-629904
502617
-807135
-140168
634390
227758
685101
273424
573461
-485042
189715
-649518
362736
-56772
-955078
515844
-233913
-39817
278750
-794348
738464
-588449
-78558
22054
-75284
145389
963333
582555
929850
-221153
315182
-700055
-718537
508048
159778
915854
-264195
-155122
189278
-690734
359837
-621008
-340252
-277427
322220
-295330
-761584
-911694
664854
517166
-706041
403317
928717
215402
-574629
-146568
-639209
-611297
-564013
-709360
167551
751170
-409414
449014
259217
750364
364868
995023
-404758
-445855
-695712
955079
-66863
-35964
-322348
-744644
668707
-83932
-656337
333560
-566766
-362377
-263123
-638050
853025
162248
215383
-786185
550952
651370
-495544
-281498
402540
95042
-832484
-338244
-154595
532384
-343222
440648
-913472
-38933
395727
19666
925104
-926622
275023
593810
-10554
618687
-72630
422680
-743691
664248
784631
-890666
-173504
13
-676851
-622553
-348617
-172395
95950
-946077
922647
263466
-284321
-231948
-204150
372458
-791301
-117621
-666476
604426
902046
-741372
677805
177068
852438
-332750
-204246
-220192
-910070
52064
-555945
874561
161398
270551
-125426
484547
647999
525958
-687848
-256052
579882
-765201
-992586
-704440
2852
-196735
668019
211552
685645
-998457
-184022
587690
-739829
-506218
-235242
-887391
161033
560512
-107582
250963
-387425
336473
125524
773974
-392976
-999902
258521
-744977
526057
570673
-1028
105938
805473
6387
401499
-191675
809652
69517
-980124
495297
71061
-164146
82986
331232
329637
847745
443842
-509331
408257
-663741
741632
-979168
672733
-132844
794806
-720243
-132746
53326
-465220
-606690
-376001
533753
499249
-570529
-459861
-99253
237797
-650209
970265
257673
845088
41325
-906473
-71926
-627443
423164
-224182
816399
913833
-815926
-847343
655465
-795094
825391
-477380
999713
-894853
389875
53038
-360072
783186
677037
-826320
282434
-893492
-286181
-816820
344305
63610
-846556
-398023
-91302
194770
-304495
836772
567327
-881331
-387410
383725
-967499
-203335
536383
687967
1571
361773
-789413
1284
466920
600462
-945679
-893152
383647
731358
-719472
-333919
837866
-5652
-150738
182170
-942043
2706
784148
-33344
-802525
-520348
-196572
764803
-401679
416018
148527
-369177
-787318
-315091
-681210
214254
-953318
-470623
-784463
513602
-870161
-730142
620450
513487
-998784
900979
-820433
839083
-104674
28829
21252
-46716
-968465
-194600
919940
-770989
285053
-276633
993814
883375
-860616
142340
-485802
-647933
827250
-167012
566322
873932
362366
781859
387534
492205
-948283
7984
5691
-947067
-91038
185258
892016
804288
-785913
-86732
-242429
-754378
718669
-322489
-525366
3721
400878
-531553
-112904
540263
610788
401294
892331
438037
-765718
458652
311969
596648
240510
-300498
88853
292228
707486
-905457
345161
-383552
279802
237177
-579265
493889
-849555
178307
739512
869114
855818
-785855
-127165
256696
-317407
759931
-203042
-706620
161225
-310712
731418
395507
-852061
43386
-7845
388450
742889
-918993
-319323
450374
-824450
-974162
-933178
455353
263016
-512443
-50758
413461
665865
-311246
282575
521683
-97101
-844591
-221622
585493
915341
575337
878873
76565
-735375
610290
-527928
-587435
-346324
464227
801015
-603436
545234
-518308
846939
720785
-492470
913761
176138
770546
-598682
-874621
184007
-932818
-185867
-533419
588865
717033
-378010
-632757
302525
-462669
942580
181398
613897
-792796
-208312
-914032
-380231
445364
550196
-579216
841929
95430
-97524
688868
-183785
410007
602628
992353
180552
-996054
-882269
-635441
-928871
-68135
-168860
659995
-351103
453131
-972763
951423
990462
969817
132820
604358
-822979
924508
690327
-203209
369872
240522
217575
211801
-664048
-879949
-99332
152167
530058
-496705
144519
-289390
-492758
262251
75169
-421629
-805885
906309
-761635
-156987
359439
-734398
-205565
349901
-764581
927256
-45742
-587559
851764
-355415
209232
221635
885108
-573193
-566565
-778941
-453142
334104
373226
-923084
837399
-482255
-212474
-655359
779996
862696
-76988
974112
769004
161377
-182876
128443
426980
611560
-521657
662400
538815
432602
-925160
390578
-922814
284073
-387787
962295
710880
45648
-816647
-742263
-620248
556580
-665347
-782849
-925676
122180
-438208
854321
-15125
484804
828433
-246121
-353819
-354444
882322
-926840
-742885
-639335
735560
795931
793268
810401
186508
870455
94473
798721
832749
-194648
-155631
-983898
63090
224121
572682
397744
441272
647007
-480077
-996937
501327
504799
487868
329759
-741323
-865952
975316
-859001
-792791
-767569
-498335
942769
-971639
-705067
753169
214870
-834613
-152358
13590
998137
652994
857960
-985762
-283916
82081
586920
-886173
-476648
233926
-366249
-473584
-264747
-861451
-985716
-934988
-602773
-851668
-959673
-461773
-644459
-727241
39893
-701690
-698880
334826
-948521
515990
500213
-100879
-470420
498350
-447885
-612460
512588
268199
469621
99507
382026
992974
-666567
-984223
-480610
68686
-845673
-466326
133699
-448446
-317993
174026
89782
37548
446785
-870326
335858
747906
464500
387338
263896
-35287
-713542
793477
-536937
-161427
-818984
975651
-893228
650638
75158
488799
643611
408592
504576
-836999
-522722
658903
-303325
610977
-789543
378682
-214998
300239
-583770
-768213
429914
752089
979694
-105586
139426
243589
859128
425884
37066
-677810
-735543
218082
-702159
-628771
-131281
372999
860028
-487670
-218410
364604
-324669
258868
23506
372007
-130155
233963
-249311
654847
-465798
166919
886635
964117
-80993
866329
-141470
-941568
109917
-282342
484317
-853018
39848
748774
365065
337689
-879997
-766216
-289312
980032
-253886
492279
344635
421446
-248853
-631860
-206547
620992
602104
544142
275839
-863694
-288940
162473
-899578
630068
28801
-41047
688500
-861282
676611
172817
-714299
-283541
-78409
650766
-945852
41595
884551
-235164
21626
-369335
-742885
-633740
-947890
8262
-265599
-154436
-370747
-663495
-610295
905092
-527188
100766
67565
-426766
-269167
-903635
532188
-580667
-764916
208799
592150
-479214
925259
-486259
-828448
979407
555336
-943898
-255757
-423039
-313233
1358
-56778
-261122
-990381
677623
584442
-361127
-985872
974147
-456036
-513060
74913
611529
60175
805746
707895
-407638
-774922
942979
801162
817229
-536235
726420
-669031
-364683
705827
886306
-308581
-549931
-536734
378187
451428
406489
-882936
461048
84112
701507
-900080
98240
675654
-356115
585180
-249434
-744587
-354646
-443689
963308
237717
-218610
906287
38879
-401382
-629949
-234702
-70412
5369
-528875
-184107
696788
-78805
279160
74975
-627377
-314352
192039
833671
769760
-106454
933592
-132001
-430801
-422524
-546821
319766
-167110
98533
876077
-203803
-663750
-342533
-297516
375129
256085
72536
-859573
-814327
-922096
-388448
1566
774693
532748
-719275
-150333
905371
-33626
-958294
739041
-263867
-64747
672633
604132
504452
-749892
-942690
-175782
82998
155844
-299706
879196
492095
357762
-418320
-132777
-386153
654217
7651
-200480
732122
619203
801087
506815
151951
-918189
-643518
57321
48186
-601811
-203639
784319
333442
-531006
388451
-162106
-280898
445762
662112
802101
-398394
-637594
681297
-906300
720168
-737024
-39077
-665986
917194
968575
133534
649315
587778
-65380
156129
-260272
16432
512612
797049
-935383
910801
-406590
848937
244242
62404
237387
-917865
781507
-316851
744247
583607
284755
-893348
264903
378455
826820
527880
-660622
-839166
445074
-692048
294368
94388
895730
-771012
-749483
-364543
245421
763129
-567495
310039
673929
25915
158975
-81829
-911681
-603638
306
869826
79511
-255448
453432
-635735
-148795
-281665
742721
-321975
-753785
-917902
-161141
691289
-609950
-866773
-214323
-714221
-637785
36195
-78763
607637
-200676
353742
-82325
-526747
-620343
-923350
391424
-532024
-526987
-608271
-662199
552524
136282
791234
916790
987488
-490431
659510
-334488
-244216
741609
504371
-552927
-868342
637598
232751
-582562
999814
-731054
338675
607450
68270
-307583
-474875
541523
72075
-398225
-67053
540051
74789
324677
877853
-372688
-539041
669087
-455898
-551554
-821345
-796388
113959
-65560
945221
-381671
381514
-923121
-744073
-385736
-505682
-744259
-116789
832993
863192
951481
-474590
-611684
493004
597485
-9908
-574050
137536
-935120
750628
15389
-307807
-788414
-315525
236296
-339968
-136869
439909
773991
797572
385130
-607680
179086
462009
-351752
793350
956328
-96010
-323439
789320
-232819
-371959
-685270
155498
-878955
912215
-854410
-453004
49751
-789530
-702377
-934861
-97336
-490791
-250385
-861041
169242
612747
578868
-56767
410318
-36002
335554
-410597
-573994
983803
-617247
-617667
-112208
59315
-828347
654974
687356
-513616
-189529
808401
-601402
-43939
-644603
448350
166532
-346980
513489
-930804
162230
-736896
-791844
-668529
875851
787025
274705
286169
-248978
-389742
875573
177029
-405940
-741674
559363
481852
317641
731016
136826
4997
-782601
947297
-186602
-384002
-96642
168795
-935653
-930110
821815
577837
-860914
-15956
840941
-652758
315516
716792
-865734
-409780
2960
-114711
200478
-121467
-937683
794539
136859
621680
276391
-545500
352696
-586784
459497
570095
-639487
-727106
-813907
263871
441689
-749559
333761
263504
828278
472848
-752452
669219
820091
563064
386010
954358
-846716
-611030
-160354
353763
267503
-98037
148301
-595638
-476358
-575309
-141138
876338
-162092
-681641
446433
198421
-408747
632527
-537708
-967058
882968
796053
296447
711245
268901
543995
380464
88991
107059
-233527
43348
260343
155443
882994
-385895
-577055
-215043
762407
-172692
308599
-812902
686170
184937
25006
-995471
-368630
-776573
-404217
-736104
-314281
-371275
-853137
-518228
925173
858109
750673
469167
238572
-160336
-423774
-994956
883013
836570
160488
766007
-549326
583434
-449037
-786919
-589259
859563
-599821
-903089
44500
425186
-898560
675870
648614
-302777
939766
-665668
325949
-913371
-183896
251121
944738
-433223
-279712
183310
406442
296515
188355
289454
133084
-651158
55460
583759
932276
606424
796840
-656983
465986
-802981
-560072
-489514
622206
-458631
-813645
270819
238593
-873880
605152
-435459
-787250
-578744
815663
-842513
-11966
-464049
340798
-605525
832466
-470848
683930
-34450
-122006
-260610
-450692
-189730
-654187
-653853
153287
811800
-456833
593216
-677715
-834627
-865416
-491360
436192
373178
-365239
41343
937720
-152489
462599
753382
4999
-549368
-710667
-654204
-154892
-878201
-125052
-470963
87349
752943
268427
636657
-436788
614241
982805
716500
426040
-474028
309715
748325
-308655
444300
-743035
-872463
-182522
-108274
168880
-244803
739238
-368521
-491421
-255763
82112
-202088
90033
927221
-80288
964982
-543743
-992940
717925
724685
643718
-718864
338925
626523
997637
-235036
-847505
307352
-486711
-156160
-248348
-229745
-28623
569130
661982
-859743
-675674
401219
-228263
-167095
-854545
853850
630818
235489
781070
-449471
200471
-762673
-442410
-81605
962012
-798692
199532
300937
827832
197168
-934100
980327
-495480
-420810
-175833
256172
349445
795545
-174699
11426
935802
149628
-587355
-292461
982533
-441899
-438612
613351
793591
-657543
-836120
-5939
-420216
-278529
912457
-458204
-77220
111988
842733
-249389
-690844
908634
-269062
-186324
-512177
555105
-930153
837269
350649
-104851
-151305
286451
-955224
261340
993990
-972691
819442
-444623
640660
613032
-102165
804541
-392908
477619
-473989
-480452
-980586
448791
631536
862148
-800598
940693
770781
-69660
-245632
-741396
-514556
-175784
-904127
836094
719365
-55432
122544
764141
-794092
116533
791450
-974651
671911
432110
638381
-430255
236650
-754528
-952636
762662
-234979
-933221
211453
-603443
928927
410855
-662751
699707
-658806
91617
958312
-173361
915834
-945816
-337267
635198
-1248
785277
399338
204661
-98190
190788
230010
-426279
-377103
-131610
143466
859548
113863
190830
622209
878884
257610
-166339
-724560
186536
-755485
-387311
-113757
-414290
704307
-155446
412350
620140
-101261
-924918
255338
897492
860360
-345325
102152
-237831
845464
-667839
335890
-531640
200551
-520644
-672093
-685587
670187
950117
-806703
-72204
-216223
-531263
-885669
28293
81427
575
614004
-214267
845129
26353
-594127
-256132
101436
661211
-358641
-38205
-684114
743511
723965
-838651
-924328
59855
-370290
276223
539211
-42382
590637
209398
-92266
783934
-862807
691512
-747329
-748475
-280195
334098
252100
-666192
-880169
97229
360162
-474296
841097
-538403
-813085
-517544
423392
-497198
-774034
147357
-335849
-698362
-792789
293862
577862
746423
-748521
168499
-44180
159214
-47567
93013
-149274
205104
344539
570531
-460798
-403362
904339
-340967
693868
264501
184738
534964
726098
371653
-982581
149490
874456
-756614
-703153
-461393
-454976
-495942
832469
-877114
-749520
-916052
291385
206300
243163
-756183
-700687
-906112
448922
643852
664419
988124
-759511
568758
-352843
934357
-166742
831895
469321
-440644
203548
486741
708847
78003
730127
-994307
616610
-724849
-490249
449079
-601963
-239768
533028
689423
966532
-223810
933241
-734156
-129922
382162
909697
-465504
370286
-849814
-896746
-982558
-915458
-63488
849337
553864
495869
52885
40605
204715
-869113
-229269
210409
747498
45883
720160
196577
443921
-519609
-270396
133343
-553077
505794
66583
-287232
-624128
-551255
-377536
-89632
819031
-227350
13623
836473
-142807
950135
685810
-588943
446004
-261306
451662
-349282
-130418
-777607
861127
-382920
268276
581287
813657
-287804
-938322
-456740
845540
-491398
-950946
-87877
221371
-575074
360868
843835
335295
179899
-383515
-651083
16372
473679
-700948
-297819
884737
745056
440876
336398
-604226
-689542
558792
-743099
-72462
-172933
838189
-258806
539264
899868
284455
384804
-591531
333510
-703074
629840
758436
657795
473675
93731
-162306
-909840
442648
854066
563840
741701
-443753
448576
486757
997123
-215026
882532
-692420
-656235
-860567
235119
170832
977622
976313
-289904
877489
260768
-905100
-714042
-405723
-608174
915799
-647287
-950379
389473
446444
-112685
479634
-110908
-258620
43473
-369208
297627
-507952
-882451
294750
277022
-999920
602331
620788
-860487
-162551
-208381
-882866
-186239
501716
994624
-925471
596616
-719418
-331193
988443
-803620
21520
-961936
585853
-532036
-74621
65487
357056
666760
-891041
987849
-35613
-398992
-894603
-740864
878031
-894523
861468
498818
-755009
-301084
-709563
-637874
512678
792153
-643251
587207
388769
-362669
-743987
377212
-166289
277534
415276
-580436
745498
-659346
485051
102554
-992586
594011
90402
-28199
-804982
195800
230938
-926952
301277
92405
571866
546268
791322
862303
908394
303999
654456
-734857
-108794
43225
-97525
147220
-579564
736187
-575247
835712
-844249
-829749
-823634
640803
272805
-816219
234813
-636793
155583
429832
559007
-613480
502880
-139716
478926
74746
-593448
270248
-62951
-685054
-425754
-408496
-419911
465452
634729
482565
-387329
-944835
218751
37425
890877
374503
207676
-932757
15305
-519519
-748976
-749882
-156312
406607
679950
-597305
793128
182829
262979
272054
-742425
669531
-457699
194624
984477
116548
786128
-435434
-418001
420857
-952870
194671
476022
265882
-767905
366899
-359616
439772
434142
655690
920253
685166
905808
-236059
91773
585757
166637
-115100
-231414
-570385
-843047
26161
-900854
-300745
-779216
-916378
815803
-993088
-351811
-602199
427770
-304681
592473
-96208
961202
824568
-729310
-398415
264340
704833
-742726
184592
389999
-836918
948534
-518229
748839
115170
366672
-482575
544786
523626
543586
643932
-777120
764371
727555
-961318
771284
-624257
-563516
199054
71063
-971043
-897155
32264
853525
-626464
633849
117864
-921631
891124
-697544
468368
-945794
-749010
950140
803046
366161
316811
-679530
-89054
-159564
864057
-445122
63317
628428
-717568
102000
399711
-341824
538484
-401235
729239
567442
-298390
-238498
420966
75147
-604649
-461170
153516
-713525
-158713
-378117
-659319
92278
-427977
-856274
-541562
888834
-535804
369385
-270730
-671748
924263
792588
956681
-793305
-105413
356392
-135129
-566929
955157
-405891
-999488
-343234
355611
421479
731913
750962
960309
-114571
-962564
-198404
507313
-621882
893874
-920665
-478156
-647689
968170
-13960
721696
-302560
314293
645959
-509973
270974
852654
384614
-372635
-282476
817686
-417479
311634
818198
239288
-332756
239676
-28799
-581794
199985
856630
-544357
-998419
363942
-166239
895456
443278
355605
-752234
411447
-658355
969463
-891113
655939
615422
-401086
-73087
468075
983529
554278
-814401
801214
-863202
497233
619412
376086
-835523
-140912
-652714
-417317
-940927
-796084
38327
-939346
567858
872089
956110
11135
227694
-796124
-577418
569340
-826661
-468531
225278
788762
130384
-847809
256837
113913
706469
442436
-84873
843267
-60331
-465462
219353
104146
393627
566640
686830
452700
770556
-274843
513355
338414
-402755
469465
-650451
824939
673342
-227869
394278
846682
303601
-380444
635443
-566015
-228253
-107721
547898
-521785
-665285
-536976
-678518
274384
-2437
540836
-621470
-608810
107475
-934641
843891
-121969
-209484
357246
-783556
387761
-173289
-434007
212700
-499948
338125
-393023
-653266
-358275
226533
982178
75711
998281
-125543
-376391
-523504
209172
86633
-202022
-516444
-915804
-661186
-137914
-524613
446290
-72554
-680723
-675680
717962
676524
-459236
105723
-496766
106757
-681577
3287
-555118
-74600
350021
86608
-848067
332199
-837682
-849786
-793345
-214073
-373290
415828
872561
424689
899385
956758
763503
-238530
-567856
209792
688916
-248578
534112
406878
-572055
-925124
-487399
-68821
181633
-168976
934466
626516
756425
284487
-286877
908359
-383314
-124559
-941428
-176659
661368
-314718
-760831
533929
-890030
-861447
490686
873474
-99976
922831
83265
-411060
-325748
-382623
995819
102197
-307747
-491580
-966624
873887
339445
967843
500402
95869
252329
-786476
4227
869016
88966
62799
-307644
-249666
748082
-68474
-715738
858053
70080
774949
731526
970104
697779
-185210
-440957
-627970
432168
-445138
474228
-875580
63282
507605
998308
-597274
475447
498709
498595
-272224
712234
-497178
-403209
-198801
565622
289148
551533
313704
-779326
835795
171756
290754
610743
-96719
260857
308522
718072
819901
680553
150239
-625238
154780
274660
438045
-337615
272967
840771
-862169
-228325
339366
-134392
-516091
842189
462399
285108
407810
-248453
-163360
-278486
-27779
-327565
893270
-737026
-716822
-203450
523832
591701
-485378
343732
272253
664861
718495
-572967
-60479
156539
89418
-787513
-2690
227249
-15837
-663325
-907143
468072
-821137
555256
-246820
586674
-693197
589821
-691813
279024
-737744
-798544
541999
-454566
-1993
65830
-862865
512630
-590438
409388
177490
-871943
836421
-882989
284596
-74162
-670502
-718094
-846913
313662
-381419
-754056
-218266
-202555
801201
534914
-615881
-891997
124734
-307694
387027
386990
-106237
-70975
932425
891771
994856
-930441
404400
-595583
478947
-418110
-467526
315367
-301099
817071
-758795
28400
-901024
-605708
-657939
-282442
-359763
123795
515004
-558563
-341292
899123
-450560
783443
-408571
936468
170432
485192
-134507
102856
376963
-139652
172416
-218638
264766
-348638
363253
797241
966730
-937847
614312
-792066
90554
713289
-397773
432615
-569154
242464
-443590
945851
683902
215119
844973
-766659
-1439
-563599
-830191
-831008
921594
35302
271849
298556
895651
-555736
-920082
160417
95627
443171
-42343
62356
505325
-428032
270291
-404122
-714744
872518
-971508
-283897
114982
-415097
-338047
-201117
800022
-493075
32225
-201418
-56673
202035
-32425
-135080
-762663
-760577
-836524
-867013
-316312
-756606
293404
779315
686566
-748939
-158330
191890
-176971
-888040
787768
108286
984479
816261
824389
99461
-598837
-513658
898345
-798815
-6732
-69430
-233
936595
-867396
967342
-198485
-630059
-793235
-35009
-497071
-109547
208386
796334
-330233
-105049
-952606
511438
-913160
-129577
623399
874609
978709
607878
690870
803098
-292662
-907967
-710561
-394318
-706782
282707
536252
292985
219302
668857
260327
-979184
-961202
467092
-14193
-458273
-642456
-805808
-661940
27312
89144
-614546
-461251
175984
255878
-837852
50593
234587
770026
-258538
37684
-522637
-166505
327124
83046
126713
-390169
-380702
-580302
829133
-711845
680025
849950
-673047
147116
-164244
-131320
504661
29949
206740
-468027
-880908
592195
70723
295077
-151928
232871
-654330
-917341
2896
87132
120344
480260
920628
-552533
-436694
47340
57299
182604
467039
-113569
470759
147063
-263620
797712
-705821
572137
-333608
798841
-397914
873133
-669187
-278821
465327
401536
-983744
-686601
-365593
-638074
-603942
637303
449059
516402
117562
369686
963870
680868
-582974
21168
-136528
884065
907600
-665769
31128
-356020
-868057
325308
-783883
-201665
124148
-181796
-328533
454962
539383
-863207
-143502
555640
-549807
490905
917566
-153748
128207
366624
-637346
-754231
-263690
-673477
926638
153336
347692
-209890
37400
255292
124341
-931472
899272
256284
393836
-884611
-945382
-482016
-66407
-273914
972946
-527024
-137120
-170557
-971384
313073
-679653
946182
-840676
448555
312806
-478022
694325
-950885
-151498
620962
202452
-803806
-588928
-760148
451486
535413
-691620
350758
-208303
702216
466147
-153684
-779801
-600260
572402
-806855
-127284
-564719
22588
-98668
748354
342936
-152486
907679
-208509
-839680
-570343
-514185
-790564
278160
-893223
411888
474354
-482151
651740
-74161
-946738
960121
-723403
-155040
662336
742744
691276
882536
-857517
263677
-924320
15200
698958
98269
916533
447312
-558795
-235953
354991
232696
-75632
784648
718512
133805
62807
825290
-454307
-462839
-656862
-802568
463001
-603599
-842447
739598
241361
819889
482341
-67364
702425
624825
-803687
778106
-359975
895272
-123625
-443442
342584
317580
320605
-302426
-449724
-755027
-517778
-731213
378778
545030
-905924
924471
-917810
-562785
-878097
545191
-166383
-720544
284788
-925022
-900655
-232872
7614
801770
-608047
203928
579875
31978
99199
-543751
588536
-558218
773830
-90859
139357
-675895
154114
621579
-407107
-467109
166608
-313030
-542638
248798
124186
-420735
-206012
957803
-141279
-921224
-967220
-41934
-154095
40395
-240164
237858
-755677
-660289
-730164
343523
-204039
858372
785305
-430210
-232488
-75338
-106104
921627
-453760
486790
-545482
712849
-826240
-88120
-38354
297946
491146
755635
255748
-650134
834412
288529
307933
-319684
-671076
-932231
918174
-426753
-592520
-811991
916770
203441
-953619
702075
773232
-186106
-373264
-332872
-264480
172977
-846083
190039
-114175
-672323
-898082
847472
625623
593064
603107
-118629
942931
437518
-830100
250864
-882167
-501176
318633
-963993
72071
726113
-775983
-11159
-70446
-729602
-309085
-297215
84293
317652
369913
819813
-509372
523830
9852
376453
851508
111770
223925
477131
-295166
-172968
-641498
-352235
-735451
-471597
898629
-617617
27227
217261
-581609
-900702
-56626
-357592
88139
872928
-87193
779055
-424287
997100
96706
945626
816913
587334
469456
-173236
-36213
320964
938535
-812288
-201906
-356631
14744
156597
291134
279293
685000
189763
661677
-287773
-592976
-919933
-188475
350398
-277524
899665
223326
635284
678719
799039
632383
-224576
744665
449296
-637242
214121
-723940
326545
-464916
-785406
514258
333179
-142037
-470999
-510225
-850903
808295
-825226
338860
469971
-112999
745885
550039
698527
96283
-727485
598191
-680392
907799
276910
-881353
540182
-947667
863313
-10523
-584908
77433
265537
741638
612517
480132
255895
-54305
-661905
784896
435470
-512807
593190
610245
826054
63161
-502754
571938
-386800
-804228
-331780
-114284
793964
-12171
-206486
70873
106477
-666304
123207
-30211
323174
538299
-952779
-411289
279936
659739
-931158
-464170
-394567
-593062
-679274
-959097
-105869
913917
651149
-279816
-22922
-851606
-707879
590278
-655833
-39658
-524007
-861870
948172
269508
209003
54648
603205
-667790
-975563
-73622
870509
-928341
515089
150445
731398
583932
686276
-663169
990870
-992998
-622265
-114999
920919
-971117
605185
-102004
-822722
897307
-511726
-478555
-142351
-35732
-340424
-194180
-766224
868580
860469
836981
-799211
884906
-236642
-928702
956566
-721553
221743
687963
862379
-91982
-975206
853249
-84980
-597471
-261750
-164061
-568587
-656566
733936
-391309
-759259
-777790
130137
98390
186478
789713
904211
420255
658292
764680
257235
859081
649586
-979407
930379
606151
-700960
152122
294114
-838581
-939860
318908
-985332
-24839
721438
-247082
811100
-847150
96353
545035
-238458
337094
767245
891679
-564516
-46277
681392
-660305
-626023
339683
-895626
631213
198764
753960
651806
129143
360111
950847
-718735
-345776
-887735
-658595
973133
-873066
316566
694570
-120147
127665
847421
976206
-327300
-391038
313300
-560055
-499359
748785
393669
-817968
-911521
767646
521715
-807146
398858
-279521
946815
50664
849623
306925
1510
-869113
961150
113776
-527708
934282
240711
788858
628851
-879437
-83477
476271
-903232
589224
-914767
410069
-970831
-414126
158853
422838
-232094
247333
190483
-710379
440188
-410659
10100
387002
640006
-140278
-306073
-358485
-9391
-344924
755292
462901
-410643
-3998
251759
-781793
116565
-831718
694479
213334
757506
779712
-376598
786676
-634415
782256
209513
133492
29588
-600004
423113
-530225
-10663
-566788
856778
-370657
292935
-449296
270859
-716456
205780
26150
746445
795137
-977848
-1796
-986656
138717
166487
707824
-647949
-76008
487536
-24547
-289333
853122
-242292
920181
-13387
787297
-679824
-590275
-742929
309514
-157062
-886151
938857
-864127
-335447
209715
-580583
870333
-764136
-834139
665470
-741983
164066
678815
396734
-669448
386639
748786
254545
-125826
-275761
965213
-272705
481948
885393
713908
269244
-794431
-876367
526316
515083
-33428
640165
453939
102445
-695282
-336346
521862
-824950
-100481
687724
840521
157536
-148211
519336
-445730
182342
-94026
-696945
-563113
780149
27294
-597901
-492557
-490758
-712508
-778649
778486
-506939
-655015
304802
-991857
311557
-55033
462083
-585998
249685
-874264
935864
424736
25255
623587
265257
-817210
-524624
-215408
-262940
657719
690567
40116
-905395
470715
-932590
-503295
978159
-423348
-215802
-800490
-644862
277259
-455505
659940
285403
856053
-395094
-252514
-729946
854592
-126778
-794083
279327
898478
829505
-455417
-918732
-695119
329176
-181671
962600
19742
858445
-942795
-509544
925856
-446089
-531385
-497493
338109
-331875
-142355
-384632
212620
-482416
900771
68673
122491
-351744
338727
-22918
521479
544645
-743591
419957
374149
-199008
501225
679031
-869833
-680446
641631
149909
-822001
698836
640366
-896146
-747254
-891019
-393639
590856
-222894
464006
-793777
989727
981591
-893007
58399
104082
-244750
-602875
-918837
-723271
941771
-662428
696686
315920
138565
197911
-5050
268733
517465
-363420
-581359
695465
-664584
-940993
799319
-411837
-832012
-594321
-820982
-54905
869686
-614759
-65179
851276
-507765
993220
-44643
247486
-609655
36521
524215
-667885
374094
220901
648035
-487342
-581189
-357015
781391
936277
279565
-799968
631741
614981
-740960
431059
-796857
-572971
836739
-617838
372124
706424
-232597
-693055
557700
259639
-699836
-486943
-492876
-309490
549578
-968661
22626
-76328
252240
-329339
436331
671052
313646
217722
607328
-406790
417754
239069
-791809
676795
-329872
-588665
-896176
-493134
-206503
475948
-786710
560901
782893
770991
-179460
-916943
-715953
327664
-226432
833626
359004
796194
-242703
-388757
-533145
-806372
-717705
780501
411350
889623
-626289
-170896
128692
-418098
-494102
798820
-6762
-390278
-694314
786736
-914330
-481023
347636
868564
-710033
-831825
951622
-425985
495840
-274811
-592360
-145157
-478617
164938
466087
-11762
358566
748382
-231261
-230085
638005
142450
599020
-233304
724353
-895083
-434484
-282409
-285360
-128797
-495674
-199690
390181
851962
-331126
680149
-979863
-379505
-745837
515978
345685
-338196
-629180
867069
826742
836908
-144693
185308
585289
624046
955224
223293
-233504
554243
989990
-509151
659161
-444494
208440
-626200
426710
712766
174111
-183110
564728
842985
-502962
584865
-536521
-248799
100843
809165
413006
471663
676233
239747
308570
-468461
-574945
-106141
-844416
-619721
-882849
-77919
934522
-892859
412930
593683
-337353
-378631
967483
-910644
-665865
141594
-93753
898863
-15422
403285
483728
448058
-845514
-415430
257222
567492
-943767
-66545
-192761
364803
464994
232295
-741338
620579
612574
-624187
-457341
547096
-517046
955589
140778
145602
-423042
108261
234959
-88907
-750146
-858795
-190044
234432
544491
-706317
-317510
698978
-121746
939712
266470
-65513
-126833
-926292
-700710
-661840
306004
-442048
958739
-81423
-66235
-498602
-534328
416720
-543013
606451
-437678
33946
-285289
797282
945039
-35435
938487
-245005
-801004
482978
48678
-118514
181955
926932
-178802
-551575
-138581
694365
-477866
160709
-967475
828138
718661
991265
-253286
-347574
-507338
212387
-930854
-50350
-181163
-368531
983596
533549
-571250
928635
-501887
-632763
-316371
-302890
850215
732308
578596
32170
659240
-600206
480595
-479342
-905841
-997272
681367
-873316
830867
400028
-882051
-422419
-947546
-389389
789968
-878399
560262
-391195
-246930
543858
-857647
181820
472492
-359533
549057
-843879
337577
399272
888429
-83827
-568559
547669
315967
912037
-931674
410127
914766
749694
536812
745632
149722
654761
-676788
202176
-734628
-886820
323777
825634
-278014
-923153
369491
-135660
258667
-158017
504807
-192276
-1895
-157616
-793005
-113466
758557
-361564
-565798
74524
-449528
-497471
-515350
-534762
-747778
-978538
-789131
401945
676223
-465919
-395879
941595
-352738
927899
767229
369248
-995255
136719
-766412
263413
978703
738396
-928864
-23193
-419221
-721869
863341
-660665
-83432
-702457
413860
467041
-199928
898510
932279
52295
919972
-856853
-545761
596195
-322771
58361
537789
324492
-13741
305017
-306260
-8996
-558264
-72672
-745583
-579561
-334277
-674447
397246
246503
-396315
260587
585838
520253
558130
-303
-12707
-641798
-101793
-80429
410497
-181821
62719
864737
-585627
739948
-76903
952163
64439
909356
257180
758180
-99640
698916
-314493
154778
-880646
351231
480331
516601
-402267
-915985
-222812
-816430
604268
-664683
183268
-408439
-306481
-918525
511132
-895984
-100345
-426149
968753
314029
-686202
-108150
266191
378238
-198794
-476630
136417
701567
-777714
821925
-143656
-658359
173155
-663326
858243
770889
-579310
-364570
954460
-975042
-29253
137727
-383481
664267
219203
-872349
768284
-881143
-298497
737036
432886
15302
-371114
-300923
-606461
430092
222448
529957
131658
444734
351882
988002
786376
-474964
-675324
644618
-704076
-254634
-719953
-749617
-229675
250795
388111
386845
-84938
-392686
514497
-316655
-273829
-784001
-579619
-840943
231301
49267
-141866
624841
-520642
-919419
154798
611016
525316
-493321
599018
311691
31716
923694
-43692
327641
-330940
236355
578025
439386
-512851
-33865
-173770
402211
573450
-659273
-914444
-700380
-443274
-494063
-541323
788028
555204
316812
412868
-965438
397393
-432335
645578
-77291
74344
244596
-765601
-893941
168289
190707
433700
837350
-572939
11725
276735
-85789
977860
-897036
-683578
551309
-556309
-598022
850930
418
-92084
-690393
-211555
-536881
626420
-798687
-502318
23813
-231022
-856741
946522
843323
387856
-819080
949383
-443856
371627
383083
-606507
798689
-605193
670229
-287100
-627333
773194
29322
923977
-783115
431301
774906
217303
-660784
-915487
-994252
-197665
710933
-792939
300017
-265255
-23960
443277
-318734
-180637
-168867
-137813
-231255
387277
-766187
-848172
780771
-967498
-453365
450999
-254598
-80698
224193
774725
-156721
441078
206025
-381815
-341619
545241
-297302
-335871
-652424
-586369
-128809
647594
148376
847231
90871
829643
-333407
922004
-308171
435339
309281
-74357
587167
90052
-41854
-866199
-458949
703548
53104
765244
478273
896384
206321
-315703
-485432
864702
-770462
217266
-471169
-422885
630898
400022
-775291
-220727
247253
315580
-391084
913846
237584
300746
349184
-453136
-773612
-63649
636916
184534
70153
-822034
-111918
-876744
943210
-633645
-980361
149531
50653
-465792
14233
280191
751474
543064
857307
382372
-56915
-917985
-838355
-809663
397596
-229439
-895817
-364821
-928694
453368
182044
-702305
-610282
-181041
482230
459871
-3074
-629689
583128
-59864
-263334
602768
-910334
787320
-863025
103899
67510
888450
-353037
-75183
270821
590048
6832
432466
780386
-595573
-796974
884569
39607
-725667
337937
-778350
-427972
727655
40609
-945743
187526
-962465
-575431
-229347
-22329
161236
-626579
67338
-51445
-489604
-828763
-983935
-601155
-181800
-59118
669667
-591752
947715
102132
-811367
-647859
305159
-926798
391748
579492
411140
613399
-848480
138795
-345993
-794222
-673680
-308457
-369653
96974
669215
791584
470395
-263448
-259862
980791
-92210
-243797
-620364
725990
697086
-950698
-865762
644800
151435
-677128
996942
-543407
-603925
388690
-963915
807215
2088
-812394
-53991
656096
-606616
272329
-652362
23732
-630697
-983148
-184685
839698
-246595
555454
820489
661195
-688344
-799875
387185
-991258
-750572
521423
653542
400863
844296
650483
857457
-759630
39172
893542
-952416
-958740
-918853
-6406
697356
-525468
-734077
-955006
498264
-364774
-938154
-686421
-525076
-184748
869033
-704588
-523554
-819311
-504462
863632
-810569
-255034
385055
842973
-854172
229350
493456
-996716
469721
-467372
896827
517306
-426112
977975
-489101
-728756
-547494
-223178
-683762
950771
412049
-621916
-735651
886973
193336
-866619
-817616
669783
-685930
-322077
533414
-496499
422889
-81531
-653526
568717
-852182
839931
572002
617539
-627442
468828
134844
-53553
446802
645744
217691
899309
-577435
533929
850079
834614
912014
-885572
721587
105350
-752191
903972
-224867
-438120
-418106
-691453
65381
-995218
227016
411856
573500
374835
251786
145501
-7626
624345
-385671
-872783
-429209
-938869
772962
788482
960440
-804473
322411
810519
-969859
234424
924947
751728
-660226
-827244
655699
114907
-265364
-762408
423454
800018
-757626
-349531
211873
815874
-974696
-536341
-38625
17678
-911997
575704
144896
-341206
636835
-82143
-552724
597275
113384
769687
407793
143525
4111
332740
-104748
343885
505496
-449049
-541208
-759869
-211457
882246
-959852
30918
-467285
252021
-153208
-441981
715680
808167
575697
803684
383871
-279407
-537523
20706
638450
-90247
-382020
-248167
-320560
-974227
895359
683551
358513
-209389
27435
-135992
341562
486227
104139
-869896
368473
144288
161023
901189
-603692
-992186
-540793
-888012
815982
-965096
915673
199853
-244503
-621851
-779442
-606053
287903
-161462
145781
967343
-135688
41139
650893
-777176
831750
-321672
86832
173311
-835445
-809029
303416
533028
335259
-535562
434217
731568
-527747
893424
843557
-711766
928329
759229
488087
-316174
-862623
708646
77773
425281
-452816
-776447
392623
411496
264693
43515
634320
96442
721844
-278848
-730247
886399
-87877
573169
419427
-752619
-962393
-146357
978950
-490140
-252933
822506
-201905
-324604
581735
-713818
359222
719112
994828
-563005
144393
-457989
-339452
-462985
953507
925241
580531
587827
21683
302374
-691022
291436
188773
221102
-135396
-391800
468484
-97788
461844
447433
412072
-791090
269939
-789834
-115693
-148327
-503652
-756472
-429215
-508824
-319477
715178
33188
341072
-747808
-13305
266313
832723
-425479
-712005
135097
-116500
579432
-676131
-895399
-555964
-67930
573085
346248
-606087
20518
-241681
-397177
-709544
-31514
487130
142129
464835
730659
712914
956011
-588818
428092
-10801
752255
680284
975894
18567
513007
-449586
306563
-351896
433914
-114005
-28027
538515
330031
904044
111600
-323722
-702044
-867883
434598
-99221
-577427
-596916
-612091
564703
867919
-881432
277617
823930
-470250
-294292
-186872
-717995
-614008
-210979
300572
898999
339435
-392865
-452898
-226651
493130
519076
-688136
-176839
423119
423464
499440
721076
555582
-65963
-378146
978156
337122
9764
542858
205040
128332
-179525
28969
658083
526183
842098
940088
912176
-368882
240660
811175
970554
847796
-641723
-256097
340925
877354
55767
-835914
300473
-520769
663526
21548
-965188
-402437
643402
-987033
934685
-346834
555826
139724
781499
-623699
-831307
439582
902485
-989209
379670
814660
-358090
-379671
625834
-387537
-531876
984112
356366
809050
861465
-587867
973137
161937
-108636
636662
-816516
-73823
-765776
826887
-60855
-831091
-519947
-505030
308634
-738449
-128728
477327
701133
-226244
488119
80803
-411585
-869972
701132
-785751
-257509
-830744
-801640
-901143
978307
-940176
-489009
951443
221762
402355
588105
405246
-671469
822330
232133
267677
991239
712186
762648
299872
973737
-366081
-222801
674870
407675
-734683
-244328
996091
-604655
-543196
-789660
137837
-373939
-591300
236695
-395633
-531475
747686
-444190
690288
150040
-856086
95533
478572
966245
-672334
-253752
957483
-960149
-491104
257354
-986413
142815
-965447
688458
-449511
-700130
-555870
-453420
-304785
-99066
-243080
833053
526995
165621
69747
-868638
634147
-182568
-312828
324434
967473
-168913
-580033
446045
-202669
-252367
-807707
-245186
-212516
-298811
-987833
-198928
844004
-953280
-510471
-605507
-653409
-66340
-58927
41807
834594
697994
-125141
361589
-136386
944606
492951
-502239
-237962
-819877
822195
-270490
11210
-757838
-824445
808542
-10205
-632152
-436645
777280
69037
-424477
-421648
-86960
-377756
67881
307534
-31165
-998460
-751393
-989359
836135
946601
-114500
197723
-189786
-169894
-309326
307975
592145
-129203
130170
-678345
882008
372332
-502790
690550
-637873
-134942
-746096
-860593
934095
-170572
-282241
-152865
451672
785641
-845331
-579494
787182
-596724
-568852
623317
-650124
316649
-178961
160091
-853246
511714
-531934
738900
-617490
598236
-939446
-735482
-29432
-442236
955068
332696
422822
-791028
472104
356917
38400
-810138
-795948
-509929
975504
-641279
-89423
762686
-238003
341725
386002
111874
-341627
-792960
-728036
-194872
718755
-259970
-455973
-898736
-661734
-395418
-634218
308835
162346
-679150
-358469
-414833
-470178
-886366
942085
568222
-696503
-853864
-941708
-721000
-495142
-31130
-958315
266855
-689405
427688
-621272
-31031
634729
-349307
774098
353483
390724
-681875
454747
728990
-77293
820530
37825
-914948
-858620
679356
-329780
-328798
792990
-387696
-760577
-903513
-241559
-702284
-624512
263299
266586
-582826
-469846
577182
844862
-91117
-453850
479590
559576
-679753
-166928
-49701
-361628
-712181
-320711
561080
-891651
717114
646132
-750271
396469
-683648
-79069
189459
-71344
160355
285947
687098
458072
661435
-49604
-275342
-921392
480551
-698161
923470
-610567
-152011
403060
949010
168237
-763869
-100691
806610
-476049
578598
367689
-367700
295712
13820
-117971
-307819
330172
802961
881641
-741172
-36684
167587
945926
-578613
-170979
-103678
146045
-92370
-623128
447885
-168900
-233694
-704127
-765841
-284685
464111
-529709
614625
270720
-5758
193223
-361592
626542
-511066
652228
-491429
181115
-17600
-688468
62756
241228
274849
-769658
187154
696236
59364
-916525
-157719
966994
-539652
-709835
-201906
226654
-413961
32254
941970
-949851
502545
556594
320869
-503213
-250184
959277
-876672
238751
611505
-368100
-580134
-406096
-56567
482622
835133
-781719
712965
22287
914518
-227672
105763
-243202
-260678
566111
46964
537416
-207235
633004
-430331
-265266
683153
-927786
-708672
4022
-430999
41145
-36701
-307670
-720105
-425197
324231
-300239
168708
-732337
-817617
3841
-514056
895348
-973873
-599539
-332325
131890
157260
406998
-301999
-795776
-55586
490766
837228
514084
-774500
520381
586298
-483172
-475598
-844701
557974
487701
-152371
837869
-937496
-828141
-462370
231213
-560478
-279987
-764947
-74533
-384639
-738819
325929
283037
393072
-516811
-309966
-908928
-312587
634449
581839
-475360
148532
807339
-954980
-265170
-675833
-430577
-109871
882141
-942877
737758
720010
-880372
909618
-742361
350841
-650860
-22347
585895
274607
593014
847076
-399464
-123949
240147
83725
566085
331220
771138
200533
-86942
-704222
-650935
-279604
-659201
83895
44564
-89777
974024
-73296
-32654
711782
-353286
86975
621399
-95647
-562185
970540
882007
-976290
245147
475021
870786
845683
-648929
110933
-70592
917157
-557847
-299454
117690
355211
-3676
466755
-924393
337124
-449350
120171
-752654
-475327
-953125
214693
-763545
-306411
-698333
857855
597943
-260517
828394
479950
-236807
73540
-45029
-366021
-80777
306042
744913
848631
223199
-812934
-450824
-659111
542277
545501
807644
617885
-117376
-641707
-261944
129971
-117033
-215069
-655337
119423
478521
-353669
-22723
76464
385815
-194329
-443586
-850992
879212
511385
-217012
-201566
-182573
-472100
-352935
-959375
-285033
196241
-618486
-742757
-258259
-810842
875129
624366
-452548
-386816
-245664
430420
398116
99000
-450158
-123363
745331
527120
953102
131145
-667209
-490485
280153
-787998
-979101
-936860
10437
-161674
-408959
657502
-121048
306008
-146257
260466
563252
595485
449625
438381
219851
997077
-948435
974188
427497
449681
73187
977340
-673682
-181482
504459
-720581
949663
837251
-211066
229816
-950748
-190167
292957
59690
648160
883999
-282808
-472889
190007
570936
787578
-246742
166420
237202
-808361
-613729
234279
-756796
-639542
-338225
692886
433645
-360886
-980797
-747838
-856427
-701377
-798175
980825
87557
431642
-969924
897391
-275402
89767
545550
-391404
806960
-927339
798603
377895
860239
-448139
-455685
97441
-256500
-69414
-668281
-13295
291044
-6505
-320410
-275312
632610
-301207
-23149
776184
-2584
178677
757008
-915027
-389682
787085
982365
334916
-123148
527914
943513
-316189
600576
742116
-938295
460814
-706024
-393980
-441745
37477
536606
-110025
-975819
-172351
883470
-296229
552338
516080
402565
-470811
292264
-600019
707866
49271
-515046
-681817
-163644
-532682
653100
713208
995233
596613
-602982
595808
338728
-541277
56622
632705
64744
614878
-329818
-398651
-495148
-305637
428999
-611678
398135
-18663
904402
-199300
510527
196665
200681
218392
-754064
685636
536576
82292
-847046
189676
-204501
-851814
-213712
192518
743995
-874985
651242
-199383
757721
-284015
-584506
-572098
317335
-79654
122266
-253666
308668
-479599
727672
213070
321101
238198
-590266
-478218
-543410
-344330
-792583
993167
737963
-639629
182842
-466539
-491442
969131
725980
-747447
-905854
377221
53170
851867
-906794
468665
-720232
410541
-610989
402035
-843125
697679
922436
884547
-89251
243537
122745
320484
765319
579336
976155
972737
572502
714117
-666892
-244656
-752422
-158334
-275526
973558
94219
-181380
350779
-852611
-329514
443985
616054
-49745
-145474
-994936
-647710
11401
702744
-725275
-104052
-386508
518263
-981308
933976
283582
598029
910131
256318
170530
624247
589426
925874
871825
-568908
-349653
845383
525312
468968
196161
672701
-860546
-359855
288755
89710
494672
293819
442000
-493928
-3437
716726
402021
610056
234988
420714
544032
-481431
18742
454162
774887
-810729
78408
364313
-884855
-49767
795406
-234507
-204384
320717
-765540
991777
-6582
-626086
-368078
-717827
463624
-873406
575993
-94377
-367333
-427445
-377652
-965313
-817390
857337
455402
726642
-624095
-525857
180804
-849208
-336585
-740788
515106
-221440
209445
310511
544053
-994939
-368772
778514
996839
624647
-847573
-371239
906820
616052
-244645
482812
-478326
388022
-944633
144023
422710
-762023
1359
-121889
964620
377265
352254
145423
528057
-984331
404636
43163
-205771
-385919
-646327
-661718
-380858
-15098
-883205
-384020
-390451
-730777
244741
-483632
885275
-999905
999181
-593052
388118
-945453
550972
-189173
-707475
-447669
688938
-742855
929596
41192
402569
457653
56861
-192796
-499185
851091
421285
-145511
-810627
-959574
839391
-693832
-343594
-551061
-424608
901148
-34692
-539334
901244
-35511
-132385
289361
19036
-581414
-899813
311562
-29082
789126
568707
-99487
-169683
-28725
-641835
887179
778480
-141020
738269
199764
713470
927642
240191
552860
-766190
896598
-998201
-190798
797745
-32892
269868
698988
931597
-862517
-11651
-49367
-443931
88536
-737806
526987
-122338
830902
-572500
707979
-197823
-214334
595157
-419344
644647
333426
780420
358116
261067
20611
-89024
494877
-82792
-87225
-695921
-285048
879884
573947
-586060
811480
711430
402289
-237888
-732501
-509175
24307
794487
368487
-144792
-778014
76466
657385
7653
-328378
-761960
-347701
-994952
-981540
-989586
266115
39071
-78610
-239008
956279
834166
65071
-328769
714049
-360982
85172
525528
-649553
-512540
-712360
-382053
-21714
311947
-587566
-653227
-832845
-365579
423239
824540
642074
-905139
-937420
-705628
-900091
-918960
-695214
366025
120112
226177
-872984
76391
60342
192087
747623
-225609
831105
-167206
-700081
-818448
320255
-412440
-200500
-701459
899508
211934
-354686
-933338
846355
-931448
891203
488428
-836586
953783
782801
-736677
-965177
-912413
629348
154936
313764
756365
-768674
-625894
-51549
978950
148498
-220444
-188257
448417
-38891
-868002
-964024
760610
-569461
935484
-27457
75853
-997854
-181102
144406
893349
-692675
307821
847132
-909874
571144
881955
-822287
200492
36890
491478
-43144
268217
865585
905308
247166
14082
-315136
-941091
-537501
645974
-809092
-501524
406583
-378553
-566041
-620875
697301
-563894
198023
-158293
-670546
505349
-850473
-823415
595476
720672
-941460
773189
-78837
95431
264667
878020
-636352
130251
783328
610815
-855667
-531809
669724
-393168
-885836
860632
105308
520748
-517921
539268
899873
-820620
975374
97896
21087
-695172
-396755
170615
-518587
-801280
-108714
-460046
971910
812450
635385
236577
690470
999033
-633173
473797
609848
-488839
941989
279571
117993
-943847
140203
-776699
576901
622283
762569
476773
801663
737943
-425331
-177251
-957230
177915
993364
-475816
376636
-115350
64138
348545
-302901
-300477
-414879
-612432
-301444
-48051
861365
-691597
463110
803354
587975
-418897
859507
-271822
-195596
436407
-649540
-433027
-86820
-847878
-695085
487849
-25128
-652314
-334236
-31764
-128130
-957601
852886
936009
390945
-450016
-364468
976066
-62447
334088
-71985
-201082
642492
-608875
-397729
230466
-27772
-538223
958644
776632
898184
-690897
-656395
-188637
-538774
-351480
-700788
436098
-3793
-35024
-595667
868077
7376
-742782
804086
-601680
-192797
-560383
-625615
744756
773705
302401
-456327
416196
693526
145945
-353338
-334247
607722
-394695
-557615
505905
-85591
-214010
-682732
375635
434511
-383519
-188267
-569282
581458
216066
-701206
-411167
473285
-897121
-12847
-719512
-457504
361539
-974756
-683799
-336061
-431082
732398
-642536
714863
-620941
23218
322584
-15635
465604
-171511
898774
-748406
145758
274409
686106
762239
-913859
-883177
343696
302208
-584383
932530
-224508
-481503
-80318
55980
60994
-718779
81224
377196
-54840
650142
109593
302625
365005
488653
-674157
-312412
-526983
791447
516078
-628209
-956960
-338165
646200
729146
-575927
732341
845969
767770
34548
-738414
700299
810041
-219916
-380019
-133979
841079
-98798
947246
218274
846363
597387
-672133
148988
-37609
816520
474831
649980
-710464
266277
166057
-338672
309318
827893
-692473
38463
-748034
-960132
-115568
-980265
74417
146019
720035
-115543
926103
-659984
750479
767181
241219
697724
-14545
87581
295110
313322
-763432
-742499
129841
711399
907482
419378
-22324
73538
-919295
-713007
-98569
-611767
325457
153397
-571899
-790112
173132
502518
355908
-106833
-613025
282010
233184
-862547
49191
-525598
835177
-965354
561983
130287
347968
798552
387789
-522191
509951
295271
897187
-512373
-631191
977893
-225380
270240
-633875
-899924
-576364
-205774
-690035
596768
-703256
665873
-510065
-316280
-52117
723119
-178826
997075
-802479
-343649
-968280
759505
786639
379689
558056
174428
857498
68007
-530302
754684
555634
-161493
732576
-669746
-891254
-901299
-569670
-467618
-107073
-259704
-870850
189672
-593831
-380915
873393
354053
-657796
-305434
351128
-460275
350917
382848
-700771
137556
-237463
857286
-688017
-379966
-74707
-218319
-625282
-519074
620188
-892707
-188820
728934
-794005
241511
-738684
98922
981808
-609534
-711406
-612024
9552
-838014
742030
351757
-143447
93157
891483
-792530
-523995
-809288
345026
238542
-952003
657009
858577
-26710
-561311
-766706
454217
-941123
-659412
-734604
787812
-453417
506908
-950873
645506
488715
-560406
934100
876692
449147
-903914
618722
-199097
-47361
-288122
-307615
160109
187884
-116903
-494866
-573574
-68905
-837857
-714998
904386
-399167
-481703
358603
-340290
-141115
624000
-552478
405468
130907
-503351
50973
-380379
-63756
-14927
-503687
-614610
81159
-884966
186293
-966202
-173087
878679
193907
-985203
-238224
699042
-558777
692872
861185
-273774
597258
-537983
244523
-44140
121728
-896592
-420141
569250
508876
710767
-934101
-440151
-669613
2143
544922
-173299
387533
-373919
-58265
-426174
-340121
768648
-547496
853786
783445
214281
552828
-775332
-92848
414012
-49105
-495591
876030
-804583
460270
-2243
-701174
-959871
-432994
807702
750896
-367095
-632450
-918717
635049
912473
-92016
22581
-461447
849719
596408
198432
618367
-951089
52218
401811
263193
-394955
626480
-829656
-980944
-422626
-325246
895087
-227208
-864977
-107157
71618
-824847
459850
-120681
926049
-907245
246870
-992669
727804
159342
-84685
-249615
697895
-234967
-653208
-103673
-616601
-604296
948545
785211
658897
-446411
411690
829241
-427354
989065
-496005
-532267
-238144
-360981
360576
833474
-185828
-179574
-287207
-259780
-86819
959664
-252448
-359015
119006
662867
391370
-183099
-572100
738163
713228
-188700
-866134
661773
-403490
792763
-784638
-991800
622004
-211991
997265
-874002
255742
-240879
-234982
-383682
-407405
579190
436744
305389
-680590
-650075
265052
66962
-9089
-615942
-270171
-617719
200959
157729
-879557
-85813
969030
-745691
-424041
-434461
-952928
-208679
-426260
669076
579330
-428995
795075
-164928
330126
-439908
451390
922721
-860718
-111866
228110
-541307
238060
-506839
525655
-771030
-122780
-744516
-388748
-921822
413213
-268305
-7635
382242
-13995
568325
947782
33078
-640354
-478478
-297847
938976
92527
-502772
-225952
-577348
57321
-774563
-654627
196603
113572
573483
655296
-648368
-933356
180951
-419398
-56136
436435
191855
22043
-150352
923550
-985592
-768110
-90445
582733
-820328
942633
942379
-298806
-355214
881355
793721
142015
-344598
-783627
-800665
-119160
-438253
395939
994413
-864771
51235
-653956
-798126
-767814
-73353
145739
668621
-881499
-832218
-481731
-957949
-817810
-249840
-48393
764924
-70168
-105760
707303
631026
539026
588658
424747
-318959
-755940
641120
-119624
124901
-797134
-723685
119313
-661904
327550
465358
-460029
559736
-607996
685711
228357
-489494
853493
746626
-447442
-964317
-503215
504165
800607
426617
-601596
507910
57643
937431
96567
-517611
-381529
340627
-876492
498848
-534473
-673625
775163
584841
-335529
102712
50198
204443
-337553
442203
-109847
890804
952709
-256355
637430
-494734
-220671
-865785
-990569
-420065
560833
-592165
-912155
-381525
-654734
184412
100865
-36263
-474961
224373
-537416
-9433
550749
-762254
-424592
-784780
340458
625606
419663
-997095
67809
-690185
893710
20517
53461
531140
525784
832790
665355
535215
-587275
226188
943051
-499429
844663
-711684
684983
-54473
252053
-789978
-830100
714638
200590
720650
952384
775998
935870
292842
401603
355532
295747
-530588
665348
189457
489929
-281191
-279404
15713
-448401
-614049
-449073
-35676
612139
-506022
464895
456802
-217706
149878
-597671
-965653
359901
-427771
748985
-439510
-707122
701368
-663513
-771252
-5790
738091
584281
-710043
-792497
249629
479414
697432
968438
-799990
-286856
-479963
-414039
264072
484362
-801900
758050
-50743
654902
-459656
-900866
-942770
-425309
459036
-370540
-676325
-980474
-77661
-974957
-643986
151087
19253
-905895
-264632
309210
-698392
984997
-211376
999040
953435
-11366
-287816
-526529
574596
976257
957833
772696
734307
-92911
427597
-725350
6224
484828
-150659
-534741
-885713
173017
-515214
36626
198060
-159200
-812287
-782688
-65095
-76919
526523
236513
-91923
-684854
235553
-138488
303780
947738
334983
-121625
923994
292815
-348930
658301
-800096
-921333
932951
206128
563495
-217708
671388
677783
955309
-843827
-285591
153369
-3027
-97878
370681
931879
825204
-102797
168391
-266719
212350
-596057
594793
-483871
-648319
-70225
394505
-724326
-777410
-954425
933976
-577506
-875758
866926
628622
687738
-350782
300010
365521
-395473
456183
-920071
757896
-546844
-17949
128577
-614966
-192746
-974221
553425
540536
238130
957369
135328
754259
-690951
-934898
148764
-415276
-712308
194339
-481301
-289814
318582
-614375
-661192
6320
34843
638818
-628160
639370
95001
-548231
397266
548157
433821
-474158
933191
-758925
-448378
486616
781611
789752
443985
-83062
544010
753034
-17960
-307226
-662242
269733
887113
-143543
979920
205694
242082
-681272
-787986
-723075
957547
-416146
916296
52547
35623
313561
-399296
-530557
839403
-466105
-289482
-608976
-979490
-507872
-819225
464496
409067
724786
217529
-608893
-582441
555287
660841
-695328
-588256
640760
510366
653827
959489
722380
930752
917035
-693766
847047
-30418
341857
160608
570286
811301
10
-895820
-478181
391035
-875309
13948
571810
589187
-576986
296596
-193284
-185879
714155
-637997
-525039
-981174
-226252
-884279
529193
-572426
-924791
251573
-641674
992244
557807
-794628
-38175
-100336
365981
-467889
-289036
-634010
-363708
232784
757025
-239017
-753269
328835
-649830
-330255
-374569
156887
483867
-660415
518891
958828
-641588
-707362
-925451
887606
-279787
-850242
139179
78539
-857998
-303014
283912
103828
596651
-350108
635939
-692386
15882
-727770
540399
-227093
33214
787130
-898258
383385
-543126
-272827
-459729
940741
66759
-940838
899569
425172
-648199
974118
312777
72014
-876124
-548044
-849448
-734122
148942
434464
369706
-254408
-915645
5645
53207
100238
277875
-406395
873146
-688911
-619266
974888
694474
-162391
-297940
-765255
-221650
768819
-706093
-322082
193990
-354292
-347964
-493233
717722
-224088
-41277
868275
41790
-892335
302739
-588504
-146742
387094
417141
906465
-512668
-304984
-499930
-639523
6105
-119195
-664636
-299422
718415
37425
-64677
-503236
-193757
229231
174682
-999767
874940
826719
-493000
592662
-397370
465724
460936
644420
573390
-236326
-944084
-573353
-849232
473057
-666888
-361900
-831928
-166817
-1423
174177
713988
333942
874756
432402
-628634
-189921
929167
177610
-960691
103849
177843
914250
-69433
684844
506911
533197
150568
-32154
177617
-276043
731521
233533
150604
882289
-293411
483716
-479611
-125338
-683102
518967
-951162
-969114
-147092
923595
463289
224275
-266327
392455
-598116
-227017
-503697
579728
-312768
426870
264571
-805858
-39934
-584861
161989
-862318
139096
-106491
371216
-710301
-224202
-922196
773416
296188
-47533
-909686
-184846
1306
-878800
668063
-75100
584490
-107662
658573
-23056
294222
-568444
473247
-126050
118788
-99883
-861479
312930
860184
-446340
-525082
997866
692756
368428
369082
982456
-855774
446886
755871
440414
-600647
846186
-744432
400659
967387
923631
-674442
551876
-184031
984132
-471180
-889810
-584313
-997933
-15859
534475
-97816
122662
-152595
-237633
676322
322324
-239767
369077
-309249
-870686
351533
-165022
576201
107404
-724609
975554
-46411
-469040
376212
-79025
-545410
701771
-527149
270559
685902
1671
380750
-898412
3738
-635109
636064
905923
487553
-516532
-331710
163874
805792
428523
-467049
-503457
557838
884485
