-725144
926853
-892279
-449261
-726946
917367
-340751
-579059
-6154
88000
733521
531348
354940
244561
880671
54232
-947227
535352
343307
-75540
185210
-166294
905675
-42102
799114
-807273
514628
-387041
-750856
-697150
11281
-475999
-770298
119003
74741
-497243
36369
733991
-76302
-969785
-178010
-342781
561564
-823071
901780
442235
231161
954553
-22414
-425532
-120987
-837205
408175
-215313
120694
207288
-22586
-364679
820248
226559
-61829
-168471
750561
167874
950532
-174698
670631
-13099
-440708
-405671
17116
381282
251548
-421320
558211
153327
-979086
-210628
107880
-1499
363841
986894
161297
-227985
-228419
-718010
979304
748996
-82689
799552
-24446
855483
-368920
-273885
23356
-418388
551417
-306013
568513
-889292
288316
-414371
491991
-460136
164309
50202
693192
185224
839575
-198928
-816276
203415
-212035
345021
975431
559546
627012
954735
308541
-455677
754286
-715905
-600195
-614635
10211
423162
-33023
-438373
-882851
-464510
-327664
405465
121119
-835673
945330
-714572
214529
638521
470652
54103
-560408
654377
-742482
227557
-602
-767052
-212898
-373591
-812317
-904357
170733
941969
-620262
570539
-672667
389949
-6300
294311
951577
110850
829802
-376087
-483686
-49080
-211760
-538356
236349
-997232
-899836
-293000
56872
-460243
-638623
314390
767314
360775
547339
-445584
987184
735022
-349941
157917
676991
29798
-271545
-995676
-580254
722156
298635
-628677
-166995
128436
-4764
349320
-920644
783477
810964
315705
786246
911128
-977295
-156883
-549116
-615918
-842493
-781802
744857
704846
-227385
732041
439868
422675
-110043
116858
-547528
618413
121182
-127781
340568
-580183
243542
-826428
548254
-761222
522892
627610
-977746
333855
-56685
808500
244983
-33979
-348384
695868
350104
-190876
914067
94961
-486031
-313318
-172999
953838
-890644
716959
70696
-438171
335372
-808123
434048
-324061
-388305
-322410
-150489
-840052
-83632
-627597
787559
-61377
706259
-269126
-252878
-48758
696895
398739
-352890
46998
-792138
-438824
-858042
-278168
247858
-31040
-324330
357214
-314081
746366
919044
-978710
938244
353091
-302770
-450062
-969320
546742
-290113
-52951
919145
-502555
885672
625404
228320
-367206
-423355
-74786
-968467
223755
972213
-760605
784931
-885829
-38772
32789
83131
636899
-609997
769051
383264
-690954
790342
321507
662138
-512429
871446
692819
-965688
-418668
-360133
953458
78778
-474461
578861
-692902
158334
-844495
232312
189867
379261
204525
429263
164192
318696
-609509
-803020
-598173
-972611
-413016
-829122
410654
-103970
961220
-267839
-441832
-551209
-396394
-749014
-516897
184939
-109146
-563439
-736283
416394
-984579
-429185
-425273
-829073
803128
764594
550188
7652
193857
-285621
-673652
584348
-88640
-271825
611737
498344
-100946
22391
-605626
-139727
754552
-47458
309064
-641843
203528
792168
543097
-905619
-771272
806814
510775
-755850
-622371
-914498
-584923
-819244
850096
965266
188408
43953
-320356
514757
-371700
591004
-757068
-759963
89348
141986
262428
483722
-997742
16979
-563736
311323
375137
639792
103490
-81766
734174
332219
-274953
244949
576369
102676
330451
991447
283433
180547
956712
-528159
-775501
-363645
986598
-147200
-772641
-770471
92838
316708
371515
-644734
-199570
373774
372246
236694
-314904
-252618
-123515
788587
665616
-389341
120805
-609337
855609
-302826
493340
186059
-311380
-223227
-633394
-354669
248614
-408894
281687
235211
443906
509046
464740
-463256
-174246
-163745
-107990
626184
-789972
-735745
-137123
-104876
11638
739363
-316289
-322746
-649979
804516
67917
-794371
-498311
-438743
391689
190309
338030
758296
835641
-413357
-650599
117327
821855
793308
-373627
286595
-669949
452127
-877151
222061
78310
-667123
486317
941187
228002
-502046
680549
911713
175208
-969430
716229
-756875
-763800
-782082
-195617
627890
408228
-857588
386185
243868
-270944
735587
-638806
-449090
528894
-12433
837506
858946
-560306
960355
81007
518004
-706768
-432677
459191
521235
65278
139740
432947
-759515
170310
149176
-516389
406511
367094
287994
34401
-224679
430406
-579415
-980812
-840538
-843829
-619617
-289627
685066
367951
-452122
544011
807645
-491768
-374983
325648
-198535
192341
-215161
-677301
-742382
924579
755647
-501897
94889
-95178
-18286
-498601
-728085
-730293
535800
47237
700114
956386
66425
859576
-887443
446809
-430051
797623
-185241
117827
341633
-377597
626059
966651
948052
-572477
158991
-267110
-249777
416609
-342531
-494131
914713
752358
410691
-103573
-746243
682607
166135
789557
-270157
-133751
745943
796269
-274175
858500
243077
295774
656122
-942164
-586400
-2245
-319760
-960341
-35595
-371708
-532818
-876604
361183
217405
540005
-981349
723275
454718
771009
133965
-648855
-975235
-183428
517280
814323
546415
-616472
560265
342684
109353
418764
-414239
-594874
74885
-356403
-181273
-927360
323838
-141614
37045
952130
325569
160441
313312
-457026
-299554
331964
-733752
-844836
102973
400214
-493691
127738
-783215
-976411
-57939
763201
-592883
-497675
105885
516471
921090
691646
921598
-4025
-664757
-259676
68615
659081
598711
-894340
611211
-75721
266101
-75477
467253
966548
-743514
733501
-878289
359459
133715
-371979
-512803
350501
-348390
429258
113701
58728
931584
-780414
-424802
852673
911232
-503204
-151352
-753525
237121
917264
905556
-164169
-977077
516767
760111
289024
-558711
227363
255572
-302225
-39136
377283
-942766
-905421
-994696
-455569
445080
-343086
973690
-441220
715642
905273
-221634
-709160
757946
-310402
-212363
-393406
-63927
-975243
-476143
-158371
-139411
-453220
-641605
-379301
835805
-200316
848063
91376
497460
-191073
-531341
554695
-96494
-526037
-900874
-651415
130878
-927185
-92634
-153481
978089
685732
137360
736035
-624670
924997
-657372
311404
949754
-133514
-846968
-189657
413266
-488572
431043
249071
311113
279105
-659553
-191428
-911969
-190894
-636733
-8462
283070
-537607
340123
-586053
-464791
-752512
260467
-486703
933221
-602174
-750668
-691449
-677178
-408039
619955
-727424
458447
772987
82919
-128287
-715586
-486039
-879217
595527
793067
-538769
-595901
881099
270337
-232633
-127364
-446593
229760
-787241
-32646
764970
-539753
-772179
-721734
-606532
-374353
-472401
-297981
-51531
119560
-678027
221045
-421994
-905040
-696037
449720
-620625
-182075
570503
974902
-389009
-968267
-620999
-507911
302071
146369
364726
855479
-623872
577485
-177168
-858903
-962268
50653
-580636
-568800
676301
-53037
133220
-375231
-933478
455193
845814
-355471
550154
-850223
-905752
929529
-32297
664752
904431
578694
696486
-716568
-929217
-1444
429801
435510
-145966
805929
12994
676867
947027
50726
-272480
-633609
481927
-596180
313355
-384854
28590
379878
-929661
-125596
-975594
620493
24182
-881345
550021
991885
783407
454451
570578
479893
737883
641362
-521551
167683
76872
332484
-26388
-910135
9351
-79361
140592
736872
287031
-377481
-859308
-399615
237665
169282
980263
308005
-956315
-995331
-71503
67867
-876675
-521482
59752
906733
932970
-369670
386625
670853
-728309
865074
-161464
348563
197557
812149
438429
-793092
-267213
-420979
943780
-980183
201540
-915529
-379798
-560795
253753
-399535
747210
297439
-394865
-324293
-634694
-271540
154226
425058
-364808
87195
-944613
-978184
-241953
-672921
886891
596583
675643
84448
408731
114071
291356
-858482
693093
235135
-838665
-105368
319606
-218462
333838
-426641
382004
81048
870798
987139
756755
-763897
-284402
-89020
661162
350790
998176
716549
372607
-243778
-956372
259497
-647195
719271
-656056
761537
-166659
635301
903055
-473567
-129565
-935610
421066
-809960
-154071
-245096
-236601
-772067
835952
-365803
-784929
592707
-129699
-69330
-496314
-468538
-718540
-498138
-751989
654068
258085
-708361
-86436
610890
-989091
257509
372427
-155749
-107191
275482
370685
763245
339873
-208249
953285
-814198
546655
-283316
-586265
382606
350882
-371193
-24688
-778818
559478
478999
-247356
840938
980861
655
495005
238945
292294
-591431
-150165
303204
666079
-777738
-852546
-441113
497744
518139
-677869
-162384
-690111
-724584
23419
856545
-7899
437154
239150
-657018
-934039
-785539
-435836
625439
693461
316809
466376
674321
-682537
-38619
-86734
609758
369951
763102
-87038
36029
985364
60416
594916
483107
-421445
917048
-679277
-111555
-807536
344142
-255011
184566
-218704
984140
527548
-152743
-801399
-908288
-527304
892062
408521
939073
566383
725985
-99547
-520351
335743
-729597
-757250
-751296
306433
-771887
309121
-98651
711221
887677
-181604
-968056
-223879
10861
376086
521111
-804574
-842618
505250
722975
4640
703852
814687
477336
595913
223207
416408
162295
-50808
-683139
641944
-715066
-412735
884695
-466362
893698
-887193
842759
-204954
824029
730435
613443
855973
-493444
-375697
232059
-972333
-180270
389441
532918
-457296
-605920
236769
-642609
871417
-167319
580599
287824
994977
-470210
604685
636921
-185276
-808050
521615
348363
-914353
634423
191122
-119307
458451
-78443
-505864
314424
428114
118440
-453518
455781
938170
935923
-11302
-519126
-669997
-774533
-161735
-798581
58149
-581136
489244
53126
-51346
93928
-309954
763378
285878
-788339
111741
371526
846085
-697138
-747781
304536
224419
-253645
-381041
-347468
864795
165441
-891687
802965
101364
97012
-716161
431367
322479
122105
632787
-619372
540969
122030
433754
-510378
-784042
-876200
-747000
501836
-664539
364741
-126638
-818454
667604
125581
486082
-107977
871936
-894960
544555
736731
270482
652869
539695
-628155
-250120
823534
803212
-927641
-54362
435999
-547013
-513394
-441972
886741
-23771
-226014
-989460
229229
-724178
-653998
-406030
149184
-472452
-738427
-725236
-986370
153596
-853300
-881330
-301849
883431
389152
-648980
423126
760998
100900
246660
564209
173259
-807703
208
626246
-321096
558236
512987
655134
-667778
523528
-115637
-391956
869530
478333
757229
-602922
739907
-968007
-589292
-106497
-821307
-470621
591655
-937876
918532
942675
485250
679529
43574
-268091
243738
-783167
-75793
-756055
843080
603112
802182
356067
258245
-865597
-120406
-857392
-257553
-250877
620941
-500325
146202
360848
-468332
556911
-745649
-289638
-913711
846006
-227514
-995179
788680
-742264
684350
-167746
-10354
-71913
49088
913854
172033
-107833
516966
-25786
-751767
-224789
108617
127827
-82181
851064
876951
-461240
-649261
23153
899608
-117592
-419937
-846042
592770
-333647
999965
-634744
-328826
788644
-377007
-644477
-379102
612639
283611
669986
526493
-544356
-437847
43458
429858
-189613
818669
-461525
938214
-263513
-610461
815165
275248
-259722
-161683
174855
622686
418381
328814
215456
-915267
328778
580712
-244093
117422
-796295
111431
738320
816345
-604958
408306
342837
-149314
970459
-613706
-719456
-219155
-795037
-180981
-280941
-58549
208558
-465776
-783302
948837
372542
391554
571522
-209078
-279633
-213022
-124345
-950855
-632310
631563
166567
-428605
-257006
-95113
-612261
138037
-686808
730576
988724
-716349
-883130
-730733
64496
-678166
88287
783556
263285
-703155
-682221
479983
-754319
690321
-128464
817204
-518758
591904
-395819
356898
641049
-28128
-11539
-192384
543267
731455
712504
931007
-130508
-974305
661583
-141785
-690653
778453
127483
373843
-899713
-784231
157399
363572
-487385
475178
-156445
-241704
165499
715092
-424500
646741
306995
179681
3639
-51956
-848448
992100
755661
694820
723555
468164
625826
-406954
493859
287408
451262
803207
65861
-421256
177049
166148
-205486
-665552
-470280
307130
809626
373276
-934575
-24876
88367
-359075
-378135
-604638
820607
625505
343406
972160
617604
99066
666980
341159
-432771
292805
934206
-938912
-419787
385468
864295
646075
964212
41344
-187777
-241274
375792
341943
-934145
185418
-284782
-868719
-839458
803586
-227793
-217593
-801053
-407187
-592089
542353
-435027
-974485
-358581
-768048
366675
208649
524758
300880
269737
-895030
-313653
134032
751046
-349441
-824624
-436732
409286
551168
905212
475142
-263414
-379570
606423
-102872
-575985
-621370
679536
-377038
-28557
-912553
-834685
536417
-887038
-193266
768369
479637
-984618
293126
-219483
285120
398097
466865
-580848
149142
-882577
-405472
712411
526710
-854304
617622
1851
-117718
-761949
-391726
779411
-337934
-13096
458946
285029
958348
546393
450344
494764
659356
-742922
263133
138993
-727540
-443741
919511
557581
954356
386375
976733
103498
503799
-428740
-184092
30508
-283044
-566471
-967641
599239
-328419
-359366
378649
333648
627538
-162406
-381324
585886
-616013
-930981
80650
-956657
-673903
-656218
182336
-401442
-99959
101846
-843861
-145603
-511780
-867129
957896
992020
-295868
-226197
22528
421089
207333
54887
20327
878915
695521
-601024
212562
323059
236570
831238
-91055
620558
900258
989595
663901
-773646
-666623
-153763
-175087
233419
948083
-18948
-912185
-563697
113924
-954289
-571678
818056
-180486
450850
239145
-973153
-494263
-740529
905762
-798742
-341552
118323
524317
895019
-50439
-566739
515576
-150182
-577144
179477
76173
-243767
-974287
901086
989652
973797
-117862
-922533
-589901
996063
-876822
-161578
814118
-57307
-710728
53263
-30460
-204990
312735
-124698
-3732
971183
993626
-479415
866201
-56814
-46153
381776
793004
376703
-438747
-130824
-867065
-413034
-229738
-877413
-439238
652400
-799946
-29138
648462
-676768
809284
462580
265925
-901444
-484157
-764535
-106434
828578
110768
889835
799760
104394
-589581
665960
-952421
364266
47736
840584
-259032
608989
-290241
-126096
-804045
480022
-3509
-243283
132421
196545
727579
-219117
519778
536863
-756537
-214297
635420
-240694
21169
-471014
-412116
-868064
-581180
-612357
236330
-170761
-946397
283910
-806495
101340
124493
-65527
-289671
834253
808378
-93716
314274
-195132
663002
-553305
-998587
390581
227579
521191
-72556
471043
-693107
-437137
-769651
328063
91849
-181767
460000
510669
205876
-303670
-660092
259480
980240
-466587
-639180
104733
467887
71149
-61015
276264
977433
-746741
-918868
640435
-300046
-917455
31015
927534
603737
958459
398576
910631
-478678
628925
238693
613172
-552843
-301308
123840
653034
395022
463749
-87486
375261
997163
273334
-520006
465050
-655518
418979
-258687
-678085
672238
-177554
962350
-627808
-95009
-6635
-700275
-491273
-48176
698302
-580643
473146
327226
658051
86317
774384
-643258
-789843
427417
751765
673907
-660069
127026
671069
613265
607020
136118
957747
25999
877432
-720338
-301764
-300122
-757988
70429
604869
235377
370155
-886404
-812799
68456
-467046
660347
-604319
-808996
-253336
-829936
-452253
-43178
597482
-700489
-369272
937413
426538
-698203
550677
33557
437916
508424
-940445
315348
788087
-242208
-984775
-969902
828221
620094
265476
198375
733691
452678
-733169
-733355
113024
-337488
-542351
859689
-167423
5397
-183490
-569941
304909
447238
-632529
-268554
749036
918149
765004
186951
426573
824559
-497702
214660
-417649
-482477
244759
-589428
-862383
-489766
608948
871309
962913
875779
-862047
75937
-461710
-404397
-64375
370868
601000
752135
800927
-94091
199373
-831602
637355
-51591
-913453
402359
-864641
513121
226918
-362343
-272220
809269
155181
972539
-780160
292798
-517227
828788
164106
-554315
704566
302060
521622
-757144
897663
-542754
613725
498662
-790619
414651
-595429
408755
583050
-958075
-642837
669597
444285
-507477
182717
-328798
130180
910498
-519529
-714639
883036
-299689
578160
-634192
-470901
-257734
-188507
-766335
-955675
-666885
-523478
941988
-209639
-909754
440650
-257
504898
845221
-591502
87948
887147
-234339
-242455
331431
258184
940262
-997368
-611636
850759
-516897
-326274
733795
183415
-748115
-900398
712515
-5849
-88904
946181
38476
244211
-577298
-19537
-965428
-487051
-578888
34315
-982154
-733668
442813
105795
-846522
-791526
863340
484910
466659
803602
487542
855024
654361
970646
-471251
388155
154061
-219366
487758
-133425
774786
-601147
-187245
-186739
643065
235458
793725
677637
748407
-785163
-288048
766254
-518830
-845235
-127952
-365351
-636760
-264612
-880442
829900
-461011
607101
684923
-806651
577747
-786328
581504
-268193
-5693
69261
598383
-230908
468115
-588862
582354
111180
646596
376079
-211183
395003
590916
500769
161257
-927914
655535
-966695
-293265
-981225
-231307
-173706
848675
307682
-566605
533597
501031
-988859
747269
82535
-257051
-258425
-848204
-658669
510668
619911
-247531
93021
-268910
-600935
-530901
519907
794069
-939985
20676
-44675
-867899
-323789
-11370
-161163
-305014
757324
665132
-456340
65006
-901474
-922743
-433963
-890332
824526
648572
-147383
-433899
800368
193948
-923232
420279
946418
169789
-848631
-654517
638889
671277
-860449
698905
-308047
94877
831007
368164
-916494
-330156
-936850
840831
-665025
-393189
-94164
-566498
-315932
471873
-456830
-491406
120445
395787
74695
-79187
-410265
151464
-658909
-463848
-678747
-507539
-118364
960142
-836263
21187
659047
-144309
-883937
490053
-776145
-800430
-840104
-712995
-959599
-505129
-106184
-53763
-71627
577885
-581890
471544
-913522
538555
-132670
161174
-540633
457066
-687363
-199541
993219
-366109
292921
-125146
-405967
456659
896042
-746921
-687651
-987896
743132
-463796
-788325
903028
-176790
-747924
-602101
717027
198314
326273
294911
616424
-202184
381390
154979
665147
-457437
614347
122213
-144799
-585195
115431
489092
707726
990285
-916875
164384
886327
-663796
476734
898431
-920665
-987063
-889894
982364
-163852
-637817
-619737
-446826
560497
706536
848085
176921
-495648
229474
-668101
-830501
772038
946247
291712
-372761
-638949
-592857
-883670
-931223
-602572
-800545
233162
-716246
-464340
-290104
-817815
-385004
-277166
-707709
-402640
558982
-345525
-22377
-887845
-785029
-315841
960241
391893
188512
189715
723793
358011
-38248
670039
-350277
588991
-968911
56867
705322
-900133
454295
904778
333030
738049
-559563
-957075
920235
55434
-234241
-787474
652794
-675259
-132999
-369584
-563104
81973
314575
-602864
-526135
-496913
586851
-802343
861099
-451397
867696
-489179
-862407
898786
567688
842916
998654
21983
747694
331683
-239969
-811870
374609
-319735
243565
-859632
-107208
-103642
-534891
759793
526774
-97995
-158235
-158651
299142
315631
344436
-114007
513288
205534
434596
380983
716356
572190
279769
284044
415106
278422
-693974
162799
-389895
66058
350930
984714
746324
-405506
-874918
-360885
490853
-409809
-601093
17626
492197
240673
858976
-208661
-443697
203412
677332
-930409
-591054
111928
450575
-874698
-315882
-269657
409346
-900776
-991236
715373
262024
-381130
-218570
-387047
-396416
-472246
207448
-271334
166869
-301700
318857
565777
715927
-188947
-193550
574903
602393
362754
-221685
279725
432345
187261
-608348
-117081
312564
75771
613262
-278090
174996
622027
-562718
-562981
-759103
218713
49972
-155519
746467
-742580
573147
-86664
-44280
-107997
-520887
-328353
703057
285563
-753451
305449
-351684
24864
-414827
-919340
-787875
-23174
-36420
524690
-947403
-423159
-753401
227593
-801132
-316118
664612
-560235
902596
-285416
284246
649063
-27995
-142608
-437602
927726
749396
41511
-400628
452453
-672926
-154078
-242098
-24609
870787
343076
56052
-917088
-680099
-980369
607602
-627501
-403527
854201
600093
-204658
-461917
264705
235107
-559322
979290
-480647
-910260
-48706
376746
-347862
-120981
126142
693650
478392
-421406
-979276
-675687
336496
-3885
-804900
-320429
-947834
-721988
-527
-928203
885615
371973
-331729
739815
-27935
463613
-722102
-763231
-301280
-281424
-783942
218073
-191684
167353
-405181
460455
-953628
720961
154105
524764
-700445
174829
849078
636052
-829057
-955823
-684378
-776890
-677810
315096
-705092
-792196
-312932
-36821
947620
659134
-573209
-774483
895904
125511
-55907
-888039
-656416
752410
279315
-61597
212864
325687
-340636
-633032
-149550
-41081
541798
-300472
-405030
712742
-256294
-89407
935852
65897
-774311
-769240
273701
-87242
193939
221321
-428109
620731
446839
-532206
-253758
-609069
-420244
89827
-856659
859071
-971770
356205
184758
-312406
723174
-964792
646514
264971
-265264
-758516
-22288
478442
152078
-86436
-455662
377768
144324
818040
-709475
-661737
39361
-137584
958995
-513801
330211
-294763
-122870
909967
795064
20472
769038
823294
-623324
-46204
-489112
-900150
-10996
-842598
364821
723740
-601113
-657467
202182
550966
256097
746521
-71267
-599580
564561
219258
-261316
-396079
-918326
-302322
90120
411885
402915
967251
321852
197979
-12278
90890
21273
364399
-955315
532161
464249
33690
689564
-170930
-242571
-911550
171603
959612
639417
-572300
706133
-431851
-171879
270694
787407
566805
874615
869081
-735517
-35265
280966
667398
-68015
-397182
-134623
919708
693708
886650
284106
738394
418811
-251645
-227917
108374
577426
529513
196825
-250971
489125
-163759
176729
195258
404390
-995151
-534049
191797
571655
-659435
60878
836138
305301
-658157
503536
-762714
-55339
-631088
-843007
-361631
-744439
441100
-623237
674372
-810545
148846
-217254
766881
-321641
979571
-484091
-832517
-184188
692639
362741
-779799
697488
828692
411999
269143
-830743
-527124
105280
474558
-185280
-391184
711845
759382
-22272
868838
-602249
233290
309937
-225486
-92339
499392
923360
690407
266273
-398282
669978
782182
-230798
-514211
474820
-868058
-294009
172308
960635
-882010
-558550
-870109
-409134
546731
604450
405587
-844454
316294
164968
133275
185132
562719
-633436
-504931
-662768
274226
994462
-739408
-35367
260734
-137689
-365389
42916
631513
120400
-482264
763455
826392
690044
724090
944382
-868506
853982
-464752
678226
458431
940835
833773
-225275
105803
-32953
959858
-331479
333612
-545074
5754
-392162
-550613
266346
572471
710121
-871344
-792918
-246964
760170
327483
270772
523624
153874
-39184
247714
98256
92311
101695
633505
-229464
-439874
574340
-395691
334851
-319858
571357
294709
348663
-95031
749635
-645583
512807
-800979
620763
85278
909143
749420
292360
-337821
509589
-380158
932952
33213
773717
-106233
-719074
-128027
986079
382621
-494523
-243386
942747
-920183
360924
277598
-240041
-67720
-427693
-891378
837249
-678059
-536961
350055
-479037
-916198
-564667
-569894
833223
727693
92285
342811
-652465
25236
-623976
-878749
919004
-343049
-6775
905082
-960429
498703
-338304
982319
578520
-977381
259917
-661522
-45100
832224
-552899
-207852
-845835
-89860
-857797
-324872
-6057
-422464
105235
-172835
-694771
-802481
-830024
-347235
222756
-454000
-225983
141759
202951
767242
46841
242523
265944
708537
224842
-155536
731157
-515241
182942
-313944
-683017
630044
478205
-528852
-459817
620409
146277
534126
-802056
-748489
-638709
-496826
-550970
-468733
155939
671787
77267
929956
-186455
-719782
697198
860387
522742
-36858
568923
-252417
807606
300080
232342
-9452
986137
549325
-379409
464341
-979527
160775
84749
166750
-305100
282694
418262
56192
785869
867293
587459
-58193
539079
-335274
-128237
-647377
-55056
-431039
-786990
-532314
532103
781933
215269
339708
82013
-552389
-669744
68149
996937
-49153
-467511
-982591
-888379
617239
184160
-193478
-100068
-397579
862714
-314200
-530287
450173
627608
-991209
-885102
-500629
-638585
59843
68332
-425575
527529
-399565
-643642
-257202
940144
438371
190409
-729601
-493481
187345
221246
39009
204755
332867
-343753
-611086
-860612
556180
-8664
-997898
-758020
461049
452275
869589
469841
567173
-631041
831257
-372984
437292
-594319
-845456
-962274
-237960
-102658
977870
-799590
-912249
-751732
-293070
275097
469515
745939
-520149
-197619
-597814
-131234
-58230
958367
860102
-56127
-799654
321151
-603853
-930066
-209009
963321
-561106
-377752
-409663
876186
27929
-255119
913913
789969
642224
891783
990380
729975
-859949
-302691
5071
609566
-556752
484923
-588053
-154565
-646312
353718
-196199
-786210
-702410
4147
534942
-306262
74082
-674067
-342942
512976
-51819
247395
389161
976110
992277
303074
766079
634501
194856
756458
364476
334908
-546233
-630453
-55527
-102984
854470
356420
742451
-791842
-289862
-453749
-578051
7728
550399
956891
701466
-375520
-717177
-641476
-862545
231005
605920
526617
207115
598197
-170310
-26807
232697
-975454
-270349
-402828
359454
183418
-33280
-696073
-919567
-178811
660348
822884
29348
-629515
-630865
451298
378213
919534
408188
79679
-455987
691012
438204
-318531
-77984
44123
-791915
-870870
-357681
37776
102324
875017
62323
831975
-527811
-578223
15393
438909
-274296
95827
-739902
-613948
-81289
289446
-243463
287846
-259257
-865250
207380
-851069
214429
751394
839944
-347368
-567138
-238040
696756
-359052
-108909
-660925
678725
993415
-785908
-258953
825390
-313719
162825
-159218
-874811
888529
936610
-614712
-725419
-144680
674734
31118
-856835
-584523
165868
350546
-435591
-619703
101939
-595648
32930
534801
166312
-270315
-824251
-942598
68761
854474
-949184
282853
-404480
876207
969134
758345
-283011
-905677
646874
-346402
-520389
921455
508918
-845655
-47427
652084
-430178
-881559
2629
134231
-501262
-895433
538584
531668
639369
-295105
-738647
815118
-237703
330114
669591
-186886
-387033
-734889
-310680
-417900
-976544
406309
-323576
670331
-940094
156035
591785
568825
310380
-455642
220908
880203
-337201
-776463
14434
161537
-671896
-446983
-306795
967474
257912
-45441
782592
-979791
-715327
452182
-166677
-102360
717294
522644
479741
740750
-71047
-843836
411080
-11140
312199
2865
-442316
-377421
547223
778593
-497218
-789978
-997871
517217
371560
-669766
-929767
-935235
-702293
328146
19324
-919702
348356
303998
532481
-818321
-798363
249774
704323
681379
-9476
-366725
837543
-598396
622136
149742
404470
-820181
772322
-48307
958412
-724897
161715
960541
792320
-466725
-709226
862554
-401960
-411518
190700
617365
-331219
-460945
-78638
-798739
-279266
123000
451036
-574943
-195622
-558440
58333
-358080
-156836
-319532
791662
-752366
-139713
563983
199327
-181301
839087
-638958
-220760
631407
-105683
70015
493960
492357
658497
-315341
109722
-672723
223715
-968917
-471461
944449
154083
979575
-630495
958461
-578866
427838
-399619
264299
-891695
-607957
511934
-31407
956027
-288739
787293
795113
72303
-433468
426519
966621
636547
-79521
458978
295044
605139
-431301
622321
-171147
-400218
-849140
-226699
753866
-869566
142807
712327
-448431
-429355
-687292
815869
-321049
-295249
327802
647544
-339223
-960938
434836
-544110
111366
-998632
882410
77986
637915
-197111
-463036
-67041
-591973
105663
-444720
236880
705446
-293860
-989819
459312
-163426
152989
171638
388144
723634
484346
204013
-597416
-810903
-468186
-949872
-150126
-429123
484964
305765
682244
486333
188174
-239770
124247
991064
297194
-942795
-600910
-597143
-387514
635971
-891697
318626
646152
567615
-844800
-200860
-260748
543344
-477227
-776402
-252643
-74642
-587305
279172
-24514
262570
850049
-539550
-431666
532293
946783
756509
-707478
71029
747572
589717
128235
-853338
992574
740722
782633
-899124
59347
428785
668491
214547
-772075
-592257
-242109
-249301
-368658
505248
676057
44038
-215581
-348458
-693393
-365532
111992
-125058
-833240
58774
-368549
-540717
-870197
-620977
-951001
258039
-474315
-958427
-1240
-691683
-857551
-941894
737103
810941
272654
965028
-781316
-969455
-284274
-149973
535793
-608218
894065
-679788
43325
-799329
-45320
-844684
75613
121441
214091
707065
580724
343895
-913913
629724
-398067
-388228
671297
600694
-79910
813747
658801
-342808
624687
-68546
-377780
843372
-38001
337946
-306602
-502208
729729
-412538
-181995
-226947
-211866
772686
-71630
863748
-105874
-857540
570812
-525150
486356
656899
-895427
-911712
-731329
775870
688983
188761
589616
347783
845954
214303
-720763
-531826
57675
241237
806120
751074
739029
535849
-661465
-442966
-691099
126670
-670281
237272
-9583
223845
379733
-438772
698695
-133912
-781873
803269
-45623
-513202
579139
-356641
675560
168755
991142
521514
-616942
-729621
989688
440733
511616
795808
191806
250645
331656
530342
807679
640558
-342988
-862603
-122170
647429
361243
-742438
-791343
59938
123650
-573216
-136794
-921974
-86418
-557656
-278615
-410858
611100
-287473
-889345
994158
-17094
-899657
434890
-505478
896152
-373304
745167
227808
-842962
552846
-131635
-185950
690243
746195
-538522
51486
-996243
-329865
-888577
127407
96920
-25370
205434
-989498
416975
926820
-400356
28074
-360653
-289700
22231
622254
-189356
-542880
-883225
-293205
83817
861943
934603
240855
414788
-197032
-945095
105031
-450837
-483616
-843483
-447080
186519
-732060
680328
-716561
242570
-114238
-706059
-340456
-187419
-106415
687618
451928
603886
-290151
74182
-585471
166970
190957
121325
-749214
52900
55927
491642
-532312
858895
546548
572719
-591942
-937069
729237
-39022
249451
997177
-358694
532890
239747
527068
826831
899292
-660352
-279584
586910
791577
-675699
-703242
-134242
-261169
463728
-943285
860156
714515
109616
-83917
206157
577304
-225022
-247296
150023
183036
-184365
-120741
-855986
-934915
-123565
-214680
597976
-883818
-687613
424806
-984527
-347964
-854778
602383
-556387
-530476
899141
309372
208355
362869
366088
68511
77383
-524297
984594
-716460
-946994
-240429
36244
203029
942607
851879
-917712
-913379
916965
-41276
-128059
514940
74906
184329
-60254
90379
836366
84968
-307238
-720021
554492
-408097
589351
-237153
954772
-44562
831358
32155
431142
815951
315696
484149
-424478
-648061
-312823
-481871
-796182
-230534
-395250
-879217
728190
476691
635724
-196905
-338980
-424531
893475
-502615
660438
-413764
-222636
214930
178140
-633285
977777
132912
322154
809135
-834933
-246705
625086
480763
-762556
-799393
832702
-75379
-281264
-963480
694088
323486
-842697
422277
-199823
793027
-774629
461197
-631504
-881154
958583
-971066
-294918
-264053
243864
883222
102663
221641
16133
-575184
30776
181201
178112
-344139
-338037
415556
-143531
-505335
-659823
575205
-468815
-965736
-101309
-311511
456541
698868
-518484
681913
160065
-149988
800759
118647
-121053
-494159
854595
-877189
-610937
-42743
344452
405197
382074
-624772
-413603
-439815
31089
248360
975742
887558
743025
-684081
462763
-725790
-649817
-638547
-37301
806725
-939679
444215
488638
220386
-705773
289397
-660967
173174
795238
-806372
295985
-815699
150885
-359563
589498
-467042
15665
-824106
93144
-953246
424255
68886
934313
167280
384805
397075
441490
734989
758529
-595812
541714
818850
848404
30352
39236
-857370
-680252
378270
315804
-885014
571898
-388212
-700713
-277217
252226
888785
255741
-732110
-935321
-651115
-685356
488935
417772
-751043
-343786
-197424
646033
-902296
-462435
404561
-498107
-920722
223411
-649704
109630
-737353
-507074
429379
640917
808731
544365
212815
-579481
843652
935598
672745
732437
191338
940636
797116
540224
-744720
286050
-42005
-495763
942265
760572
-849731
-960032
-701864
554831
-458139
-622585
-221759
-107843
487046
40889
385084
-83576
-318195
193815
-539212
894620
614334
-695561
830217
287079
-963124
21555
227714
833992
-438221
482994
120042
519775
987232
62307
280346
-862499
102275
578483
692332
644137
955899
-529427
-463706
442944
511462
921378
-640633
-806733
115192
-179845
-912113
-270474
124595
918105
-983396
161471
-60340
244319
-4537
501440
-272687
-884495
21214
-285456
177812
-698440
-147955
-719914
880043
-455623
924223
835941
14950
-539483
278885
-473588
-618106
638252
-280321
497087
-541593
-192433
-773387
583003
-274329
-756783
-255526
665332
487537
739937
166771
-785151
855442
-812015
-70606
33254
-510455
781440
313341
-630412
-674184
237564
-794471
340767
698081
484414
867179
-920026
122665
-413142
577062
581073
394425
803675
164075
-879904
-953108
908549
785429
534429
648486
-47801
749279
503928
140184
-321328
-462819
629730
-539888
850522
999318
-214072
88085
-795154
-873306
-213835
689260
993874
-133860
-188075
-419269
-556798
-607003
975157
-753124
557073
-904748
-706231
465621
880682
828199
114107
-167120
577477
-381966
973065
-743851
155216
602794
-283739
5738
602111
502190
-906178
806957
628885
-120012
496217
622758
746129
-691859
-796512
-810670
-298861
-821356
-563794
-741789
-726103
-270024
723833
-845422
-441826
-162061
-12541
-864350
455974
-39476
-608200
-388811
-436683
108062
616927
-834572
-389749
710750
972386
-760865
-409262
468602
861893
-663134
776744
-934619
-473804
-522118
-755974
-37597
-263907
-482077
692379
-540075
-327498
-749448
297865
659962
-613797
-246162
-379515
-221996
365028
183803
886066
-18045
349231
-503684
-307295
321617
-264548
283444
-209781
-402656
620310
-433038
-337274
-853494
44845
-93248
108909
780939
424676
-198712
-759136
-902822
51841
538729
757140
438044
-707433
-622375
-783952
657596
561428
-897887
-360449
-89341
-401571
332256
-767725
333882
-384301
22495
931226
-763991
589457
-406048
-617484
-365699
500704
491425
-584761
-74620
-707287
-343896
22558
344554
-805168
-220302
-217402
-512600
157323
-1354
-855005
-281249
100760
-215454
629411
699190
-883198
861687
33071
-267498
-115819
-35704
-31488
-526363
558249
351028
107939
58952
-157547
523179
984333
135166
-820718
6890
-520280
-625885
786589
262319
-138485
-56088
-739035
6511
662663
361725
791058
292073
60914
907860
153759
-906016
-359638
-962061
58281
608875
-488423
-383471
-40098
619517
675482
802355
142696
659815
-62479
321979
-333296
417242
696095
-546707
-320439
-442391
397205
-59474
564121
59867
-697749
355178
-648060
363165
263038
505700
457150
903400
543640
-484569
512274
-944783
131961
-527824
674735
-192558
-725469
-182570
-532743
212052
-860591
133961
-370706
835504
587255
308855
-606887
-15541
-750620
957234
-955674
-448369
312411
-603733
914797
-424552
901967
371947
-521152
445607
887378
991123
500824
19338
-536702
175558
826781
-262171
992989
-705963
949882
-867603
427999
-420825
967902
15253
888030
-638986
999713
-862590
-681753
-955962
-310958
630658
-559694
-396162
-793895
-657728
975786
-315046
787880
863163
-323924
288703
-117500
139374
-535739
-290719
877203
-542750
3318
827085
-410353
-568684
-593741
-442452
446570
-705711
-81437
446282
-568301
236810
490321
120742
-132533
930627
724581
73573
-727101
700366
758528
-939222
563528
-565397
349482
-553972
573977
813744
155309
451180
-729007
-841374
278264
-139360
-410057
684524
418189
-963488
978813
-663249
482795
-589488
573562
-26885
531254
-558971
-96258
255835
514602
176641
-43800
273129
237419
-480272
707733
-413099
-34244
281709
-599356
-878936
-267111
-328363
-720309
-988847
532278
-130365
695677
-49533
-93853
674490
287218
-611058
-914998
-139220
362058
616257
301809
-734201
-127909
-183590
442440
828291
-910461
-320141
-651982
797273
266760
313775
78982
667404
434840
811871
-660960
714531
823025
871319
-415835
518702
-178215
490313
193191
-890997
879255
278194
-30217
241312
-105550
-728409
507111
766541
88002
-50449
594832
177542
629410
942851
-25186
-103831
256625
-946205
-436427
-308536
865666
-97386
-594005
688691
-226068
-9839
207392
595717
-519527
-599417
704720
-640272
678777
-325497
601041
-426774
-53906
108152
-660233
-965905
-942298
934600
211637
687112
877451
-813550
-416719
134075
-759755
146854
825540
-894089
-950533
-768465
794602
-176600
221696
1993
-580884
702169
402576
-876164
-938103
81353
-201661
662938
654580
744433
-228910
994348
778529
-171208
928947
-9834
-484096
806397
176616
99186
-59528
416862
-753961
-233988
522774
-704493
-2453
317376
118907
-780758
-680631
538024
921412
721946
661861
983309
-196702
-539801
646246
-542123
-795368
-582665
-547776
983162
246128
-618829
-26673
762033
-812433
-850057
-138782
128040
566806
107258
894052
89579
402765
-108402
-593045
-478328
110841
-273676
-940304
32252
-551731
721557
15560
251567
-818244
-338194
709445
-613611
79142
-838332
-630450
-674730
-457161
342878
-912698
-269593
492821
-51480
858447
59627
-944223
752499
-850794
458543
-355903
-443839
980216
754938
282485
-960089
-212811
730754
761469
802750
-17679
943225
-535445
-308235
-670386
543697
-146566
-300836
868967
396274
-957958
956270
-873320
534864
-95211
985128
-405510
-39433
737626
-256304
-580891
-618277
299858
-600676
-863340
-417658
-560764
-76150
-686904
-799296
-273401
295417
-856071
191154
987183
-526457
-265149
-159384
172708
-396182
-763111
214750
-439913
-636430
-250387
464877
-651303
344104
-574557
-913677
-912201
-155448
-531954
387657
243877
-395293
970000
683114
528557
-716904
883818
-744845
578513
-972253
446310
565696
-498709
-818840
-593689
673999
-215022
-356799
-111251
345066
6771
638363
-190058
355469
-17534
235385
441792
70266
-920063
909839
-542077
323814
-485454
-572077
6928
-956898
-288981
-109255
-701742
-710469
-81507
744568
855227
419784
925728
-738462
93783
-289294
-95261
982533
-944229
911510
620895
-134286
266978
-396639
-898902
-291230
673627
-818965
-381391
-868450
504850
133155
-440527
-488223
176258
270492
402523
474516
560024
-678984
219083
415251
740801
144811
676789
-165417
855517
-418472
-182885
911289
-506962
-561990
-222998
760017
41371
-121899
-531214
-285003
59137
87396
-153452
-436013
-779450
406021
75764
396809
-323488
-521713
-128676
-763464
-200696
-909593
651787
-459896
235218
328576
374688
90734
910104
-808198
2023
-596858
-370188
779025
-836842
671184
-342874
-368056
-613820
716263
719341
232729
-719751
939892
-361251
356014
336700
315262
834302
-791977
551798
-366395
-701570
203585
173709
533649
-467840
-451603
-375618
-557736
-259801
626406
-154594
370012
405430
8565
41196
-937445
640510
427377
778818
359850
-339895
-940933
299741
298854
415081
-363560
-385885
249382
-155536
-834087
882987
142895
369498
56696
-323457
901659
605093
300926
-656078
-654708
-72669
189329
715305
-667239
-802107
-243500
-604683
838403
-816124
-825865
198253
-156019
-766798
-502007
-857165
648283
134434
-243050
-102335
978899
-77136
-219349
121794
-707639
837348
798338
-805981
442441
99263
-462058
787734
-973406
727271
503039
-640645
925165
-740461
-245327
763568
-556584
-71192
-38179
287397
162010
459814
430233
-189707
-405752
-812817
707958
-426853
110047
-511391
694941
402408
-674043
493279
596428
768398
-407458
-865631
556132
-380864
861641
59170
-21508
786806
318709
733165
550374
762125
-338028
-487806
49522
823983
972009
-520246
-365725
-433743
-333062
-657767
139404
776985
-169157
-165655
179393
156800
-672377
-224180
-74803
-79835
-89810
-518671
539302
-228169
540499
-482207
-441364
-140792
-749043
-890991
-378668
-87070
-378796
670855
-263088
-406788
-849391
371188
159469
-182453
713422
-701127
-405469
-455736
133218
773925
701064
460842
-450255
-373739
-618993
459935
107590
920309
-768235
-351911
-561898
-209598
507297
-310941
-100588
-871371
601990
520616
799484
-661098
-886172
950093
710091
273297
-232361
423512
572170
362171
967777
-294612
136096
668840
-833770
685841
-704899
-452763
145775
402691
-532454
377541
-949220
-94352
-832057
558077
594708
67355
686706
196697
-412029
486190
535599
-298201
436282
245689
975097
-796079
-330799
547267
566093
-363023
-747346
-297812
-694183
-581115
-611972
-399082
-33878
533804
-996391
433668
-88655
-945611
-660685
79289
612467
934023
-853357
299173
130720
-265385
-214638
-333681
436415
-778356
912009
411511
-574434
-418791
-41223
991660
218187
211432
-306153
524005
630318
81876
-875078
-403561
-384320
-871468
-969893
527026
-817078
-630577
-393686
795390
-696554
-247042
94562
434166
487573
879925
-899516
-76013
-898431
-987508
-664502
-472865
-406298
294276
-481206
811890
-494292
212642
335894
-863975
-705482
460817
-267535
-89801
589349
-237428
-562776
772272
131995
43538
567661
435442
796497
-337777
-130393
284069
-457853
-29908
-791944
-356284
-17415
-456445
170852
576288
837831
689647
388177
-656461
-97712
-275930
-520436
196807
-815114
212029
-892995
774236
974602
-455770
546507
106597
587769
114167
-457962
384265
776390
411646
-331666
-681463
-618262
-123610
-37747
364323
419946
-866896
-59389
257776
822751
-671213
601315
-274961
52858
-919121
921847
237744
292909
-971149
11980
267510
-426918
-441514
-625894
-839150
672654
-83856
545115
449044
-672210
-786552
767581
-290472
89839
-270166
-926149
-490216
-137061
14462
767561
-314310
343249
368876
410730
-603894
449755
332576
633851
-257337
361428
-354170
-989827
934510
204316
-615721
-904640
-123030
300424
640476
-673987
628214
853925
-906406
-662259
-56237
-176572
-588408
453548
686368
426054
221109
-627943
-230697
-410016
782788
165409
-960261
115363
-200740
-217597
-523210
445090
-207424
-588700
-350594
176856
-493339
526377
-522721
-852864
852390
-894507
-998940
945985
-556765
-55176
-230587
-145172
-601629
-544220
-719119
619481
-172162
50185
-790536
-389375
-784406
-750796
725988
14854
31608
-797222
-540056
824184
-385921
109350
1040
120740
-364274
478320
267876
-511884
583813
268937
-565900
-972953
-786240
203514
-118125
-387868
659294
162757
-768388
-512868
-787059
-558923
97757
-571464
-309719
-176255
443390
721889
26524
903335
546073
640603
12684
-452888
-238657
648411
-974569
-970781
-863473
609245
298156
-429372
636293
511916
774142
-481833
-875952
433436
680925
-644340
920568
893867
-203263
18324
-677598
487019
842070
765793
208908
-131407
669127
-245020
-490804
-318189
302093
270539
-669779
327525
299759
-533251
-63230
-402086
37378
-426938
-890170
-188480
91229
-766122
-755045
-227846
-410461
-834478
-333980
386277
183847
-11578
-126705
25917
-245786
-917797
894510
-576660
-162816
-596295
105151
-860723
674245
435373
466802
-25997
902123
-596429
571918
-60500
-23366
681749
751020
-932138
915628
995976
-159983
-494833
-838502
506037
891444
345346
-505541
-235261
-628738
248674
-153058
-734229
672015
684126
-330523
-222835
823403
-656278
-787462
290205
317726
-885339
693777
-110357
54162
-329590
-428608
-194818
-261727
-512981
-198843
578290
-7814
-37344
84327
-116370
-691999
578786
648369
-320736
-172541
-504690
-54965
-500527
-820564
614513
276639
-997161
958236
489178
293044
275961
603840
-13180
-834397
-341999
657230
-263004
463183
-604497
224016
-735660
973793
-783799
226996
58119
99831
534998
-363095
-251800
-785739
464365
243510
159297
963839
422947
-226190
240478
425786
-267955
-270345
-281171
-991995
-666505
705650
-826391
-8504
362880
-89395
-545321
758383
-865380
-280980
732175
-649178
946016
-209706
450654
481014
427200
-801147
695275
-108436
442364
-145429
-144598
-134690
628381
-904121
-708904
-639574
-174465
9925
-631569
159030
-284425
-457960
-849474
-921546
452646
-394794
836837
587266
324226
569012
938089
270242
-640694
388742
-248745
786506
587595
-553470
-321931
29959
301102
533472
895270
-70517
629351
-813635
289909
-545114
196291
658340
613917
911866
-799620
764443
990321
653026
-630352
827157
240292
693874
396169
178380
-35884
755475
-432879
715371
541981
-845284
-838099
-779951
184675
463003
753522
79944
-607515
382872
266310
682394
837759
-537400
340734
451675
-625535
541114
216117
-635215
194139
585766
-808058
-565570
279640
588112
612810
-756245
343587
-820069
959127
-114433
-665353
-878973
105617
519323
584030
-140862
-400734
976515
-757990
865577
658909
-920232
-671824
-358
531443
-297358
-459245
-252440
67427
734895
-666675
259370
-830675
612966
-152519
782135
856721
-808933
962066
815848
76635
-703287
936875
-817749
816036
520905
41390
-584698
497420
283400
-719122
156328
363169
-390945
-844030
-105389
311697
-303274
642172
-620877
-568380
975498
638494
-399055
588463
-514026
-616920
445184
-322958
-654854
261031
753677
-358141
197906
935929
-542105
-281190
-22682
-126802
-783771
-739283
154077
372558
623886
763132
528529
-481503
74828
-774746
-839331
453952
-343126
-863834
92445
257820
724629
578420
640900
169813
-744538
986047
-569157
-990861
-372094
628750
945068
85801
-652440
-77615
959000
-436211
183103
113076
936348
-193011
-123792
464876
325487
951036
690130
486156
404988
-652996
622322
-502567
604825
346951
-924147
245725
-483237
-668685
231771
-52393
-659546
859677
-423644
-714478
-54522
-76084
207907
-95523
487706
-608990
-982447
424054
198000
-106239
-111070
-476514
-155203
-420940
-990359
-750215
-73936
631964
-252782
-469111
-21086
-176929
776614
495678
154387
8384
-556716
494841
-131940
19641
780363
813539
943557
-11730
-281985
431263
379281
-264431
-144684
-422720
629330
744246
100767
-525873
-676695
110408
-276088
249370
-257628
471130
780259
721287
-705799
556872
216964
448588
-434744
660248
-56571
433316
-320111
-276208
246854
-376554
712063
964870
-945292
91343
-299562
-89975
668623
-670232
-345729
-230611
-196104
-22423
879798
527808
-773053
-377830
-1062
-992795
-656544
293139
564078
560420
-258273
-870666
220668
685156
562650
900557
-591053
-190496
-475998
-878991
-225626
-421289
212353
474813
488736
-119024
804582
-856993
650365
-391523
120584
530163
-863716
347532
-847668
135222
354738
-504212
-571639
-81185
-943792
170088
48149
276876
-144756
-389201
177433
264191
420304
701435
385201
-805322
-719854
-402447
669492
768883
478529
474073
911890
128894
-917451
32474
-340943
-781167
-619995
-188610
354056
734743
307178
782418
-346442
363387
-47495
701708
-359738
807749
-687493
817695
71940
732812
519130
-542859
927490
799276
54694
596981
568159
-466777
71054
480048
662117
153603
-487478
-678826
372437
-107473
132564
-273507
-372730
-560258
-491090
280828
803129
461416
-17465
-556609
269165
295043
-738914
-658895
27854
780216
-201754
-44656
579492
852941
-447676
147651
-613837
623378
-372302
-951720
-223019
140221
-630546
-850583
-967253
502019
-124089
-339983
941761
384821
940846
744890
-153763
-76619
-811720
-884599
-781577
-550634
-543493
246277
-770418
254753
-798380
809075
107693
-246055
-43275
493857
-622677
584424
542137
154305
-275356
911592
303722
-242608
413610
-820367
417410
355371
564454
358255
100260
-589309
-718365
288541
-473908
-499941
737908
-17400
746337
967490
-762648
947958
776565
345046
-298098
-266710
-161098
79226
-682287
-618961
-766470
42358
-707370
537253
799750
706241
716886
217160
61612
281340
-424586
-838129
692031
-142950
450413
-781877
357110
188320
200723
103446
155810
438076
51403
-67626
-216879
753306
665665
622024
-167468
983379
-996938
66062
25736
-704307
-396685
-174514
-998066
-679799
-957355
63546
601542
-381940
225418
293573
475111
-324170
511697
-167780
864150
-287580
935666
19960
-849505
-12932
952334
-66383
-259626
617999
-444360
572906
601377
-441297
-361032
-372887
-145603
242284
452600
-143669
562486
495246
919877
164027
-886695
145294
-542400
588417
821125
969297
-579364
685274
-318284
-643699
-294767
-167788
343370
-342433
765829
-916257
-724434
-678531
656650
876943
-119827
-704383
-495944
734570
537901
956656
-409100
100386
451901
-489223
-735587
565207
656072
-277987
153623
477196
-308691
574260
162470
373026
930561
867704
-794763
273931
-474729
971067
357674
-199163
-707465
14324
-322220
172708
309941
181836
-92722
-152158
138492
498179
948228
-409607
-991045
-787359
-844400
665028
-65346
309223
142224
625964
-116517
-695306
-1011
-185957
-827602
204227
-912027
-302331
175293
445648
498507
467828
-540029
-823714
-359464
769913
358123
547814
-382246
-503385
45992
-434018
87008
54948
-221377
242608
-280025
713278
-448169
862200
339241
435314
-833107
-661770
-750643
-660709
542458
-662669
36961
-282250
782979
-464533
-814422
-757050
-288246
-173886
-987138
-930123
-626072
-369383
-433508
419920
196599
653501
-525132
975222
-103891
194844
688500
447940
57043
27740
-116746
223936
365971
132611
563228
-91572
469942
-399812
626179
252921
135656
811757
495872
847411
-362129
508735
917289
11799
-860649
-516220
-568281
335950
-862719
-93412
311172
33390
-898569
-329
-518671
158474
-972589
364584
-617590
393383
-502805
945638
-698189
967138
-454174
927990
220059
681483
739747
-284070
528894
-622383
-775336
446182
389417
-635984
929963
821137
699967
-932757
-272276
11139
100633
-170845
-989190
581963
987630
-961778
-53453
-629961
431605
443742
-684323
733417
410879
-138496
661406
-369063
-457014
401153
346868
-928120
778771
571532
518062
168187
935549
448024
-10676
635515
515268
717049
-353347
-384099
-453797
-342537
-802137
-466167
-304315
144411
-96128
-872710
-411848
219550
860707
999032
-918947
522113
-370032
-375960
-76735
976836
-304080
-297965
548368
-786019
870223
483917
662006
-140454
119431
177273
-423406
766085
793174
122798
-576453
991038
656631
119233
135448
-439497
246523
723601
780053
107230
722632
861106
-370658
-647401
-514854
552607
-670565
181066
-745358
877804
395048
-875136
361720
57053
-15589
-518849
-765674
561006
-752765
-972501
-316197
-329217
-981463
-659566
790016
153986
-99062
36539
-122414
-319010
-856232
-399783
-457904
-226889
-47183
27242
-674282
282252
-791693
-419640
160056
603355
-294776
-478224
-339592
689635
2927
-105266
250640
250162
-77766
934444
920945
-59229
-725122
710961
-905243
175816
-252500
-27657
856807
-108731
572560
-601098
664380
-474624
426145
990098
807629
634453
-429542
-32315
237807
275682
489461
898216
-34683
-507613
-207051
-784043
742550
715184
-849599
663495
-344045
-574721
374455
-249288
601096
-878046
723055
457902
13223
295615
856805
-322397
820991
282949
-332300
628620
-82599
238158
-403696
-844792
-486160
-914235
-946577
479158
-421848
-153627
695115
-679298
-438443
845516
984197
217512
-729205
358652
968225
871891
480606
691280
329792
-506171
-13106
186597
171432
-192116
-530455
839133
-563496
386947
77291
32809
542156
591131
118574
595580
70289
696727
-558047
-234597
-982572
3510
-389081
-998375
-778978
-118286
360277
-810754
-246396
-159118
880526
-916604
334712
-132580
269993
-493857
675305
739539
-654724
-888192
126486
422567
144617
-331359
13698
-736809
-735780
-916014
959918
-293826
-150610
977347
709684
460309
978972
930707
-657978
339248
-880047
95626
-819870
-999521
179023
514842
-132101
-550984
-979015
-456797
-811446
-633739
-344989
315041
788828
799629
983682
-197474
-937181
-752098
-113488
-977263
-45923
735902
-999917
-336240
196210
979056
-405533
538233
318303
-285580
-366142
498433
-285101
812882
13275
582798
-738103
34260
-873999
-549549
400521
-218988
765492
189349
-419359
749174
991875
-356539
997077
-121613
-333802
-48847
-385711
-333718
614914
810500
-354663
-790620
348732
963640
-76199
982591
462073
638701
795472
-524653
221499
-942632
509608
347500
-492180
-89871
-871488
-726688
-900523
-290847
-977514
-908648
352614
-980438
-30260
-981188
-29284
584029
-314906
-414370
394529
330431
-204989
-256739
294071
718812
-274149
-243857
357512
-478677
231491
-420990
-421309
-258902
926510
86512
651228
-944979
359824
750705
-235825
382311
842058
-883211
401874
-188203
-864399
-627411
-604174
-179305
-41780
790356
-848874
753231
-466384
445197
472042
259468
-798660
-170446
780791
432831
408564
-640518
-826071
335074
445994
825158
390096
-194182
575862
-845730
-811872
417920
-728940
590003
-770283
-593339
962593
-374456
227357
-79188
-584101
378483
-325958
-50485
-176320
-853917
-791018
25020
-24363
989774
-542149
-615799
-650745
-368219
719275
795249
-543062
109371
-398933
-967200
263642
-210804
450720
534702
-620802
680438
941363
-658210
-694019
168720
262603
-278120
-452798
936645
671396
370883
-917272
880378
-604098
58366
870151
-146246
442567
-780594
485535
161842
-985346
942474
-728788
-384278
975274
534854
404918
425994
69556
784117
106431
10918
-874093
412412
-820362
388510
-865708
-273160
325154
805688
-902277
407882
686066
-506375
-533753
556217
347379
908815
775623
-167086
70656
790278
-224613
341869
-594001
-249339
-123277
810918
-823346
946279
595034
283086
-42803
720941
-304503
136835
109451
-170211
863676
-565395
-364523
961399
842487
-678458
-544976
-691266
877759
802403
-782451
653381
-364683
288206
443658
410704
-369926
849658
-838636
506797
660575
-661981
453076
255609
621105
-589728
-23450
-683399
547108
-914000
146391
410784
-479395
781868
372182
-636908
-896590
827206
-328173
981169
629609
-110624
634549
-735075
-822419
78207
675630
-192344
-72136
836995
-685547
-411561
-824987
767529
844048
796118
-822199
-179403
-887281
724909
-93403
259111
135692
427202
40979
-492126
790295
144389
-664920
-537879
125557
964690
351498
-239894
-770385
529079
838314
905245
-663265
-233823
742240
-348812
354616
917253
-581283
198664
713370
-403482
-980740
826089
-678573
-74143
85200
457120
-646941
-873822
964995
-856646
270567
-699926
-394525
-603876
-735236
956973
156230
-505621
486052
-5457
-600376
822788
760721
-858137
-526025
115337
-940885
-107308
-685999
772486
489211
-666739
598575
810638
259119
-316226
267758
612178
-190048
232752
755533
-919481
532827
-638993
-523357
797591
-682020
632874
-708031
804033
-372583
-308406
626820
-611863
-166543
-899205
503475
-107427
-6513
817476
-334942
-517302
-849263
-736368
-706664
409856
-52593
561094
22034
757360
-206155
-222434
837879
-673329
138574
-685479
-875739
456554
947395
-583769
260587
-425189
107825
-112594
-37051
941283
-11799
-533576
-166145
981689
-716100
498913
-535614
-565363
762546
-242278
844494
-290047
-681184
-133473
-532688
112662
644094
-694810
439333
-217333
-380289
563595
-760779
-432894
979827
499808
141918
87651
-612786
-895133
28933
375415
-428708
862789
357104
-144808
361702
821491
289830
124248
-420787
134323
834201
-101971
-999150
-698488
-989310
644944
-393298
450024
-572390
226414
13619
-333168
793521
-6555
-833361
-64562
-918905
-446147
40306
110029
929269
611598
-27183
286373
-533210
-665481
107863
756620
458767
687077
-109057
292967
-414894
-108207
594479
-404204
-463263
-798819
-954180
-35652
427596
59439
631180
221116
-947117
797819
-843446
-866021
-648328
196860
244009
-719059
-191542
-783174
567314
275248
-448655
-324823
31867
-989889
-637747
922811
303078
-52641
-185397
-102443
543156
351340
98738
588976
-684313
-473667
-351585
946868
747450
-298701
744687
904004
-164721
-903642
100864
-920713
-622701
909322
-703886
944614
184569
-152541
-380210
-783564
-142430
-17956
-860754
-839352
929403
-46150
58206
472558
-694810
-843057
61534
-379122
-316723
709950
-432255
-569274
-588752
-687569
-665270
246527
-591210
435595
325815
-213910
344916
621929
-269297
-470515
-530613
350494
-254078
326958
-667463
-114831
487607
-738061
839019
-454188
734498
-855791
-297244
-203968
-234913
386033
-494019
332833
816760
-82770
645265
-848510
-836244
-945946
587085
489571
-159856
-67999
111500
570848
461486
580887
-78658
-792592
-92155
253879
92577
-604549
515819
-68404
-58736
250317
75805
644020
-953651
840893
30053
-447670
173725
-153187
469560
-181011
-1697
633317
-126956
-414613
122888
713189
517389
-765613
284036
-21125
815275
-794622
186283
-276880
459257
-721140
118572
-24924
210456
-940165
-774608
-713739
703855
-728258
-872847
-266093
-175928
300879
580720
-706368
-880132
-420977
926950
-7088
164411
49838
-293900
-318201
284225
990137
660674
99500
-804486
-153043
822620
654772
125817
-58809
-370152
-663727
1027
-144759
-377466
-295119
126983
-250312
438789
951055
-949433
19509
-755313
-829565
598533
-828363
163347
-237057
221475
869448
444743
-494301
859585
105417
605200
-944902
952374
427820
709871
78190
-630989
-660282
414463
370038
194959
-963003
-925082
-678059
-213314
513708
-727004
-162747
-466783
-482316
7688
-868251
-310679
-828965
-105307
910796
-959517
-660565
-583505
900068
444852
-978306
955167
397225
449515
665037
-524585
818526
-995245
889879
188563
199715
926877
263482
521657
-286438
-222811
794654
550815
310407
-687663
-441497
442156
1659
-270462
-663152
-87545
-229978
-323716
328950
-329911
-878865
350645
-374745
518361
-199841
-709708
993777
-381316
-704952
883655
807247
494763
810531
70728
16420
-475907
847918
-188927
-925093
158324
123411
-366590
-399520
-874930
362949
-62671
37525
-867030
613613
-633526
-196940
734749
717120
428315
253110
-482722
718608
246886
135963
-986345
130541
-56790
508418
-58928
-986063
-475162
465165
861856
335911
540073
20180
-540678
-826517
620660
-415608
536432
-442012
621917
669403
-828399
988392
-527538
906351
705511
900778
159460
-777211
619385
-593655
358752
633040
536887
-698039
141458
-522042
-684101
666296
943124
-822245
2207
483196
197935
461529
656679
-181405
-954080
193111
376584
667838
-137487
548185
656230
334976
454535
361741
235753
-386005
584530
-144863
20340
-56718
-511824
-442773
245244
629635
35185
561144
295930
-21692
738900
-701864
-538496
-63166
759665
-881818
755429
805586
311293
132012
473424
-826194
-319803
129653
508782
-865268
-508607
-255466
-251273
-924077
599671
769068
19206
-912153
-673706
-735550
717482
361480
825595
13412
-660213
564494
311548
-198708
-498672
71213
-80526
-743243
-123202
-769234
388770
-649779
-595428
-931034
479875
913355
-796301
971269
-342112
-47574
-952808
-742441
-278506
66399
-654593
47788
330850
-937112
-590733
156445
76300
-250945
-279062
-612152
550347
222267
459061
-530179
479024
-664142
-299412
-132207
-313920
105161
-63241
-834045
18515
140459
-862777
676403
-907116
-815584
933962
-185622
250815
-720632
862167
-418335
-657743
-728566
738110
418558
20489
-540952
806406
-429164
681315
265466
40657
160338
601325
741245
-971870
-712595
-153595
-35110
-546640
864921
-894652
-409416
541323
-801767
-225000
475285
12612
-974185
754654
-125222
-392520
-903089
146212
-654411
515469
-833299
-195363
321875
-262462
-514049
-412660
778195
646290
-811335
519440
674421
-523930
-634155
-360690
-70570
-769235
-255341
520014
772089
-57107
-704987
247373
955505
-679172
2027
-169717
-71691
98938
976496
273898
-385594
-856804
-921466
936281
-119266
-435514
-476379
-341071
-789225
-287714
-821631
885196
188356
-455785
-475494
-882214
-225019
269166
637800
-452931
-787942
932814
794443
-832437
-746358
-203531
-2153
181951
895407
-25658
-544151
-490187
117539
-465616
-553906
998274
98870
-30285
-342797
309646
682002
-164428
194841
-129642
379788
719348
-11856
-845232
-11487
-374056
-298162
200572
-441243
-503719
368136
-187600
292750
-634017
994352
188157
340325
-549800
697971
-542136
-15416
-855936
-543863
-916546
113780
113340
393100
-204219
948913
-412059
666140
328701
-692712
-345717
483469
295802
280227
-814693
-503626
838985
-318412
864511
-348615
974339
-769507
-354264
162496
570819
95936
-139534
-971318
-919480
4531
-515180
-836026
-881690
598161
557074
-85908
547074
-854986
-419769
-124226
-547697
234515
-640757
748105
-485258
-455450
-755521
-646274
226139
-891011
5111
200477
-660518
650848
-637028
910301
-253217
223438
938984
-172697
-772031
-576197
-8723
-653721
-978036
-451649
260372
569038
-306634
840603
-555189
145669
75118
-195945
-106226
589860
348606
138253
943587
-425256
247243
-51303
775221
586725
-400455
-861807
497026
346328
361631
436009
-826369
589601
859813
164909
935880
881777
713261
196252
450815
-593374
36855
895627
552296
-888028
-300319
-553931
701832
-951714
584323
645418
-376970
-168435
-405885
-601749
-581710
193660
-463556
915317
-460012
898076
351325
-286381
487676
211138
878529
423556
92915
591789
-380193
-456271
998415
656662
-560645
550710
768634
139036
996780
470466
187323
581103
115883
810353
-587333
709999
-791396
-169042
-96342
-254952
-253726
443647
-356876
-902401
-842735
-869201
308738
-964206
554355
-598348
627583
-825839
-54619
625998
830824
384737
176708
599457
-476228
173487
69923
711096
-245411
-814194
521449
167257
895805
730053
998216
-200537
-524899
-255510
-756891
118225
-157911
-599625
249024
-849173
-563831
-196621
-447521
-936248
-22459
497860
689750
-191636
-117404
-133543
-592179
406369
-960056
477745
117465
-205466
663551
-361087
961792
559355
-631035
960008
-641183
-155933
-295503
-398074
962292
546587
2301
211316
697414
438471
-985305
-750108
502223
-7764
747753
191972
800601
-369651
-941571
-791578
-963282
-901626
686167
154183
-107092
349717
793096
-145300
-90929
-837939
-185293
267889
6129
519205
869816
-31580
65791
-127884
-820264
-236795
-689414
-805569
13098
812810
186667
-239150
4781
-12732
391200
63211
195690
427918
161585
-118144
-417899
-945507
-768427
-624803
-90806
140645
-462741
723902
-591467
543388
243106
-721652
-488192
-691104
150465
-308456
72102
461052
-114025
-914801
273861
-927358
-153951
-721358
59910
-762751
341853
-744400
665167
-496562
137457
-752732
-442068
369030
-377535
467126
-490326
159724
191027
-81792
-296888
-565868
196556
214920
-256971
-652980
906464
815131
808073
-207561
900331
81933
-134919
-253620
360576
924992
-16371
-297572
-819409
-351204
205867
318048
-103936
763799
-312923
518530
230925
196752
-321747
-578049
-885041
381366
-143916
311516
-403715
599114
658537
-497251
414244
466609
295188
314575
-451458
-839731
-939046
909118
-914739
44583
-388454
-734148
693379
817413
583901
-410557
581212
-729022
-892028
-187864
467730
-213774
234087
582690
-832409
-909830
-105795
-236123
689284
-447259
266626
103528
-980651
-438186
-581897
-432108
-277916
-520943
-522991
-192655
523640
88555
73197
217019
-94033
-342903
806462
-512822
-71924
914434
299314
-604195
-299340
-466599
978495
-131749
-376428
-127300
632128
-687144
425441
-101246
416385
444791
460568
834488
-987318
-817349
-686456
-510309
-10004
837185
578247
-936807
54203
-515787
-279709
-139335
-28608
648367
-224902
-729294
-955828
475759
-195892
-977333
-655991
427680
-104633
976138
740536
-679193
-125109
156921
765599
-664542
-8592
778281
-481890
304952
-732028
508106
142137
846219
571300
-803661
-669568
-708410
57004
301824
939958
832103
572531
984130
307861
-623362
-993204
651871
804319
-97837
628008
544855
222971
-497101
-298225
-11431
-161642
693183
-233151
356468
-1865
34822
-135426
-859729
-118960
-564127
-663389
211472
-272536
393615
-486704
-332579
225718
-914174
-348450
-466421
-537535
-341653
-814551
-733217
560510
813458
811638
-216520
-683643
-486587
772050
154715
-793405
-461101
-488817
204731
573721
375757
345003
-545240
811631
681614
666232
-460906
75229
-820473
206516
-699054
-734646
858066
-165474
-272181
-483587
19976
-5397
-923078
-166567
-193759
-139597
149790
319654
-367547
-695495
526250
171352
-184312
-269020
-254928
-808555
-924017
199833
-996925
757597
-133936
-457830
-167174
45592
748686
133773
310947
606752
968299
-961234
-876836
-11726
33369
-799914
821708
839611
60490
-28502
159264
692943
276003
-314486
-135706
-908310
416495
609367
-716865
492478
-190801
-713789
250075
675264
-171619
-917100
-279144
-422934
216673
-968198
-816182
184971
-929431
-693018
-826755
103938
-492931
994953
-56451
567560
-33550
-897188
260502
-757547
-211674
-875204
-665856
-795180
734164
-382720
697299
-456637
-96509
-52627
-781373
731873
30273
-60517
-691061
-753054
-28714
-507243
431918
41855
-200260
605163
-854207
306809
600115
89342
-125631
-433435
192155
-865130
-190982
980482
-740333
143163
-814698
993832
760443
882601
-462806
-336066
-170027
-244179
-604194
860247
695304
-295255
-892808
-333410
197503
539110
708446
997243
144273
854239
304052
-255613
-56419
-821580
310953
-864265
-686710
-880029
-883783
-427042
263134
-698481
-433211
23577
-815881
103983
687511
14093
859805
-916684
-125660
555108
-211938
-18468
-778302
985565
-479358
930144
982807
664915
784383
286859
-590698
-272037
465279
720256
-136301
778570
840227
-20084
-648473
103361
281435
-81683
-873062
465555
-977701
814449
-520352
882104
897766
353988
437212
-314172
-664480
658910
-328608
-143837
589054
-345801
-478923
373436
941058
-69620
-898602
406336
-349365
-34902
184905
-509138
945014
536433
594224
226449
-545251
721162
-307996
-522951
535611
171652
-640847
433377
-474361
796366
-880796
-138840
455276
-209403
717323
44329
444797
-761600
-582236
385855
168780
-480837
-207809
819416
484261
977097
-689722
429275
513529
904503
-344277
968279
625665
347727
-554673
161275
-480622
-195519
-405348
45018
-399154
-286143
906179
-943879
504455
623501
100450
-50749
861902
518215
-664894
30682
-962622
127297
-149903
521639
104394
160376
-49087
-382077
64878
606637
-413799
-309458
-45637
31529
851818
473742
836010
-553530
-481240
-563144
160327
-575062
-507023
-335219
-951561
593428
614033
910342
111643
949139
-58977
149021
76436
791121
-329341
-819171
-48504
621573
-201248
-983626
228210
384954
-293083
-817427
-583518
-441266
656315
-747508
5205
-824925
-310652
-834468
-399986
182326
-169687
-351546
-224246
-555654
-441205
887397
-606515
499819
36417
469921
290939
707077
650751
-757565
328650
-550497
-741191
-443141
834457
-34274
-260568
-749061
524461
-604253
-496569
-470334
-429178
192780
-304802
170836
-624894
525512
819291
150860
969858
-621915
38256
-636657
877904
-925327
833265
168843
781750
484015
411278
110399
933519
670088
667259
767975
-364186
-593310
-981087
-839725
-197563
-477655
-310059
373260
715126
385139
-455904
-909769
-89350
-636614
241091
-119492
-258528
-720653
243851
-380625
-645980
77115
788219
-864230
-438870
199497
246169
-505352
-130416
-86573
-737378
505399
320118
-718464
665674
-877445
-196118
-644385
495815
-480993
740754
-960090
-390761
-348596
-596704
850331
531913
144768
-870323
-224237
764144
-516302
852879
552362
-380532
-585992
-248142
865638
-91344
621443
-220935
171279
126841
-900818
452816
-207485
-778263
-743303
148130
717553
-224295
-111116
757463
384944
540288
-839242
235275
72200
305526
364953
847964
69670
848651
700842
-377968
-531881
-885150
373891
-666244
23506
-4667
112822
-805215
-877826
212005
647601
-85311
433742
904298
-937182
151294
-319997
-48298
-91243
-935054
-508010
69515
300222
564191
-624959
-334826
412155
444712
-486175
112997
-933257
-18056
227847
440634
315701
-748647
-564034
-571478
-553862
-441859
640527
-906262
472830
74269
998037
535649
-774437
-321961
-512649
134320
-257014
-20658
-796165
-956793
-456467
-421124
-291618
955688
-976413
222207
68684
-909669
-795850
-703470
530965
519852
-452116
966932
948375
-5978
-474928
588901
87761
997903
-336830
85798
533551
-111267
763837
-979098
-976947
-493177
244
-773112
-449969
543777
-194235
258413
499465
-170647
-519381
-431852
-80316
-315230
-135321
-549351
-795378
412563
-582420
-847004
-593415
-57348
741898
494346
-59446
-594933
-419857
-525895
293801
-656020
-504992
316854
-149196
495253
543743
400835
39030
-650492
-340752
-461506
178861
139867
106643
-901455
824638
971322
-450806
-970740
383885
-33226
-817744
790470
909427
924154
284816
-150020
-670779
864960
324086
623022
-791060
819094
-60124
59744
314346
-516381
-539422
-646625
-166872
119826
-108130
-988011
-740307
998513
-889466
-915669
969834
-340271
-886408
353719
626504
-704152
144188
535930
-779998
-570996
-614090
-450776
-706037
709997
-827754
-497097
529090
112123
562648
-156564
595742
-976775
196812
-571131
143052
-911319
-559142
402746
-912807
-448607
487078
-942973
211122
600670
410746
-162374
896519
-445066
-626445
-883480
-16062
-240534
-334256
277902
-530538
-162010
780806
998553
950113
343453
-158012
545855
366679
-961201
974725
-490269
-872519
-584418
912477
-785326
-33024
399555
-728298
-821902
224
682448
15724
-103258
-762618
389280
13263
221321
-851255
679008
-500778
-381792
-483003
-719973
-383240
-532890
623481
458749
-987035
-9841
497548
987690
499890
625029
-596728
412367
839704
370249
-188079
-888595
548347
812145
793854
-435929
-291113
-968765
953351
722150
252556
-897904
401158
751779
-279696
918156
-968194
337065
-614735
655287
-204187
-601769
-354554
-706639
-614080
-854665
918391
-210807
557703
758094
-840559
-630377
869500
707788
-818232
663353
-728142
-109344
694588
-774791
-387194
-52856
-672695
-986037
-301078
47610
932119
-269271
-615325
-682616
-613985
180489
-284385
31461
473850
101536
176797
392240
890729
-265501
150334
-949831
104123
19833
757958
285891
-316815
-970184
-823454
-622227
-744975
-210648
324918
-417669
-196684
-976160
629942
-264566
-245431
-985384
52818
140585
195105
768433
-827955
-331045
-130031
348843
-938806
-239303
-916658
211529
-189133
187465
-768639
-431175
-526645
-85453
-401359
-350098
292321
-146333
439255
-382762
435999
-757430
-358922
65940
-21996
395648
80557
-969178
-463768
-724338
799256
-291722
-55383
-330776
-942880
5812
429922
-859537
-782660
-759211
327928
-551298
-190386
801284
363250
408256
-548815
-344430
-738077
890441
272809
697922
-866990
913888
-236138
111015
309535
844419
141838
845767
-879919
-58907
-445956
64698
610318
-388835
-929490
40239
-248372
-712150
281029
-920444
-263447
-909358
880840
-900197
498899
-667975
-244627
760822
-777535
-971818
458743
-644524
942070
-777395
466492
251604
-932977
-391671
97371
-812896
549423
651416
251803
159740
-737419
322313
-800021
14210
610164
481008
93766
-653283
571651
-25395
-553480
70549
306630
201894
-168630
529096
230076
-709887
884572
172145
-487282
351064
-576251
-420258
959393
521120
-233153
508815
172536
-981351
-331445
435117
340963
-131466
-550674
-48873
-650458
543092
297844
921193
-482303
744364
-8258
824328
-53743
823112
353423
-823667
-886776
237995
348479
-374057
-410942
772228
205685
-451549
293348
972532
-942735
-534117
991182
-274179
901000
332145
594356
-649675
-716729
943898
893418
581115
865091
-588886
325479
-143168
-764559
-728264
-320057
588865
-551931
-206832
-173140
796548
419112
415918
568776
-375204
964369
-137877
-402672
-978366
328007
-411490
-252545
229006
920655
-658190
579332
-796075
-714292
472750
785041
-849202
883864
110519
7630
-880695
382255
687574
708170
830325
-519258
-464971
626872
899854
950948
195648
-475351
915317
-942230
121978
936951
385778
710489
-315594
-385217
631143
26216
-805885
835069
311924
666865
620110
462723
550729
-269372
-529648
670035
-887117
-842074
378204
943208
-361332
913234
570080
-461479
864182
-234273
63171
779498
-176502
-814851
716449
-790725
895638
-599146
-175941
526781
427071
18175
361849
-261005
-314961
-18042
-798283
-764232
712587
-327931
905803
825470
-170004
284007
768678
468664
197241
338757
-992816
61423
-895517
70355
-159080
-72019
255505
-442631
137257
151142
-41776
961316
-322078
-614706
-20510
-960229
124290
664530
21730
326007
900299
-265684
998077
806101
-440214
-171928
90108
-671537
-703265
-712652
667221
-696080
348772
771704
374276
-810309
-300315
-370220
-252939
836943
780922
705285
798258
-541157
-909421
-222252
-501386
214869
-557722
520345
-459124
-657424
-745340
-461048
-851323
-185553
367025
238785
142910
663760
526134
-189870
967680
-125095
-418166
341956
64597
281520
971736
811659
118462
752657
516943
-83280
-788500
607523
694468
-289885
-177608
-863255
-769541
363268
-520678
-514880
902220
-372001
299567
269244
866784
-557523
-66996
392918
252608
-99316
-732177
834443
-757361
332420
115962
-785626
144078
-765576
967032
-338979
151144
-821469
-731457
-154388
-111353
90935
-17642
119107
-545798
461680
604227
-643578
-910322
-96206
625667
956463
346271
-441330
349381
-401121
459354
617204
-566679
701994
-50377
549284
916368
-906299
783708
883400
-245278
-65148
-938069
23266
780464
-49422
-885799
-237178
-930316
-431596
-775499
673912
-75174
-685820
-422295
-449508
-729357
923977
109163
620025
-477145
-431483
237228
-43823
-729490
-813149
-494540
-813122
-719448
-710832
-929723
35275
224020
-867791
-941459
4484
82787
-827258
767306
152472
-258854
991808
-173616
665972
-694012
404089
-783536
-423368
328066
325628
-803344
850921
894145
433884
-192902
-835346
620735
312558
-648467
901288
601727
-578189
-63437
-174253
-445980
-4896
830231
636808
167846
597537
-210721
908993
589345
615663
574965
895333
19752
791430
-528036
-652183
117057
-331380
-801262
11201
-897496
5836
175856
723240
-681606
527389
624527
920121
949200
-438910
-254132
-496781
556194
-423902
-859974
-275960
-826365
-70694
-366967
762981
-455031
-792003
658313
564722
999427
-869723
912539
116483
-201102
-888723
-872316
-98598
117114
303540
-375358
435508
-169071
-750831
355629
-219872
-189741
-898504
283348
-633547
-322405
423375
90494
-148769
-647319
723527
-385789
-102350
931524
-727476
-537629
930950
-597199
-625090
47433
201700
-513812
175117
-896898
603302
-521344
-272256
38810
309585
-23087
-605561
-910287
787173
-504064
373062
-846375
173532
-203564
244119
-975238
149118
-32355
-361026
-953233
-100831
-88502
-490861
-169881
314300
-115950
877552
-484001
370239
52669
-380899
-26459
531325
346846
-987650
-159090
-676241
-593210
-69376
-889069
-97274
-696315
-735443
-923743
100122
508677
-898980
-750760
-523678
-260006
-703993
375491
651493
-194853
-794391
-34208
689198
-916839
481792
59436
135830
-899108
-967023
-332845
447739
-954673
508066
771498
-547883
-561311
882430
354844
-257625
-853014
431102
842498
655663
532122
-908263
-868016
-727884
-612255
507476
923609
192893
713085
-110599
-117910
796247
-628808
941527
-67924
-527915
974504
599231
919824
-980169
107296
691322
-528051
545986
573751
826794
-711640
720738
257895
-869142
376400
-209983
-777405
508385
62134
-389659
15860
-14258
803234
-271055
875144
-314676
-474809
-753665
-373149
457268
-281580
-398645
56498
-361756
-378814
-836206
-670435
93136
709780
903316
-80071
998141
624053
-822176
-871002
453
-32158
-648407
-491162
-970025
-38065
524698
15718
-234832
-746357
-109139
450492
-221165
137196
-922658
-763898
855617
-321303
292601
-506140
299884
456395
-176575
-606980
166174
-273259
312949
164314
-649206
490774
293313
351248
-541385
644907
860086
-511410
-393159
384784
504308
372009
638427
-604831
-177499
-582738
532365
-100156
-346636
387982
578542
945966
881842
-121575
402360
-294733
271445
-431466
432008
-415606
732849
782803
-924832
26161
134050
-466217
-328933
-5865
22374
277908
-621081
-473318
-350084
-982654
-78149
472417
-565392
-545784
-627739
87973
842198
950803
33938
724040
-170773
-563703
-570694
-899328
4832
861315
-314933
-262320
644117
-239764
763841
-221834
294019
-565092
772302
-683607
712816
-848780
-156925
-637268
-831434
764926
835150
-396825
-780858
-792590
691148
-938660
-841788
-274915
785380
-12560
161383
-785315
88113
-833785
-924000
773180
-96105
720117
-466585
-332264
-501717
827435
102644
-729415
-856173
-184540
-578194
-13098
178192
-409628
-248172
13342
193548
-29029
220752
-115305
32311
378965
609781
-182309
-633596
-228836
32376
454517
-62621
108376
227697
841275
-171507
761113
-490989
326776
588547
611656
597362
732375
-572885
-980833
-280723
605308
-390460
471106
-381351
803088
-557924
839402
-312217
474388
218366
-702437
-707922
584771
68728
324455
39288
-993893
-567169
-733016
847382
261324
-971903
-643608
-411900
616645
968048
-814539
349019
-604837
-795372
-931704
-999529
-185832
539402
-380879
-382744
981479
-541478
