714042
371597
729929
-400251
-984082
-73815
1800
-198047
-922359
-865353
-762551
-781638
251558
-431624
505045
127892
-434356
739551
-373465
923096
798277
522158
177421
-106970
722521
731367
-838184
541226
-580995
-462853
-636754
-866953
908744
-906826
-267204
924663
19360
734596
-273385
97001
869244
-35935
315364
120801
532441
-179591
-751307
-901915
-440041
-124771
-978820
-641764
-602614
198601
251266
-880094
-70032
413083
661133
348974
950230
-975622
482021
858974
-882448
-785184
783636
136913
949413
-489750
-766087
818656
474316
549278
-60543
6756
-630313
188150
104841
-70353
-936622
126022
287883
-539235
-675378
-460852
-419329
254591
952231
-758196
-396436
902461
-733818
-914416
761434
-616265
-699599
545069
520648
-750187
-944681
754562
-931531
529635
303840
7926
-463609
673527
-803924
641233
-396827
-740546
-232746
891057
-279780
91877
-569796
300891
-653533
-617565
542696
-49969
-715105
808878
35616
-953671
-807387
336017
591398
713261
585830
646718
467822
654300
176352
-228339
-337775
712743
-554812
-141699
353975
48362
117756
-878771
-60582
837976
213106
369623
138867
559574
752059
-318438
-490395
-963046
-509560
545221
-916717
-316947
-118763
674682
-603687
-532933
321399
864136
-878634
-502250
-364203
-216409
-789507
80986
641893
564469
-870653
-240351
685698
68765
-402375
-101196
-561612
736492
-541623
-809554
-581946
-32018
-772599
-91505
-486797
-689316
591548
394440
985366
987862
861507
306764
851998
982874
804515
-512206
-233535
-984993
568780
-591643
579476
698128
168007
265174
-233107
765632
-836023
205281
502124
-377646
395728
920178
590337
623129
-171328
-896461
933814
-579780
497980
919179
-591918
359487
225943
-739921
342360
30457
-252126
-891176
45465
-683346
-482819
-375059
-985219
685189
890115
-218326
450820
-945909
986956
-47057
-323554
382683
-126879
-733217
5812
701794
-629677
-60375
-877987
868303
-141196
-469905
227789
-915254
-209825
-429852
115204
538049
-321028
-839331
854703
196154
-214390
869485
-118658
-324275
-348841
-667839
-270183
-361886
285105
406264
-979203
-841775
673047
26609
860019
-956631
966235
982033
911672
-174962
-487872
139460
-90215
302303
709609
-975012
-159648
-611420
-814342
-304946
584735
-28732
-435461
-533924
646994
215698
-201762
-623190
853812
-916658
783074
874610
-758433
456121
-98782
-898414
499490
-132548
-916382
411162
692490
-404254
-449378
-397725
898049
-739770
-372737
-261600
-351189
-187079
433455
-766455
784190
997995
-300378
431183
213692
497860
807994
67504
581203
591067
-57887
822771
47187
843332
924357
-453323
-289216
-992025
957839
-596726
-396279
-491539
5549
-498230
-231309
632812
240171
417502
-554267
-326374
651048
-770077
-328380
-649331
661106
885312
848530
469100
-47184
429732
60166
894929
252503
-892647
738261
176859
-345969
-550956
184834
-388130
-147682
788556
120331
857867
-709675
889022
490679
530497
306524
936413
-795878
-42428
-833665
-124258
308241
827442
-238946
156771
296541
713870
-413497
-643293
608799
839006
-535939
347059
15864
118092
796103
-799302
729962
-351579
989254
-149708
-493712
-720421
-260686
996967
810076
-954162
933379
-985803
3410
-900286
-110060
-688349
927156
650994
468423
223696
364863
-945075
580404
-26339
893931
-955536
-679281
-90205
162556
-883178
110494
-107482
-234757
99748
742811
271532
379327
-517875
268498
189403
-472037
201877
203600
531374
301591
-906460
843026
228747
744534
311448
-547557
109396
366373
-967154
-916943
260303
-922689
-596223
-829902
239867
-479401
280592
-867616
285843
-619661
875196
-442626
759667
-642680
825873
-50931
-114717
27750
-847331
-583343
-670659
-753791
-740318
558088
990743
571130
-989469
100139
-62498
-956622
183196
-802195
-879311
586974
-632097
360556
-892428
648496
492941
393416
-971165
368137
950791
788502
725457
776664
-262430
-389260
-195587
-109760
27397
133754
136450
287079
-308158
127192
-141792
-297627
-772669
795711
-254248
410528
993516
-133559
-2499
-638581
-773003
105074
-990086
719939
-501510
-961251
88075
-550720
827252
-186469
-774057
-435178
424271
30357
455062
-548333
-835890
-408489
738746
-144047
718704
-403046
558326
946036
-607336
-695923
356563
-613821
170519
-645936
-252401
397516
459138
-242486
117454
957628
-203737
-794472
-593092
-376485
19060
-367148
188337
-556670
663209
-356602
-105002
827320
234910
-366256
-316728
-46386
230698
-758402
-100351
623362
-454325
-743788
-990459
716194
-389724
-242860
113710
-930587
514654
-768837
-972959
-689083
-563308
-566051
-65568
455752
66802
-877231
899083
-269990
-233833
-205920
-442671
-998923
427824
240601
-45309
-341478
482199
854341
-718117
-972126
-889448
-708575
744069
-279172
48566
-142222
-209758
-436780
88942
-182717
-125862
525635
251233
808571
-18613
-681966
931340
-119530
48045
-302493
674550
605374
-301416
102374
-154025
653276
760896
-671826
507616
-957221
-643951
618168
-665795
-899883
-661004
382771
-42104
129239
945992
-953162
946522
-179871
572474
197755
-371300
-446140
515790
-439961
434330
-436166
257547
108880
-830792
956131
-788746
15183
609407
972150
343358
117023
-985071
699407
-264809
-650866
799525
74187
731906
-242580
-796575
677898
-195741
-850053
-501974
-623268
347703
126727
-69407
-136508
686766
-635077
427327
-55687
473803
596535
-99557
685058
-388282
-490150
657208
955077
626873
672137
654483
-637937
-978729
454007
436251
753177
-788573
639677
431074
15687
789625
929101
392419
137328
55827
-676988
-999181
-257407
-312065
428147
686906
-838262
24682
-412651
846796
636401
97200
504003
591477
-275928
176140
245960
86136
197411
-300033
-477613
-49412
-88605
-837937
-618338
927082
951689
-689237
319501
89016
366591
642514
89836
-890816
-669552
-482018
796090
-507813
542665
-616561
-661017
179065
480640
842986
-229458
-795288
19126
-983499
290848
-783464
-283531
813236
167125
627864
975300
548787
554946
926988
859551
-125553
16004
226141
-483040
-894161
335325
-152592
-376178
131415
339596
-833514
514855
678579
345552
-4506
521565
-883907
200206
-459310
-867405
-508946
-242773
-150935
-695711
924352
-523071
-720411
473139
-968126
-793424
332689
-93679
222580
-441170
423281
328420
894155
-729311
952242
25570
610285
-881272
-459576
288863
464280
535919
-189572
580374
-263876
351118
712970
227179
-891656
-437966
531469
-967304
38963
811058
505836
70838
-982367
-161476
977159
240214
397355
400440
-431367
291509
671129
-479125
-682921
281414
-360397
-142496
-429723
-896117
-606578
380705
684257
129547
-268177
397227
-643275
-159832
959261
888194
-127136
-1776
699251
-621300
-930939
716885
217224
-953780
-42901
-385421
446660
525733
906089
117789
-953393
-776833
-600797
-313790
80671
-30520
-209906
474094
-649815
-525650
-396360
82008
871577
-39635
922176
830838
-151441
-204960
-170938
-452190
173740
-101877
-735305
-609036
-55656
221794
5543
-608996
-252474
-88369
508793
-205866
134799
907997
480345
-784531
-122524
-729562
689563
227661
-255211
-706798
-690331
-383634
253568
-768156
-552797
-897873
26885
276266
-350062
-799376
-825612
-85367
-408412
118733
-863574
597132
509737
-116047
-491237
18530
678087
643562
-73474
158431
859031
804003
428870
548594
31663
-826342
841797
341333
-209976
95365
573177
237228
197492
-399939
-486507
847430
-199314
-312118
-237937
392275
806615
-101511
-10594
316352
782443
498169
-665118
460530
141730
261408
-381039
761
65411
-952170
-450646
-902926
-778512
-608850
438407
11513
486515
11583
-751260
-315993
611645
-237766
-468563
-587670
450116
293500
804605
256731
-808011
-205989
-426918
974433
-707821
-92036
434962
433910
-830628
-946078
-565330
234783
-898247
-15975
331857
-676758
375176
-229737
334755
-138309
781847
583496
545699
393492
-654271
-922865
805822
795845
370636
610427
52575
562625
-595563
625658
537057
-303383
-466378
-27981
-869473
-297005
25941
-434803
937779
127694
549223
269635
450936
-75602
-960102
-214309
786090
821746
-630814
331788
215237
-285085
408923
21059
-489240
-220441
-368515
563336
-657817
35923
188993
879241
732540
722616
-148741
863067
-574390
877201
-571736
-636612
4894
977488
633024
-544170
-98114
672923
241522
-312025
494668
610708
-980238
-290095
-674377
428686
730964
-163617
-791756
-637551
-600282
-449572
398372
588712
-570332
130912
311327
280927
-6022
736938
158127
422243
-899674
-836979
399730
733350
-381148
-698385
406273
860375
-10409
-99059
471082
9354
610846
796705
-561960
341810
-366912
-353716
704259
32806
196713
102631
-378482
626381
-766458
932845
-92692
227521
669783
-934565
-350237
770109
-771543
-950507
503459
-152690
-648891
-90269
-292316
340700
810672
-821234
-649947
421518
975472
-211907
-236673
-391441
434378
-532414
641366
-368909
570218
-737117
-742528
803760
-804272
164781
31280
865511
230217
681044
635620
458674
730538
139078
-694016
-918354
-951191
13669
422347
859482
192435
772400
280999
167907
-439507
-955674
776466
994872
-488087
417831
-374038
-917870
680714
-116565
885891
876443
-951785
-82829
741953
278432
-401786
377572
-262894
-671249
-483350
43091
-589602
-434541
-943241
832745
-575059
249195
605145
705940
-582899
-834362
750267
-806433
-839491
-737820
611399
-213528
-655690
292113
669907
-769799
168555
718123
147372
-89493
-3446
745586
-711921
733660
-925663
-195270
-223249
-515265
370190
-166490
-682521
795131
-917295
922624
501071
-500194
-911739
251337
-306626
-751229
513518
-695228
35244
857828
596885
-294849
-911971
-234561
-576727
235401
675947
419827
-19013
964026
153487
55324
-231245
930238
540060
-861056
-236252
857539
934076
-153547
780163
435146
346260
868425
-313518
-960367
-882805
-800001
-655594
152440
-942173
941291
857591
-854143
-293271
-719137
381258
-617324
700691
-637756
-653299
-145822
417569
115457
-215584
-42372
254402
548164
-184834
188477
-605383
-404671
-376377
740877
-536247
310106
780511
-419051
510106
-875084
733389
567933
-933793
590979
713790
-227063
871843
95048
155613
572533
457292
502315
-573290
-125140
-382228
211126
832488
872175
-240710
-352346
60652
153907
242984
684275
-105216
706737
-5620
-324705
-712315
-495515
-199789
-978926
-927582
-133581
612053
786209
639356
483895
-118744
-205032
56428
-661452
-702717
483139
213408
-84945
-305735
45896
-212771
453555
693551
847881
-392538
-63466
532155
502247
-356729
-473465
-822459
-69043
31020
-22247
-47969
103438
844172
-435916
-110354
483528
-952022
770903
-721505
104407
-890550
-424221
-412455
322859
490834
281810
-631245
-721937
-264636
-937694
-874057
342827
-1160
658099
-154927
642112
-815367
22615
-426932
215654
-999633
525100
-680909
844540
-910817
208738
328067
-862838
-20359
606563
241569
89092
-817659
829114
-588050
673176
110924
-219294
951239
846289
-156988
-922818
189115
841853
735282
-965812
483965
919915
56803
-942968
135568
57171
582133
454660
-98289
671316
-336602
-770223
808479
643040
836341
50047
-267869
-981318
-120839
144082
691858
990085
924788
643097
836374
-232200
720279
25488
-390347
455560
59677
-906383
375475
-883520
-849350
-488957
173651
732783
965704
-924638
404099
-370899
-694861
212577
-727859
-858520
-737377
4272
-839838
141785
-851647
852021
131870
-926859
495117
-31757
-159058
215396
993732
450596
-329045
53408
544214
-953571
169889
694864
-442527
-656461
427647
-476824
-581099
-168255
152278
-275959
-955678
424419
-134478
-693054
-571310
25685
448731
-422956
-122295
-419399
-349814
-627178
548844
491128
588218
542576
-58276
-740827
-404017
-514063
-694397
765872
-819199
-136924
-890589
608448
386252
-471687
-559807
-461471
252355
-515485
962949
-882123
-208539
-608362
143562
-759809
-31317
-978733
-179207
618869
-605911
-630364
109997
982307
912212
-948280
-758521
-491805
-462342
-452918
-725933
-281541
410159
-616521
-673094
-203590
-88208
-232900
334940
-835853
251615
297888
-717976
-956924
689527
425586
-716732
-341791
446853
104061
-722922
840943
473697
387076
823249
385909
438797
-935272
894104
976455
-388189
-831829
-305086
-978031
-448350
21820
-181620
463443
788921
-846681
627590
40535
451208
909614
83611
140734
335200
366879
798944
-217947
-529061
-923978
-377005
944637
463099
-553756
330546
-98105
-489027
224649
-121650
122784
392821
573264
144754
944471
-404916
963134
407913
-615996
-883547
35503
424540
567661
-54883
-491849
-291605
-719683
875031
-492661
62370
-654030
-416638
685366
-709393
-953540
-868391
621153
-51644
-357417
-154198
826706
765367
-761378
399970
-89879
-816907
995054
-126746
591006
-620942
-10292
-373491
803599
-442632
571626
-688251
265764
851943
-813221
773104
-85687
-467250
-643534
-400322
-176643
-597074
-268712
-555491
351283
373871
290311
177989
139238
528934
-422042
-950642
712027
-426988
-77387
303032
-47930
912321
929542
-244332
-530311
501167
67418
735454
353110
254198
508557
-732578
786948
865023
-132900
-389695
-732051
598389
54814
619233
-27741
-654875
-202779
-888503
874059
375179
-839145
586085
948191
83468
-110883
-99739
-4211
-181342
655930
465479
-680175
-276653
200932
672935
977546
-290511
940357
764494
-425488
-192543
-625202
-157539
-594155
429613
-538306
378105
774738
258915
489602
648796
-365907
650457
234881
-417716
-266075
-876002
482546
729715
-57344
138476
195193
262481
861824
-603876
-64584
839369
105614
-124228
603862
680126
683229
978660
-477413
-910926
408272
-15719
467179
183010
-756805
-43220
-168194
-122711
-392763
-933314
459574
341163
-809316
-57881
70878
133341
-919406
-733930
-604178
942418
-337805
331238
781787
767809
-792991
385648
447934
890239
364308
970522
979313
-227420
-45198
446492
955590
197998
-596728
-212605
-924714
10509
-145918
534860
-648328
44767
-523021
422550
-821893
-442426
688621
-426071
-500008
-649185
905167
-718222
-881376
-887824
667427
566559
-997586
31735
537080
981728
804315
-508119
428219
759905
689880
831491
-452700
765166
-158000
401383
300026
193673
-553851
777005
-383778
-375744
-665421
-695158
198186
-165429
-344342
103352
116350
-225718
215528
-216224
-659160
217943
815512
877920
199670
619827
-630199
-372111
379731
-940320
-540620
927032
824847
301381
328414
124872
-504947
774564
-98123
111276
-601181
236456
416118
597005
-928973
-928225
-299643
187377
-153942
915886
971154
186898
133828
786665
64818
-666502
406491
434620
-38613
-213778
494301
420768
-286746
319147
-277852
-958332
-555982
217201
816232
345896
-671524
-784949
-417649
744595
812057
-346621
816371
-487587
840756
-337572
-571702
811910
849327
562127
598574
-85855
895625
5065
-651236
-142988
791288
843065
-722221
-495459
162211
-72
-453791
606230
-782872
-637560
-47875
-454395
-422508
534477
-709800
-610452
-812145
-893430
-98038
-971389
-231001
330260
840521
-381674
-107613
439095
532471
-211988
-555841
881236
645024
-764553
724300
922804
-260012
-113489
-77269
286198
-507259
139860
648638
444867
685465
-773870
-20656
975665
-384322
167200
-917765
517640
195811
-148765
-152100
36332
469562
740287
-524574
2033
-471702
-80414
-116732
-826678
155033
-392432
-903875
895022
494079
18856
181219
986820
-841285
-170143
431687
844181
55987
-588970
819846
671665
578230
902082
189304
-225959
-246684
-962796
810373
-777122
777491
-714201
224911
-694211
205385
-891822
-520889
-639582
-284254
-424763
-744561
-790175
594093
436658
-803355
752809
-733486
628332
596989
322502
-960639
416835
-5834
617592
318916
-816530
-608368
-927768
-779326
-797995
-704890
998166
-512196
520021
-696045
693190
628199
-216934
-946393
-656055
358304
-690953
-446230
-47603
745706
-249585
-294795
-987781
-621253
-697806
334721
-581891
719029
-671113
-964300
37944
-487643
-572667
110176
-266968
-370662
405286
-268803
117143
-74693
35152
-189668
-446495
818219
-136060
-102549
176523
172988
451221
-871081
-81307
-798364
-165876
-69087
-419617
136319
-734366
-1508
-144653
-405479
34193
893292
106879
461526
3467
839911
-909136
-591247
-428892
208007
334060
606261
-981661
887566
424480
-117721
-214983
-398998
-944734
-763763
-270079
-26041
-562126
564046
904873
18257
-299636
-829494
-983251
555712
-234973
50942
449004
871907
-487532
-547529
711817
-396668
-138776
-717075
811340
-804716
889187
829679
-917150
313666
-288042
-132133
914668
-232776
104105
-355411
741184
541979
-791365
646057
-439764
-91000
816563
-423014
-535289
-418411
627928
913716
-546505
-859604
-633814
-834688
-256272
227411
-551762
-444933
422695
-662576
-615254
505546
651090
96704
-626588
565758
863929
477518
-789653
605113
19496
-581018
251169
579733
327982
67731
-843282
792694
649321
784646
706409
-897185
925043
-927406
-731872
-331230
300005
-283634
223838
-277300
53791
608585
-771755
-295119
-294712
-398342
-729362
-430784
-920825
-519014
-825671
98672
-100032
425498
-321596
-772050
-506772
-164878
-979356
-857452
-380232
727054
-754636
-455190
799649
-486507
213581
99654
229860
-562581
822354
-716350
-953997
-949401
-11468
-248709
-347742
259171
320508
-268567
740157
494837
830105
-359875
-79665
-491491
-131925
413564
343631
-111280
556113
963399
-384227
801478
-491792
-584579
-685030
721789
515075
544831
-840793
337429
828482
-794789
388028
-182987
-43498
-959714
-923817
-722990
-228281
816340
771848
-398176
-543535
-307818
110333
324540
-894255
-546036
-786740
661858
-582638
-170967
463336
-74429
244454
778306
-352641
-240471
323137
-193433
-903043
151618
11778
484986
968632
968281
525272
-955186
-754710
-703009
861155
-982862
-101184
-682380
-290680
-990851
642160
-184934
-536887
855421
-523076
-119524
-315547
940260
806047
928908
718566
-546594
-311564
41702
259974
-214606
-806680
-728249
-729620
-838049
-759968
795653
-793234
-514678
-907356
-932079
-497539
-8540
-614459
211782
610
-972299
-973153
463724
883122
-496228
-655801
-432425
-555968
-849754
-503518
-837403
-396348
184919
204300
863626
970314
397621
-864623
-759306
559572
-624591
-963654
766339
-139268
-871010
834261
363193
120451
-780199
-425026
-878940
-752497
-398178
584784
-869375
105595
928984
-301800
549627
-920771
194683
712225
-317118
-620398
-83476
-453492
-650085
-685856
-318115
-409391
873717
57295
-373044
640056
918027
-244054
474316
281220
876397
694118
856195
997458
941622
-541983
582241
-927754
563612
511225
-229554
113238
590454
965130
-174538
-726665
-655269
741987
-180157
-305353
-943869
501729
285257
929848
-440977
912213
569904
-522950
-331841
44219
758270
-455444
-261663
614465
-457987
-320042
-927519
-875746
-247796
636093
635479
522651
-250669
225933
487781
574793
499269
832512
316779
-680889
-472841
372911
820841
812416
302758
-620137
724629
-127339
-143086
-607213
916881
-384816
-62656
-344782
-770352
479358
335176
-697870
603613
-912620
938224
239092
610032
-312446
-534976
97813
-737653
964293
-69676
579127
-716596
457484
-47963
-895756
269899
-745206
-515892
-5472
127456
341023
387315
44337
956207
-675341
699556
-814145
804017
34731
-512015
407629
122112
-573792
-353280
-267856
113762
111745
829957
376110
76037
-239719
-44764
359442
-782236
907273
463686
487664
-837933
947795
-517809
289524
288817
869507
-666140
245023
-805835
-966585
430879
998183
68147
918864
405812
-809741
-654928
-947469
-77596
458835
164277
-247639
-165056
-759687
512642
790180
599756
730407
697453
63441
218071
859520
11236
700262
149043
-699948
569769
482904
545076
763934
516320
-24046
762117
-415533
-105182
167928
-225273
239890
220460
697131
-301275
-615264
-550509
533669
-374950
962134
323849
-775195
692541
21301
288247
-89389
-119180
-700518
-389127
-970138
-400465
-819359
512767
-855389
944576
29086
120566
706692
613553
-984617
-125381
-611721
255274
-904922
-914590
953999
-520185
-465098
487667
104865
-502964
-188485
329670
-810424
832817
-382083
100188
-286364
-82601
711062
-256501
516935
891703
-743735
661546
836279
285352
-217889
542970
-101095
-202505
-582411
287185
-947232
-487333
372595
-993234
-7518
907498
494434
-902653
-595467
-694051
427018
-405890
-861235
-955066
694299
-147599
-37667
405360
595901
-520732
297062
852167
-859187
133340
137518
-77075
-323690
-963578
720420
93899
323607
773188
606567
-303798
779955
-400951
-396300
274388
-303604
8233
580338
-876587
602344
719103
-831653
296642
-428496
130681
-297999
-832595
609949
999064
-980429
750763
132403
157089
-326313
808714
193512
-605894
-97388
-482881
-832706
-490822
213322
947249
108227
817022
221637
804624
-174746
-198025
928037
-572402
-478922
-903617
724240
92583
227064
-573760
259988
-162987
-574697
279559
-412225
557707
-563352
261463
366420
630161
655569
-730968
-852721
822863
-221790
360601
770112
886438
177623
-8251
691061
-997123
793724
619098
-569525
-685199
715481
-845286
407384
-57455
-419045
-332629
779559
6258
946931
-632667
-436035
-616421
628797
930385
-986261
284365
-800584
-838981
107228
-22373
521621
-122660
-135935
-300757
869089
-444874
-297880
662812
-825777
132596
977614
889705
287310
384997
-167750
868266
-947632
-388192
-125477
999299
-20858
438488
-617122
-392062
368873
-603383
892304
568290
-442363
-468
-454083
-920743
876872
409983
-221499
745961
965109
480622
408772
-860668
-386783
386386
-970963
900528
-228618
-138713
768793
-176250
473096
-356684
-176951
-547763
-918196
205927
60176
450678
602545
-47521
18967
-839819
952012
564885
-760561
828883
-25133
17940
574843
-60024
-501439
-16385
79308
111779
-630000
108345
12306
141383
969633
-218901
965133
442728
424415
-211818
894965
506219
994110
-44859
-43103
596654
907620
975864
756836
859631
540748
996275
688514
-484385
14215
263357
455591
512777
-753029
-465101
-375445
-383028
643245
636861
758355
612877
-582041
723488
55604
842375
-488331
-49431
348594
-494222
905710
-694510
-897568
813330
-718646
859268
672961
822103
855543
361475
-662283
-130242
-375169
793309
-617466
-128197
-671792
7089
488775
971453
-356050
247130
584330
61909
-29383
-360067
-95716
482287
590503
-747122
988065
496213
-441632
-909503
309543
-160278
949766
-17497
-338175
805308
-656022
-457
-324934
-31191
-207149
57600
840612
121059
-935312
329387
92512
-291362
-423484
-323159
770548
547134
316775
-325169
29420
-92723
-72291
17485
-596511
486078
107982
713032
-674200
57747
-304465
-12375
-136945
39513
987168
538121
-991678
-219981
-404280
848935
901079
-339592
178322
-6410
369047
754839
670431
139594
301972
-12795
814426
-668608
894483
-257865
348877
-702028
-771788
-543142
-988996
-445987
514606
-293460
541639
-622340
746054
528807
915782
754376
-691175
-488499
603310
-790097
171910
-218368
203494
-459043
-463530
-126075
680551
838442
861130
494977
-830167
755613
-762888
518711
-946415
-534676
975569
-935411
19338
490175
-228871
-439024
867836
-482818
-910218
783617
-728442
-601392
-704882
874869
-391488
467029
-343500
812006
-992015
192970
-314070
688537
31412
-452940
183513
201246
-697327
420625
-280044
-643742
885950
-304475
-579153
-94712
-814301
191977
466264
-946466
709160
556047
837152
980719
954655
-867731
855587
-436833
599298
-487914
-624828
607284
705057
61103
295820
-263532
608163
-520667
937714
910836
899959
-342331
-732906
785909
353194
-312058
-308804
538894
879919
-842540
592429
589079
713507
429580
569797
668162
561850
425383
-768672
161147
937470
-393499
-231570
642526
667604
-935750
-621006
275767
-456417
-683293
186603
-556459
-25623
453697
-770550
-672429
-858362
-79354
866465
-978443
78106
458894
610636
-208387
-111527
180432
-540225
-549678
-394185
-308897
611470
-456716
297605
-620100
-814190
-34792
-555850
-435196
-759026
-12267
-118488
427577
431275
855889
-118726
660726
-816540
22912
-418629
-950075
44469
659478
508819
-344896
-548909
-602708
835537
-89134
-152385
-558649
601970
-540916
-15364
-100426
-161016
170447
864782
283135
735251
-894244
-729132
-383237
533334
702144
-527348
-585393
362869
-343888
437519
944241
-293963
-518013
603718
-785144
137092
-945191
-387852
-27371
-34325
459763
413981
-432355
918848
-601384
467220
-242168
569063
332001
-959034
304314
437758
-688165
921077
-28909
-986022
-606272
385698
376847
49841
-176783
321087
755879
305205
-75195
970735
-557704
-20385
-417117
414926
945291
-957354
-171094
-487065
961494
227522
980155
-280674
-203415
312156
-239707
-899101
-250086
72128
-978025
721005
86106
-584296
106703
-537047
465546
929920
784041
221424
235124
-291154
192158
677421
688461
775042
92346
633751
817688
921252
-853314
779182
148774
-873159
-501493
945359
438997
258800
-953742
-811089
-669073
-931766
909916
417034
-516062
16618
879988
949484
-53462
664028
170908
-818339
-627126
-636935
859082
-938666
-861893
-48573
695086
955795
-127322
841772
734976
-978548
968614
-766518
966812
407611
492283
-986931
596522
823210
-918697
506437
240244
-434758
-476945
120231
-485275
469593
-215741
685634
651254
157133
-951301
510336
218468
-813194
-538238
-86447
-857400
334441
-244675
877576
355893
-276062
-888942
322704
-868452
603341
335773
728070
426551
417077
234507
-333206
982319
757563
787026
-502956
227155
-428716
-817323
-121591
728417
-768624
-611256
-53116
-581818
-149493
860438
-439218
-815053
-384237
-561642
540841
339701
-450584
-136455
471250
-847243
-800682
199320
579308
616395
-566173
-753899
598713
-808611
-966874
-904243
418545
-395590
-721566
-703046
-667173
-490189
-314301
279712
-72007
536206
140149
488776
721154
755913
927135
261995
95613
-523450
-874461
-433137
-370693
-675143
766184
-791385
941253
-799990
-545284
539965
-608601
-512157
635723
809945
92254
914157
-893102
425082
-576033
-207403
-295207
351961
-671197
844943
-159263
-950043
600855
-232129
311952
-303532
244422
437491
263331
873729
762348
29515
-917656
703600
229525
-462940
243565
620925
24904
-120713
430869
-882843
-206556
537768
542240
217412
-669636
-752968
-430627
-340832
-908026
410110
-290875
692830
-822020
-978924
-610703
422402
458567
652629
296131
220915
-317857
378475
-75485
911669
915536
-831920
532593
-59561
47368
-36539
57597
840813
-498772
-400164
58224
-168407
-153131
627597
490761
-61156
37706
-800114
-368327
215687
-779038
20971
-361912
679530
-326401
934219
-99555
355743
312694
824960
267411
228229
993041
-199997
-831332
40409
763465
226266
-118779
-735307
826103
939446
96286
-327029
567043
-412953
611816
-395251
-213067
-756512
820436
7895
264459
-541477
-312575
938059
-607258
587870
293802
705437
412829
-438788
-66334
405870
361216
102334
-553722
124680
-671400
327500
389373
-845298
266945
-514341
-172326
-166013
72706
-560510
438736
859640
-317022
259172
-132466
947438
717696
554959
885497
-889562
142828
179298
815875
-444343
740511
-250460
961528
101726
851875
-592194
-773594
-819526
735306
615780
-664823
2251
-898562
162852
836238
174145
602342
274974
33784
-714680
-465854
901318
-767242
-748159
456277
-881746
-637721
-400895
297553
-821847
154763
38064
-72306
116291
-860211
-220431
524097
-633804
-39956
259402
981976
295221
-738347
-916587
-541927
-902109
257558
-939585
372865
-708659
-654264
907011
-807341
-421506
-841148
648937
-303251
-478869
-751959
994303
-300715
402805
32366
626980
-480905
172156
-593452
-956809
538352
366592
302594
520327
-338187
564247
603740
119886
662139
-138702
180302
35003
152640
526039
-57986
345299
-895468
100867
-5765
-198718
621998
242277
-204415
-678717
-354919
827952
948263
164177
107
-645190
207369
-461542
721402
-490038
-941215
-616786
-925791
662526
503101
736348
-476177
-316597
-228649
676463
-790559
713366
21762
-686026
-185768
-984004
115257
-563770
258273
910842
-242486
903355
738793
-294224
67531
-261101
60587
-725101
277358
-218011
-215138
336143
165204
-140928
-1332
-331696
-404580
522492
351708
366772
198955
561149
80138
-779284
875123
894371
-763288
-9620
-669400
494986
-98779
88114
398341
-359986
793891
-534128
378914
-145523
-259229
-343729
636467
525634
992415
-198330
-615294
-8917
469975
-19874
-486426
-178318
-653102
712529
-617170
427036
933245
-742047
321406
-830043
248333
652007
664944
-850446
-259879
63284
-210432
-465989
529157
-831519
388489
-730072
-175247
24955
795562
-182833
826625
-819732
808251
296600
160394
-678176
-881719
507293
-965647
-498888
-65672
967599
-240934
-744266
-862445
-992602
907741
802500
-843047
-352139
-134216
-53478
181873
-605060
115004
-429638
-335132
939757
595317
-539570
-243076
421942
-359302
-434826
-281459
801093
-113001
-163177
308385
-78648
337935
-757287
-111050
-903000
-501553
26506
-895601
-593813
-170994
-738648
54049
694790
207875
-764079
-910271
-677122
-193717
-245402
-737365
-598400
215028
19559
823543
855726
584734
-457916
656819
-528268
378907
-34797
393085
-283158
207916
-717965
-186158
706363
308542
-81759
-887450
-862453
179594
166599
832338
-612532
402521
922068
-289653
-791196
-323335
-27018
-389596
891694
992542
-566053
747419
577275
-23969
404237
-950993
-645062
-630560
442092
71780
577357
724128
885623
283720
32669
-196137
396270
170216
983458
-437131
2554
-629074
965390
-75379
81273
-825807
601286
-945745
-215402
492979
-953204
218545
240398
624071
-805424
-355365
673079
-450485
14075
115170
621295
-408568
-160702
506917
875152
871967
-689220
271421
42183
-705762
834291
-955264
-334836
799680
-30643
746438
973874
-429357
800694
-241528
-936379
847490
977018
304020
471561
-828406
948655
144639
-278891
-37270
-740191
-657596
554162
99107
849321
429314
-28926
-839899
-299266
-986743
-545661
-464976
-942007
119504
-665296
27351
-134058
-691422
597994
-333365
67050
661616
-485875
44068
-34364
985686
215662
-85709
130325
936771
877021
390135
-720826
431183
-510758
-871505
-139504
460316
-711403
561231
473573
-257063
-903745
531567
862441
-569040
-441082
-271617
-260462
-843088
395018
806589
818528
909143
-149343
-215836
894829
-933682
698455
25153
-996911
575475
-584712
-717737
6658
-95470
-589241
867155
-635154
-300644
428386
838420
442294
524641
369987
304734
955601
928905
-966884
-304861
-914184
428135
-498272
904345
337278
352385
-311492
232106
418703
-613038
-742741
421793
962438
-327453
704056
-30905
577078
-885185
-163750
941924
-185828
-735365
780344
-743535
789277
150330
561200
744877
79234
594317
-559984
