-197137
-145200
606768
601219
-745040
955713
-68350
835333
-38598
995596
451562
137405
642304
-425916
-579681
353026
306375
-939473
-135325
-308787
649983
-97463
359878
-188897
898053
947040
301539
-695767
78696
-408141
-377245
881560
446660
-770478
482778
701620
-814766
-585573
536952
146637
-589977
-11486
-715958
-947673
562598
-295639
405354
-131027
-235111
-729972
560186
-585129
172565
-79936
225975
70617
-132897
-472486
374850
945799
119373
997606
827359
-433967
-772872
310137
-732348
-587637
724564
804605
559000
-865413
-206882
843042
-813086
-644284
-452597
592268
224689
312292
862296
-215125
727164
34861
704939
-46862
-894522
-427959
480653
480328
-482160
-399974
477934
-654802
166059
705062
655335
433712
-882576
379899
238317
676425
514487
-968565
519466
701401
-612848
-933131
293669
611842
379161
155965
-603284
106324
-809175
-898346
-940538
-703697
-326304
540115
776632
191536
-859860
254565
536735
306200
-40373
192070
-260088
77052
-428031
978229
-246524
-913545
-990337
-727059
787857
-603184
-660190
81526
-991343
718972
-762510
-594627
-174704
-571684
-492973
-115242
-275381
180723
-575127
-498749
-627741
-434986
755816
908995
871215
-284557
101064
-388874
792495
673034
-410646
-454030
759489
-400982
-181088
547346
-4166
158723
-371129
4491
-122305
-133638
409864
702991
294678
916892
-412251
-980704
97615
12622
-479453
469874
577637
-723637
378869
448851
-8193
-520068
-940024
-215699
-847035
-350670
330272
912455
248349
-850816
459801
-755818
307908
-911328
248674
-814398
-44966
-341462
888593
-750289
-424571
-523658
-730992
673045
488964
-210444
142919
66600
65920
-478213
-484549
-942274
1720
-424573
-157972
154685
224758
-827700
67140
-526894
-678516
-473060
-282711
629393
-384388
965963
814995
570647
-375500
703588
820359
199930
-820071
-910634
-127026
668894
-121077
-984108
-264506
944843
-462321
250945
-997431
539399
826372
-155402
-305916
51130
16898
761225
524236
338383
-711835
-758475
-32225
-96222
-792513
-217230
-525576
-168012
-513643
-705218
-968082
-333713
-615851
-95108
-664820
263072
-79215
70675
207915
458464
-678381
210485
-2137
-852009
-944918
691948
199121
71980
453172
-276643
-589637
741337
-35118
378138
-354885
172370
-839093
119539
-995643
-352735
414322
-963724
313552
798472
-58832
648733
61543
861953
-280592
-730542
320417
41027
479943
-681720
189019
535026
-989773
-611861
-392994
463399
111497
17369
204736
-923622
-604493
849851
248748
-443586
-30610
253106
203680
-616289
289382
-482768
-817818
-769450
-834035
243726
-907497
-114627
513185
412920
926401
-6872
731201
115419
-471847
741428
503559
135160
204826
-384945
-847472
-590438
-308567
-451964
-740588
940182
104450
228803
193287
-691870
612515
-517331
-174638
794698
-286781
-8673
38423
-194278
876700
-448392
-781358
803100
544736
949844
-81481
-927111
691271
-577922
208050
-103903
37133
360579
305659
728567
908615
565072
668748
13065
-206126
-137965
321195
-593612
344705
-853443
-798915
-942077
137884
239509
-136354
14584
791118
82289
-182316
335854
32132
736203
408744
-276597
-841720
-383207
619500
195414
977372
-74841
-76020
885987
-509770
-407272
-100949
284105
454764
-779754
690494
-200532
-633197
891580
-142608
504687
131088
721039
-480730
-77794
-196672
336955
-741941
835461
73157
666803
-441137
231438
-716404
-821637
-573148
-739033
103522
350833
-853047
593753
943562
46005
-122142
398325
266251
-431649
-802207
633054
-540070
55186
137741
591019
-223775
657012
-486775
579554
-6034
-228716
415014
-932877
-561914
973878
298561
-278318
-847760
725414
-17350
255763
76246
129604
-150484
19807
-824391
727375
-581868
441860
-704274
-384074
74914
-244344
671112
-787346
-653325
-552663
869666
-140100
-973110
-136369
631185
441904
-69246
-930729
415782
-770685
-209046
568023
954729
773604
-176214
30974
-96792
673302
-949219
78817
400677
-531087
-479323
696403
84839
595591
-547941
-244049
808245
-201266
203288
677910
658635
230179
-458460
289820
-327918
472295
359091
-912136
701610
-849956
655887
656339
923649
-520328
-312687
-173144
-847026
-261906
905674
553651
207007
-573650
250053
-708155
-978060
702112
47797
830185
-499154
-748916
508095
-840519
481263
-950366
449301
-846655
521930
-191609
-758791
223540
-41564
897097
-120122
-117916
-623232
567191
708941
-470258
-694716
614614
-916607
512292
-959036
333446
804137
-937096
35558
-148067
893090
536405
103018
401184
695886
-415719
450819
145187
-262374
-27252
953579
-21164
-803713
-87986
-124068
76165
794099
252701
-356644
503039
782444
-51359
117653
865837
-539068
158618
199283
-734931
221522
-765160
117003
114612
771246
-779980
-484205
467132
-195699
966615
-387682
541928
-60638
-434104
-479236
135649
477911
396696
-788186
272010
-350603
-144829
-224952
-568160
803812
892702
-702324
-735257
51319
496959
-470188
-727159
731800
646815
387454
503045
866836
903249
-29824
-328864
869863
582495
-786936
-190775
-851609
-266172
944875
626302
-869476
-843312
-101689
-220079
11860
673360
211762
-184329
566062
509438
80414
-382619
6397
610227
-109777
-261803
257042
-722324
-758758
123877
-819075
211418
795014
-949212
-206087
-991923
-139987
-57696
-258094
-195113
-431394
-127569
-38424
466918
652352
973436
140278
-135887
-210893
-293661
-626449
869522
323721
379949
479748
-786057
-881855
-263210
-508381
-640613
860667
-327456
570806
655681
-276668
-635282
663758
583346
307023
-594336
-611767
875629
278095
349809
342546
-69553
323245
-517177
794560
-887649
189163
-831889
981874
-487117
548060
461621
-273174
666205
-801589
218446
-974408
-940923
890991
596398
714758
-385677
961117
378516
-802332
268139
784181
-414099
143767
62275
935711
-513687
992722
258956
-30863
787282
371308
-841701
955394
353181
-328817
503453
-185198
398009
169658
13213
-383545
195250
72291
-492555
-208352
-212951
121768
-247236
-834436
319437
-979098
949745
905339
164670
12020
841050
650983
4742
100005
-379881
-207976
-528687
-221581
-252583
824494
449602
-749130
-360704
-152389
420528
652509
464066
-384222
-275200
971512
407427
511849
93280
-839810
677413
-587284
-818907
627158
-681945
345763
-360822
-840896
-3255
643920
259110
616865
-564056
730423
-604717
183361
554917
844885
434231
-805787
-307505
-145241
846722
-843440
470538
-428478
-871929
-122036
-916630
221351
38155
760784
634068
219248
387941
952124
-434990
-972881
-888773
561755
671040
370338
178620
-893017
100761
573903
290345
-344322
418787
-275425
-150109
-888718
579335
-303387
-732158
49873
268135
-604086
927837
351505
617266
-34009
112288
251334
-814762
-499771
203457
-249752
-472652
314685
-687997
-801612
-314978
490623
-694629
785784
64525
595716
-558539
-516688
-679709
291353
-405406
899627
987966
-137563
-50501
256100
258352
-122665
-392395
-124382
843327
719894
-873048
-971435
-779878
330409
-221186
-252529
-354906
90817
-54141
330117
-418560
251231
115900
645966
-153054
557362
-870722
167238
-151286
-276127
66864
-163321
586310
-983638
-907221
-155338
-106302
-299615
720280
-262975
-579722
847232
-234410
-359600
177641
544404
387872
822736
-364779
-666270
152852
216662
584961
-731248
-137373
-568093
826114
-8095
599145
-325172
715778
-333991
511507
302088
-317629
604287
-853250
576069
-695328
867030
-686907
-275050
714262
78684
365351
-108097
-376913
-246778
-285362
258309
86953
867491
-525030
-328086
-863758
337597
103822
962356
-670498
-297034
-362817
-954720
368975
-851310
347369
-948654
752978
494119
627416
-942351
361149
940510
-217400
75410
19193
-852049
967314
642281
-98827
-318048
-99411
988127
-450558
375559
-339959
-314316
-286844
763863
-351960
42659
-533172
285224
87939
835804
433914
-564692
887151
186892
929427
514566
244542
290575
455075
-972859
-634015
-525732
-824908
-666701
-883452
76266
15251
17137
64393
564693
-607304
724434
-749623
105853
488296
-101583
-851489
955125
-816360
236451
790928
617555
671759
678078
-195554
601186
192644
-951013
-108240
-352282
-923871
257746
121986
-748779
591045
238535
327488
-393705
-744328
-608120
-829012
-351632
-883687
-578635
754222
604609
319783
902733
559733
503424
139184
350661
120978
-189058
28739
925424
-587873
-778618
974412
303888
-130899
-949459
-438367
991087
-698237
-847322
229622
629251
-241026
485294
-978869
-70038
-866338
-862556
351328
887884
742054
-328889
790617
301787
-825466
-70200
-347553
295512
740742
681187
220936
-847131
902569
195348
456758
-228331
245889
-981610
-237244
547652
-828931
992378
176903
-69957
477671
198034
860006
611334
335478
211333
499217
77532
882445
289833
-620682
-943022
-780368
31766
352491
960375
-287048
-426574
-886756
-384479
768775
570002
387191
14663
588392
-850054
-437685
759462
-857676
739218
-310496
619996
-62749
-450491
231329
-727271
760843
-269455
350261
643287
-979622
729580
700266
-759990
-238655
52756
-799615
474297
626183
-686371
-910182
394957
883631
477009
-590380
472023
626956
-28065
231484
769280
-288847
920988
389276
648404
-529503
-379396
921134
-768661
351150
271395
874627
371529
974
574892
611540
762319
-372352
811925
236616
-746170
-874447
326434
648788
-990816
-196558
-941593
481207
-569602
30343
-287309
-800322
741496
-366322
588954
389900
104175
-790442
311033
335515
560709
-417572
210142
-67763
583402
-214967
-456224
345720
412682
-644299
-417664
666512
-518745
908770
315300
-509561
-287788
373707
971646
142610
-595950
-315664
342288
-854455
318015
-68758
535446
-577810
140800
-153521
757706
-298492
428907
-32153
633746
12308
752881
-822478
-641972
165562
-466777
-59636
-167926
14478
-150866
-852626
504917
561346
521082
476563
-296044
925132
-839101
-953756
-929323
478915
-22514
606124
901106
-881714
-547398
658811
-180205
881510
-373342
-546460
-106183
-620462
-368938
251846
545101
164285
-807791
-622825
-821237
41343
-475451
683680
-397311
-954370
160243
306646
970763
321143
352890
-958561
-199943
-669624
647563
-298838
-551337
-899835
-640028
268458
981675
-13369
721998
-124508
366169
-646940
-872663
-88730
517346
-680453
288445
696109
360891
812995
379789
963581
858626
-459968
270226
829388
861175
-376884
870828
-338769
-46507
518391
362394
402156
618556
722367
-329387
600231
-291003
-607389
-524278
-924834
-254328
-396940
-13564
-736983
-77393
-725119
959127
-716502
-912124
338916
-752922
946503
878948
517304
775890
740123
-859581
646718
-598647
93913
165109
763748
-503932
-216336
486114
166682
-616105
-804889
559293
-140383
-729723
-695036
462678
256714
-432018
-614716
531595
-472892
-331218
619472
866025
-84140
565974
744972
-566836
341864
485094
-426416
-11419
886448
667497
-846311
650195
-836436
-62646
136309
330246
321249
331420
-110461
-819134
601698
194504
643544
-141589
762486
-971172
-609994
-710406
-302390
-990523
-844382
613471
575451
900591
-953365
-82686
385685
-379781
905896
272132
-712284
-940415
-77673
-548719
-3060
-941364
781528
-681812
390056
-328934
-500945
-8246
865570
-857402
850165
628056
-828574
-759830
917650
-130963
-750353
-926732
-517492
825099
973859
-470857
-257587
359543
149363
-351692
-368325
437079
-292106
554003
888360
704834
612639
669887
-976979
2695
-659047
-477923
994449
-793477
-335325
844613
834579
-163898
-915217
752229
705139
-665570
825498
-812354
-840471
799357
-283210
-98058
158899
866153
550251
790575
303231
-741856
344577
191591
962978
-42784
-138522
986000
959911
202431
-491924
954360
408954
172752
798973
243533
-991147
883756
-4238
713993
-781814
-178741
901640
-622285
-379385
-381571
279657
779515
-515418
-170093
570090
787813
88052
-85333
-20596
51029
871883
840882
37029
831794
43312
545106
786153
-547734
-282143
585126
695800
-273290
468881
-308439
-559297
687067
512820
-657658
-935218
-866565
-39229
344440
912950
445353
-825653
483040
233166
262399
-602294
-787430
-686572
-730412
-946549
350457
-898618
96764
-104438
887536
549031
613420
472661
244830
-659870
-58459
936391
-219167
-371392
449211
123175
-306610
582647
-916054
-962171
495597
529300
-787824
-21364
-237534
474576
376342
-24964
788004
645931
28487
138461
747313
-874749
-965977
634848
674282
647443
107508
-80888
987573
-950951
-144497
-231594
-322343
-695287
891582
371048
887361
975528
408878
382957
504828
621054
-638408
-732707
95629
737935
242329
-116367
383865
-729184
-977907
131178
-603932
-943884
-233975
-929651
703559
873534
-10539
691132
922583
844964
-540463
-399760
-850323
-648881
971288
-962962
-673354
380165
419995
831475
1219
781588
-901233
-903152
519522
341097
-19519
-96613
611913
2574
-965436
-992020
58690
-199410
-921670
-237751
-325877
67792
-546619
-403294
-87244
-87081
196946
62434
264038
168233
99472
590685
-451602
-480533
422159
549617
-698946
520926
646465
820577
-137978
-373054
-276036
-526065
629520
-241472
-518084
-311790
559119
-439754
450460
-766759
628038
903841
-170052
-459207
-183241
-973107
603228
-919204
195127
-297301
671481
743525
222166
93640
293142
523220
-385434
-60393
343797
476588
566553
-932240
950524
196073
-173711
-567561
884284
-614593
-7315
334743
-381351
-379277
238583
448597
161517
-944658
475491
-235256
-863862
-329383
467443
807620
-585858
-310392
-98740
707284
-787172
515826
-353109
556626
-7586
-786556
624386
-57063
409517
-549325
375376
293801
-163917
-631940
-371457
454733
-11216
867127
-96670
-849700
922469
-621180
-84956
-941393
49438
-617514
866228
463580
72095
-232513
170864
284924
-716687
817755
-158451
275727
-968802
-534065
-781337
440716
-83390
594039
-265484
752693
962100
363060
207425
-49116
230186
-889245
101184
152655
-510425
-983773
211263
539013
-601286
77491
2593
470810
844978
-826543
-244267
-871709
991213
597283
404018
-977589
-936783
622681
463127
-20173
216720
-802357
-267480
178820
560703
939946
-870297
-209111
-949300
230887
943545
-459724
247115
154807
-920711
645829
-767703
81883
116639
-922725
255340
872372
-794434
246552
469655
609584
268963
532872
232265
-267910
-487301
-551016
-70266
245220
627804
-509564
185165
757507
281326
235866
-11606
224871
776143
-764492
-620323
855432
881338
-388025
-62686
-2024
-310750
-807346
-129652
-105183
439206
-659998
-495599
-291831
872875
736666
440260
-614427
-814351
-630007
630793
813454
-139570
-184042
570961
-858245
-948176
-440646
366626
827967
-205138
746304
683399
-323801
-641722
-379287
674175
47529
-186633
-455477
942347
-747427
-115475
-553253
-39257
-242600
-816587
-598998
142973
-630938
-229005
-226234
-817484
631425
589724
753477
773181
641549
-687170
139807
469515
107693
-113889
152914
783892
244390
773627
458067
-708081
-413007
-997410
-765735
-160433
-112885
-318987
800310
644516
-135574
-798688
-212512
233489
-27693
561254
416005
-396268
150978
169481
-623087
-207474
482312
516720
-737959
-409996
-597170
414955
-626104
647220
188581
831963
939139
775575
834553
-826596
-384858
-278332
-145583
-584549
-633816
718843
-383236
153672
-47669
589071
-285074
-631665
-807197
865905
537817
-430284
-341569
20129
-913565
-79528
610134
-510734
-664573
984030
-863514
524009
815993
-924375
299584
650546
-750970
914726
-627786
103447
-669823
-261602
-177710
-53059
892071
774621
-463988
-393004
-857044
-271185
-527099
680774
298531
131332
-299097
384967
-948196
-688964
874234
-612769
-704934
-989280
911241
-888942
-913655
210824
761605
-664625
125550
-866181
438823
455727
-127782
-738888
-597333
-235712
-964267
-61320
371285
-821311
667495
844186
859464
-33974
-24482
-439634
-649008
27322
-128598
-774774
414554
166468
-764054
325794
277527
-677708
-463382
39132
-342332
662168
172952
-903510
117894
-954831
-642397
520562
-190543
-606664
-540758
-819258
-427974
-873264
-975073
-568511
92762
445
-8145
443755
-972233
863258
668981
442321
29726
904927
-231885
-692747
-772781
304734
346386
-115113
-33099
-480663
-18623
-915205
-435494
338981
605358
373964
732317
-935401
554706
-695657
-808664
579634
-264168
284098
-419922
727688
-272147
-392154
590946
-603166
-949833
-379328
-698240
-181718
-72075
-471020
-876985
-725689
413867
89917
-206352
-604756
174712
358155
734225
-219930
-267882
466542
-155331
-713177
770885
36005
866457
-493283
-679897
-553465
-765595
47956
54381
825351
444790
104548
-553978
746551
922831
373948
-724469
-954154
648259
689398
135763
-558093
-915359
-689526
800062
818867
90545
-467821
285408
935214
-180997
56293
-28781
-314541
563010
291323
131995
797416
-660722
-813624
622766
784069
290925
-931212
530620
213755
442737
806151
259601
90996
495549
-604637
532903
580191
-294162
332964
399057
796383
865144
-315535
731597
-315854
740758
-297185
369606
303768
994138
-498400
101183
-666584
-312024
-276051
-882515
978901
-207263
648106
192656
-764526
454257
-547744
326470
-50195
-152380
-140627
-470005
553459
-807663
929053
349841
-942520
-386483
81438
-258374
-645726
784253
-888768
658042
778391
-387168
-240775
-888193
300809
483174
-770707
279710
-724089
877399
-527634
-488615
331656
-75377
837856
-718539
772244
-302772
-188543
325702
-110435
-259491
-324457
-52954
354026
756981
688673
708301
541234
799905
366343
319625
-587263
-874433
431432
713547
608742
660725
-6743
884653
538124
465623
-603962
-130221
-609754
-766107
151240
-837511
-68878
962698
488191
820688
-296794
-836267
-232267
-942768
920715
-543595
765534
461948
-743690
131876
-218428
-330953
257444
-786996
-617407
-133814
873729
375851
-249162
411853
-158527
146877
-718368
231719
380771
432873
394208
-688108
395570
-117601
-867420
-901224
46133
-99687
-843992
-33153
356719
921543
-571205
613029
53419
210368
-717924
-689138
423372
-335330
177049
297101
-959480
927887
-291047
-118006
74764
-9415
-886288
-544466
-576543
507921
-232573
819028
-609680
-99993
917804
436453
800321
-926188
-596700
157039
995355
-167905
-229932
48773
-957538
52144
359636
465834
716814
-463316
-237065
757334
-535429
471888
-360673
539335
-537527
-246960
994870
-114069
-739039
-237704
-295042
-348718
662303
-377239
-912266
462624
-303427
-508966
-380338
-308072
323130
389731
740702
365592
-558126
100337
-168574
-841312
637022
594361
916023
-898407
66249
-444650
640928
528723
308391
635798
-585347
569352
-601907
119612
-779366
-939604
742373
-691632
523020
-561054
-200597
-857318
130875
-877468
532413
-128424
488125
974287
971913
-680449
-867025
608935
913912
-951003
710528
-19839
-395653
351456
-491117
912738
-12747
-76463
482090
385346
-956852
702724
445743
785522
-988908
-31238
-775532
-189504
111444
355343
-66972
-356143
-773082
-578847
-381856
-801169
-259296
-248881
807767
-345384
-199884
518294
634778
404464
-130251
-856339
317202
857003
67198
-200708
242348
110347
-497985
-311909
-104131
-486892
656853
120337
323604
-231703
-524320
-743368
412154
-297401
-322214
-969703
-98570
418490
-218583
-290804
-926894
581534
-772510
707884
-14003
97240
851545
-696801
-45758
-81257
102491
-803411
-970911
604507
-115319
-75042
-882386
-458467
-954706
441219
309831
-479025
697852
-278016
223574
-624363
-247718
-874996
794128
533699
-165799
867234
115232
61691
575118
-898771
-841070
426662
-595572
113172
-654596
506919
309762
-625506
111425
-805558
299452
229040
-264024
344747
-329741
-954194
865723
-631890
-232209
89296
-256253
520074
214300
-462125
53773
-951500
-594891
-830996
110191
980227
-729766
269122
406889
-325338
-617707
752294
-818419
692056
-873213
293007
886499
426240
-477953
-377526
-229013
192306
-331719
-363291
560416
436072
726005
-695837
-43855
-59695
-157962
-990082
-11195
247148
-821078
-901004
227374
-550843
368119
-365737
123820
750413
-613444
305402
442468
-486656
-401592
328966
939585
120455
951441
-289429
-687240
-380279
347281
873177
-944207
73286
-822661
11939
-986410
19378
21857
2396
-733474
200780
101393
493900
649937
-530489
-871837
-226243
-780077
-485281
-920842
662392
28063
-322434
-8642
-32353
798022
-57202
678219
-889219
562519
25499
983959
618313
-901216
-838702
-369749
-887625
180677
652108
114771
447203
-147113
-783837
-58897
-497176
-314325
69266
276581
-94402
583985
355739
-432011
-387952
-966695
559348
579696
831327
-497855
257914
942109
-935336
-716587
926068
682977
-617802
-912635
-686773
-505427
268042
965336
609345
-284756
-181777
825508
656347
321047
-488817
-274388
-402372
416782
-690403
953368
984772
-78355
986674
544119
-498659
818000
-953737
759256
760109
-889073
-957332
686176
793904
-575134
773542
-892869
-80560
41583
-927534
-471216
756828
-109311
-645708
413174
-788264
-134525
-861214
-190635
-717744
-551617
-237268
-732973
370029
-250595
811146
871370
-432595
857409
630625
-672486
968337
673294
-986310
762241
-901841
787232
869372
17599
-171186
941839
546383
-414359
-167472
900676
998816
44265
-233850
-862399
853630
48406
-414015
-383638
315434
956014
365768
126579
827384
933173
-16012
458009
-739314
-47676
131302
-725624
-285435
229462
-938392
-416063
-752940
-109578
-474225
793444
476064
358304
694119
474879
-597431
-539731
612481
-743802
508676
-801535
-127439
-175891
-845521
-761672
950688
981864
-828499
-65324
439872
-567812
887001
-428827
-293435
-398435
800635
-231827
185502
-952305
658595
711278
841140
134659
69582
535259
-390463
472151
995528
-777982
728350
504203
-579516
-399090
-671689
-425037
-160762
-721001
-443174
10740
213676
996699
442928
100676
-432129
-850508
702242
-631494
-82335
-112256
-583799
-423740
-400979
-742659
710919
668604
792600
-679544
140754
788127
-457526
-130896
292330
-37042
470014
620641
537922
-690748
899641
-905252
319992
113316
-908554
-237081
-786008
-340682
-87589
916234
27824
830076
-196023
444026
-593665
402999
701367
-882746
71603
493967
-562290
-787644
282093
-19815
81461
-425578
943144
-448526
-804937
481065
-139273
-905296
575814
-819281
208020
667260
-56362
422012
-673423
856050
338246
354402
686126
-857777
-201572
-907539
545223
-500205
-790285
-383175
993762
-352574
-170818
275855
627611
910643
850278
570754
-537883
-954660
51819
322844
-859956
-372368
503563
348065
-705108
-552799
-229923
-378530
-696749
-891678
975872
989377
-749454
-225701
-918162
795769
274095
-708446
-587407
267856
-61020
241775
-456290
-433409
152417
-606013
-862656
614534
-560672
189164
-62622
-420627
816796
-559059
927439
-888313
-111858
-302485
-266843
191393
-194162
-290971
180770
56384
483329
262609
-147848
-242577
554163
264746
-974721
-506858
-493480
-431010
59734
658938
-37022
197079
273472
402306
-613758
-789151
981680
-796962
-348210
909118
-685274
539933
-393367
47884
-268674
412471
756913
912096
-531145
240242
174705
321008
997665
-271133
-414247
-977056
222010
92274
-408066
-718257
-248788
554912
478822
-975317
-42782
865064
-764468
-61103
-931898
-112677
-151985
-617172
-572745
454648
430712
158582
-132881
187624
70678
335975
-572134
-754618
-343017
-574469
-25751
242736
-551525
-803742
-664990
40409
-521998
86222
-404680
956824
110906
552538
821888
346439
-508565
889990
-766239
339450
-727183
-338983
-205902
703530
819599
661217
-108846
-109724
-2808
319020
135658
654175
744551
-890093
-103089
-806975
-693834
231922
233435
-215832
-681857
828755
-259008
429049
381293
-437121
-224513
872728
-547131
9249
212178
-274313
670267
-993725
-570784
489866
667493
320371
-619858
-335316
-360610
515801
-681141
-616059
625708
215770
-423033
931874
-552309
810402
-283958
-234165
639157
457034
-805116
20449
-980087
-29628
-106823
-527217
979622
-894646
198471
649888
-888370
627688
139753
779123
-51942
519895
-556193
587449
35696
-237334
971390
-338597
978437
-451644
-406723
-573873
-641242
309320
191963
997915
-233647
386847
18364
-213733
-642781
911541
259051
-663160
-983105
-542479
986729
-871475
-914792
126481
907648
33266
-353624
-648546
-379286
682072
114121
-407896
-656525
92557
140460
-63247
518685
499218
-753928
-289352
497133
12426
-902506
-484504
798694
-545286
-572963
57744
-208446
-556068
515265
-221718
-427543
600474
904764
-519895
-366260
-448860
-168440
254454
-766788
945681
846559
-423312
38237
-12982
513441
-443078
-513764
759513
267570
983369
-228061
365065
-501135
-429368
819779
-74098
628376
-388667
369834
143641
389616
942292
-255886
294379
-577604
377854
845520
253956
-367692
-921269
199636
-521134
-344581
-762127
465885
-831140
-205204
952122
928374
-937635
935491
-299688
427430
-565645
270944
247209
360257
-100680
858543
-269909
-957040
248158
-327618
-212926
-457463
94778
-835072
-611944
-651266
-202764
-533212
548371
276103
122208
786245
-258013
291068
-418960
-305892
219441
-356595
-370401
919754
-929165
63954
190697
318045
-575790
-909984
176587
154302
-867024
-575255
826684
-79949
-32718
-78538
84979
355339
270196
882216
822127
-181434
158318
-55665
-395190
900306
-764597
185851
-405586
454845
829257
224013
374598
900093
-712033
-434706
218137
-287822
-344689
-605276
866480
-211712
-180531
693163
708340
786752
-385376
-206681
142090
884820
-324466
-35783
-296614
833853
908552
308197
734159
-856045
-505953
-671428
598800
-676697
552586
-26603
-776604
840553
538692
441533
-447270
-805998
836258
-580791
-17710
-344274
-887628
-309371
-557522
-273004
483948
584568
-388184
-840518
-451216
315203
993336
-542664
-376600
727494
-398708
117447
-943934
-799909
440751
608652
173488
664147
449205
-287821
105680
-998066
-93819
-58063
-578856
888472
597664
-466484
-420899
-959859
260513
-936951
624710
872330
-777469
-826506
187532
-784134
-369169
810932
943361
232123
-71621
999427
432214
-630870
608078
-394298
-966723
57283
317881
138957
59217
-775938
-919106
480362
-887466
678559
-986122
-308365
718700
274391
-245316
343410
146721
-22784
516904
-665747
193083
-852265
-854816
136443
379858
73564
135869
-187929
442694
-256053
417774
475971
801230
-264346
-385072
-139553
-40283
-304178
-659191
72251
-625620
-645313
763887
-906920
629079
-481429
436491
-224201
495787
-46605
110052
-311130
101130
255237
825313
-519013
-671199
-38818
293059
771496
705130
-289168
247466
506359
446487
862395
-633194
-593797
-441783
-292385
478455
-67402
62303
242341
25678
-308619
760912
-537831
467180
256699
415564
-422768
945569
-483307
832470
770882
-2319
-838730
-267937
-709261
932766
-562808
1572
180232
943552
-551942
42626
-689642
-145739
600843
17973
-667285
-466560
-919724
575057
559119
-228343
335968
-978713
-761163
-407334
436852
-183931
-461766
953545
-351461
-690884
-48775
-190191
41179
241965
-257426
478372
-756464
922806
421924
-308406
-34568
732282
545856
-433725
-249745
878572
99715
-169469
453628
-341166
602188
-210404
-319879
841026
382262
-883028
-342905
920497
-929483
305634
-770388
21742
-884558
270792
-736293
-141983
-250837
-492757
-219177
-828914
198838
746255
903368
-255307
-687471
-346377
-376736
412245
484154
-923108
-928922
86342
-133512
-248800
-72633
-751250
-131827
584462
-830754
-61310
-109905
-601141
960433
5538
669651
-775860
863555
-581186
-268617
-355623
-410099
930221
-609368
-506731
-325086
-296838
146892
298179
-884594
-368955
375071
-813515
717387
-758441
-62314
-355246
-509691
805859
-770785
-340444
-255451
119310
58415
-295018
-875153
-271934
-70878
988403
146881
660506
-367221
736782
590726
23412
-769950
-734361
726574
376942
563818
841981
-992013
-61111
-971535
725375
180448
-33849
-629872
670757
-227990
-400657
-669688
516560
718654
388728
-778459
843502
-883206
150663
831904
263675
-188832
-535317
456
-598106
488095
230507
-332466
214669
-392552
-768648
56649
-384564
170241
85115
-659190
-649312
-948734
-289062
-978555
-176723
310282
-648243
-660164
28935
740486
-438623
-127564
857280
712041
-295661
120954
-476791
169023
-878590
-74896
-342883
351917
592638
871787
959366
823990
-71564
-425199
-5769
-986449
-84389
344919
-935182
626550
366364
-111905
-63169
718122
227931
965767
458608
789309
-161798
315887
501350
542542
-563159
-975441
-288436
-441748
-50337
368682
910169
-457699
240469
869535
-633709
-831096
-555665
360522
-817545
359947
-294560
-752727
-13503
-928196
135369
923328
789927
-636700
889094
248534
-847392
-272704
-435579
653959
-730162
1262
678518
-18598
559515
-371819
-649916
469684
170483
590553
339218
536774
759458
783554
-102705
941913
143500
602736
-810814
-870004
674541
324555
-946676
464467
687856
942419
-286999
840464
-330285
277422
494423
-60447
-721316
172941
920956
838199
801122
-728961
307882
-28395
861593
-352901
-491622
621050
-569347
405674
562963
574153
8410
752150
704150
-317049
76705
757475
-852583
-235440
699894
-139581
-394976
-630392
-862159
-900554
309161
-583475
272387
230117
-745276
73509
501157
562606
-954887
362749
-790295
-446509
-16201
-359642
959166
-453238
-785489
-32425
-701088
918662
650526
375617
676136
797944
-859823
376030
-341637
-254799
745638
-203796
-155352
54799
212729
-882966
-715085
467454
190544
786072
30060
235657
148821
239766
789149
-867380
880125
748315
-320617
-905365
-284110
-21705
-986703
-633584
-646089
689433
-835641
-505911
65463
-177277
239290
-188900
618927
-916063
865900
-168344
-799028
-849186
-700891
391516
936887
329170
-372827
85708
-431065
-583679
218328
-550941
-835365
897712
-456306
-119475
-123994
-443009
246941
229918
-753576
411301
724007
311887
-765976
-36703
-877013
852951
47234
988887
-315393
248207
-860299
-16283
-360277
-923412
-687114
266896
162296
-118179
683217
-619376
330880
847853
-721665
874575
-271622
154341
-568434
975320
-615741
-322009
386620
-891735
989879
620644
71562
-887135
473595
-881204
-898248
-841799
367004
-758547
141919
-993274
-681959
454805
273622
480338
-663374
-43161
860962
667506
-195308
-860703
542081
533070
293639
973647
508389
677898
-348362
-104991
786164
-358484
-484347
-142274
-245618
989248
-23477
-143866
-852551
-656474
97588
289369
-649747
415629
-255827
623876
-104033
80799
-419285
-243071
-251695
385407
-103774
-709614
-81523
-810135
-735967
-573134
867764
-84329
321876
653927
557187
837529
-488347
-688432
826777
488176
167703
974227
831703
-734710
263595
-818044
680920
-992232
805832
-423114
88568
-613454
333815
836873
771954
-769959
-872741
-309569
-580094
-608708
117297
-712331
306963
-560828
941597
-135850
-723299
-546751
175719
-896523
941426
-656579
-922297
773129
-391289
341299
955085
-710369
349067
760917
-133483
-562366
-852538
-799668
-725493
919417
-569627
-598234
-390153
-149720
-206941
727144
137950
-899979
-833684
79547
-35828
-556983
532797
-860110
-453505
474223
-516688
-375801
247351
92024
965498
202436
381655
314565
-36648
-751829
752199
110815
-551496
-973295
30231
-121122
-571528
640078
729159
221531
367222
-132892
321553
533539
946655
-714276
976557
479452
-574386
-476949
-46326
-91074
147251
-798976
-999051
112749
403461
382605
-572687
-633188
630777
-820489
477628
-920720
-793783
-492142
-41841
-365310
-852064
-312683
856221
515159
554425
177773
48697
501080
463498
25253
-19468
889113
548305
934206
-201962
-304445
-864770
-201012
808304
538691
-818407
-764383
905504
812370
-584872
383131
891651
-378654
890990
-150191
256036
-961074
537126
112256
554085
91551
-709971
-397218
-407369
753527
628036
573163
642639
176341
507368
-559323
871897
642598
239666
680201
181289
421259
915818
86792
233629
-669054
-530077
125279
-47708
-639088
975088
-791673
-600161
512213
320584
953925
-396237
610613
-443294
196394
364140
-815258
-230444
6779
361084
-723076
447456
232980
919523
-312878
-86820
100811
-891619
-171002
-812397
342010
159944
-342473
-532712
-887765
18439
-557625
-679437
418279
954589
641148
372203
-441649
251761
928910
754746
-384100
-886349
-475698
622679
474735
-198774
70135
-292285
-279252
757258
620896
821560
865639
-550107
-990837
207648
609838
-333310
674937
722073
685130
-882688
-957364
103408
-928100
683784
-524390
-369748
-64456
-595480
-615003
551445
-481829
-90700
174124
992907
710526
-755742
-299378
-568726
-998484
-678483
-747166
867155
-228590
-738003
74803
-618753
-71313
-250260
-896680
-386184
-132948
-854043
717225
-61048
829742
-807165
569204
-234715
-402645
954202
-683270
115527
-136499
490854
108434
-425973
735113
809056
5302
736629
-869428
258136
603784
-98017
520134
-321413
283231
-551180
428327
386552
62637
-704622
532509
-220138
234331
362250
-27303
-196465
-872465
570052
-242263
-555735
-314422
621238
935120
794013
-804735
670232
603068
200567
406860
733641
-541297
10644
-364377
978837
689231
918854
-572343
117557
305406
490295
412936
-162086
-729844
-352734
-799836
242853
450802
-672301
-187095
-791462
-228035
498483
829777
-292916
292495
-974959
-622685
-104437
225609
784176
-370797
684312
-205180
264826
663148
-515950
183680
-909195
601608
-510915
581100
14544
327000
851256
661810
527165
94108
112612
854864
907013
321150
-373171
405496
150926
333914
-302009
175967
711229
593554
-598425
495405
-777243
-914113
-709775
487584
749035
-225725
-328736
839841
-624117
160350
420940
390427
-512651
272195
52237
-985487
-633697
-835152
869378
-726684
485998
-503793
678812
-363076
830121
-623197
812891
541350
970358
-785534
36755
-806886
-699647
326980
680698
-950612
-898745
-648038
889229
-522862
512312
310168
867565
999661
-417637
-80198
-985826
-51334
84650
883553
221982
-429352
-620241
-99206
207572
-790121
277598
20463
751230
247955
234929
-212016
441070
535283
-885037
121768
584672
-783782
473730
473901
-306643
-13959
-215931
-439078
-14298
366432
480724
-124
-684902
-434626
-116572
537081
136022
263188
-562126
-656407
473068
715472
364057
224297
-36573
-401014
-987720
-595504
-865732
-872756
526265
718941
-656538
-6
192841
36819
986035
976911
597741
-28264
343342
78465
971613
658441
643839
-144959
195521
-220140
-881772
633396
123454
591296
348867
-512489
-184407
-687706
86497
-172127
-283209
220766
-44883
-756945
-60294
298580
243049
-867453
-664602
229084
-890542
933140
-799180
452800
11605
-827568
111241
-344557
27473
-693239
435304
145702
940157
-441242
-263002
289024
46269
552591
601319
-867235
-619537
-681891
353532
335581
-438836
-706762
-365840
804214
-574214
-30441
33297
-464756
-97301
234117
988045
914304
406550
99285
-430254
-565977
406047
-994950
579725
346203
-436192
-683278
-364773
610077
869313
-763454
742843
-750224
-445345
96375
585357
115820
389613
-780483
-79967
815399
189076
953331
-649358
-908226
187447
-661314
-993923
-406003
437972
-424176
28020
-155982
-419126
-392255
-809779
144682
-75532
-174551
-245241
-206220
61995
-502398
43557
616650
593977
-371087
-267531
-16410
-151569
652502
-201012
-962494
605832
149631
-870719
-206721
488318
-864641
387277
-73711
-288816
-584704
770307
292058
23042
960529
-563260
947510
-214023
191500
-258710
847972
689103
784847
464621
283079
-586240
-802910
-733332
262191
849593
65657
299697
455425
-784713
428979
-751296
703605
564338
635981
-370106
-724479
-948723
-599799
567580
74319
-639271
-995680
21828
146706
195820
763118
-5323
-115078
547964
-540702
-831999
961725
-343612
-565330
223915
-494019
500327
-476388
961406
715615
952591
-789891
419220
516929
846090
-950887
792451
897368
-550686
360030
-28314
-189956
364351
993515
956750
-439829
756632
-48573
445094
304596
410725
613095
266320
-932887
-952235
-509765
-426905
548093
13847
-465500
263707
-33563
-255390
-317074
-516634
-409301
-267960
-724184
-511933
181354
635847
459753
991399
197
453267
948148
560369
209899
-100425
5462
-485505
-689700
-381443
780815
-622587
-333678
-728951
-49491
-785586
284897
485009
478122
-748667
-770382
-838953
-265300
-179682
-106913
10516
308385
-925559
-353637
-231862
-934161
646561
-778596
-986013
206929
431304
-86438
-787610
945799
223862
-169052
726614
601276
497271
997663
-448216
711685
282559
-963207
189807
533893
-733589
350854
-731407
86730
-756059
279109
-604885
-681617
925473
163253
-615778
572033
384658
-601790
-221039
-184039
311772
-8648
-238240
-464366
822301
-511627
-863090
319571
-513964
-311306
31256
768596
-274512
-778938
302489
-8101
571917
571082
-921371
815858
-149809
-526256
-865760
-224337
636997
-481537
-652305
21655
-83327
126657
837617
-771555
-881991
-400624
-235920
940311
87749
-99010
259881
573785
589685
-708864
342381
-684828
-487802
-355131
307072
-915885
-784050
385701
899973
66141
859446
-965787
841805
496443
-447324
-810500
-481903
469350
316157
-644287
697796
434167
-44911
-538124
374477
-957162
362866
-365642
616624
-47449
-74506
-40996
267723
437693
603873
-425206
521808
819824
960496
421781
-114035
819941
455994
-272231
316384
-991330
-82731
834481
478021
-766574
-809806
175817
667594
145283
637693
42071
188122
559
676429
-195255
953110
-398077
763749
220833
-960384
367622
795628
561424
187446
756123
-16795
-926589
576064
-560801
-198820
-107553
-552131
718450
-273072
925891
951877
-82878
101707
619470
-937595
-260600
-338459
250527
739960
-662031
-944729
693070
-60108
819021
-86098
-20491
186643
-290471
-459067
-625911
-534348
524138
-552500
-958284
963337
248681
-65836
-588794
-32870
661092
-662904
-80993
-421786
438804
-461523
-359381
-821796
200018
891146
918164
537988
946418
611233
-522120
765438
-474865
457389
-47919
234665
998322
326170
700317
522459
773670
742034
485796
22350
-323803
897002
989481
-662711
-765902
-91512
-84497
672903
446965
556122
851108
-353017
447268
769271
-815030
393685
380504
-337150
159122
905639
-879761
-888797
140304
-881440
437373
-159379
641020
211043
-417346
126815
-766607
258852
23817
-777127
596142
257916
131362
-488356
-69182
-421674
-932234
-218075
225309
515034
-448804
410279
-91282
931701
-926871
-932160
837340
-806632
-820957
-22357
-688072
616417
818264
952949
-172541
-599082
79764
60853
659770
-896420
283726
255911
361497
-584912
767556
-707686
-6586
835322
74240
-781278
350356
625437
629002
-740926
557138
702132
-673086
394477
895500
-494042
-627881
-792572
-877625
-809617
-839624
-50165
-408699
240140
-989313
-748929
343721
294414
506982
-294783
709502
274538
-2468
-297085
109860
-928228
-78362
-539785
697209
-449360
-280711
254346
-747229
46204
-351177
-851730
552163
20943
-644301
674538
211326
-483924
-375628
802627
756216
-364941
-946302
99937
929473
560680
805154
638974
-164782
-197314
-658111
945078
-125542
263527
-594708
-428333
814167
124582
826014
-933062
-829215
-525164
-784792
722948
495779
-429092
397486
-292895
86984
-978143
-490268
-156800
-343083
-436570
943137
-413611
-875890
748291
-774637
-40672
-449024
-432748
-95594
425434
830780
309698
997102
644946
-565720
823115
711885
-394934
-702049
927093
-671986
793731
-501999
725500
-499164
584985
747358
10568
-571816
-595726
573998
-628680
-9336
698109
-880389
216027
-342563
-329413
783280
561843
-903979
614059
-128459
-906878
259005
305821
916238
-29111
910887
-785812
-102018
-761099
-992081
395983
964401
-491245
-19033
711759
519324
409152
-883968
93321
780473
106697
-208570
900084
-677277
448867
-429330
-893998
10709
-333309
720061
882250
-240186
-20934
188071
-323949
949955
98957
-109760
-152064
337859
-101840
-756082
302260
406915
224886
14018
-73761
-365963
130051
-980440
-585490
-763253
-189010
-685407
-440530
-740144
-114737
-334527
270566
551955
-614466
152815
-688231
364600
-659115
-12180
314554
439843
878061
-837510
-222299
-223780
-593592
-920040
-816865
631295
93979
109374
-734668
-775971
128934
-320158
-539224
939925
-5565
20246
-800220
879699
685720
470346
431654
-928747
-376839
743423
435854
-35953
-268757
-249593
-596111
-390697
-87102
181591
385524
319307
261552
568660
-49399
-644470
-321966
215934
-420441
806969
895776
40335
746893
-109789
-939419
946674
-230091
746301
417020
-798438
817555
-959820
944986
253408
4227
-323772
-996185
408117
285531
-83287
-410292
-328945
-763981
851260
-760286
186621
-793211
-82252
-597446
-213651
-275284
-701671
826684
-528391
188540
887266
-581718
958450
633566
835302
-839988
451121
875482
-895003
-295472
-120291
-218774
-291656
-712174
-933243
625057
-122466
-262188
861076
-271206
-22473
47697
-64416
895275
450251
721933
-380009
748580
548617
91600
-62880
435882
509882
-104430
69448
345184
55582
-479431
220665
160580
225098
-899626
941806
933442
-611799
-991438
558498
265735
-253625
419574
994530
723902
-532730
-69887
619177
917521
-347954
-760833
666101
-799337
330768
-396780
636545
-159350
498791
-294007
-814167
-445628
226563
406499
714953
-548340
506874
656758
-614899
895075
665321
943599
160809
-588305
363173
155339
-864403
830443
-914549
754774
747964
-262502
993942
414065
-61839
324709
-982716
-425294
-834641
516076
280700
-648807
-929553
-492738
757692
785401
-41078
264565
442158
344023
159640
107479
287622
-679551
519175
-349205
475788
654772
-518762
561239
409545
-770798
-701264
403486
643267
236898
-271805
660552
811604
-106445
176627
92303
244748
247074
599565
2440
32474
-441513
-732995
-525368
902510
426645
582112
190132
747094
101286
840928
222881
-243942
-677835
-215880
-834397
-448633
82857
569090
-805367
-680246
-702715
855185
-868643
190840
31811
223660
-564413
-721115
-176775
438028
311360
381712
705033
785993
284222
131677
368104
-525646
-121229
-530610
-684719
-898349
225448
-362553
-114228
391052
188814
968629
-39859
383448
-711618
257426
238633
-580260
-551735
-729556
643401
-116147
-450671
-533375
-678120
860690
848338
-973087
646682
132559
158591
14786
606914
-962639
484176
922195
-860988
-290376
-440359
24784
-899325
748456
-6587
60817
131903
281796
-681758
-629464
701536
-233492
-359020
344937
650362
190309
811563
972243
50999
659900
999156
-302320
-207541
157747
712466
-600628
195108
196642
-678433
334120
906267
-118792
-641096
-993059
-370336
352317
67759
761568
-365887
386002
-867897
-664351
-847490
-226917
680586
802872
963393
492149
775115
14391
152048
774271
712072
944508
-67983
424538
-656120
-872876
-378821
-334553
461245
-472555
546656
820150
-465613
-823681
172467
602147
937887
806580
-11852
-930010
-857772
140658
-156926
822815
-56470
-193534
314963
-281356
820858
-532989
-507086
532930
-588482
424932
-42533
-244602
552056
578647
420846
13301
-893909
-32499
-166550
-359521
143820
-994084
-757375
81707
812497
230774
151697
954725
-628569
994771
777539
314961
-198763
92502
-966395
-377905
559513
-473480
-844976
971031
951452
112491
-273571
503508
-308863
-852726
-483192
-202771
114775
350258
437709
-741405
356175
680335
340302
168671
-88892
-508001
123396
282539
-513230
-99065
-402500
288007
993437
-368895
910102
552949
157625
-934875
523980
109076
177617
-749591
-387417
868755
-602316
129392
-334016
512460
-520350
-896307
771055
835825
784028
111357
4496
-304865
603357
-872108
977675
-909874
28827
-424826
378134
22263
206280
288235
-424788
-636095
353361
-900809
472982
-469022
-650399
-914435
-600267
-252715
214957
65717
-740256
694607
169410
-969201
530432
-46562
142156
-465072
648573
-254487
-337180
626248
-164361
691648
-798578
-786228
-286090
407702
502008
289123
771608
-144631
388315
244589
386347
737916
330154
786081
-514800
-454889
-148203
-255055
-760282
-978793
-224256
770151
-25354
917901
-694921
-376781
-336587
-32101
-750534
499052
-340454
-549112
712825
373457
858591
214832
-337421
630199
-929799
-949106
-125213
456548
788810
-795059
242628
-725990
-249947
-905575
18955
-10229
-884367
794700
-240078
90279
712600
65001
713498
-623988
-967100
962965
875065
-307553
-586148
587890
-934096
-727557
-197278
-271516
902642
-127077
-220622
-222571
-670530
-431813
-17629
572099
-157802
732424
666525
861154
-277805
782159
655853
482117
-127563
368453
-452882
-414065
744466
-419982
-451100
619530
272466
-37247
207420
338370
235196
-989859
-933147
137838
-116936
-153769
915268
212535
414418
-102362
-215366
-743384
-369939
-548842
-882231
352257
-766684
773623
-165627
105754
142075
381492
691690
-113460
961510
-759411
-493930
233975
203342
713490
-427655
-561462
723632
-360802
576377
-393305
485429
491644
819231
-100153
-610719
-396136
156463
19343
55023
274233
-628401
288340
47855
205973
-605906
-810071
-412536
-914217
76470
-451026
-673627
582540
782950
529716
296030
-644706
968254
19661
-5508
544631
626356
-520079
36274
445586
379768
425555
-950550
-463769
-555103
104473
810464
-183503
-607188
-141682
-977531
-213094
48247
-390067
-127310
-875283
158908
199063
707257
-58143
-271221
3286
297152
-302967
-977053
-708356
-758337
649304
-228435
277937
94890
-848668
-296508
144340
-312437
148389
-751188
-501974
964886
-358375
356345
987356
428531
-595408
-402712
-698779
-470691
756197
500285
-763435
-301946
-770937
239852
995206
-73903
262799
-713151
167760
-87897
58415
-554303
-993008
209747
149189
151332
897311
-702422
400145
-604663
-737537
-958231
751682
-750181
470301
-843727
-152892
771522
-314418
-396696
271807
-77852
301358
500870
-838001
296564
-573034
424799
583414
594727
-663099
-358172
-959577
-656107
851576
189612
495226
748886
487190
-104630
-855778
749654
-62860
895904
999473
-592559
-947823
-153420
-821038
-262241
449885
450770
659907
-248757
-48361
821907
-952194
378606
246706
631220
-26668
583608
-726952
13756
927502
-875377
-796633
422727
873509
690558
-681903
-982270
440212
255238
913635
439685
662679
965812
-713735
841642
-296429
736150
292411
-636522
-512608
-755950
-814616
-464802
622657
432091
-833582
-404012
15698
-560534
609745
-56800
-435911
813113
-634073
-562402
503670
-315976
-544671
-56119
939263
-631037
-616434
601941
-665225
-330169
443583
38346
-594020
-264006
401824
-106627
-19956
587209
428572
-397300
19299
594990
198689
-965003
-965544
-191567
-21803
-401454
-378455
344124
36144
-874785
-971852
491473
69097
967412
860437
452663
569353
-804789
-877507
12935
233558
-471526
748929
-364619
421847
-271027
-777410
-149582
331673
241889
-554593
-469638
276887
-520136
338795
-744916
78410
960341
599208
-885447
-914445
627357
606026
154653
594768
466462
-392685
164121
661674
-270192
-822945
-104769
258282
925985
530612
-319871
-345043
753203
530547
986631
-4909
975955
-483008
-728022
-544182
855787
-472938
534228
816128
-873731
648782
901684
753627
254807
56336
348395
-278731
663651
-487485
-617058
-606541
-310429
278174
651742
-384445
-191214
-668130
270513
-438012
862417
257143
557079
838371
774135
829057
-705812
629922
-643881
828417
446049
-517611
477198
347733
-763985
-267995
-595932
584411
453274
-932282
-903074
836217
-538823
-213503
114390
-887082
402053
923176
-555212
-327435
-514837
-692795
929709
-957758
-854425
703843
871300
-560236
333765
-772582
-731820
-220186
-290193
745379
-872454
-54177
-522617
-468386
-469767
930658
-400667
-372841
766874
60511
413657
-118736
173430
-184291
-195561
618219
488275
289603
925424
417984
331846
-929001
121826
203145
-489237
-544409
430563
-221056
235406
-859630
-475677
362952
86193
1706
894567
616427
-67637
-506100
-756414
-300763
554412
657243
580501
-272159
-527048
-615060
-653940
961228
674544
-728517
379211
6389
-657517
-498963
-790467
-146753
-43372
640097
632191
-807966
780468
-843487
554986
-133339
158220
449553
-516913
-909417
943454
-273327
-210180
497865
-616084
-629679
-774295
-143131
-244738
-428235
-181904
-570195
-156751
-802694
436194
185732
-301656
645728
-961022
654973
285824
671170
847007
66292
827684
401993
932953
-14096
-148455
-583961
76487
-205002
142713
866307
-707137
526630
-763372
-481431
-616502
-8110
90334
201595
421696
933584
398902
-142111
119316
-902755
-496384
158295
752218
789441
-170536
599225
-144267
-342852
1217
-211315
643052
852762
204725
-280462
-352240
-652562
-414155
-59377
874068
-177526
459193
-742434
814364
-450474
459162
236059
-516890
-141937
-906052
602426
-44691
-402435
-239279
-292473
-612994
590186
-693249
242739
-752667
307968
-968577
890386
160730
236149
-390077
808491
583587
195769
-250886
457655
-981758
-791694
715221
832607
-242167
174383
68666
240943
-967555
162614
-156631
-12245
760180
604090
695282
-852815
194275
-997967
389925
441609
310001
421348
331994
-529269
-342503
941918
-720779
-758917
137687
28335
698738
155929
236642
413959
-11464
994475
-411658
-942799
235418
-379213
219816
-921214
608543
-20004
682877
303824
127181
-122848
305857
-482895
-681240
-384142
938454
650755
86590
-404050
592672
365811
-162966
-269642
-605854
-464228
886288
630788
949732
-125176
625263
-461927
-67975
-139320
158861
-848159
-60534
-232597
131838
-377657
-928773
-740982
499495
377085
-223876
818256
992943
-285422
469010
79533
310529
61681
-554657
-852437
792040
-160510
-316665
678328
-529723
-366933
-446849
-904461
171140
485177
-43781
-670000
637019
895686
97404
-231144
-481972
168631
27875
-982477
-454285
804000
835779
-461342
-481423
304788
618191
829107
-633531
-936466
976670
-841491
-96976
-339995
836837
373302
293072
-610013
468842
-535788
875165
-574939
-205788
512183
-679254
891617
-718962
-161225
60247
308913
-143701
605963
112912
-307923
-855380
631490
996866
762812
460596
-636665
826346
437266
-478156
-270630
-902729
-641319
-897329
390344
-251332
571513
854556
-376167
996574
-351232
-863985
-682680
-459616
-582947
156096
600631
725967
-987606
206593
-161122
-295528
351214
-529632
-298663
114026
930965
64672
-59628
368231
586517
669742
465502
945198
772414
-144155
-306134
343927
-289600
317699
340500
359168
453714
657821
899552
870768
-186084
500183
596734
-173689
-293224
-564388
530783
-942010
-94020
-767881
172016
-163055
296792
-887612
-794825
-116692
782131
670677
-171494
554544
-473478
522372
-101530
236922
-159929
-761030
-403910
-706215
896792
-504358
-835448
-289293
995825
761287
537018
-297399
-803102
67801
-239409
102879
299920
932608
939824
-403288
-955004
-855002
480021
827127
815676
-691474
381670
-657803
830899
-719860
579119
-329030
-480889
-824791
-35245
-584098
-329149
129307
126610
-333324
-109407
-336372
369277
87492
731429
-870132
-809630
31348
-937524
-869806
628061
-892528
-724807
108081
934599
-909132
416608
316269
-566935
247507
596410
-987816
918477
-884480
-812607
-116769
-468577
-141755
-987462
658033
524922
-96868
-678340
-105802
990625
-946912
24067
-819005
84437
86544
-688811
-287502
194016
-413618
820579
128615
-322749
237187
-555117
110316
-515306
-958707
122501
-596829
-843187
309895
286403
-311763
-831860
298941
-653731
693062
-797927
-332070
-412741
-807302
-278982
611327
-626307
805456
-302130
-315117
-482047
891887
271265
-661468
20501
948517
575720
465385
58832
-939587
506678
-818667
-536416
663492
491228
749987
-648272
659369
48928
-302002
352430
251002
365928
939690
443700
-913054
551016
817393
892403
-751114
-497725
-589645
-859228
773541
-251112
161273
722057
-675393
-373342
-219111
-614979
-866665
-37777
-151394
796828
-546549
-401408
-851445
-887181
647521
-153446
465249
-101478
-787519
404938
-657778
-700572
-44046
-840386
-808170
204840
-338110
-397814
345612
-564569
351074
-493115
-842513
675682
133543
-61623
-939298
266879
900600
-90692
63706
-645949
507901
212262
-533130
155422
-941185
932119
-946056
-728704
337057
-603834
-429275
-706990
-444219
-237445
497851
217671
364741
-156537
653102
-284185
350349
810590
-608504
-516109
-251033
-547801
750771
-350433
361508
-185524
3618
-130592
-973263
470489
-975170
-914448
402608
-921226
-643151
-260336
-525060
-72425
32675
30721
690130
-469475
-751608
54871
373989
901495
770687
-275663
712085
-837818
208229
-538949
-385618
-41001
110619
975890
773476
-885763
-154702
800213
584726
-129872
885766
-12667
-51098
-757385
726997
423843
170190
-240328
-545436
-139681
290197
