832916
-732036
-617579
-479839
-571438
-279678
-160394
308157
-611269
-380548
13745
-770668
141391
340358
854293
-405315
364968
-979563
447774
-809876
-532894
-682836
497999
835604
-302337
-313840
-480974
398003
-436473
320905
729950
-603557
588869
-887629
-83395
-982569
-167306
756211
325588
221426
-624338
-660667
450758
517053
679691
305051
-888262
44658
325489
559512
234782
792595
876677
-267219
628199
-425661
418941
-852776
972342
982469
468130
702292
-621089
56999
814664
295516
74430
-352642
51726
-599983
868784
427389
-260650
319542
-55558
-580960
-375408
56180
463699
950081
-384308
-301519
742676
-507632
431262
370875
66707
-149797
518100
39049
-167329
-13771
-258659
211582
-956773
-443996
-492902
117657
203362
558825
517675
72145
-13787
-742975
-608313
930655
-323934
16279
-13165
-860236
-33640
602527
-161754
-290964
-905106
-730492
-920090
161602
119711
598010
-799349
952383
-415761
-58008
163964
-372534
497996
671063
745124
-298642
229887
262799
773503
-783901
519824
-834810
-853246
-804111
181470
133589
-664346
-852171
-263885
173901
-143134
-168990
443409
-63223
992613
-436881
-465214
-806737
-484499
119026
135255
679466
746492
-366749
350528
491616
334609
-419585
-245586
108112
-203485
-725762
273302
-56731
-529872
-545229
-923142
-194217
-397399
-187026
979684
459468
643984
423092
-603756
636596
986212
-68969
829860
-498288
-949944
-34886
-818822
796549
598366
531707
288164
-67026
-887879
-957422
-958915
-91364
-683184
314388
851906
-213056
769160
928764
592727
-628240
-258263
572410
831228
-614280
-4498
-772528
-977684
-18287
158503
852176
483425
208559
-182710
664604
5108
-584345
196310
-706729
348629
308431
-664151
389715
-782933
-347335
-295898
-931028
439610
-526738
997736
32336
-154978
-260527
-395254
-323750
125194
600248
-96277
147510
-418040
-937775
-314
-934615
270785
816977
729990
-724108
-767369
-73701
-430836
581261
-765270
-94987
-29024
-548203
557679
675079
-479230
-2711
-851660
-481494
-970376
-6638
257979
-365629
669613
-616828
-765381
-426665
530683
-183420
-364439
-469632
-118034
906347
-652656
-388045
-817761
-420024
538255
-248596
-838764
772985
656418
132212
-775218
214096
-192710
-254447
-788615
-44370
264059
-758991
948993
-477963
-124619
618606
-94791
110000
-808059
-564108
926580
-172497
-33740
-191454
-266150
313605
420501
-83910
893581
-41245
667494
-945183
-268260
323911
187029
-43477
-461993
994320
702076
-250608
-50050
-33866
-9598
-101057
488172
865784
-482452
-606619
-24217
-290510
-170727
-97637
536993
795533
710909
-729158
109138
131410
186932
2718
-909835
-145574
57536
-178094
-821664
-755436
778429
-283656
-761116
480505
465737
188834
-553362
-543862
-912224
934811
-678079
-394675
-671809
297705
314815
157464
-799932
-148192
-47003
910978
122650
-937866
42387
-690418
64853
132553
164008
-877612
954459
342345
-633047
732888
-941311
-394163
213392
524426
794672
660031
980564
882449
594841
-697515
-512227
923032
600190
802589
80495
800259
-345604
-966508
711236
777047
-904374
-246378
-913372
160479
886176
250637
282868
840634
-407018
649821
573521
-348329
-744342
-213087
-823904
-949671
-553057
-843340
932778
-958217
-540855
-579449
964816
-940665
-776860
45311
859594
-122463
78803
570829
-345417
174430
-675549
-258788
-665091
-789373
991849
617777
-948740
-415170
267597
624782
236501
523255
-588305
412597
573585
-141362
569257
506363
-99578
-971598
926914
-134762
-912263
-849946
910549
947332
27591
-10648
518161
682174
-836219
842613
-576615
-501310
-946761
-584766
-883534
-895500
65
384064
729283
-763435
-92682
-859023
649163
-519098
-384
218420
987265
900039
246822
914179
-234724
334560
-935767
-324175
281892
91824
665177
-199948
-226002
828958
-357336
197384
-672352
-304096
612619
