-863463
809083
773301
-817519
308443
-632501
396719
215322
-633660
7461
-886583
-653379
-307113
605091
603048
-509416
-983804
28296
937480
762741
-38623
135345
779708
522408
69297
744773
-200791
-737220
749742
904566
533183
886279
713649
306483
-931240
22091
673983
465479
-762587
-959678
-527061
-649170
-613057
165827
955922
989991
656411
972118
18287
593891
734858
979665
-270765
514566
502072
798533
259338
-698719
-938688
9080
-794153
594495
-104641
919496
-99022
-35881
-58413
-425040
-570402
179000
-384717
-97462
529831
2226
-931635
485752
-7783
724776
457870
-989496
318667
192727
990169
-952099
-292707
492241
846434
966631
793522
907746
-24289
999370
502241
871070
918865
-596782
-164811
-139548
-21821
264788
-960548
593462
-832675
569284
-404312
-764310
55036
587906
960467
-487095
598410
279133
705632
588579
327034
-587076
80819
173468
-620445
-125659
81214
355267
-126290
-416546
226337
-207425
-13328
-938475
653028
964851
326314
692480
558312
493639
261763
-846000
729330
-683202
741906
689796
-170297
340315
-31071
-464665
-71107
-704037
-51740
-990288
469431
327816
-115947
-449356
-316917
757764
134098
909420
-449661
-879230
970946
-796634
-914379
297259
895846
643934
-209103
157609
797934
-479773
474408
539839
-789978
-695889
-119846
178952
-160553
809048
474915
787707
818760
-55654
115523
-297187
494990
798606
-539423
-370912
708025
10916
-250142
678971
214282
-164520
-23771
110128
-520587
767127
-732263
-722653
-712647
742145
817186
-502625
-953744
-302660
676328
-114297
-493613
151242
-326590
-674854
-904413
788934
27960
590578
587539
488537
-780335
295564
-500548
-30476
-25466
713735
805004
950763
-176138
-715583
717890
91600
-438236
-994758
-166256
-621050
-497382
-119999
76290
-821055
765704
582677
330187
-560887
907824
425775
-771954
-64217
16352
815586
-575681
236018
111150
-76228
-794458
-914316
-362494
-989454
-963553
461369
-705037
754337
-447032
-143272
759579
386713
235679
-737804
-733287
-688032
-558859
-967584
894646
771329
-528470
802470
197104
-300423
-261748
-786545
-484837
162572
449474
626313
-913656
655016
711997
-276150
665563
748444
-814781
960526
502780
-261813
-182746
262358
-875100
-947067
524555
-608387
-635099
965696
-575970
-740453
737025
-104440
-937984
-65872
595138
-199731
147584
-889700
962842
-402943
736614
-950815
-747927
448611
-226964
917636
197054
-41745
878162
-300166
696443
-304584
962193
821343
-251651
486747
-787045
113251
452443
-363015
372798
189467
532546
434815
-876406
127683
-764916
271178
237984
-802075
868236
-25403
-752890
-879692
-576793
20146
-962056
620262
978401
916106
-679904
674844
-388478
-717711
496186
359871
769037
709141
-526879
221480
-653874
845920
-589054
878672
280735
-465459
6355
515819
805719
-755662
713744
673955
218936
960855
794264
642144
-19000
832208
262406
-40599
748314
582502
-365755
-640165
864792
-869570
719706
633828
839572
-807173
-144693
-814303
-961253
266254
-935631
319483
800795
70724
-164699
606514
315063
-450955
280468
-466001
-490100
74732
-823858
490901
-93061
438548
-549698
-344748
21050
84547
15088
-114158
214977
-265206
-480331
54548
-72379
374977
240246
-33631
-358769
304616
-714149
-557975
-624660
121153
-951461
690403
670199
329008
-775598
-819902
-596261
-599456
671000
310678
839093
-878699
965931
-139857
205848
-18982
745985
-579175
715812
-734346
475373
-356567
640632
-284381
609803
-718138
-979766
895655
-276112
-604426
16807
-227573
-914023
-312994
-898566
-689621
-132895
-494826
-289077
-461896
815853
-449984
-340595
781783
410159
865253
-237199
156144
-713923
-521387
421799
761451
122047
62430
-522930
-268151
344292
-502696
-372497
-931821
-107122
644311
-159393
-21144
-668684
-57959
289235
198421
447216
-999842
736525
263068
-449825
-604070
44851
960335
-738818
807652
116478
-452740
-713735
-461724
-691289
408312
600706
-214219
-859839
-55002
283085
-232335
13178
-824037
-588024
853785
154819
-256708
-204174
-555946
941714
-756959
-555788
678239
506109
-5613
-925832
-449041
-45279
-664649
-641389
-928801
-117389
-355123
-390525
191323
-946811
-789819
977104
-806650
155180
260188
-38984
-831643
436152
372992
-977859
-409030
-883716
-182033
35024
-942003
61009
479237
736237
-432883
-526376
810406
118077
428345
-854244
476689
499545
28368
-878434
-890980
-780310
-825245
-680798
-803207
-631895
474382
456982
329121
642740
-106867
-297887
664881
484104
-181603
-517152
-480872
-123606
543857
998365
-387369
-889026
-528012
-576964
229052
900334
-431208
-294260
399879
597161
-172694
508899
816851
2062
828101
-986356
370167
302483
470626
-300712
-54778
-636242
401402
-389898
847862
-780202
92951
-633011
96192
-363193
-634646
708824
-252219
-162657
-868141
976834
-262323
-299348
-317426
-862445
-702188
509881
646454
-885337
-488058
474555
-871693
882109
-222963
598933
-418603
722259
962692
982799
-667640
810554
-797403
425311
-822457
298790
-937882
-457103
7613
-190100
380240
139472
-213267
-882083
840124
469307
-744528
-862064
-20813
901926
-747401
491129
376481
-619094
373238
-846483
979840
954636
875776
942532
937435
-791865
753085
-859969
633447
930628
438821
695566
-526475
-553567
-494535
853766
585906
292199
971683
426030
-238494
-772845
563966
740694
-870919
816565
231822
505562
-802530
-394940
659079
-822690
-440304
534854
-880159
-502869
742990
872926
-362838
376437
803554
-924017
72002
-722921
-477583
577468
-869156
-891678
-130334
-897473
534353
631173
-670318
98318
371866
-541237
-85118
-396312
964325
112353
208749
623403
289663
768445
158257
409504
-734424
-98754
282430
-97261
-722318
85983
-21278
349685
363063
501140
-72848
493907
609463
796819
596434
143815
427991
926117
-757868
-200143
-615121
157014
403545
-650796
-730634
-387707
972607
559030
-619262
130863
-31467
-353686
-967891
-749037
549053
-690209
336946
-472225
659476
-299992
-971086
-413372
-806085
638377
-616553
790350
-217809
811439
716466
24324
-388705
-898655
-818663
-985160
-549451
-549296
-372866
-576844
-990266
7872
554019
-21733
654187
586128
229230
203240
895920
-433824
731015
555396
266185
759930
-857976
460101
398307
-474529
250450
-819503
-663091
-33084
204822
-51795
68261
386160
-36955
518811
836864
590180
941967
846598
-401948
495985
-175135
-747762
82113
-945905
455479
-21967
-379728
186494
-466572
886458
-53577
-324548
346558
-655270
200924
-402992
-474773
537833
563924
730050
-513962
-367815
116209
449084
-849005
-46928
39263
-907038
-200330
637315
588947
624536
889554
-328940
678631
345032
649093
-701097
-468475
-817479
-814640
477949
-142027
531918
822679
-941104
-871075
-652094
596730
692850
-922045
-917232
-674965
194165
531852
-523969
-852763
-428886
-431007
-53093
-791571
-842060
-428557
-902018
-171000
-749926
443015
-521907
-451023
974541
-339386
-265663
452489
518588
-733745
275168
577485
-604819
623075
174215
-911969
701031
256983
-586934
-104805
-211165
-110903
42432
359950
458091
989340
568379
616031
-439218
666362
-554969
-189143
109376
-76875
359834
83916
583740
-905829
-463595
102327
-639574
811574
-320188
-244392
434648
854028
-156361
135679
111011
256706
-969127
899846
-854197
73306
259795
603894
62645
-171827
219925
623428
-505465
664956
-565716
603911
-411920
794119
-312174
-828181
888290
224231
274147
-751284
35804
953960
4325
-529548
807987
847964
606131
-81003
104670
637005
-181158
250473
-289690
-921363
-145633
772956
-93189
-925709
396384
401346
739247
830668
5256
-672673
624787
693083
-500853
513076
-82687
773294
761793
953118
727254
-233883
-576430
535240
-385919
-970299
-545764
718751
666706
273079
-30777
-622984
351716
823590
-850028
-741473
897882
546356
659873
637128
377024
-334872
964456
1810
-641789
-536398
-485114
275525
-763104
-723322
228643
964151
42795
652213
499390
656877
681914
953627
375627
348620
226706
-655150
725636
-421578
-831560
875608
-163051
-933679
421963
-503179
703450
-201013
161950
667905
800797
520161
-868493
-684318
-204315
-631596
-407640
-975673
-667446
635156
676541
831945
292032
358454
785571
-332341
-292926
12277
12509
-567291
590699
180950
-691683
-572353
247271
730281
-75531
-49280
-470733
-913581
-381375
-669937
606581
-249867
-354254
-597735
118537
238107
-573407
451092
-126738
-896866
283036
-834706
461589
68607
-167046
-831338
-919117
845464
-398628
671582
26413
-90311
-900771
-726317
-360031
23698
224404
169236
110117
843029
499299
-283303
-406839
-854955
118963
711699
383152
545557
162790
-743586
648691
-554175
-578292
110280
514433
254663
278942
595316
100126
880314
266898
-873462
-209998
366127
-599779
429972
-610176
624626
-400793
499942
467654
-901494
-783362
-939185
-756449
335602
772514
626703
-118841
-64697
883117
-470150
381129
-695175
640130
-104439
559489
-80928
-509123
-340386
-200615
757775
-213848
589388
123901
186374
19360
513726
-189001
618567
13667
-721347
717074
230306
-660532
960626
-434092
-888019
587329
447067
47285
470445
976917
-571587
775271
617046
323975
334759
-463883
814852
994374
335503
572627
-219475
-75109
-303473
966900
944251
-789748
-222101
562818
223920
56552
279892
-545775
396021
240517
20134
508002
-172155
-532800
-444713
-701710
-555884
-16299
-926440
-938838
-692324
408320
-402720
-877473
402693
932784
695155
-816782
-142325
-608319
-849882
-198075
-398066
-71983
-635257
825855
984570
644635
-719920
380590
-114849
300214
-111408
712996
767414
443880
-988714
-788470
-572420
-915154
-727307
-264744
493167
-130027
-142216
-104141
-197243
-447062
79078
660432
-55380
229196
-537643
546554
-842787
-172900
372409
-858217
-528266
652489
522373
356886
-47298
-589035
69882
-279885
854845
81168
-68354
-717575
166015
204339
17681
-340819
-925689
875465
555041
-122931
-571597
-365882
-462500
373023
863315
-143
-80423
-979472
826958
-708015
-837689
-701309
944474
684685
655578
-102825
-904351
-274541
617291
950495
806627
-451064
-767080
-27358
753275
250601
631823
827587
126066
186864
-295345
554469
820982
242156
-72508
684297
-757987
847070
704825
-931030
-860946
867136
-632339
-916472
551820
-976761
-19296
647470
-251302
-402006
597965
-444675
146931
830885
527967
-99794
81486
159790
-272207
-792448
-653347
432449
762021
-832365
-325396
-310487
851932
-83383
-463418
556757
-14413
-324363
423893
353249
-240834
-24288
376488
739870
-376818
-874814
-662136
-778853
-319488
484796
-947968
-791521
-614999
133518
368269
112795
341070
714923
-454757
103091
882558
219848
792605
734490
-863536
-670813
291247
122052
4824
-284861
-524699
763991
690851
851790
503860
-685967
976977
841725
-464819
-342512
326520
-412787
-134032
711522
720732
-765763
-175684
61802
949160
369559
-835107
831718
-410594
957498
566208
-274129
-713315
-142546
847924
291509
572593
-676775
55499
263444
-824986
-440641
577478
-848009
-598917
-887342
-190520
727604
-300128
675448
439125
-579396
909685
-736559
482406
858845
633001
647299
690563
-777593
604797
256770
-51722
891482
-885776
-203798
182991
686817
119427
-761510
-49739
294442
-202150
-472262
446434
198934
-359603
-744087
-73463
340269
931361
-634338
760873
841046
-370896
243279
699891
-737896
-109422
390453
-515489
-504625
-352777
432790
-613143
-238552
-771009
569848
-551735
348419
808339
398526
-357139
-393812
926264
-910706
805123
-433339
-654793
-268341
906930
-723432
97322
667803
-882386
726426
-88918
817505
988530
801660
207958
-526960
-702966
855182
905830
-316109
-383371
-865179
-746261
64894
483241
-937922
-536580
-873899
-331734
-610316
-784604
-526612
-43655
-439396
205048
-136725
-162828
-697630
-468923
-45214
-971205
442159
-227709
-982675
243819
980250
-509634
540854
835431
-603804
-775255
-547940
-468983
-521516
516954
-985742
-459438
980374
-859640
208829
-629942
-644244
682218
326403
-83640
-112734
-810323
753533
189636
-279245
-291681
218431
-837086
480611
235757
406733
460860
726123
-52414
296290
-877682
172331
748350
-346664
650816
265304
-332406
-808622
245678
-192045
400208
615736
163711
82425
-57861
-919929
969691
131816
833605
159326
852571
-458077
-622243
-984516
-977467
613514
422218
483393
339637
-630196
-220317
461955
542136
-471967
-884709
192951
793338
-217114
384330
39015
590841
-215463
-345249
-245449
866962
596890
-165377
836653
-271295
-331773
-4022
-418724
210151
373736
-403239
232685
-12750
-981022
-283923
-673114
-611218
495761
788841
930918
-976207
904133
123869
817131
-312982
-491801
-143854
-722142
292736
510897
32410
159698
107787
867033
-3650
836493
-464740
992329
-582232
745411
366064
14529
-21904
-646687
33508
694174
-319801
422291
189934
-530960
353209
213728
-626828
-522922
30859
60191
-14723
887006
338049
-721988
397903
-629541
437710
-494311
-762509
-565941
-657819
-227248
-573612
-240050
-481837
792452
774480
496259
-854235
-192013
190432
-174035
-769722
-619634
295005
583487
594094
668178
-939436
-375047
-271632
45841
-488042
-933583
323854
909861
-563124
-238436
-584451
-325632
195623
-242269
447121
622012
517681
965284
414463
292160
461543
560228
-899853
-348026
-613808
-669574
32341
681198
913913
-373566
349376
974478
251387
-922256
20319
763346
-855839
-655828
673206
-418962
105736
-911245
255406
-698641
-153514
-297473
923371
-635833
-332190
337834
656327
-870647
-101938
756475
-218673
284254
-913100
813669
-34548
-999187
-559898
-685172
975291
691490
-607428
-4391
454835
-463266
339782
128041
117772
-554482
216796
-626822
-253123
-936719
75705
-329752
-572551
743516
-991919
-916224
872869
-93857
840251
-345804
-809603
927152
-532136
155850
927965
-92033
470678
903256
-400543
863250
-101135
-945708
-600016
-761353
182333
517756
-315835
-600872
890935
431043
-537590
-33360
-898710
-110141
-289844
-890629
-26365
-416976
15515
-186114
237221
205913
-258962
705085
-638238
-330997
-386948
832440
-427742
212509
695690
471124
266801
-904327
709771
-550867
613429
-606065
-151738
504364
824978
310673
-528997
926269
-799468
181160
-964360
174168
764184
51155
988055
1404
-742933
-270908
-293511
-381171
398095
319541
-548731
970354
-467951
-853042
441477
798850
-757369
151248
-752017
856061
545183
96246
360424
370161
-593081
831428
296429
-392549
12587
332070
781620
-223229
-616776
769674
778176
-359708
-501234
-515336
259122
896861
804206
710391
867215
-663746
857350
308692
-864896
-900020
-540061
-616912
956041
-994878
479335
316465
375284
886254
147893
-328287
-506295
-839520
-996218
-724676
-62748
-612993
-955002
-284573
27299
-456236
200092
-713579
-559375
4297
996812
-692161
340552
854161
616531
475657
954142
-923530
858746
910183
-918408
338080
226647
456876
224333
-625460
-871412
718038
-464979
-867629
993363
472273
-480622
-961640
-812300
546677
-417875
387792
833099
22750
-607911
829910
330590
732642
684071
-52880
208299
638212
23591
67044
548395
105183
-594876
-224959
-437941
629458
149582
-309352
347496
684603
-176981
340858
156876
342397
379219
344576
-110926
961344
-267632
-277828
-15906
124458
-447918
-685317
-142901
-763847
261804
-934602
874366
-714606
132443
422760
390578
537567
-802199
952637
167025
347383
-356715
-485480
31986
466304
855379
-811139
-191299
234597
533438
697776
195941
-734195
-580053
-819966
390263
-27970
-505283
-752638
208183
756521
-687240
82549
-958085
445203
-494692
432493
-17230
-296890
385130
-850206
-949508
-971586
-335685
82479
494718
-480307
271341
-696581
754291
-195222
-998806
-49769
70584
-578858
130266
-539154
393172
624983
-291791
-398645
381504
20969
683904
423419
-533828
-810788
-144088
448943
-107678
-758959
598738
-57185
-730545
-736948
-974707
764174
-217254
296635
-932408
-462964
-898588
-931213
487268
171997
-510071
-382467
632843
883101
-757484
-658949
-515544
624021
362021
-831641
47440
828194
-642428
903352
277136
249894
-855608
-124127
-807291
-586152
138925
-781998
-821979
921671
514638
-754386
-541293
616051
-685599
945975
-211953
-195670
-436492
-579111
-312569
-193976
-238059
171887
-569955
-876038
340247
477485
952156
697819
380836
229291
-52287
525229
-894836
140422
939077
244089
358425
-882902
165760
-126938
-637288
624467
-510888
-322886
570442
277159
481444
-866051
698049
-831125
-60026
-540010
340762
370019
-416048
-318991
-152497
-463893
-621173
-771662
765399
326541
753567
870563
-533038
692644
114652
825388
809742
-719589
-301551
-827547
904879
187562
-150432
475320
-535280
-668988
609269
-837231
-500113
-450758
-377241
840650
919261
206712
-478342
-233236
742819
-99514
-4898
508218
-772974
-251331
378781
-306011
-558688
-506568
-480624
-748947
-226156
217826
-576493
-321278
-594613
273075
-845958
-129892
604088
763311
32877
-896026
-687447
655637
944625
-768186
-137652
-533718
-1422
-394833
366769
993681
-886616
593796
-257651
492166
-712216
183662
985598
-192839
434716
-240558
-975014
858224
438165
-569627
131299
592207
300481
-264614
355517
-666642
-160639
668071
988995
-216015
899885
-148658
250267
-101538
456509
-382964
-107857
569894
-789169
634493
62059
-501384
-181846
47657
305777
-747130
807099
330764
-888907
245263
761138
242393
-162530
61618
977779
-807013
394977
-182860
861058
383971
601125
760942
-764687
-148608
-340596
691822
468428
551548
261716
679260
186040
-676226
-822125
-995807
371432
483653
-742936
178530
-185584
-631842
-576207
-424447
610551
261263
637172
588330
454250
32148
-594531
315308
-583881
-993406
76250
-348567
-142014
735654
-656745
-673587
287201
604971
-994328
-526759
928746
-816452
-522566
300177
667201
-265501
-521293
-518383
102657
-97500
57170
-286792
-836237
-305658
-698463
618014
726491
-292993
-66679
-857391
-286399
-990430
-205957
571588
745225
137298
898001
32426
-257732
903674
505667
-328987
-912778
983102
971190
754423
-282399
-550103
-763961
820258
352397
293210
-466534
516161
987552
-164997
134175
714042
542011
-932504
856652
-744388
-922933
-349306
827200
822292
787992
725201
-145282
-469740
628875
-639615
201273
716097
-656513
172463
470520
61089
622360
706560
-118654
-25243
-231
414812
-509082
-12679
-750185
625093
-298638
791827
692589
-441986
-952561
769656
208709
874639
591948
-3300
599840
-553334
526960
228715
-192948
-271767
-55188
150540
900697
-584669
-788372
523056
-878110
92975
-502187
121660
-492213
-11269
-891020
-242397
-386176
-189657
-450571
-693587
368358
-403132
-923932
-422934
-528493
668017
573767
-928653
-885317
100727
300063
-78265
828960
-755126
-927726
729656
-339795
-716097
252712
-217904
376878
750526
903757
884665
-260743
-987263
-357733
353081
-176919
191697
659494
-808562
788566
735563
-231495
-739927
403580
-657729
-668580
518263
442998
631483
-560003
271958
876358
-487728
1613
-463437
-203825
-745675
318660
-826948
-995150
222416
-942283
-255892
235154
-300016
-902812
-941766
891682
756683
-750328
680247
492245
18178
940320
-104176
360449
-728260
-585914
-196554
903224
-145916
-924596
779581
366356
77018
-683857
-837470
331343
634803
-664417
336194
-142781
-606700
-919699
-907628
93285
-822510
-849394
-15034
934173
-599721
-334788
426417
418457
-394468
-677759
-221094
-122727
-263672
582353
-219504
590412
657757
-439923
-43232
-265226
-123779
119298
-933883
-488976
454882
402311
368243
848182
482613
460616
-58533
660103
611223
926433
594275
-988499
-408355
20692
429959
197177
342934
-791135
-925551
-920739
791218
-145054
669674
448974
415023
-373559
-816252
-708757
745740
-750135
-197732
200621
652177
-829490
48803
134789
631127
990270
-205108
242349
916703
-610833
253851
-491653
409860
-316191
705525
-247207
-107325
779975
-167945
-316108
-365080
-498272
-867134
-950057
128169
-683385
-658813
-126092
-433520
143455
-925471
-781344
313966
123332
353446
-54908
113602
-851662
-812560
30304
-462495
441291
538651
947365
-874900
244176
-299843
17775
24150
532212
701668
659071
-966060
834534
709014
162109
-848852
-949800
-963983
-282371
193656
-889454
-63714
-492379
233878
-710269
452713
-652520
-561931
640153
377784
-24425
81444
-83565
-77061
206544
-839390
623097
-775681
184761
155308
925987
-156169
189248
760520
-447156
-648643
911669
-396955
-612626
-370703
796701
-502079
565583
-695679
731800
855315
757035
-920721
-706616
397188
457063
268959
-521369
-626503
-808103
685176
-465892
814995
909495
718870
-29698
835481
-437300
-840450
596001
115545
-489092
507669
718591
-101717
-863034
515291
396204
702549
819613
128003
557864
576648
207282
851248
-26165
-335656
120207
452467
37842
312105
137642
571951
127099
47136
290820
-902599
-117383
853521
-743048
-521383
-30935
-232140
986286
-312345
666143
-876749
-797054
62346
825801
-977441
-809652
383665
599207
397631
234913
-426958
-938025
-644881
-974492
99818
667225
163150
-328232
-205677
-789714
962589
-108275
92903
816109
148677
571520
-214826
916537
557806
472830
582680
681057
675776
-354974
506858
698336
-164625
-109478
297542
-766995
-874566
870585
-705020
-519447
896093
394799
-852222
59243
-933433
-57899
269529
-970845
833826
-637568
845265
-17497
933952
-369562
-100961
491758
-896732
-518281
172814
779044
126745
-320328
477380
962121
570194
-225078
-804875
695629
-354494
-509894
-823818
-458402
884905
-676040
600842
951473
266061
-129629
980628
99887
232803
825893
-917611
166755
-543669
-18571
-341488
-440401
463149
831327
-661358
-410106
-489002
816022
-447986
-918808
-409057
-252860
776821
236450
237246
953003
778048
122151
-723037
378890
73623
543025
-750740
54251
-357089
482063
-119857
-274699
-351183
336474
706731
307330
896073
169879
138656
-765285
759773
649655
-949263
-688213
730847
-358319
58927
507668
878131
-703827
460671
656179
418325
737634
35069
-508053
280658
284329
546199
923570
-233609
-573658
-351129
415209
762816
-644399
-277462
658889
525481
861195
893605
285254
510849
944343
597041
241696
-413976
-344033
-250636
-535846
-47859
-789966
-879667
-629535
947669
155402
-137588
228327
-560269
-591389
151896
206123
-165047
800767
-378669
-402232
-843632
343870
-743343
681849
205065
-849738
-32897
-284086
-905396
-435857
957610
-319372
220111
-293027
144783
-827749
-82992
265117
-457284
-135324
-579481
405129
-906998
-139750
813740
244899
-933628
-351308
45666
-312296
246461
202034
-968426
503119
-116117
236639
653381
850986
952553
747986
-584871
910163
-571387
635240
-382864
573397
807491
534145
-161486
-649793
-601179
259033
755336
-508177
-880717
569076
736723
-814344
-782233
-217612
-126639
464229
984423
-95065
-32653
-131694
-858426
-379273
-280708
-905873
-631288
134421
-995711
-202674
-230339
-378574
-629277
-422848
-844430
209237
-72640
-445609
-531731
-317305
46215
-412447
-748230
-217062
-226791
-530462
565326
646570
933767
549749
-448496
-98887
-581945
-306921
521841
137348
-212794
890554
-728231
-208504
-312120
41430
412922
58603
618583
568493
-732161
-454058
-877116
-263892
228638
169099
323661
480408
952037
-903130
949947
517363
743440
883713
67112
-705056
-215174
485168
-11977
-693333
-377485
775230
-802780
-105716
-433275
-114900
935715
979648
943703
554298
548140
-788459
-899761
671024
-52350
328877
-159877
-728689
-190715
-207840
-631819
-240769
-690478
-888379
-357056
376635
-593435
427771
-138198
394589
734438
484317
169818
931659
-621399
736544
-183242
-685685
716191
-239539
868613
264331
-27997
968853
-64645
919654
297730
775478
-809036
-892986
-432362
-440854
-133754
-122840
-329233
509191
-746205
77333
-63039
115597
-528078
-328601
-400086
641740
-396943
-21485
378284
419816
292831
94474
-819724
161444
-641195
152280
130296
294160
71933
-571974
69638
262898
-464960
637276
822044
401287
-485564
-507189
-89522
-231769
570145
847439
883829
-957934
-481162
-516258
683807
121895
462258
62090
-458289
-244912
-843437
-278012
916533
-484631
874268
46829
809529
-53800
474855
-120833
-790902
-990106
-483558
-968858
411182
30879
-476047
-678341
799111
-905903
-830902
682939
-863837
-312064
-833320
819970
809832
628939
-117940
-648457
-615974
38624
73531
-699442
553993
-52202
347388
363522
893999
-177758
-757312
-896903
-167863
-240869
-865761
-756682
790011
-341808
-435022
589121
-247710
-265924
272059
-111546
422013
438740
-291576
231845
67678
590484
583389
451705
-370893
-343081
752264
-816901
604718
99651
546622
498716
921893
789310
601813
-245971
-451559
736052
-2652
-661549
-605756
562326
927572
146535
-703598
199631
-965012
718416
-361630
-256588
-49739
706049
-666104
-466351
157754
-36997
190569
-89983
146103
-204714
-990332
-307275
-705998
931561
-517966
895815
-314410
30476
631867
682939
368927
-973889
245264
296499
172646
541667
-503871
207634
260083
134500
951047
-789656
-159451
-715057
-256007
998303
247947
934562
-91681
-605951
-270152
-82013
86775
23850
-150452
568810
-80335
535139
-400715
-448469
218077
968213
-422357
-536660
264711
750289
-994993
760840
-42077
265091
-104660
-91030
475435
735889
193913
-780573
734191
-558141
-846011
-357490
-164091
-116163
560498
922684
907688
-589955
491493
-172648
945184
-909222
378883
163261
-941010
956527
626602
323701
706816
631609
84541
-335261
-103301
979881
573709
-627867
715770
-232378
-408439
449960
209481
-254449
-907530
-954610
629389
652968
968075
537076
-936987
459568
-635573
-991803
550346
743311
171458
609336
699837
-201941
-66963
406652
-570332
-982423
-928610
326367
997459
645100
698501
713228
-587279
-709938
163188
622203
35614
255659
667594
-334998
-91374
635668
-797922
-28360
95235
-433495
-20163
-354419
-690184
-848705
-745084
-990348
-50646
187954
416305
379022
205532
487696
-294611
202990
132796
-596110
-83782
545517
-306047
-920594
167720
729567
335065
-164687
-605432
-756309
-529020
-403354
215331
566216
163152
-804832
-788204
472968
-653537
-533287
482621
295818
654667
-101075
-325160
-139801
-613379
380230
-936812
519417
784120
-20593
64934
-521928
58814
-767346
-792362
-606121
67967
-397793
-362430
538948
198854
852902
105164
-637995
-951931
316961
834974
-605468
783674
317594
690351
438341
-783481
-634810
-701461
-396860
745420
-638272
-877443
529539
341136
187492
-992389
-600051
420146
-784750
-206172
-511887
-182542
431399
-972939
-983689
284300
132225
-621683
332370
-550815
-786710
726903
-767141
530884
417253
671201
747403
782443
969740
-649457
527862
-668532
-526899
57401
672605
660593
65013
-927447
80738
280264
-133618
568852
-902279
-702220
595913
-885968
582081
-271862
-507650
-85550
177324
-294360
-358648
410183
-763476
-941396
81383
983928
841047
51123
-665529
368909
382592
-192428
-573690
55196
-531836
491324
127750
548903
-228413
994132
117754
-130692
-708088
-286333
-16659
873993
441805
475691
-211557
-380872
-818669
429795
-970689
-582144
488399
110695
-598217
329446
-838182
-263746
-301645
544410
543826
124666
-400394
-988010
-384011
727356
560893
387576
721488
-321353
-743116
-986601
392314
240225
887393
-165881
-284084
-324165
453247
-102753
-894371
482559
315103
594029
-406747
716887
-76525
-244929
-546860
621830
-700519
996967
-253504
-100913
-991044
362485
-373557
569850
-249939
-652070
-751503
6945
-638670
640811
-752830
-751278
-525071
-36914
-75442
928177
860334
30188
410735
175437
-375783
-996012
-107677
547692
-240940
345464
169522
58541
342431
916018
957629
351388
278503
-415928
-78762
-971437
-67998
169735
35509
293332
-189455
282679
542055
285475
-754235
-533387
213652
-893901
496801
-375613
281537
-878983
-371625
-826141
668710
387435
519324
-161769
-554024
-138245
-245751
-596395
-786858
-967249
-12323
134380
-938685
919680
-695885
96824
213012
114660
-620497
-244934
-599865
-374731
221680
613787
-268631
-281520
-761827
-987095
-160502
-133451
-813235
-491793
-746016
706089
346439
-300040
-432156
-899313
103566
-219014
-866562
-908757
915367
-805246
-989078
-780519
291579
223934
334142
671083
979001
734278
-703649
200680
348064
27720
919161
586238
40625
-241342
-547214
227391
266866
-293230
-66521
-386696
406731
501323
-286009
-489704
-717691
-152570
-398460
-802324
42185
-387538
-582842
-666237
836396
751301
-995155
815397
485578
-698803
16076
-166359
328918
-64764
-580122
-630457
693895
-127335
596934
-39240
579435
-469588
574064
-13835
-968265
-711945
496462
-685955
135486
-901999
-488278
-822330
-289537
-71120
-488567
-453141
-319820
-483721
-637744
-834243
-182524
378332
-601
-853607
-686432
419278
-484064
-992537
-708058
-887131
-31777
871378
-356718
-457713
-142458
-324982
-169657
-645996
-10937
965829
-547995
500786
-856502
162469
-570335
-345068
709329
109846
171211
-928416
275604
988687
449917
-724997
-864920
763485
694282
-348984
770948
986224
-236115
-260829
857601
407168
281459
-284857
-917815
-888199
69147
71249
-922371
521152
-427966
-778872
-316379
1700
-123939
-607051
-888454
-952729
-535467
387150
-964042
914450
662154
-828962
677935
356435
-177945
448883
342659
585940
-811946
200259
-6892
469513
915403
75293
581314
-15451
-853459
658944
-494299
-281424
880073
189323
720276
-243867
582272
831822
-196595
-953195
218972
-160637
961256
-118875
10402
639190
-762440
832457
88073
580219
418397
276127
-219522
-588496
-254361
-304120
486797
-673047
680430
633339
985897
-813869
-648085
865969
375454
-927810
-377898
-42274
904013
425507
4531
122985
-735130
-34214
-995890
275272
-395024
-758330
107728
693049
821890
-473876
-30825
-397633
-62372
714814
298248
-575575
-958233
-21323
-942236
-972337
164809
-590321
893633
-459738
-518130
-484266
497988
-614117
941242
-497482
508868
-793889
468305
512979
481383
-926720
754650
-410890
766329
576539
115235
-264496
-821095
-947137
-549682
477153
-522711
-507915
-544170
-464947
-480252
620639
-55267
-586619
-839099
426604
-70884
658889
812487
-129643
-838593
321355
76468
629712
-165667
-442149
702993
-411018
146962
469321
-834479
-737804
-795176
-655574
-684940
-344857
821580
-207651
147228
-722591
327403
666977
898049
-727864
-919643
-941051
698740
9473
717839
511226
879831
879246
-167420
-43701
508958
666914
514150
211950
-744104
-338889
-318729
-578583
-76692
-113904
-234156
238368
541239
-412577
-969283
-311534
-135167
358120
-644558
-237119
630257
-564200
-178169
328996
445274
-460331
-159778
325104
-581086
672803
-718598
927873
339716
795552
139823
595613
-543337
821094
-982971
379971
-292810
-217126
-381661
-751572
370297
-350944
-63105
-764870
-992824
292338
-1989
637433
728138
819842
-33571
173412
-640490
806651
-501485
-221575
479453
-220082
-293702
-180831
-424530
846121
-585219
32133
667215
-568189
-587896
-625596
214685
30443
-377167
-415018
679500
559729
-179888
686676
-147934
818124
324109
-419796
637966
-709463
753616
997477
-902813
-747869
-224098
576641
32050
482200
-604191
607520
328320
-189409
-360347
-4466
242402
51757
369939
-542913
-917800
992772
42069
761700
552500
862182
448376
-595434
680305
-227516
-15229
318271
63022
-261613
315747
160210
-9481
-908352
-263150
-977432
573849
132659
630088
-97832
943251
-730260
897703
185652
321498
267642
642739
403698
260413
-315192
165398
-187087
-453011
-386227
217480
-772706
386258
-797749
545566
-550721
-59362
-138688
609489
931157
-47039
-653662
953725
-473190
478998
583813
428978
422248
853553
326681
-392100
175050
-405678
-749361
-421252
854736
-64552
744146
-332351
482438
-642081
885130
709732
744177
-912620
255297
-806545
28018
-883391
802945
-40825
69571
-850717
-87101
596381
628282
-503289
25359
50530
-649736
-647960
658430
525315
-53637
909070
-895938
-198902
-155483
848209
468748
-673046
-793873
353877
-963314
950304
441258
291984
-856241
-530724
408594
946705
428451
-521836
-904013
-658650
-925455
724269
-161938
99905
-225202
188326
451945
-566772
-286359
-601693
-657703
-182296
199406
186815
-334088
-331846
513769
-127960
-977969
550456
-177657
463289
-157560
-33897
932565
-748967
-87193
361016
-270802
8795
702366
-196256
-266937
-459573
903649
507862
728754
355593
941090
-557605
753901
-716614
260099
-46694
470202
926011
621461
-16030
-201950
643492
-465574
620394
106780
376866
-413503
39345
627900
499304
-599640
-642902
-491901
-897275
160842
241162
-356847
64490
-250977
-628093
-579917
-309887
-185698
-826017
-26500
-925600
127290
-556299
-999590
-251250
427672
-201539
-607759
962098
-581145
499022
338964
5352
-461634
-33136
-495344
-61274
323962
12755
41452
-515197
-746083
684605
549294
2940
-943489
969378
693054
-129186
-856640
-333447
-54786
270651
110254
-54375
-980600
-462075
744087
-588358
-499977
-837059
910664
838988
168293
-550971
-194149
672950
387756
-870188
-314296
-570793
-385384
-60379
-886188
-836090
942562
-829676
-866713
635615
41138
-723352
-697832
986352
547299
412422
-68023
566699
950348
-323937
978341
-549629
-160996
889005
-710642
-992703
-661967
95209
680247
725790
225022
-634050
-845004
839639
305572
-731191
-996452
248133
-560867
-863164
-116252
480271
-586516
185916
466623
960784
-401662
-601401
527482
-451314
74662
505823
-943
913666
394827
288415
920963
732861
-616376
601210
458651
608646
967160
613648
448284
272731
882457
451833
-479136
-678411
588670
404613
801861
-997847
-409471
268483
962937
188868
667083
490419
737554
-258255
-3758
-263390
-344590
-608931
-974975
-423627
-876070
-591351
-822418
582581
-982706
-855258
196228
465579
417474
78684
-82588
938339
400274
-493919
342951
202135
-491765
933481
-529382
-528828
122348
-862300
961592
-140099
-120555
-42167
596512
534856
348903
621537
-888771
472833
-969815
-711188
55414
-952520
-566445
-748358
513060
851029
330327
-569529
789368
-269400
-63448
132318
932736
444788
65799
-596647
915960
-811854
-458947
877551
48048
420499
-164616
-355441
-44645
-815713
-733904
66584
657120
-703719
355397
-287466
-656238
788952
-35824
856822
639980
-705498
-712708
429347
25103
223845
-438335
-42162
-331368
627464
361192
-415408
815611
902245
-537857
-136342
322744
297527
508218
-721902
481814
774314
344682
138934
-929405
-299922
851468
-585643
-510971
-184356
-728821
-870991
110147
-441528
558357
-864751
782317
-879978
93088
-549051
747487
-545721
35541
563097
-643476
497684
-573246
679268
-204789
934972
957367
-722975
709286
302049
415960
779881
-997874
267428
-805762
-508844
-916929
-534583
-379834
193218
23889
-821477
328468
-193794
-701455
-578444
257155
-953969
-124164
-707304
609129
232360
790381
-964117
-88372
-414408
970855
-131006
-137383
680141
-828958
-721424
460021
-826831
546005
654259
-335674
629076
-880324
284493
-177706
143565
463016
-849238
949771
761562
-427682
206926
807594
448155
499623
416722
-319486
290003
452605
592143
875596
423460
-538863
-261787
103600
-367820
16789
-436379
-194650
-437206
-782121
469677
-808131
-662445
-245831
14164
481121
-782815
164926
430892
978747
737245
-362182
786341
185399
-862560
203062
865914
427444
-344334
458057
303039
-920874
919194
-958749
182726
-448626
58041
746347
356724
620835
964227
-173600
812705
-698218
580569
-173132
782904
797755
991795
213795
776502
729039
851613
562842
-85562
989054
-234097
-219649
416497
421570
-761592
-280464
500696
-842399
-239213
-316578
-291025
818829
-570232
-934301
439663
-606005
-107901
252367
-304223
-527332
-920765
-521319
-729578
-928971
692476
-953077
800069
544089
609765
-285494
533142
-624332
494858
-50362
797238
733266
669174
297933
890867
-570039
981356
-400158
-751211
-588877
-334459
688453
-194881
557640
-59180
500897
-969692
20055
979578
-699270
91085
672053
-652346
-108847
216142
957419
605659
-250717
-666913
100516
698922
-869676
-166219
368096
428258
-275352
798057
409613
324491
-953154
820737
990032
735299
-374144
547672
-323881
-873248
577981
696174
-893670
878711
-212741
778383
-773636
678412
-5475
-816217
284070
743808
-483129
-615414
442730
-352805
218368
-189175
-924547
943016
-391118
485067
267506
-344272
305803
257538
-608973
931660
-194790
67147
-941589
-616810
-236680
-835259
-738099
550580
943125
-511734
228991
-62351
-327950
-486939
-318543
188921
-102353
-875814
836116
-883986
-64988
911570
-940970
543894
396636
326537
-800378
-297561
-415926
-409350
-365902
389285
657797
-307490
772476
-578883
-142749
-965624
971697
-199624
-477358
200688
738026
194692
713749
-580517
-616387
-388605
-456330
-780271
-272590
478682
-868702
-213560
22576
527935
-887024
222199
-769627
-302949
812849
-135528
-913665
470646
556982
858812
891764
-585767
893188
863461
214609
-584170
64148
-47365
610523
-222104
372118
994136
389292
915789
-786136
-883299
394470
-654837
-96858
-582954
873098
16119
639245
-896530
713170
452094
-32058
799506
-77260
-475076
658317
-185497
-60843
551505
-322037
-846234
967335
742111
106401
577857
-479993
-521481
571992
909299
-605693
785857
-974000
788778
-868981
-70858
-794176
-995884
945261
845070
-892413
658431
297164
75530
457937
-780097
600454
116253
34407
-460390
-332242
712370
-306624
-364908
454481
799778
-787052
974489
-721703
784941
883787
-327395
570798
909788
-538617
701817
-161070
-332793
705934
-215810
-487723
813522
-557379
809441
-110948
900558
-970657
-510495
16811
63750
29116
684569
-223880
722493
-680339
-769399
522271
-467391
-794911
800568
-682450
-911124
-526827
888348
998664
-65444
590165
-162407
601764
296099
621784
-885960
109621
-935595
923481
998673
964963
952825
-511823
-18226
16574
517294
-333657
792695
239786
-13996
-976705
-237944
518614
-771616
-437376
836165
-682739
35797
724513
-684075
970354
314677
153518
572117
-389224
-224698
686158
720397
-160293
609638
719070
-195330
562462
-792753
786445
-420964
724541
-547213
-628270
-35673
438791
-604974
726384
-42596
-376589
-710993
-206432
-59328
324805
-481920
256597
295158
832758
-589885
-132725
-556466
185418
-446568
-836069
-974876
-836930
883001
-170205
725533
-909753
-383761
-695432
814789
69026
-323701
-220885
-492183
71325
-494502
465222
694737
-205494
-741210
-364592
-880690
-223129
892006
414468
-390372
-697880
-718257
53163
487538
-164825
217094
512663
-1755
100095
-657543
-276223
190343
-41303
28346
5131
-972278
704646
784247
-464460
-224029
-710256
-999239
-529293
84251
-740449
106115
203561
36422
-1880
-381971
646051
300241
-100228
-300787
-212221
734947
916308
-699559
-266808
16402
-357101
456970
-793255
601596
-514685
211876
629319
-810040
-3877
-835142
-34068
285868
-834381
436639
-629882
-574830
-457246
573679
461592
540875
-808293
107643
-158885
91479
806856
628894
-173574
723164
929336
559618
-260435
-427766
16587
-53689
-826170
501903
-841813
803149
691864
154310
968007
-342205
-559823
-866374
-905567
-189705
-441204
-362813
-616027
-979612
-821939
-424319
128031
19177
667161
-65113
-351929
-506414
-341950
-422594
-946796
397616
149641
69791
-656074
323472
-428306
-497886
126620
-736443
656424
94627
-78647
-903400
228253
15786
-93105
787050
652974
290869
807439
831036
866550
-64530
-149788
533710
870357
498283
-972705
-471593
-924311
-919500
926024
225331
150291
-730050
-451198
721986
-227936
675422
985544
-571513
-229951
-93104
-474912
998302
922683
431983
785351
575656
-277148
592790
406691
-410599
-471741
-743097
-876889
-601385
755186
-849593
-72977
830876
-769093
-146954
56206
381199
122997
605008
103184
895061
280430
88727
-676453
-949522
995624
-151365
-951220
918306
-719382
834132
493961
3470
426921
-99348
592872
955180
157555
715983
-646205
-87259
866391
280818
-256384
-902703
-866136
799823
478496
256861
404830
-418320
151921
-314740
670408
475469
-264262
666031
-675896
-215482
584336
-395277
-381351
78297
608193
-954430
978950
201065
-999251
136505
-82952
-645456
-950755
-216562
635363
-207138
-119265
769227
-407316
-640769
26087
997515
-59088
-821992
-317225
-388681
653477
418513
-722650
977581
-796969
861686
-417696
-178319
-60017
-809503
-132749
-81068
391562
-132000
-944564
-691391
222545
-895318
92048
-142093
-102456
972784
-372867
490229
-667986
653221
487744
272927
831229
-829482
884246
484705
589032
-838405
462286
792063
-976719
-955411
-386256
-36736
-764914
480995
882197
626649
-651005
937634
935259
571541
-957685
27306
-570553
-60140
89
56581
-569912
332104
-290199
917833
-394970
-458971
-911649
-510724
-974266
677383
-349128
488020
469446
-325847
532610
-916811
637418
767697
564185
519614
394346
913181
457247
329604
484721
499563
-643091
914169
-560578
356999
-29251
-130489
-310897
680551
-212657
294134
-778421
-124306
783410
-752686
-446923
-565719
735335
-977478
108435
267945
-894288
-254148
35641
669898
-734534
-570014
583079
722714
759591
67800
222276
-883500
-18032
661698
473499
952718
-468792
-837398
633269
318552
456736
854849
-805754
240145
-897838
-252676
674427
837497
-230154
-217139
105441
-124441
528713
-858918
-454543
794179
-428931
-871465
516893
-669341
196336
-260832
-552841
-821696
-599135
920659
-868978
-67926
-916740
764291
-749374
539996
619139
-555127
-219860
721301
192197
-545434
558798
962044
237428
-335761
-162398
-233860
-194679
383060
-439681
376390
511596
-922789
707049
-292069
-183620
-845793
-113765
217246
-925135
17257
-850680
-841875
-218453
-600054
698122
-599315
-155181
-521738
-878014
-962985
-67172
680785
999059
-829745
-654977
-163339
-63604
150344
-780280
496716
-473267
731317
573928
-766218
-560753
-609693
-612011
325482
607553
-537145
-657261
756873
-379019
124286
-843181
-680898
524972
1638
-202636
646959
38654
730193
327743
37713
900449
672766
874375
-163155
-176890
-905905
-666440
349843
825412
907488
583626
-735342
-702205
971616
590141
905348
-565530
932880
662221
55452
57166
819040
374555
-417863
-179322
-828081
-770904
859332
902113
556839
-102955
802561
229605
-228581
-360594
-947286
-134486
-27034
402558
-309075
-119546
-13817
-44416
178250
-42201
-454276
83598
392269
-521397
-254182
-552279
535769
-435142
822276
-882094
385536
994196
-652998
244868
896308
903842
-858087
698869
133447
-86668
-661726
186162
778847
311241
-411280
-530229
-808305
574903
425355
369945
-467298
971080
-546458
924971
-550318
199361
-627308
985452
764219
-805032
-896643
149755
-810837
-549640
-605377
-914530
-645798
-463464
784340
487649
449868
-877387
-326190
228714
433854
262530
698486
625550
-162567
123841
-4506
370135
94920
449037
295106
544603
-351603
667799
530054
-587384
862767
633412
562371
-948070
-916229
956994
-862599
-562027
-506471
921741
925623
943398
-955647
-400568
172112
478208
861963
-129403
103757
-300604
994439
-900749
-930469
89358
548288
364638
-366039
-803315
32436
-835986
-390699
-104797
797426
-828328
-52867
881197
-871334
84534
-680830
-377804
6274
-755208
-434407
50628
-155775
737706
-471165
-293813
-391697
632593
405584
-397259
731844
475115
692100
280131
-160248
-673940
476817
872189
-509925
-913883
-232609
-712500
-742210
714524
-831303
-613544
-200943
-512133
8653
805332
-267340
574247
-144041
576885
311952
384795
-716928
920255
17387
688656
-477004
-250770
163771
-784905
-970639
-996478
-458844
506178
875711
31231
592296
-356898
318731
850086
-642375
487429
-763458
156683
975297
245195
-37986
-292044
-180559
817974
-715160
-868607
202768
-432087
-948352
-779845
-743432
-425356
-30614
420340
-210260
-1253
423863
330896
-495075
299573
-637873
-902779
942676
680859
947308
-699700
168287
-816150
456983
143583
429045
-581003
851539
-751514
-763030
-863621
-620120
439739
-295708
-568472
659894
-39139
6172
-370721
-618800
795913
628027
805063
126808
-867048
104636
488935
-769827
47311
169793
-822520
347611
-661920
-638669
-195406
481663
790376
223592
333202
-961138
460562
469581
-581257
-99699
-826127
-149729
-439806
134734
856444
189474
515935
652357
-182499
320997
-220836
-49547
-574368
-731901
180627
472944
437893
358108
-179445
775974
719439
625150
257636
509815
-151259
-409162
548678
-690697
-939581
967421
209604
-765708
-182308
769799
369026
-325864
-40728
-115040
-673508
776774
-794043
105657
-272774
-368410
373756
907853
-895467
-188351
265960
-74911
-412378
-14602
-449762
845259
-504788
398979
-563903
-956111
708283
-503484
-988690
-82114
-269192
-170998
-312316
-900166
503138
646957
-15205
829630
423730
190752
-64714
-849045
822343
-690958
-941192
926877
120692
324769
-148035
708315
-689834
402204
553574
-194621
-198817
989671
-150731
-490535
-513814
-139421
427351
216994
689581
-884965
316829
192718
761992
-698377
22348
185722
492375
957635
336678
314718
-733324
395487
241594
387369
-279745
-906442
95683
30421
495762
-350744
835801
-703056
-361073
-314931
-193590
125113
545648
-766239
-657893
235228
-651204
658936
-572054
-889212
960560
450295
296510
452935
407929
-366812
-232348
674606
-971326
-990755
61974
-251071
-897197
-842343
779351
598566
-193086
615151
895511
445841
-699781
-298080
-429046
845868
-64319
-86939
81096
284478
-428003
509042
395266
-467444
-40663
-308224
985492
-632735
324965
-246857
-958130
353639
-237612
103845
-897432
-134808
261502
881919
-536243
-931585
497070
-640732
514256
797290
61189
-914790
643157
996871
-1729
-275748
281348
570269
-766706
-323386
-897175
192631
368390
-911684
559897
-306645
-158541
601768
-953007
603848
-294388
-850438
-530961
967115
-968519
-67203
-964471
528551
292065
549786
325840
-646746
634996
-31003
-649876
-366733
693250
631472
-796465
926544
-691915
-693639
119175
676476
-605323
-320928
-630170
236137
-719161
-583176
-160016
-13548
-433614
309024
-46434
-402132
-758180
-10904
-873582
533886
-461119
452259
887140
-826123
-578745
-762736
-192856
-885496
868736
10680
-958952
-823179
317042
160224
853297
711720
839296
-776873
-52144
-879865
-360048
787841
106587
206339
96864
-939848
804207
338685
49249
930625
-127429
588131
382883
-240289
762008
804139
-3025
-430848
918643
-134290
579833
959691
42532
-103126
119915
-104172
-391407
-40790
118956
556450
79345
758908
344290
-814068
-34754
-558846
-753916
-230547
779839
295334
-299923
-347590
-116536
-917040
412121
-354529
887099
-590905
214624
805742
274806
-205544
765433
-682663
691331
-114653
213166
-700077
844557
-667878
856374
-76098
-908971
200663
109834
56276
641818
355919
825729
421657
-348748
-474194
-925934
534716
-391233
486187
-819813
-504135
895283
394812
-698394
170089
-810733
-932962
487427
880598
-47615
-299407
-819479
-203058
32715
-963105
720845
123745
237559
-169322
-819979
-120624
-813404
-994250
-698968
-162151
-468443
-624902
-627435
140324
861286
-447247
636190
756569
947565
937796
-73343
-863169
-995166
-585916
-982571
-42780
114677
-802049
754162
-852608
-765153
475006
271138
472406
-694316
451159
-648219
-507719
456910
-347186
330131
988467
27912
702696
128791
-110802
-744552
-235020
-354234
-796987
-297225
572424
-660155
-292390
986508
-642725
664830
101185
-444773
418992
248578
-209926
-106002
-480285
-737521
199683
970875
-385739
691964
427784
267075
22094
416251
-705013
-275210
-454959
184185
-19761
310021
829952
183252
-987204
402375
523097
-279594
388883
880372
-614764
-509932
-564402
804228
738646
225672
-301774
-741640
488152
897909
-770766
-897588
589873
657019
369487
-388033
73269
664474
336757
618310
-151341
-683005
-71670
-321390
500248
-58874
-919015
23344
661533
469868
-96284
-953232
959936
339314
850997
698582
-435014
-450778
956942
-946862
-552869
-813824
-844450
-962996
843195
525038
-351029
-83537
189512
985728
-465228
-961830
-697277
463102
-283220
802971
-595772
-202234
-173686
-934240
-732367
730031
-887472
-772431
69345
963526
926151
634332
-487252
883093
687470
-40121
-930732
843020
-3116
912463
368058
645855
-171075
-442431
631583
363698
-404261
934306
-173200
312520
737276
231028
-889715
-436410
296789
-622081
-706380
409317
-394512
362965
372843
-468361
-2703
885591
-585268
-315234
-154530
-516000
-472214
842354
-603537
895844
488208
225389
-546588
119791
-410914
49151
54096
415886
-638329
-208629
-353086
-528044
354962
943703
-150125
648583
353020
455364
11548
-274138
987004
-991156
-388548
-598265
-306390
456923
-114265
221396
299276
282198
117239
-212516
-492414
570652
907276
96673
-380197
-38629
-487441
-18526
752743
159473
453430
107704
103175
-696695
-243713
-543806
758669
767835
182057
745672
776679
793510
-852594
-529711
250432
33142
691686
-450292
-684660
-191075
337193
-177073
-620424
244468
919600
-621
-794161
-567842
980853
958582
591631
434283
66286
-305194
737588
822573
151001
496256
590408
-666943
241928
367087
-873434
389335
837376
376999
-577524
529061
926708
-262183
-662015
263900
560744
-282438
-491632
480343
716942
-285793
912502
697794
-327211
504133
132077
739075
-801062
-130336
561648
349940
-634080
152055
682997
607848
-480859
809564
-2817
-643484
186562
419659
885578
113270
-842525
-776437
-622831
718220
-58875
-114462
198562
-341934
599746
111064
-644140
-727466
-384803
487937
-988392
-185864
-642399
573256
-835925
-276479
-274690
847072
-668631
244452
656636
328552
600968
-156802
-251790
486546
956468
-94314
710109
-666363
-376095
-348766
219175
822468
309301
-181080
-66468
665162
91454
548729
153098
103063
-637136
510699
-323682
-473061
-765780
401629
-625989
-434411
-353920
-969354
894141
-752952
-126156
-357649
733595
-169688
548037
443704
163949
-828058
-905063
-616876
994411
404239
202044
-72058
69400
-706502
-523329
-777502
396561
-160465
733197
-927121
366475
967418
474509
740486
-466994
-879411
771133
-572854
-632362
-355023
69497
-898768
475289
-382466
544936
-360762
-210523
639874
22362
-216113
44112
-775594
711829
-886489
-482096
-811500
-663991
914466
28035
-930794
987346
-605491
-963377
461854
-865005
-430371
582444
906129
-3224
950082
-448895
-933727
-948686
-973606
-316193
596250
-334368
473284
236123
687994
-742829
-719765
912401
969001
-606254
-569696
-842500
-270244
-655230
185535
-201037
-667885
580045
-164414
793970
715041
405216
376414
621169
-598008
326495
-827726
-531735
377809
-801332
152072
-25941
-135699
-374644
-789818
-447705
-117473
-509583
-535305
-148473
-115836
-105000
9027
613920
239770
-805438
-587118
571886
774608
248469
365856
489649
-346315
-257731
110818
55677
-931236
283092
523942
446574
481761
-323986
-579367
-653938
301370
-369185
-101643
-816103
121233
363053
35424
-994604
-741948
-955549
619317
497823
-760986
-967801
69709
-986378
280668
-564435
503271
934354
177835
-385912
-9970
246600
897181
-486029
-306827
378942
189985
113807
725004
-508646
744623
-376639
-324748
-134145
986414
710677
-128748
-755534
755129
-509431
742290
994143
-477231
-188002
-992235
803438
247564
511036
737791
-574602
-874876
-272180
671998
-977695
241791
-634829
401248
-568225
478979
126252
-76870
223601
749613
598382
-910544
736027
309058
-39291
980493
64186
451278
722783
58329
974047
-465220
66094
777484
782345
-422870
515274
-792258
-297745
-756906
879741
-275439
484885
-755088
-874192
916661
723891
252061
-160210
-52509
1673
-561828
36947
-262300
747231
997656
-281807
-188583
448934
-559025
869746
422981
-24244
-64160
200465
-241900
512971
-284261
-34157
-784774
-41167
-154417
-60212
-556283
90495
65596
-639622
-185615
-682344
200168
761877
319330
638341
-201177
-942971
385571
-203521
-224778
-803012
-754587
216198
-933266
668394
-808047
2574
-131142
-49947
-484455
584598
915896
-269228
-456570
-238521
670560
-12852
851974
-263844
347526
-333641
53813
-452306
-571765
-626858
-813965
227059
-569828
571606
-976462
205395
768595
-731049
-578408
835329
937346
-386454
-162097
-193796
563599
353448
-609199
479495
-915781
-65769
-759027
754780
921380
-907053
-509065
268905
-240694
544748
816600
187542
917891
-997366
-585400
-651938
574241
-561861
553458
342835
-292910
975051
178163
-355564
-411404
-983935
450640
-847805
369514
841442
631690
453734
-224327
872664
208513
-302948
965611
699448
965958
-275084
244196
782557
912459
162086
785191
-672942
510149
359431
-234803
63606
-297735
472288
38656
880429
-883276
627253
896494
567364
779448
266008
408805
411137
-280259
-815523
283800
928254
-118470
249411
627702
-152513
974327
-128103
-369957
886785
-966018
-584767
-786157
544131
774665
-20959
-392263
-523070
-548671
646394
-642642
-431947
273646
-746148
-864583
53093
519860
544223
-535770
-760400
728701
748031
-832147
-389770
-2559
795555
457717
-28232
-332549
-912241
-141447
-298566
-497007
72397
-754435
-722342
-948563
-146698
-245412
-497233
-500304
111946
70820
773342
365798
206238
-173565
-114343
-249540
290666
125257
-520840
38696
293111
89390
-963863
88666
-452893
7905
756118
-365134
866458
-542449
137860
-61146
-296884
415518
-9708
556419
-829895
493059
-943886
282052
-436121
829457
-352151
770117
-344108
533507
-479423
946559
-341236
-263
-14745
951876
-910873
21392
40541
-363766
-970704
-203342
271101
895755
254210
-591039
-165391
957327
824479
824901
513746
994585
317960
569861
276636
881840
399318
924486
651957
-944791
457993
-827467
-998232
-883244
172271
-12977
-931369
261398
-991586
109173
897633
-962289
905831
168733
933467
160041
577695
-231925
117367
402173
-407024
-368887
396758
910937
-799027
-326606
792776
600291
-402120
444732
655501
-944128
617265
657269
-827371
-210464
-355709
-758739
-949067
-347294
350434
948567
-309582
256265
117300
-376115
-583694
-305006
391960
533673
-902833
984937
-835215
493926
895873
-634241
-832681
688648
966050
-234801
133379
621550
-178928
-249356
278818
-6298
540180
923110
234963
591114
-424184
-414603
539681
266235
841662
-343020
890120
-742032
351975
282079
791642
449142
267016
956428
-56933
162888
-677814
110387
-148465
-711765
875586
984915
909786
-303342
-264441
188604
690360
-724262
111713
-74677
866853
687530
510720
406533
-46236
352382
-936487
-156117
610350
415488
-874038
401991
-135371
392978
358418
807697
-444134
680604
-81917
407402
968840
-206331
392316
878625
490327
-872125
67228
180687
-596386
-821059
-893991
-729534
866471
616730
677000
-179765
-30889
740513
664119
-420539
156000
790081
981453
-979371
183059
339870
828326
738926
20474
-253592
146327
-10687
540077
-461357
-132062
30404
-333482
935166
-788910
70132
-885893
-682900
340599
980578
933830
17598
-199187
-97059
-241890
-535069
482403
914111
-744988
463855
934740
438072
-196275
763066
176997
824199
-490527
-676677
-186488
-950450
-138033
681450
79955
528485
616616
291046
-401383
730723
608146
939216
711301
541976
-43187
-487887
-555083
714924
-22956
927320
629034
232057
391175
563774
-329872
-805101
326839
847125
-980903
836313
-829552
-167390
885864
32415
-485941
-34182
-439100
-869325
-743136
159517
861398
865010
98733
572699
406986
-944455
-915188
851903
770470
61856
779223
399504
-706087
170397
-36723
-35959
365296
-709884
-188834
384394
-873571
-18386
-782997
-987708
-985971
-268937
-21889
-425071
-138262
234975
734447
-276864
99985
-166821
-704166
-493030
-111275
-619354
-641127
-340805
442503
-861904
-941302
736417
308493
21976
-299543
-326211
312093
511623
-941818
438522
-506763
-724814
450814
-492734
6249
-571075
82196
867987
663900
-183357
-408877
-236116
649823
-113042
270855
-461452
267605
629728
197743
-289893
767825
256442
-553477
76317
-721582
146981
750107
590511
-341396
808290
29032
151841
-916525
-520154
659108
89725
-91229
-258696
-42288
-427329
557947
548835
336556
207770
-564208
-392590
746318
703397
-762862
-55940
-586496
-995038
-799498
-139972
81280
-521080
-992991
-168614
-930570
-334387
-360325
98463
817455
-276849
578310
476562
812876
-512919
-782134
-229413
59752
775814
-680578
-603693
-16417
-244786
3717
-270100
-541389
240855
673961
-127884
245817
874464
732144
-672904
-646617
739153
158483
-577186
-595234
798159
521277
-777780
-478691
99586
698783
-665815
586667
916650
104772
-353581
692463
424194
42726
-323954
-820592
-953557
405946
-361980
287299
79907
510136
-466884
-45630
242280
-139787
307753
-18567
-981305
730568
386199
816854
251844
608420
-661837
-648570
307203
-327652
938098
223852
777121
-415484
-83685
201315
627243
592361
380724
673686
-1693
-981257
-39016
-921787
528879
494100
32584
-228842
-645687
-659663
752592
-626992
-929096
138790
-810138
322748
-252790
-471974
674179
-945588
200375
612276
278264
-22505
-803209
-805421
-821190
824034
786940
559534
497720
-214754
578278
-541296
-136541
107157
952805
896044
878316
-692883
-763620
630907
-319874
-692716
-230304
-130012
630033
516906
398014
304211
571319
-401611
-83513
-150418
575884
113279
44161
754695
-62687
-168899
314229
-564968
616347
-107494
-106264
-520194
999663
-153460
-624151
877978
153657
-387770
508885
833783
-80486
-721420
-296229
-450453
795487
-898215
853759
366805
-299826
-229755
-783613
-723942
883525
260549
-969248
-179163
-908351
344981
255869
707997
-762513
-850396
-812198
-762851
-3855
-436348
-884873
-850198
175882
624012
983586
-904604
902593
-312644
-355057
698080
-210858
-501298
64884
489316
268948
281272
765375
152472
-458180
796127
973309
-366530
141108
229178
-658534
378595
378783
-470731
615745
-625073
92921
730873
-475271
-731197
354885
-491685
-635801
257477
195671
9143
-44444
984814
507845
-979560
474130
-223207
301712
239504
929265
843533
35631
902574
-522998
-823262
131751
-181531
555334
-489467
347739
171079
-114540
-559341
-98048
410190
-290538
-743164
918505
73662
514314
114176
-917196
-530130
98990
590650
-509690
-426881
-632558
792023
812624
-703293
635555
-151746
-800720
-887443
24993
331031
-68973
-419673
841565
-721235
751406
-272975
-280575
-346643
-862785
428888
-89806
-944280
-497451
-575493
169897
-414646
-105623
-731114
-823996
384688
-157995
-456554
176710
-345371
-159846
-187735
502883
39434
-75177
-472125
-629535
855850
108203
-787971
-865386
-140392
-60945
-145960
512966
76270
-717073
-576841
131990
-214524
-152333
-698114
370831
742044
-429228
546835
126732
412778
-909719
-696559
-932594
-69565
115707
570290
969870
-959471
-901835
-659666
896380
206368
-447636
-969006
-934024
491419
-114966
578943
-432312
167961
-997899
699678
953438
-150231
-998436
324269
-408187
-427664
-128897
718545
985115
-38616
-978014
-947479
891820
137693
622811
861689
178222
720977
-797977
74602
-72656
-245613
105596
-6680
-754195
990630
-427738
-186506
158590
-425636
-486828
112028
424134
-485264
-563704
-984054
87073
307399
734491
72187
-731217
756477
124708
-839397
-105830
-252481
-977709
-927608
-531505
-775686
146994
395840
-21298
-747411
-610840
224507
-756782
-38577
-961999
401809
535788
-448827
-486163
-40079
65909
-49867
-24133
-847019
-742468
-289642
225169
-473684
-533165
-650123
-313081
361006
97396
-290789
433398
565892
-66474
-419609
-38269
912228
-167019
350892
136735
76200
-687686
174736
-521991
848102
725910
-8154
-191978
-208182
941979
783890
-55200
-800490
-505752
-830032
-274174
-38916
-480155
412746
-677911
617242
-878044
755487
183133
55483
-664122
-855136
-32290
168860
495757
-895555
-754941
808071
279182
-276932
656172
5091
714914
-535806
796909
656893
-751916
-258291
856403
-257668
-88323
-417771
703416
431523
994976
-974495
48764
-883069
780992
-768103
172415
-883130
-623238
-859876
285730
872519
-755430
530789
680589
523752
-746143
336761
-471158
968771
800956
-674249
625663
-950960
67460
482066
-208627
979137
-935705
-505211
410659
-940730
-479706
-540577
-823798
-698715
-308680
348617
-581844
68082
488742
703886
-59399
733312
234674
-378810
257063
488532
957951
785905
457303
758907
-888345
82965
807947
179115
-434969
-400681
158252
-370674
94109
-431089
-311403
614403
28334
-135201
915689
719655
-786585
-666156
-212263
702158
-962271
728339
435469
272404
-650472
-307469
-239065
-692521
-521564
-781763
-933615
-409908
301203
874333
769208
866235
-526348
-72541
-504440
567761
496371
184158
182163
-475295
-951044
97852
-755640
-737628
431696
32097
964530
469425
-239565
399999
-258171
109963
-907470
502765
417443
-429034
721003
483828
161059
22205
358161
-69734
-111561
831813
857725
384000
399574
354096
-431843
-418263
878801
-382886
679589
-876840
-120514
111284
155258
-155984
-419291
915694
-755985
322538
25657
-663455
-174698
-556901
-92488
-453696
926928
-931430
568510
285088
-1164
-543051
116901
-143439
840950
-483526
-789344
-590893
98211
-910543
26222
-222201
-787382
905709
889083
367877
-250276
-530208
283570
-6261
792330
-690773
330285
-382368
-247674
-762204
163937
-320747
-693633
-267553
964342
305203
189397
81242
-838236
30346
597717
-627579
439454
-304073
-538121
-534325
473727
-325503
-628617
362810
-957627
121108
832602
325944
-885153
624932
635171
445133
-757436
-612503
682930
406501
66750
989297
-861052
31092
294500
328345
-887667
456264
-641309
710051
828685
798146
-594023
-709436
-736179
879704
-34939
-364795
242513
7435
756314
75115
-666621
871161
-299954
968550
316294
-57390
-643954
-777
-650889
422797
-11481
-511940
-546112
-716982
816405
-433778
739283
-824904
-723728
567968
973243
-317750
858532
-762937
-438046
-176407
-127732
804468
831028
-371419
-120418
-835594
-500258
579628
-867044
816036
-477762
-510998
-184742
-128651
911800
803778
359409
-634312
-913204
175814
-68090
826079
350911
208183
394046
324153
890434
252578
561217
-547613
-923830
-566516
-743146
907198
62066
136437
-928396
561808
-283935
-795440
377844
238303
-306437
-806898
-890348
-394638
996880
469062
-28949
-916325
-355124
902962
909755
995788
111144
303801
319940
1578
-443622
-118843
453965
-367452
314641
710820
-460254
-623293
-152743
-388650
938516
563322
-184089
316359
-198375
509474
509462
-88722
-885164
506342
-619660
85887
590017
25217
-11152
499772
21004
-900008
-196428
-659056
101570
359950
222101
-444465
992499
-463258
-733645
-467756
-86551
113613
143595
-148035
-323066
959506
-831676
478560
468980
677786
-610162
583816
184127
-229821
-330297
-225856
795396
658552
-726085
-183600
758544
77487
157345
-139886
-562563
-620555
415650
-570065
-83812
682006
-37820
829638
-204382
-894226
-318398
472553
-934720
-150074
-48888
534260
-472288
340951
118076
711839
-888871
787779
-514018
906526
446330
-240102
-277074
204874
837386
880271
-935012
-725178
-740284
480639
-295242
175904
162644
666938
5542
958262
772713
687144
430814
837993
-462930
-618074
372252
64782
722878
-509673
-223379
834008
-721894
262603
740533
724437
-977499
-536542
-70689
859887
-656272
-5701
-865292
-396555
-525063
-160533
779349
637582
-493595
-215109
595843
-720883
-527966
26657
-882891
9105
408583
489362
-926113
131461
979690
-149492
-34532
-742205
-886889
-294000
982232
-864388
169459
-88457
995499
513188
905842
-869793
-883368
-619221
-30326
895982
-981640
476080
-319128
614204
755197
152907
-359140
872307
-837989
-950557
361668
-764102
180904
341357
86407
-853629
599153
199518
-147628
581385
335131
-978170
-507073
330630
535019
-601231
460837
651651
-220452
-569489
547633
-202091
906591
-771496
-587887
661788
381411
52974
534094
543423
102417
-104238
779322
-716679
-762881
-134271
-570307
836272
-934754
282065
417656
400378
303896
910583
-268993
-161086
-690648
-808156
-509435
88901
-377644
-961803
886811
-471054
-733298
-701077
-809266
648114
351897
724828
191536
-545686
-379411
-29142
-262364
-142292
836587
167329
-306020
901834
-550606
-888365
302211
753290
-977782
-966783
-407796
-668429
-774938
82770
420472
-152582
120968
307282
376365
387670
606205
567099
35783
-41898
291926
-772681
412417
912516
198178
-849948
-229776
34764
317382
464204
-63402
766776
575840
-761192
520066
598059
-727974
-887730
929630
-502912
195040
350101
344507
-683993
-342617
-279129
703678
-736412
-712031
-260540
221690
579896
-33220
-365893
492412
-835043
-215840
-737365
199722
-898459
726840
-863681
868318
302680
-624873
388384
-99262
-352846
500654
-169632
144243
-304306
-819531
-511251
11702
-162148
209621
-284620
101441
497590
454841
-676869
77486
-578380
-42762
-430103
-413423
741398
-167467
786299
842940
-440628
922618
711258
862053
-702255
99641
-237210
-55100
-399705
593159
-910858
295990
773629
-422108
-692308
-388520
787514
23072
712922
285103
-522088
-963948
-637411
-100468
-6710
-67514
486110
-265312
765019
272409
-422372
-675609
195027
-711115
-813557
492772
388526
-50766
-562328
988822
-457607
-473185
284811
-683979
104708
592503
-72498
-107779
-384425
-359577
-822677
93487
-323525
-460088
993020
669766
472399
479130
-595547
237418
-248462
-17919
561809
946565
270967
748253
439337
-340508
-302514
877009
-351686
239879
-596177
933125
555900
508532
525628
-516598
-599248
-858798
123825
-421924
234689
800300
117989
227709
470065
-409613
-293162
874519
827805
458376
-143400
389614
404941
-872434
137866
-155723
-212941
835352
-278714
435373
75231
125110
368498
-368869
-366359
-105875
114533
34393
35327
-761643
612469
-729984
-961343
-269543
497725
508723
320845
-795438
383242
148649
662939
-760159
-461738
67879
-632592
676129
912156
154468
511481
-366559
-410159
-413289
758551
958340
217843
-607808
-147536
-667624
426585
887791
-429266
39054
-842193
-390609
769512
655532
-881886
90356
860095
501356
-760996
523033
741198
-222733
-409089
-891394
-546604
-496933
263075
964877
136509
852916
-448412
-104940
811255
769431
287252
-336281
-898194
-286164
-448490
-327460
752891
-290683
281932
522402
-635152
400046
-387243
-775057
-98599
-148238
747976
-357401
629030
-661113
-248795
-917575
-158046
-985721
-952699
978463
867196
-401110
-126478
678451
-631680
-839227
-657831
-529873
-125390
-106321
142668
-372500
602996
-575400
-850098
967845
824646
-237341
-807213
-273953
614422
940764
368647
243451
-720350
-880149
325876
121604
-865869
373178
100066
-998674
972068
973589
679777
-659612
-865639
-978055
-189484
8972
-84375
953185
636473
-481379
-622216
786375
-513534
-797570
-450966
-320747
-71522
-836545
-379983
-702876
406906
-100333
-583025
-267218
-978730
-448894
-894041
121337
-447568
-921973
94925
-767791
-581585
229287
-745845
228931
-761741
169780
182115
874732
688402
559900
661107
-825133
762330
-789860
-145879
-309193
-626405
474138
-12069
780501
-626196
404907
-486718
-604925
956013
-380758
516413
-491555
-302731
-388662
-259345
115685
840625
-5190
-655384
-921117
-835410
526731
953616
852992
86631
614722
-972142
-151040
824862
-118020
539767
-801543
-643883
-472302
978958
-270078
932605
-507760
124997
888618
111483
-358591
-602938
808752
252747
137717
-75563
93372
-867473
269053
172256
-702883
-204216
125872
-849891
882415
-259407
-822032
-268626
-434545
59948
-728859
-236088
416066
-201161
-257130
-854013
-268556
235110
270985
-379939
-653407
912395
17123
-844655
165142
-845160
79782
-741487
-712633
-651166
430770
-415515
144618
-443359
-265406
27032
297235
-87438
758407
862690
972511
-970453
-373399
388576
-171613
369472
534563
559831
-395418
-194452
-820109
-48825
-282058
197014
106520
883084
351855
-813699
-858403
639223
-464865
572368
-776293
679754
-870992
-41698
-293214
426244
870865
-534808
288933
843375
-505261
915535
231951
323126
285006
-233486
-117044
889588
572062
62847
-159237
-709997
-740139
947283
-826913
611717
-866417
-685316
250939
-331281
887052
474647
-651527
-983940
-567051
55259
442304
-696187
520451
-268763
-852812
-984810
-353228
379140
338316
931779
-854347
-778728
821367
717715
284119
-337871
-992282
543981
-390589
-819194
155697
-257005
-504510
-593364
411715
-617458
881283
760188
-601397
-685768
-184553
840908
-381955
-664103
-427856
-234766
-648913
218917
-855627
689404
150695
-709973
910676
-27939
-992258
194795
634190
-984539
-261224
-756399
-803733
894474
-13404
-308242
-698891
-601690
74301
-817608
-841502
472904
-503376
-26054
313811
114670
309843
885956
879905
660931
104873
-975722
350335
-744433
-685695
261011
227629
-677953
-544194
-138182
-662492
194582
105419
-466224
89055
-907985
225534
390165
-509674
-700166
572558
-351175
772739
-930819
622771
86550
183852
-67386
-27495
63756
-406456
-922622
88034
943880
-667055
402340
204890
560574
724388
660696
-577608
-938104
-144722
527812
-404328
944334
619828
821206
334498
-889847
-878960
-92945
-241021
893779
-23763
-618251
-19672
-839912
314363
952834
223845
907908
-969789
-688121
851788
-636844
714219
56677
923731
438607
-282627
-653877
500503
572652
873936
-903826
516985
493764
917381
-148517
603918
-961580
758539
-637104
932199
-265225
-255354
-87474
-105136
-940991
-134641
-881291
966917
-104430
-569412
818705
258727
-855193
-124619
182458
583414
592755
528582
83917
165406
402517
180091
-317610
-103720
97471
533873
-499803
135891
292411
-136906
68089
-972814
607740
980615
-77949
666749
-154026
40760
633666
741544
471349
452370
271
616157
-672249
-817272
199570
920506
711311
-716514
85912
113828
463578
768302
-989892
-438952
302175
-489695
696940
-405414
373400
-234972
-378227
-18861
-254357
543824
-352112
591618
-415416
-718447
333161
-944068
733923
-666568
672089
-938326
-483839
-128341
982180
-772529
155146
68092
341299
-381276
-163606
351407
179772
-861431
861713
-123288
-266845
235112
641741
354929
-783749
-612617
-101247
-135861
979002
483337
145692
312162
539270
-120385
645595
211359
-58710
-838245
-916983
-76530
-610774
238164
991562
730525
856888
-172045
81931
36660
-33476
-56357
913372
699680
-821245
555112
54608
-604994
942496
953362
259146
921497
436698
-595163
233659
-24032
284453
-120747
-812674
-774258
41008
-729656
149212
430235
508508
140774
160759
365396
968729
-757310
-597945
-64748
186334
-684573
-365069
365089
870539
689540
760096
813035
642901
19241
734532
79599
424079
-31809
-944434
-291468
847444
-757107
-65725
-111548
-486763
-916513
-681314
-978256
224261
479446
387140
192989
722136
789196
-871760
-91530
-895378
-236828
-726441
975162
-547288
-966346
788196
-904387
52896
522728
175212
-523026
-509082
230779
185507
-661639
473672
-880219
226814
986910
-796732
545501
-991347
427529
24946
395794
-379483
-252918
184990
-251242
655553
289612
511931
929112
264773
964643
962767
52969
-939744
15662
-424304
235469
492637
66614
-533752
-321857
404976
939921
-202075
-368210
926830
1193
-822710
935484
-571278
202237
331277
49240
949320
-483734
797999
604872
805879
309929
533984
70652
274572
496750
-876380
334828
-487588
-300684
-429704
-994952
765931
36544
-316808
170906
-23536
481118
802696
-96706
-517689
979987
-161223
-88967
182223
-829946
960273
131543
-313679
758271
-263586
-507801
68200
-729603
562851
-657229
767148
686472
677600
-720441
-614212
-752104
-715393
-848282
284440
-32200
322625
-739096
-551083
125321
164198
-68772
105308
-997025
842262
-712470
-826971
802535
419073
-140650
560806
-844513
351550
-370995
-574115
-85600
-28223
-806968
-399128
-350624
-527409
-13340
-102728
-242801
138379
-818288
724999
-538997
-557383
-826084
586325
606816
105145
-308368
609791
-52594
-20837
782820
-250059
-601764
-357831
-689254
-446277
993720
-60249
-20391
-91880
911528
172641
508992
-439096
645232
-504349
458177
-597569
634030
639889
-872570
-904967
-917495
-698654
681358
689321
406492
-627011
299111
-646102
352153
81931
103839
750389
724101
414585
-695888
717820
-645664
283721
-374061
-734136
-543639
-865070
-173232
-898407
-369419
-715055
-495975
-735389
924834
-368545
-640356
-992661
-67198
-958998
696661
-660707
-586009
-4229
-306809
766145
-922298
797031
516533
801803
211616
820645
519622
565952
104366
-854440
831817
560728
-719509
-341415
662322
-88927
-56470
-833654
175684
-131637
-202199
535329
-124297
730603
576331
-427637
-930104
990323
568134
-236912
756467
645837
-439881
273000
447639
771735
93644
-32740
337687
-801990
112821
169503
758738
393313
828088
421059
-695615
-228382
587405
480070
639982
-614794
15399
-484316
-884191
-408271
88047
-814294
-417948
-343819
-51206
-661481
-697983
508913
611519
749656
280648
-294837
-283084
-381666
-96827
829738
787837
-338090
223050
615925
-917031
527436
-612457
670375
7506
-972476
-944420
-977096
-456792
-828610
-385366
631255
-642904
196686
-712564
305891
535205
-410547
