-712696
231262
-680243
-280832
-879308
157672
-692615
-10796
-657788
-824340
915415
-363577
963703
536445
-970907
190860
-328992
-910190
887617
-914098
825873
944875
335208
163227
518514
-241680
-760252
-663039
-891663
-599053
36891
-604358
632210
356648
114810
752903
-485681
422196
-257894
-143468
597856
-342479
492955
561559
-806034
522049
-247582
-135026
611860
-359965
-49124
437733
-415091
-713916
-399041
-896577
44405
-159292
-559616
152742
241656
477275
548384
-126135
-166077
-336806
-373233
348243
-914611
368874
-795225
683246
-973606
697731
244804
-779640
219779
997223
85334
-168361
-362743
-963790
-730629
222167
-677705
-129669
325590
366700
711040
765975
-480558
-47305
243250
-932174
826560
-922827
-268980
-546673
425416
-183590
822202
630191
-500345
848596
327921
744460
-931044
-452300
741683
154291
379339
-621060
190502
648711
601107
512797
-480958
-73303
-120503
-769919
-307328
398940
182776
935922
466766
9336
-986905
-802214
462664
438511
14196
284865
68702
513852
133461
-603377
258311
202418
-55677
-7
-643292
-676338
378933
547210
972373
-19960
60007
-508586
906737
939505
-278504
-400591
338444
904273
-464669
-194791
-86392
-451574
2996
-623728
986937
-982809
661138
55638
531043
-205402
452261
-210647
997017
-603416
789347
-646276
-279754
168280
900935
-307381
-851681
-39058
184034
-944944
-99554
905530
-345535
-761110
809802
189796
44100
-276590
738223
-952905
99682
725159
-935714
-239180
-219203
595330
555418
-766942
-615317
552435
-370357
-825971
906160
349889
342309
807095
-957492
490629
-231964
226542
545685
668483
132072
-799850
907373
-58126
389947
-48528
665284
128169
-1433
-235034
-146672
62854
525786
634126
-341817
81204
867184
42866
-366362
-503173
216896
-460203
846717
-440796
-653109
889225
-950167
114928
115767
595519
-216590
-752161
795669
-309217
189713
185616
642256
-145003
-686216
-359177
619964
167113
703677
145750
-198762
-638140
-773047
-331578
404726
-139408
165249
-378379
400390
11965
180826
747282
-98810
230659
-137791
-983044
-173822
645620
-735204
-378154
-663597
454509
807463
978659
-690494
-878753
-380519
929470
288360
-676842
75219
-910402
-314982
302173
-241980
-910257
-837236
923270
-288635
563155
-64766
892192
310436
836425
122850
-827355
853382
949029
818266
-881823
-429125
-845332
572686
-621663
-866673
882193
-500416
-247191
811662
787945
75967
-113120
877543
760985
-810948
-364438
850729
-648183
-441168
-437906
914972
494066
-545715
225407
330491
577136
398053
183872
526164
216318
302049
-902962
370987
-125265
-524624
504314
-243073
-25040
-742878
-431412
-237096
333090
455469
-359553
94075
644522
276010
-55196
996339
834842
506898
911310
328908
961184
136717
-340602
538319
-465231
843270
64483
751088
145318
161522
122074
-979947
636898
-373613
-223020
-388142
-116490
345569
374762
-783401
-198963
-984791
310674
-554442
291219
-744523
-558104
126060
762376
-646794
-545033
723559
489924
114365
261878
-975308
-42365
-673639
775781
-897048
487883
-102146
-876995
124781
524242
-100014
736639
-592248
-754446
111401
-375649
46592
126610
935026
492150
-582172
-809497
934047
543888
952880
-712748
998856
676438
777176
113221
-61684
801869
-929145
264678
577649
-826192
-247439
-524497
-703186
877342
999746
196800
613981
-592503
442354
-274619
31849
-511055
851992
-33125
981096
-730181
157378
915142
813708
110257
-797606
812564
-213305
979571
-74216
725012
781440
-3361
-10311
359089
170447
742250
834592
467261
619592
834337
-335940
233572
-758166
-893586
958953
273683
-404640
810944
-759443
-423544
-919237
397936
-508402
894472
-491807
-306008
707035
294889
-326437
-367182
19900
-544998
629457
-990411
814091
-200096
751839
648683
-732836
371431
483020
-68775
-394998
724854
37640
-436045
-1463
633001
-625101
239094
-790544
-544338
-362970
-298945
-649867
145223
395047
-942833
-559889
-931390
-310014
460012
-476388
-680558
469601
-662297
119347
221440
986387
386512
-407130
469406
-682263
197873
194259
355377
761828
-807204
-11622
-863274
431890
197835
-407611
-931081
898890
-57478
214143
293937
-310
654255
362547
689676
114266
886160
-990882
-416133
-776137
128466
805307
-789751
-485023
-601823
679656
-167286
596050
-126085
-811909
357877
66711
176469
494604
-501400
-625696
-913008
-432480
-726807
29514
781664
567131
-970796
435918
-70323
718881
-449816
-184163
728000
134051
39700
-143535
-60642
249950
371442
337535
-70395
-795845
-66416
803520
-607754
-708539
-129770
568716
786065
368831
943020
873057
936352
-783787
-97429
718015
783344
-68224
153933
-286979
-349344
704117
528858
-621345
-161833
-431442
235121
777525
818508
-393438
115060
-251887
-189282
-951357
-448368
202965
-659895
421862
-228319
-873830
-209307
-285300
999227
-272956
-69086
-98202
-554942
-285743
833574
598992
427279
-515770
303108
-43864
-137114
-858725
524695
-901994
918800
343202
-295432
33859
-908685
515287
82503
-357053
-281748
422609
-935191
489933
548779
-144498
-795367
548005
582546
135547
-550197
-972396
849805
-716623
626596
277083
-232393
-70296
-766782
630493
70979
757914
728499
-10221
101116
-566933
-976362
192431
948355
106141
835378
-333394
-471250
900188
-843462
-922472
-244311
-638829
625534
-661765
496719
-924664
-634160
346523
-641287
992437
-376395
126321
-77860
-143176
-243187
993120
-385263
-514688
-17102
715853
-81620
6536
-91716
-133266
-887323
-256339
533340
-358573
-356151
689879
-281045
399539
-948951
-655512
737774
547768
-580175
-896386
-105709
-221461
-903950
517896
904860
18191
-625280
-338328
11310
-10542
146985
994209
-294690
-934636
744
613595
-67902
113421
-642745
-534562
754848
1105
-844684
-526197
-599357
-793634
-181708
-861584
754135
238117
-757969
-351575
-983345
-661918
-833679
921515
356274
-458959
-416813
-632416
530500
730172
-638208
-764190
795536
362536
849405
-272366
-524043
-793340
193072
-769195
207765
348389
-295392
608408
554756
522900
746825
308890
-238983
988856
957316
-222328
-673062
-876363
-300814
683212
-335322
282374
-949205
-804822
12545
-587413
-569012
-191919
775123
-719608
535715
-748920
-512948
-271213
-518115
694817
-922825
186493
303224
631931
-290607
50048
-59179
470410
38904
-101863
-751918
365842
21774
-52732
49053
686453
-770358
99848
881631
242187
512436
-687382
-949733
287559
-406990
585982
538639
80062
-685231
-979477
-225121
-608056
207017
-921897
-976125
916410
128151
-35303
386820
-832945
862834
634902
532897
-115393
-417830
-418050
-428940
-188188
681799
-547310
-946002
194234
-234692
-895734
-518208
358319
690249
-979570
-561619
-994983
-959046
213260
-603038
247971
291363
-579162
164381
-580486
385535
-448799
-413431
248369
-813898
-880534
-867024
-231728
-298583
-295964
580085
-616785
156726
634084
577449
922035
738350
-940759
280353
428599
-920328
718735
433616
-879374
-68006
830578
368598
-776643
-748584
-467022
-357129
636951
84179
229441
-114680
270282
348908
18297
-961446
-949676
722333
618639
-566461
-120941
252722
-989012
-198906
-8928
-929771
-918553
-580330
-850098
800182
853286
-729472
-267824
683864
639126
-44467
935280
-827896
598405
572231
256283
-172155
-542449
-473436
-823248
475848
-434882
-772923
198181
-816243
-339384
-922760
436479
-328395
-121666
-572449
-258165
-40218
-152779
-108263
-240037
-299493
162265
492139
-615629
-198610
-552329
-680349
-26506
-953924
891883
-770223
-126079
-650567
-243658
50674
825282
321460
277751
23462
505218
938368
100702
-58304
-390028
979037
369248
351807
-61182
-783532
-756457
698781
-83024
405809
190920
301347
-792801
638592
620999
180694
684668
512881
410471
-441411
862314
-833188
609264
687596
488273
-112986
-288943
-6510
-174618
811760
935187
435355
790796
304434
-212839
-270386
520903
30705
-571605
-562121
-563487
619315
739226
-356288
257907
360225
824406
-57426
-126895
234877
501164
-264581
401690
110427
-576986
-110037
997442
134072
883453
-177177
-54169
818640
-741823
-263373
123074
45339
466242
-356024
-923957
894637
81855
-487443
513952
-178919
156270
-228142
-818694
-19325
714433
54411
-784448
215596
789831
617242
-673978
-787155
-492796
-676537
346917
-609343
146287
-707252
-790704
404464
29376
332371
-550198
-504383
976348
-474154
-609746
58202
38404
904206
879284
-805327
-323937
-939411
175349
-609505
115001
390901
606092
-95168
8143
932114
117677
515347
-744423
-535406
906005
401864
-242657
-884700
-193673
786719
447672
256130
-717664
424019
781977
-327409
-517779
-179620
-423204
-638496
15054
252860
-577906
-809598
643356
537096
581303
249447
-558073
-410555
181561
559605
-895208
437138
-975802
-989204
-160999
-218459
-873903
645329
-431740
573769
-98541
-149403
-2213
-316565
523188
480009
503816
-900016
841514
-481131
352845
-736393
-290728
-3800
800704
-709426
-754353
-757369
-119980
427208
802236
-15187
-135654
826435
-4391
703348
-392024
121707
348676
176236
-304524
-749865
-973167
693264
-66429
550022
173272
-562614
650006
14785
-43744
2850
278393
665528
999051
79096
956103
-755303
321728
-163877
671906
123963
820936
-463748
-49602
-183455
-760401
558374
938253
588276
-265390
-366272
838411
-238557
-673009
-228018
-688536
500263
209369
961471
-484952
-834376
-35680
793441
831153
-36629
-127463
787256
208068
-805735
-376622
-120026
318228
-555686
416226
-731374
260860
655826
827000
199112
244102
-438391
832841
82512
323052
-840169
854495
634517
660095
63863
595987
-824857
229487
-439693
968585
60640
523678
-158879
-152105
-268254
35387
471273
611720
-646385
915588
27946
-377759
176447
-316228
-550760
-624441
927874
10849
-791601
10386
-666099
-631769
-135120
968419
-971674
928743
564405
-796531
158230
-875288
-827947
-781131
648390
13175
66765
-619865
-951439
-461962
991856
-597824
-546375
19802
24418
630073
703574
473658
-994369
631447
-515493
-785969
-358168
-181592
-417738
506712
-213173
-389411
435455
-648769
-185942
-406316
-524056
-13888
-187446
-875667
999288
879319
-495531
-952151
-582644
-503675
-549974
-129018
516127
474444
-498946
219700
-51899
-493314
-148853
432608
-279283
492979
-748984
302980
-309
37843
913569
-564855
389075
-272373
28829
865019
713740
841384
989353
713027
720702
-506179
760877
-861942
-9854
-789098
9040
-493727
685346
510094
725974
-366553
-983220
-422880
-933945
-262503
-929902
-682929
-959523
69790
354915
954047
504935
-256010
-318326
-466236
-390991
-604587
-624853
-401639
-891560
-904151
92183
869317
-766093
-917671
-919782
242947
-411398
765565
-246959
-685425
-600989
-230179
-108305
-534934
507319
-38206
-217862
547797
-968417
-862948
501843
536519
-118957
-816484
-929718
490052
-421070
-554571
-911588
-312630
-458722
180596
-443313
-224814
262925
-363094
-981868
851527
-597530
-228826
-833898
-198518
540996
57797
266548
48315
-980409
-951314
-403889
-948826
-814261
-902047
587693
66782
-718530
657976
-443167
-139599
-896595
-354754
547772
-355317
825842
-895542
419869
88766
-258636
438002
-59707
143835
-790824
106395
945317
750172
-835808
211865
-201514
-816217
260551
394597
-765042
446290
492551
822652
-486928
774022
480627
69905
-365578
584032
715152
-817807
-771285
540993
-713348
648585
-370241
28017
86587
570053
-828148
295763
-323553
-882832
45935
-159361
329034
844422
24423
-410416
239019
259382
-964126
-268431
82033
-451054
-494409
-437340
618852
140014
-853308
334003
322208
-624592
-125004
608861
-976007
504756
-363123
110581
74808
-191271
-593657
751255
-74102
452279
-408106
-745069
296700
616318
-155484
-464282
-124301
-119609
267288
957733
429338
772880
-479607
48189
-87107
-332914
-617808
-764899
42494
257188
843962
66488
-238057
-519162
-822932
836752
289568
-416588
588007
-784535
-964310
-820100
-529603
332391
796219
314914
868109
-328082
-804696
135397
-370349
624642
-91724
150044
-327169
821169
817130
55023
-943730
-140376
-687789
900232
926112
74154
-618931
-896820
-89094
670638
-313408
-501088
886104
-277718
-321187
-643500
-945327
-524969
671414
922782
146949
866719
58178
776600
491360
966454
-73356
-835809
787623
-256226
219214
843893
603398
531425
744125
529510
-394421
-874806
632690
516485
795832
-680718
-984604
681935
41565
-305791
-961566
96238
169241
709849
19019
-683810
576567
-922803
-907210
67927
-956349
19434
232119
831275
763208
-548668
675168
366606
982758
419292
-103884
-411664
544486
-471194
-895179
340317
-151912
-879783
22252
889653
-185573
60687
-14110
983668
-229465
-995091
-700142
-652898
-917893
-607352
415030
-874242
412082
-352851
957034
175290
98481
632201
-458105
81238
51493
438012
669575
-404022
966818
774396
936296
-185095
894613
-41453
-295443
-290960
-980766
690448
-307292
-210230
695358
-7434
136873
777465
385214
-448098
903224
-202704
199051
860257
972586
-702468
492458
-485519
378771
-456050
952493
48345
139928
919310
-177260
76224
-265786
-282647
-965229
438772
426393
-945995
129220
-880900
-156225
-175422
111667
980648
-397958
-503120
-467450
-494734
294176
731602
-634478
266762
-970866
857981
781243
407905
-598070
733735
-543751
541859
653045
278989
-381917
-612741
996342
-347146
826032
422735
-293141
-44749
541835
550635
779829
-346498
531282
-618129
150382
-936168
-112863
-555442
795434
252660
711321
824569
110640
492563
232473
512571
226298
688722
54429
-120657
-32289
672512
266602
-35947
-674634
92633
-613213
32225
-952116
928623
-417140
827713
-417876
-885858
-790416
732507
-822026
96721
-822936
973409
-650620
888386
797977
460021
380948
30450
-27409
-392754
-280829
-972980
486589
686883
699532
-246810
-349065
-975103
845824
37722
57123
893708
-33656
639984
721421
548469
754126
931005
280975
932101
27726
458040
905510
377107
346425
703486
-162873
-272627
-266065
809718
334619
453107
836738
-178792
139989
536270
574399
790924
561168
420222
-171354
-381709
313930
794991
-741726
35350
343459
-987600
-33646
-375567
944501
994080
-917527
850010
371186
428898
553496
-791687
-843729
-712569
-981969
490890
740539
854770
-687902
-119473
391040
886497
-328549
-47793
306719
500097
570499
-379352
295087
828774
655998
-361454
841174
-377648
262980
785675
-383568
345453
635685
987619
-225649
189180
-804069
-69378
476611
-786038
-578488
217149
-931268
-266390
-902324
459772
-379893
-230872
-588021
926826
-730775
982478
-452527
564313
811252
-796530
-797142
652426
-174177
465838
438100
442255
-188709
73784
429874
585642
-737037
625805
-483737
739575
839768
-62224
-43276
908500
671386
54401
368272
-708508
823529
780251
-781683
-907247
762728
-234209
657066
573980
-30738
859925
226405
795085
325762
-335496
237340
-862948
738288
-332787
722695
-998749
-706982
-761043
740827
-867215
176734
-302449
-958715
-151881
751953
409557
139612
575481
189808
357930
668235
-47465
-876280
325301
-473485
92983
185225
752920
-111933
-489014
-582577
-874594
-351961
-844289
-207380
-629267
-843037
85638
-390309
897791
218424
786425
-404658
259710
-365456
-652706
-330734
774156
922775
859075
132086
591010
-188390
255807
-83690
338125
-651211
-898466
91044
236857
-387479
508467
362264
260560
664179
-845117
631294
821143
240521
-759016
718933
-541055
-972591
-685726
718655
-338046
-338431
-612079
-563890
-415657
-753005
568196
-824647
58605
-175998
91663
-603271
172792
193197
487773
-590352
805718
-3760
771912
66278
-339581
926795
-302429
-518439
167316
-61444
-799506
626261
-34034
-485231
344915
627920
176338
732836
-935971
760682
979831
632225
936035
38435
-543773
27697
435164
629019
-779106
-77063
-961334
-973388
919177
810578
92890
-420404
737373
790462
61157
-95312
-270983
261652
-469052
694983
776421
875863
322903
-47241
608698
386932
-286560
588529
19157
-350525
-373037
475384
677173
-937873
104403
898067
-14935
143069
924679
-95758
-46353
17569
483838
-308981
-191970
-455006
595707
537048
806647
-873346
232031
583067
-997483
-445067
-464175
611216
941866
249266
199744
-38978
898741
826708
-563594
575913
888836
540809
473980
-126100
-316123
398659
778142
637525
-583772
261979
-671457
224258
806974
924251
-238694
613620
-949096
993337
196687
-946578
-451730
732513
664638
-509865
-18222
-135618
451158
-119481
-308911
887564
-543568
-420076
428372
930412
453825
-887751
329071
231966
749775
745299
-506056
-921683
-30443
-699082
-997433
730863
914539
-946528
724200
111225
-893106
-727530
-156263
771533
-237394
825516
-364086
-786237
-293966
327004
-898674
162466
906928
529699
92878
360752
641949
-578052
-407282
391723
-832753
86663
470041
136804
387581
472609
-132333
302119
526081
-408134
-586656
632976
-135664
257082
404508
626942
82597
-959578
840706
788632
367426
942033
-48903
274354
471732
-956025
-364894
113680
-534076
227824
-494597
-366829
-685514
975444
769975
702068
448053
-362358
4187
-25867
229508
417531
-392891
-906156
-325388
-988383
720787
757210
-947961
561492
545841
419466
503525
-503062
-306181
-24744
-459087
328925
-911064
6838
-443252
-405661
640009
-128765
-430217
409984
-426698
-982165
-952375
577489
-8031
277134
-4980
599079
370978
669633
610696
91765
426842
662736
-346743
-27317
82201
-843219
469622
776020
132037
-989465
104945
220973
17373
661693
815313
-342619
-467072
-614904
-932636
106230
-597069
-885010
-316281
394901
392124
678740
-6021
-236898
348372
-395325
854867
-224786
-732590
-491877
747898
349612
-335095
217519
125632
796943
228054
-769424
17916
-754574
892270
-166772
-97192
-574803
218324
-29827
531428
621256
85163
-784854
16157
-522713
893887
-989865
240389
242258
-385189
95255
-982528
-117779
603379
765371
-768167
-731716
-17111
357465
-934774
-789057
588042
83142
-543630
480311
916371
359178
905509
134695
-670649
436936
-244049
414515
652083
772108
891802
545969
782244
132190
-211773
-602946
-772555
-194300
279276
830824
-428930
511109
-900893
553960
-131426
-835666
764903
-543385
247476
-778728
936927
163847
580451
842435
-701458
909802
279371
54494
324317
-68547
-173399
216118
-522578
-391155
-651692
265649
5899
-424247
-928651
-714826
-593423
-357581
796284
-494316
-803622
-335143
-329982
961281
121473
917495
-817447
58399
81342
763004
-99166
379885
672806
-819796
-565622
-2877
111657
260980
-786760
589079
869825
-438451
-145272
-124277
137302
-73923
160898
543879
568497
-42819
-950437
764875
622038
-280418
726156
-256489
-362923
908710
801910
718420
671713
-297257
98304
344519
-117052
532683
-658359
994605
-206338
-445118
583684
-336514
116431
-561588
539209
-746267
364490
-299894
797613
-67014
657288
847177
-302139
279326
-433242
-575983
-977164
203836
-667274
824747
-77744
-995561
-472510
-979441
348959
410438
553242
690601
405043
-653096
-754518
-11273
10390
361914
427139
-450401
615647
-208371
249706
413260
724616
-93007
260436
-577523
-813682
827195
-153506
-790845
31030
179221
-966099
953286
183661
-438608
973846
-467381
971830
527088
-776781
376872
873992
-531298
-634402
-115618
830616
792738
433981
446263
-415634
-316313
-140478
-691018
590680
-880042
-268541
776999
947153
577954
986155
-21817
-242825
-979945
-68531
940836
-418553
-94685
-526545
-446723
-567598
-303326
930149
-693606
165377
-704253
190777
-4007
-911515
-375243
-557745
-327148
308444
301778
-18166
-100876
421736
713294
-323877
368889
291247
-337723
-652928
-951579
-317667
278541
989258
263781
-816145
-537288
817058
-383742
159387
747207
-77347
-675237
-957047
-886571
320756
-868561
-261813
763012
-195709
-953369
64789
786126
-54245
-513475
499419
621878
855415
-209335
-715845
-797514
-160913
-33512
481028
-171656
-769732
664884
291056
-952675
-718859
-549558
794532
203795
-224794
837486
317224
-904039
968925
-944589
858974
-226784
-897958
-76237
-440659
47798
410288
-941240
-330324
265703
-150574
-46169
468189
688513
920319
-50784
-483143
-849414
-385901
807913
-802089
-104759
-741645
992444
-900964
33561
829930
416261
129523
798854
471672
-11503
-427930
573715
912260
131412
-378488
322548
190172
291188
-411750
-960403
-754981
-943561
728111
-834663
5656
-755033
-684076
619756
-947121
-486165
-485004
-688765
-493721
-385967
344797
-663792
-969707
-525680
-864938
501965
462817
-292868
75679
375076
838545
697192
-302376
28716
-11621
285874
68314
233399
342314
-203576
398736
-652031
41391
714660
967725
94270
-771505
-517279
405506
-265225
96754
-249698
70983
127047
224623
206046
-370988
-312561
913179
704691
-937485
751723
401882
-239861
-219561
-609739
-953987
848753
623660
388328
-354824
22396
736297
686567
-262944
704022
-219163
-34448
-813258
-813658
700327
283497
-63355
-228690
-589456
-838733
977357
39556
-151293
890535
-255753
-88778
642257
-853871
671362
-577304
-463610
717376
-728552
-839950
105703
-83376
182447
-158001
-396810
919504
-453979
384027
-114945
-267237
570370
-414618
-983740
-492986
356693
-573195
-331718
334049
466361
516989
224583
-789392
-571789
-133160
-643263
-900428
289536
-106872
816948
560984
53179
-77350
-522392
-764375
764650
80798
-844871
-689330
-535175
40184
43434
-964805
625567
59695
-457790
-17741
486500
210492
-683693
-47139
-272519
540891
163469
155692
-592269
520207
255264
697268
-586666
72212
258252
466514
994863
735860
702140
759513
-183342
857269
-929818
281484
-102548
113617
316679
-476981
-826689
858890
505278
659812
69381
821586
-387328
796863
362477
776142
-47446
770208
296348
-792182
467475
709683
280030
-274273
176196
274893
-538414
-121665
34405
278245
-264397
104588
-440272
633056
-781795
876408
-843926
-608483
735297
661353
-948672
-195322
482938
-335999
-398460
-154586
-559857
554094
-384378
736491
761912
-916903
446174
41942
-191176
-377631
-683165
270411
500705
351240
-451344
-763692
-544172
108384
869364
-325967
-15209
-974562
65550
-279912
686791
116878
524766
169729
780880
-873695
-984857
-778978
680399
-369234
957514
442311
-286137
403688
-515747
522688
-973943
-198912
-206901
526762
-847672
341755
763070
-391844
-549861
632434
282189
434930
657872
-652262
-844982
344663
464617
679784
-485608
245497
806089
-470464
466519
486488
160302
424033
-71201
874166
-172280
413052
396853
-146223
-785860
-810049
-619462
-633532
531707
-856392
-25376
981846
776042
-743187
416776
433914
-395448
571794
-221423
-930832
251577
292969
314665
57666
822506
-218816
-455847
-17193
-794784
472953
-143028
32937
-113996
-746175
886714
100145
-556223
-732748
466613
975484
-589140
-558763
957330
-813098
-301950
374105
620816
302602
-54102
-600607
371771
-802525
692363
-313564
255141
514868
467620
799295
-502326
672837
272247
354647
-294227
-841749
608473
-407514
258396
-947751
-140262
-274991
-972267
270599
166246
985063
457501
864297
359167
78317
166898
-694935
477710
-461332
-497460
170072
225104
757682
-315061
-307276
556977
182614
-634440
-170777
-462739
71333
-12525
-854267
663820
-754129
-802018
-476443
-29120
-774284
794157
-862874
-789222
251657
-998578
569946
-670027
168320
875011
807683
706989
-622449
-22245
-67907
-864768
662694
624817
692209
-154692
990378
-478568
382569
61710
508908
528303
-274470
754779
726285
249088
-274341
952002
43244
-137215
-837221
-705100
-135792
732725
-375127
-967472
607736
-567444
739517
985287
410311
-328390
-879481
73005
-703573
812729
918314
-713196
-665840
300882
348515
843068
-170816
-925956
597847
-444531
323132
-676495
-492530
-633625
186291
-329750
-338724
-949502
-597025
286149
-916974
-989290
718706
822544
995997
129017
-505847
-883484
-797979
-209420
929245
-879665
77384
-736595
421217
-574102
-893527
-749599
-500057
704320
-194129
823075
-972175
313342
-810550
214116
983593
-149274
264614
-613433
-863125
347641
-602723
855581
170184
-606726
-15402
664337
-490209
186620
-545083
-560965
306955
532301
-297560
-271828
958200
-191086
-21427
-541858
-486767
784445
-718783
-458941
97787
-529333
755175
81379
321393
19789
467946
458269
-632571
865224
313850
537614
-741502
-701553
201950
-231711
485067
656867
207325
-207979
189168
909766
520194
147368
-281321
-501233
605510
231913
-716789
886728
772972
380999
-642606
528146
-537623
678788
-452065
930324
137057
-84635
795548
-549094
-547022
-945955
-250647
654928
-177665
-765580
311795
-970341
26442
-499037
939425
-453365
648331
-341897
45402
253840
890017
328613
140568
662988
-290389
497963
191134
171989
176751
739069
102313
-686193
-345567
-102140
-235287
107411
-48094
514067
-237661
774241
748487
-925866
803900
-225072
-424903
743325
321563
-776573
-598572
-633036
477268
-708556
695578
-382165
954432
-594811
-884203
145565
577179
292548
-115366
-320509
606356
539068
577351
-628932
-353522
-470744
885135
408818
-696503
633621
482953
-892603
-591452
-941951
850722
730112
-718524
-747851
-902925
758745
-456407
792654
-623420
-501976
-802158
-507622
643590
775021
784926
-471777
-545489
391282
-932710
-968138
762350
-286231
-438881
647484
-877413
-135384
281105
605540
-27987
689654
663589
-177265
419765
945066
74884
516841
703811
618477
309494
-919610
-883499
507337
-427232
760092
282357
-642306
-711686
736869
748976
-644395
768731
511326
69375
-670150
158810
191962
194467
-560086
-202498
-833520
-870432
-538909
-10785
549333
-593843
-935902
66174
-890033
682576
-624332
-809642
799077
883005
-236874
559169
165362
120821
847483
-97770
-130203
-796912
-329039
-618878
272463
811
539932
-535575
-804722
979847
261928
-638242
-890586
723019
350973
658748
-870824
415071
-275079
-760857
97646
100589
-570499
-103277
-16406
192628
-544109
-851045
-686551
-696626
51185
183246
-493537
722147
564368
778927
-277043
104300
-756648
-81765
84146
505280
279993
193560
228299
-369034
-147693
357475
-953964
577229
596619
143683
-322182
-973880
-959594
661412
218748
-503702
810367
532198
-200327
-138448
-284557
306136
-416302
-720189
85062
306656
384111
328414
-775109
-531743
-166306
504885
661817
-938008
-864150
-485876
419468
-818113
-908647
16086
325570
-230829
42206
365976
-569417
-739046
862275
-759050
793152
-338053
102502
-491406
968083
686201
-211594
53145
-7143
-827484
-618442
217748
-359227
215253
-277368
-697410
277245
-141517
-183285
-303287
40370
-91932
712799
-634061
677240
-244996
731916
-892178
15958
594191
-651228
-190890
-743863
451275
317704
-775781
137476
-893890
277364
-869668
-721374
658923
348080
-80600
-125825
-929288
221991
-848580
-70804
-961295
-151867
969566
-53226
-439068
-664495
-375987
315937
-932579
-268164
-668105
661612
80609
141005
917749
-468116
-541291
-858032
669360
-435181
419333
799692
-156554
78255
147772
762846
952431
218485
-15163
-896149
-852320
23542
-48015
-882754
970317
512917
-547249
-405670
-171147
-479828
326166
160748
-818217
-593225
-698247
-900469
-61341
-239538
-758501
-391982
325281
660833
-592290
-831274
-260912
555483
931573
-308481
-226033
-83591
-204630
-78352
939952
747356
38894
910269
260273
491645
-495402
-910874
-988183
830765
249875
-806400
-762461
551628
-706868
176199
-687911
-465368
784218
637371
-804536
-808073
806098
-65448
747411
737671
626071
-478622
-345921
-578559
443026
-405969
-831204
-518080
-495701
429069
973566
8898
518196
985383
-160338
-231930
-821018
77202
-680303
-527885
-746600
-368213
6747
-962383
-730842
202211
-770455
-924745
-863237
976956
812927
762834
-501667
-532995
-815725
941360
61037
-646929
-576721
565336
782141
-603156
-425766
300336
-617774
413896
-931594
-438791
-508902
-611897
33324
-255501
19891
-959930
-217883
289049
242282
11663
364305
379045
-11382
177231
141879
486952
644237
326154
428311
-294727
679226
851591
-729391
461367
-751565
-155156
-238297
-369338
-741260
-169891
191871
-250162
218212
-774805
494338
-761897
-734734
-723546
527152
507548
288117
-108543
-113407
-723265
-931312
-971528
763687
712925
354626
191998
-581802
33852
43589
-311192
-504782
292024
533652
256921
922686
792392
-912971
114557
-457770
305242
339752
-963433
543345
605018
-686979
70497
112566
601139
961955
999160
877874
-969358
-972369
641561
743567
382258
-166442
-838235
-583891
877148
-149427
-88672
169171
-615775
-831752
91857
-823384
-744722
-793587
-281154
560521
546165
-244586
103865
151183
68435
-825638
-736251
-330426
-863684
-737092
-452553
-833042
-709461
-810993
910526
672797
22566
-927710
-911094
-100287
-77136
234
-931117
307089
168482
160741
483706
423761
367154
-797448
-15719
-86681
-42034
-911854
-935499
-973599
-737492
-671750
-304025
-601175
-408842
243422
-434216
-118302
432430
-523691
-445505
-545005
-451400
-356599
354709
471464
643635
423593
-221447
-187883
-415667
-737742
-764123
951487
-535190
220159
-135195
422777
308305
-70693
449178
570814
257557
-854847
969639
848716
388576
-464578
-269586
-178995
11732
284909
276001
560332
928310
-369291
31795
571944
-945699
810348
-615940
-361365
-927394
-380062
-409879
-462584
840097
454927
960193
148402
-615767
409371
-280785
641790
554524
-311146
490506
-56901
224277
-779081
764105
-763991
505828
40106
796341
434137
670815
-171864
6081
725117
-361516
390142
-636248
-288910
-989920
-46127
248507
850178
-591201
208700
-1421
-206967
-381929
717795
-565177
-827406
-593352
925329
115694
630926
-853753
-120201
866935
652076
919905
663276
86213
590720
-508589
-907706
315836
129896
482436
679588
840986
492517
-366539
89493
342694
42261
-701808
-658728
835294
-83737
-940934
-729884
88858
-534285
-804555
-795448
-903359
-658307
84351
963576
993769
4256
626852
79982
-405025
-881738
172276
910812
248158
-345288
590400
89144
-852772
-776140
-821364
489922
266122
-523171
831195
101416
393093
890261
371533
-518049
-644024
566978
-313497
-547383
908671
770855
-583807
902440
-224890
-956956
-17579
370086
-838693
-845303
280897
409466
-190591
-128704
-501391
-43362
95157
-322754
-553441
-638722
154076
-722247
462694
-452832
-831986
-165774
29120
-476010
-598796
715624
-23392
-690126
486479
392801
-787686
-738412
435846
194736
631674
597153
349433
-87429
6618
-841158
783867
505228
115480
-120977
-817527
562040
240302
336549
839793
-297004
883718
-992193
537223
-87163
-468203
938427
-371539
508405
-751699
-885061
-98794
-539385
-623473
-662949
655351
-991799
934204
4784
-79227
-59178
163626
-295361
-553951
-720895
583663
-371477
841145
-176036
965072
680938
526961
848790
688745
64183
-238374
-779458
2609
390087
728948
250911
505027
-369847
711526
881554
-32795
366877
889756
-98591
-628340
-189472
842232
535286
515168
-711720
814392
98830
-83197
655536
922795
-118125
336474
449755
-269336
25218
-486062
492291
245761
516548
-117622
-25292
-232542
-612596
604862
-521016
-731042
-427933
845861
-841286
473476
-782479
-30757
315707
752808
-515590
603988
567199
583241
-479210
222735
506036
402666
-440792
-44209
-866671
584427
469729
625621
-169813
-13724
-492002
804896
753735
-104597
409757
-767282
164362
981824
-921421
323076
455300
-703900
-707682
-228993
-951092
-223271
-625006
616107
-640031
-104215
-161158
866006
-701550
398050
-178204
-568221
-17523
-708475
-942600
812665
277802
-434601
617560
31536
460802
27317
264255
-374837
9141
342834
948240
-535560
638935
-759442
235447
687844
17287
610442
303950
377257
-493774
-857209
243262
-195324
540842
-934942
236456
-476681
-643417
293856
-664017
634385
859255
953543
-334080
320057
-19141
930176
945221
990001
273010
893461
-545560
-88055
-865982
689888
-400212
151306
300329
903739
-471438
806555
-953471
771825
-388769
587372
836883
847687
-889310
-806534
141543
-553326
827851
797
-599784
-506229
-679146
381076
-576053
-733925
371076
696957
-840465
825517
-391099
-706446
515404
208689
444860
-184267
112427
973422
-377712
158957
745247
233519
-253671
582130
81205
-142980
775596
-777253
303694
603447
223545
703911
-902782
544400
84986
-478835
810475
-543938
-781879
970011
-718422
-172977
-736436
796983
-964288
708424
-387284
148139
681846
235004
-692904
427093
-531478
53426
9222
549728
910446
-215182
772476
214140
-611736
-3979
-81950
-514517
-459580
-996964
6648
-649105
-540902
224770
-679094
-259323
-948208
-415530
-462340
-912496
-707106
150376
235644
974741
-614621
542741
401833
-146098
-403834
-588946
-596370
-493388
195873
-823895
720753
584138
172127
-361198
-930380
712547
-358161
76268
-936558
100937
-698962
-615651
841615
-647170
-31180
-620726
-559666
261714
529650
675979
236455
915030
218719
-361713
-231069
814886
49342
172561
-678503
-754786
348667
-957750
829352
-479207
-318948
898973
-766660
322891
-24760
-703217
-576172
276278
-318868
-734557
629109
649952
-355283
-930557
-88335
-825633
745422
-851880
-910604
-35859
-213593
-141672
-220974
835749
-969112
100524
-919037
379556
142774
910316
900349
823827
809288
-866312
146718
-215472
-569529
570547
-939194
111603
835990
689915
-238445
-519294
759359
673221
-344926
504780
821341
-255530
-531079
-392253
602798
247947
-556504
633687
-651529
-475540
13242
491246
-565225
-86409
315072
-755938
47279
-538210
28590
477751
-967664
89396
-410646
868326
-220689
350909
-650968
-461331
24129
4106
-956551
-154531
748577
-487630
453217
351375
760318
896713
-14939
-891211
-578828
998304
600035
-144052
-88106
-84893
100010
959174
376897
-871400
436924
409234
217996
-973723
277560
997308
377187
626592
-464024
-598685
-369302
-420575
246785
-620726
91796
-299999
730650
-147887
-403286
-284290
-39097
17887
-285986
-439063
873835
625909
476044
-26156
585082
-147059
102445
22005
-737825
-679559
48283
539735
-682252
-574531
166326
-146276
-173215
797025
433150
-926431
-823702
-475054
-226429
906948
377059
370285
-377342
-662039
-611829
336673
-101101
-737994
-37419
-625057
235850
-452338
227885
-661705
569668
490060
-341264
-382049
29794
-23516
43420
-803880
830209
870206
993145
263358
943775
-830557
788304
-282655
-923610
165363
-912371
-300951
503325
-524199
-964279
-597776
-262193
-1698
-222833
973658
545965
-994948
-688048
115632
495112
-29312
733583
-475095
947173
-222997
-278974
777381
-352792
-285830
40739
-409017
-116387
-170958
308328
-39996
994406
395958
659053
497731
871760
694775
899955
-390434
-306923
-322878
-416776
-760959
-317826
-104823
354674
-822714
865866
88257
-297808
813038
865261
423218
590418
-487532
-862613
-368844
103452
21000
460199
-588221
981004
454605
807738
640056
-47665
679497
334831
-147710
-710937
-972093
529412
-127712
-733051
-788414
767465
621623
-611128
633330
-290121
91064
446367
-424860
-485719
36785
87609
-348331
667942
-808940
672669
128140
-397160
653673
-417256
-589423
293729
535080
-909926
-371441
-612631
-620862
-343534
916782
251426
-76585
-871632
18891
-454962
-482760
-347780
254918
608305
-901413
830058
-877414
135373
-82334
-225745
-196686
108726
-553076
931455
711566
-899404
-485802
-877857
394325
-950722
-787783
-977117
-563353
-408644
-320650
-646571
842782
602766
-518203
-138328
-852197
-962
513893
402721
-392658
612481
232779
-270071
-252146
-849556
504185
551168
259170
951109
482622
-29264
-948295
996821
92879
446030
-953901
305097
468914
-517254
896453
-851737
-163824
739235
751029
317973
-399093
898833
-682990
-885201
301554
-75647
727281
-465668
654282
-524866
-315224
158467
-973698
943947
109575
508925
-85317
161280
505746
-992439
-392690
551845
312659
-923777
-965409
209111
-775513
-129233
-51655
975517
-811260
549252
874350
-494250
664052
175903
430104
391333
710235
84386
866468
-604990
-757148
892771
-661043
352428
401696
253640
-486292
-92559
261201
121018
-540714
-426140
197242
-506123
782971
421730
364645
-268684
397247
553385
-719432
271596
-940865
944621
-552502
489239
335954
-842268
-426376
202422
-447257
-183523
95192
-108300
-831096
-503113
-854660
-317388
404328
406541
803631
863615
980402
873
-642509
763373
-577397
722136
-505312
819850
275520
-224743
91445
334655
-280122
538944
-176106
-944169
696677
397519
258253
-750581
-786005
-646555
141120
-617100
-149668
286460
65513
-745340
-306999
-130857
-881726
-326598
870017
-524235
-563226
-707381
-802099
-68537
-887532
473422
706721
203914
-191923
-573402
-257143
631971
-517571
-560467
29489
740683
-311047
243485
-905873
830074
626385
-55540
116534
-308103
199120
809535
561040
317394
-517063
431057
793160
-80288
723676
991062
851176
836145
464483
557896
40058
-727441
984494
782916
904531
-533077
-777551
-65980
-792394
-88598
-822496
-698267
-258524
803889
246193
858010
-504215
-554687
667545
-943175
762708
-849519
487882
555868
70194
211557
546929
-78631
47702
11412
-520735
-912241
283972
-536242
870675
188502
-69318
-906877
-877479
138288
4526
-699974
440022
746002
-896086
-313785
604012
-400301
131528
271556
-343476
-105764
422038
-855594
-549897
-507769
355964
997033
413601
-596335
8444
892866
-508576
-707585
-643376
-637901
480918
287306
-544777
603440
-574406
459749
903466
865617
205751
-992621
-448169
-190238
-392921
683360
-918683
263603
-422405
503356
408010
27699
995587
-236027
24731
409188
167638
-966826
302053
659063
-674410
658677
-978839
806509
-54017
-523615
409948
371577
936134
313414
237193
141885
320794
789025
951647
927873
472384
-967036
191476
-950021
536320
-400515
77678
531907
363458
-897592
-58906
-468904
-864417
-756853
-809842
-538827
901824
-788680
-732318
-152193
-312295
677631
-780617
-376161
-8956
456577
765724
-688163
245602
717371
-760290
-282015
750336
431187
-232035
286656
-969329
845643
-181437
394130
948052
759658
925227
-916366
-997196
-884615
-455192
904628
-673295
-187510
-247566
14411
-509880
-28182
638250
481165
-571605
403974
793003
673997
121344
-967288
-608018
-128320
463900
159947
-841664
494572
5589
-23101
-111299
-46359
-263444
-186072
37275
-260640
-70687
582083
-356012
256018
-605427
396423
-729572
-115307
-631760
908679
-634143
-203364
312652
-841140
-529368
-566004
-808428
-137386
305676
655472
-977439
464012
150043
28151
-559089
-961256
981792
177467
-147327
19066
916828
781986
-398851
-439185
38004
-4278
957238
308433
880416
-674522
217111
-753727
122114
-470238
-594867
592746
-36241
-403294
-544640
-730566
-747823
-522079
733447
402221
506072
-825642
440966
487863
351825
-706361
-493071
268653
-924376
108079
829468
113629
-896200
786706
-577939
984217
-887817
639172
-769511
234297
-831066
-364378
-172957
132693
232328
282403
402128
484506
760325
135575
-113273
266397
309933
-672307
-245740
-338242
-378668
261189
930411
-303043
-630733
759879
810586
-526932
546584
-767354
-542716
658767
871819
-312227
-106936
-959247
323396
720108
173447
-444276
2510
-424425
-959771
-237165
711150
-73043
-970769
21083
254650
-216508
682842
875983
-955320
613252
-427061
-586052
373130
-616476
-112983
-80286
-383829
344302
-421519
-512011
-967925
471545
-471258
355471
191652
702190
911195
-805838
-722236
951425
-43002
988914
-121619
-13770
9997
-866969
769722
-307162
-990987
814402
-693910
-418048
-771650
679221
-34523
115368
-401066
581648
-540331
177415
-930364
-508256
-351041
-401621
847216
840612
-699432
758410
-965226
-421668
709835
-8228
-432754
-411784
978002
577244
-278753
747723
-729919
-269739
562125
-423829
312213
790476
-744609
-722311
-94157
-145674
859337
365512
-968260
928974
857257
-319300
-472647
704472
-478689
-172079
462882
-443915
406254
172716
547858
973501
760932
525859
550744
-517821
273582
820826
212440
-164294
-603003
-475347
-373819
-347612
-197657
532025
506715
-338320
-102464
538455
-409347
-245207
-780846
118006
-540736
-259534
945928
922146
296552
352181
94862
-155590
325682
-144206
-629732
-123575
337973
643850
-302750
-449587
-520444
94247
75066
105737
746636
877410
-362239
253350
-460911
535298
-208195
129743
-709909
10960
-752252
-250645
751427
-806324
-328499
47978
545858
766363
892388
-128461
-377843
-737344
747964
960130
906507
-554786
-489457
-613938
539462
585610
491800
286097
463019
-870439
-460553
-997893
664860
331252
131850
954951
-657789
379599
-295695
-906363
573275
375807
141616
119132
142170
34004
990671
764327
296661
738635
724456
203167
-816152
-765001
589229
723310
820609
81028
9407
283627
210590
548854
285735
-124551
-119894
-582416
-169601
222318
797184
534704
315956
370459
-89489
-542429
-510410
-947320
491576
-519739
817007
-211764
-781105
541463
991403
-597256
776462
580632
-873946
597070
-338340
135461
-119304
872250
-315685
-833570
-252302
564422
-415985
578097
-213261
-618801
112801
-897306
751658
-976689
-439734
-758753
-924009
-948158
-278491
892998
-159922
-59595
434460
-168519
343150
210922
-587888
469204
-192009
73773
-395335
688688
-53978
288981
855119
693720
-146598
-560867
271817
640142
-179668
-615383
742836
-428010
-592071
-696898
-186763
-516079
-645056
534747
-623081
195023
-524849
811380
-973497
818302
22301
-561384
287505
830292
512389
892171
518979
-541589
181151
374097
-847869
-965447
813231
423948
674695
-366437
808566
417531
205553
-783505
720634
-981210
-299584
-924423
553537
77335
270601
-971312
-111286
297104
846990
911015
735721
134495
741307
248110
26665
260285
706521
-792184
-365618
858652
-757631
-552388
282600
917065
81176
91165
334596
-713272
307661
55229
-694482
-991924
130807
859056
85411
-598593
887744
974126
698512
734734
885141
434232
-130772
626447
-317659
895894
-113268
-611139
-896291
521114
-752487
-653921
968727
530113
-736856
49903
-378722
597740
336631
928939
-347032
642150
937016
783776
501205
22426
-814818
388949
-3448
883694
123683
-118308
317926
992912
-491861
-999734
888805
394871
-610872
992515
-84015
-363358
-661406
-115288
-833245
-398262
934615
-211967
-800522
271246
-283028
-147554
-86605
-346013
-363779
-585400
676414
-178596
803550
-327035
-294903
-72767
554658
-976977
-79856
-937204
-976711
-191052
457668
-587582
-198537
-626347
49061
140057
258365
215816
741796
192980
-996152
941274
-535774
-279179
-206280
377622
374808
429942
792222
51221
-748655
595772
724187
-43557
-476996
278845
-20534
443149
341641
2756
-747903
-200691
415175
53560
172962
-535765
-806383
-568673
680051
935413
624308
683900
876686
-911467
-595280
-329595
466155
779528
-899653
258377
-169251
-648308
-145852
-445064
308136
377153
833781
-712399
-179699
175422
290358
72399
974731
-294467
-874042
147693
169768
-680425
579021
-150182
-745012
203328
-466282
-868327
291861
-61562
-197921
-241985
-282034
-97574
-983608
548715
254119
-129460
-896350
-437746
-752307
937431
-150144
67995
112852
-859786
-859607
87583
-154253
-733648
-764725
-984486
-414072
814297
-134667
-159084
17624
399051
-27410
-690516
-662511
774669
67500
55455
-322905
83892
-395831
931214
954433
-292180
-506533
-797874
-354750
343324
270121
758103
483538
410515
-154314
-670716
676867
80962
-655201
-737205
-104742
210133
103711
912882
-390817
-923700
-777634
-53327
850970
289866
-997873
-471936
-626242
-393704
-540723
-671810
314117
-47255
-469684
959367
-703931
800438
717470
779608
210953
-436845
-891109
-112180
644118
-546309
150615
-460625
663824
-745674
-547743
-726993
-669373
-325377
219680
-818404
964490
221808
-290340
-661753
828105
168938
-333562
142221
-878317
196755
101588
-582248
-2808
-180942
-802641
-791855
382214
-693749
95965
26331
-240057
-753421
565706
-576233
-499095
-982038
-303226
-168467
-307415
916455
13129
-342925
138263
722790
-4678
-33633
-108273
661760
-891413
13411
-141485
210175
431163
855708
-970768
628523
-936148
411446
934774
159817
-562223
-305283
406397
-996518
118484
907303
-978555
815259
-261165
-285969
731713
751964
371106
-130024
474753
-633572
836343
-633520
-971812
944930
379892
-113297
155105
-188946
-257590
184338
-560423
-193738
-404216
-625649
966080
33561
69068
372476
37044
-812449
279778
58490
-997191
-981387
772521
734523
770578
143627
-395502
245331
510055
-559159
611811
538243
-614230
-8298
-575055
540876
802757
167356
-274787
-757666
973619
320998
-383315
939698
-645442
685753
312174
391603
873305
-408048
-549908
876115
-389435
-777388
610638
-618858
366240
-784864
626473
-123706
-344023
238284
-585463
41748
-770014
-160517
-417377
-967257
-993162
307837
-724923
980458
-371165
-108238
920155
-16606
-422485
232329
-625004
-549181
824281
-174912
-673066
-565154
47701
937572
-184011
-586060
-847293
-557538
290235
-191315
680746
704773
850433
910733
-455745
-566944
943477
-448906
740893
-781447
-468449
-630273
110316
-548294
353121
687831
684035
728118
-861350
508316
-446795
-534416
943163
600907
-596844
-240849
-985153
-444137
201613
305082
364548
-117641
9854
214981
-206908
554110
648037
-263432
-894797
388930
-44878
-363246
758658
-934563
88460
111779
753269
-227505
-160104
891919
-719190
393102
-642497
-776028
-5992
-239341
-16876
8856
316523
-815264
-686063
-318929
67096
323792
896052
860189
-122099
544089
-403244
-16895
-66982
551878
619859
-308325
617316
-291681
803454
370584
480814
-356650
262502
761624
-963549
620006
985597
30460
-619336
-31280
-960685
697187
153457
-646747
-621743
-779447
677046
-725691
-919259
-445053
818398
-322502
538052
-248584
-770624
157911
443091
846692
866230
246545
217275
347043
889896
-520223
108667
926348
-900218
94264
-43192
-519553
-937017
-3877
-822367
216440
349377
-444109
436994
26423
-169799
517735
581370
-351401
-804768
119421
400015
-575391
-722668
-156894
-728700
-856439
-910350
488576
490605
979547
968354
-400728
905894
-931864
693536
-137299
-451417
756520
858825
-273783
-27041
208201
282109
-590048
-765377
-887691
927688
815994
-239091
-877080
-64585
-839077
-452471
212747
4029
-181170
356309
93680
-692594
-153087
73226
-724240
446186
-20880
-656104
139721
841821
-107521
-103760
700646
618697
869200
-91153
-99195
-720848
143471
13115
-793160
-40536
774024
-670240
894879
934948
-122710
107626
-61024
696121
-536066
-967344
-996474
310848
105883
-720714
-242967
-914998
-376817
896755
926823
515663
-207005
627468
134359
-337805
-463685
-964836
-58652
679786
48280
148188
-360751
-177696
477949
-465872
-242749
-644762
641754
696228
-948642
-894313
728884
-945115
416535
-165234
-665828
-826432
-80232
-42645
-929677
-153409
-526983
-136682
-525941
607377
525514
10374
642542
-533139
-309841
-309179
615049
329409
513125
92997
863537
-729624
448236
505290
966604
499595
610978
695488
554480
27512
-469747
888653
201081
450022
-153992
271404
-703387
319026
-865278
-229327
-73598
660236
781047
-431057
-872904
-528794
259765
742146
800616
-227111
-164857
664152
43265
-716622
169442
9869
782974
-219581
-294644
337454
807932
235610
226106
9012
-314369
-927887
-719584
-17755
391139
-584862
752918
-682459
-924626
533965
-113515
-797530
-994829
-853751
944617
805787
-80861
-220241
469938
962405
63138
-360620
-27727
-153889
419799
677629
-816436
227730
-86761
409670
-763258
598871
481784
-482841
-418885
-127077
-67703
-665967
190464
7672
867998
-923052
210142
873169
-776802
154759
678956
142337
934518
148894
104742
-2345
788274
-922986
843767
208072
754644
-972670
-564198
-332118
437001
-327455
-733247
-81216
189704
-152132
791707
-877999
181901
-17829
129673
49899
59120
-660185
-76932
282318
494575
-397977
-575345
429092
750917
529397
-573253
539190
606412
-729487
-252738
361055
-702156
183065
-971063
734845
855611
-704310
-346371
45315
143559
-554664
167317
-674540
427507
-703010
375359
-513374
-363194
-701574
768945
-868620
-99551
-806401
560473
-348634
722997
987220
-809444
329408
-742267
-62182
-309537
-444422
-879117
-280599
-709578
976495
15092
-55948
21809
-841349
389388
-810875
-515889
-183106
-513885
859470
303521
122921
-842104
72466
254302
58345
266066
-185226
709712
-10938
-198006
900268
-681530
59728
-161914
8934
615306
-41031
728336
905728
-64537
-256573
-150221
957273
-97922
-760833
-853603
386190
56061
-367487
245659
-640418
755435
403555
432049
9736
-538100
-301886
824511
-828389
687177
-373496
-928121
-994353
686232
-90035
14581
301537
868934
-257084
207265
-195603
486344
-942956
-238331
-611578
-703789
-91933
774612
352272
540580
20270
711855
296015
-576175
143903
-694250
-114274
842018
-869740
57338
529194
-243235
129217
534841
-557004
-960819
-450578
744534
908116
292338
-48202
-287488
-221318
8842
474182
167104
305053
-617752
-58285
-342675
922829
961986
-630820
218843
-614189
513084
524594
271537
355101
654855
-671125
-115706
-588381
458092
-580865
-145384
497274
-31443
-400851
405389
-739105
550948
-882099
39578
-440211
592083
-793319
864843
974332
148397
-477833
897161
110382
-108653
116004
496193
-595570
-359403
-232270
759532
-704548
96605
-356174
-292929
-445303
62961
561688
-948030
-968482
-839164
457359
-707586
711784
575260
331992
-728427
167343
538674
-863585
141675
-312930
-341417
38835
797453
549930
-845162
293646
954361
-204564
-938624
713893
90888
157981
-642282
797960
712678
420680
359647
764649
452199
520484
222007
744614
232267
-202733
76605
503841
964610
-384721
640256
106284
302350
-701162
-854881
99803
848769
-700043
-606552
803130
95394
-545176
517022
-813719
612806
874741
984241
325484
295420
343887
90132
-252381
-135630
-687862
-507768
-903363
109406
568838
600479
74016
-815884
240734
-819700
486467
539573
-674581
-413731
388342
-374623
-20283
191472
720771
434542
-291506
907052
47348
-416766
891293
-627169
878655
235180
462963
-373727
-900450
775102
118505
-803812
-115492
-312657
796667
958524
-128541
37400
-861177
-642074
-423027
-535757
-55805
965315
89620
923913
156786
-189610
358454
865280
-282558
-594199
-551486
-391265
-221367
-672832
843915
-758404
-46558
943465
-983303
-928053
-860348
-98794
-240710
936319
-140271
630750
-26281
-1448
988676
550693
462795
-67129
516008
-447585
-143217
-327207
362806
-784763
-461927
-919753
-378962
-13412
-311017
399672
313757
-467103
641268
-732802
-523638
657966
-660854
-383986
-440829
98437
-447667
418900
-270814
526053
-582548
-282138
76745
880248
650733
-407248
-567338
-492485
265546
795468
-277248
803620
875716
343791
-209793
-435302
-256537
-896036
97596
-615270
-628837
573958
-957305
-289691
-810028
-398134
808746
-257694
-979234
-462068
-731642
-561782
255795
345104
-681534
-93472
937857
-248872
414044
203403
-453404
-863204
7022
-577688
480588
797230
-12989
-775950
901194
-915394
-391220
-727644
658565
-348524
-17334
848537
253343
-208588
-409158
274109
329345
-140799
712328
-414861
-795696
-969206
491668
-857839
-218078
-94289
345564
328519
42507
-647414
750831
-476906
-850185
-262158
-252856
-948991
-177552
355925
-676634
-518987
-992600
306033
-670451
260743
-902556
-79608
-465148
426789
779594
-752820
-988072
983899
-722026
503596
-873941
59897
-590693
471623
-611584
451814
824209
-860753
974908
974025
-122911
-277948
-974966
699538
-922024
-651600
-819450
-914623
654433
-489900
346121
751878
430492
880974
178667
210085
-871846
190595
193983
-593872
-305809
320043
466026
103498
-208334
854442
-444688
-384126
993689
-469780
-410101
-129222
252272
-385067
-429685
330249
-36666
-249135
415627
-382234
260965
-238253
-630357
-308543
-357279
548311
901542
-229125
-261095
95525
177003
433097
-584432
-356971
-463405
207234
-502529
91907
823109
-508841
622127
-586993
361938
-125602
27940
932253
-795353
991274
-316883
620274
-390960
944083
-617979
-21316
-364461
24742
-473006
-462919
795617
265900
632607
-27380
-301004
-951826
615649
235591
255409
-886880
-672502
78517
-395720
949625
491524
966218
-175977
-480536
898470
28670
-489262
-418413
-351056
119778
-474330
30965
-901538
161209
-944294
-374544
698291
851324
891357
330898
-176057
-409648
379072
-560408
825944
-365520
-447288
-846558
712997
156992
-896934
204521
123209
-72910
723985
21679
955760
-765277
603267
-395297
354502
-871064
635669
452964
290146
691376
-921580
-11564
542699
969777
-680667
-633358
-439871
698406
-193766
-613927
-667114
358947
-460485
-954117
-484061
-357418
250404
639149
569672
-25611
-339173
525431
209112
-735907
-869866
-436387
-606970
765804
-983424
683176
457179
-905003
-328389
-122
-935227
-9055
366520
-375097
-310650
-827246
10976
22237
531701
550492
68120
-952361
-806927
-681477
686788
762745
292913
-652385
288176
-497976
-388291
418311
65638
4739
184114
82215
-312086
-358707
177212
359526
641171
241986
-649529
7690
866889
39821
180445
-122136
-937942
-287855
-571645
130178
-240215
-378571
448701
-553427
-615827
-258386
-205811
672349
243638
405898
90660
-690724
-589363
-725226
391491
98552
-83933
-431298
-541922
-442762
810689
-191451
564929
677577
848371
-254627
-444559
910429
457519
-16203
40606
-782697
605226
-510693
-336123
989399
230921
458066
661748
-525441
-136036
-247592
-216165
274602
27182
-824675
-626847
943249
-255972
-168769
-499514
-445284
639780
-934585
-767707
488151
-189212
-212266
398579
-731694
771531
-560816
-514390
376756
-71508
149487
366155
-840588
-392447
27903
-366029
471517
780311
417807
-253882
-192508
593132
119271
-249259
-662840
950503
251228
-108123
590283
316643
124170
78433
-872570
911904
-522988
-604263
683434
-83803
-118653
60190
844689
-969167
-573655
-995899
-361614
454248
-361927
-890097
234558
-944121
-143979
-957950
649012
975293
-207209
986172
925796
-955982
-121952
516079
360662
-997783
-405489
488093
914122
71524
883830
597556
987721
-234823
-342255
832409
-203990
84090
836511
434397
-461662
-525417
544301
772896
-469538
-599678
814947
-820526
-624385
-392263
-834355
-698590
-348244
43694
817490
-987583
45912
-588000
500510
-39967
483525
384340
-442412
471245
-850484
215334
303654
-54473
-700576
140164
-620076
-162238
614747
924225
-389342
-854791
-675453
-574395
-675317
-299838
33342
-509671
1573
685099
534023
-180938
697516
-420066
231063
198026
539968
-285413
-417635
-902444
-814169
-268119
312890
489486
677409
612315
-370351
-942668
-549923
-755604
981558
60735
-610394
-693896
486340
-285710
6266
-480318
204619
-992162
-795220
-261358
-173100
902297
318577
-942038
100322
-141456
-227450
682688
-43900
-41618
-585431
-731010
-552133
-908023
881305
77517
-850691
-668619
321913
-869134
392117
711520
-563030
-121543
-574191
443237
398139
630428
451075
602920
-630930
-722025
505216
687647
-664062
-394462
-453810
108488
-711775
502290
-933131
-297206
771280
-485263
-205228
652585
592254
-55918
983966
-85833
74948
376082
-374314
511919
-745461
51496
-44845
652679
-318077
-593770
255598
50994
-315794
-239186
-261360
20144
366352
284830
-871368
654578
-212880
-804498
-642628
-441600
-289761
152144
-789016
-697508
-903775
-805050
216659
171174
571033
842346
-316907
825572
-106159
638249
478250
575765
-955522
-266153
-373242
-271315
494662
365398
748830
-138987
-349772
877462
-484409
437348
-927036
-127037
995749
-216797
-974894
-793268
85696
-878668
-598318
-697645
292506
972716
-855300
975600
798287
38542
613848
276536
-385694
658327
-989617
241065
-612989
505045
-393537
-864160
-633942
256691
-986698
-118351
-305962
-913734
754613
-310213
-130530
779719
-103481
955166
901052
298202
-742479
193558
270917
-597778
169157
69204
440764
-216996
-654261
-944930
-558670
-643877
296135
-171659
861169
902598
-35818
-772773
159289
-22516
108877
853328
63750
-136511
-456886
933221
-356792
439634
888386
-455741
-262165
-854094
737817
-991248
-451871
-93026
77956
988893
689978
423696
-956038
-868692
779819
340098
-40351
640988
242696
923832
868215
-598015
-98685
-22909
-744688
965066
840580
-201574
898286
-516213
-761941
786672
28047
-24105
932579
-234136
-15353
-519293
672838
-937397
-530401
362815
486299
-486438
494124
266118
853661
-546227
-92895
96357
-622396
-224681
498342
278919
752411
753654
243985
592990
-447920
142270
-923223
-209860
-71059
104824
766036
-138480
870689
-249317
342227
543526
-186714
811827
-93659
-700416
-674612
-599536
565702
-820951
-145763
-527193
275406
231841
248126
-226252
-489240
536
-472598
754745
-406474
79483
-102985
-329696
869623
825957
775129
635659
-312524
645817
-613659
-970298
189342
199627
841529
-904317
499212
-833083
-503853
64914
-654034
350385
537721
621373
-417775
-214153
-604880
92986
786384
-77477
-152269
-620090
-997995
744746
50214
871628
570702
-174658
507287
-741823
-528842
893628
-712120
660500
93255
-870592
756183
-407534
-703674
-747670
657381
-357707
602715
195101
-736335
-815060
980949
-341214
277926
767332
581309
-874344
-852759
583315
870403
197455
454942
441104
-977203
-37771
699282
-506045
-144144
987162
-845545
949111
-883430
910639
-458424
-587104
-837032
-801043
55190
765684
394058
318855
950624
375007
977642
228550
142339
558951
354207
289580
142265
224609
-512965
-402793
-334287
-490168
559436
-635005
3788
-584709
-647844
158243
-635598
-531273
68881
-94021
-118376
231850
104936
936814
-2467
-501006
255669
-51843
874001
233310
-823294
16339
-207739
530914
-694081
934526
-244477
-207046
-468268
421236
302787
-908833
786231
-693426
-493541
-861613
464818
-129139
-392885
-466302
776840
488739
765549
-118225
425553
-236919
380770
-318779
711239
254770
914532
887946
-728892
-293208
418859
-422973
-358683
-825619
369982
173050
595618
-327231
264218
381849
-20657
770678
520236
-555839
-358462
-872650
-22141
-581622
616090
-256592
300154
41642
506489
-319077
722863
217728
935694
637395
105673
-793199
-655814
-475468
-216171
-14496
-301086
-846189
-841446
-705469
-173420
422772
676380
805924
193450
196616
-749916
834989
323967
227944
-746634
-59944
971352
553521
981698
477840
-765556
704561
-304432
-829863
341955
801241
-623062
686142
-674228
160768
-328354
24687
314579
-169800
319218
-858842
-747028
-4402
947082
446423
-807786
-802834
281411
516181
425110
534777
-543763
396461
88298
-562066
-125699
322742
-857505
569869
492879
484451
371110
869818
170592
696883
30585
842239
-278431
-654836
-327561
-959213
-513678
-74588
36385
-566596
-628166
228599
-369430
653245
-255220
-944320
188022
201017
452141
-723681
638952
-673559
599062
781447
896310
91940
265898
267420
-38242
-563511
-35698
992344
-721272
685871
-662493
-48833
726658
-176170
876579
-236957
257234
-751588
991642
887805
901657
-263578
943486
89679
937439
395626
365998
576391
722068
-34941
357837
618377
-943001
-376266
-114204
18758
60224
850099
11101
338953
535969
348608
-709881
262626
-827563
-833302
-974332
429672
-584890
-982690
317477
-683233
-246267
260962
406447
-308829
-343413
-227556
-732438
-621346
737504
625399
997032
794504
-750867
-117172
-186739
309358
-267074
824362
-351690
-731105
172969
-61570
531521
345407
105128
557190
-224922
520239
574501
-907445
837007
-671767
353517
243453
19405
-989896
-984103
286967
-611242
753402
-87634
-614210
547905
161500
268619
-638834
-529143
-998455
-814472
119168
-729560
358498
-942402
801962
-296096
162726
359151
478983
-317035
-66349
571538
-480028
261885
-74946
763426
-718711
-64842
779323
568256
323917
532725
-519379
709708
80630
642121
-21673
441796
-887022
-20128
627324
232147
250312
-14178
289745
52273
689726
-547529
-588576
168708
135436
345076
-259754
655409
-393040
665301
418834
-111751
-399541
198157
-543496
924376
-269119
-62874
634084
811511
-420753
-387590
253307
-307774
592283
-119369
924373
-157406
866453
214117
894868
556178
666588
-693709
-275114
-197976
651368
465133
-542567
-741673
130433
876267
146576
730892
74424
603081
655268
805305
-459793
289351
616816
119454
901762
-129878
811680
494044
750753
736053
-663362
617206
-49831
-768494
173384
-383243
-462203
898271
418781
-810836
363403
876214
-552508
-506165
752481
594068
-775273
-173096
197149
879995
-367791
737356
169346
-750976
-143190
71108
119147
-331510
-434849
-130100
-595458
-98210
-512895
354711
133296
660489
971469
671094
558760
390249
860259
-77838
266463
-692250
415998
18944
901819
640725
845849
98967
520720
-521943
-163677
-309934
-272918
693133
761174
846229
-638377
-673675
-283872
-233835
228115
203234
-879124
-638590
-136277
-907656
-967496
-577518
482594
892763
344645
-250943
-799488
-239357
768001
-897669
-598633
613849
201298
922088
-908094
-962379
-387847
-181012
730755
-626674
-334783
-907623
-300349
381346
-141458
927767
-415421
-20581
-710824
448303
71763
-678320
870785
-445644
-785557
215430
303413
-585044
976073
71414
-482713
-622560
-314737
718585
-700473
-222830
756207
-88319
596159
486961
285008
-738625
579338
984660
642721
-562120
912426
-772700
417300
-798398
675603
-510938
-476717
546388
43419
-262274
-238182
-653168
152682
-262110
418247
669969
115330
-896491
388554
414858
-119320
144760
-673461
-523162
-368279
611547
-261787
-788941
596206
-619066
-351060
508632
-391765
-933761
710234
-716162
-444699
-766483
830227
598721
-28757
-407956
945553
-876075
329934
363800
793895
-554736
467309
182449
860123
-652012
-672791
-813339
-175173
-41070
798208
563040
169989
394414
943975
818930
-96955
-447791
885169
-386721
-163953
-559530
-153204
-333727
-960810
818040
258317
984744
941965
-411749
348543
735860
33515
-184148
-81692
-106363
163841
245517
80298
988668
-795553
-121494
551708
374436
-727081
495682
193366
175965
-952110
78534
789244
-116063
519004
-363961
550211
558195
-545922
-191473
542939
-603957
396779
-108518
-868098
-569707
707335
50210
323931
-128824
-704273
-595771
-140157
-499826
282736
-588449
874611
555656
907233
67976
-268380
955124
-853491
-479137
-160939
665514
156903
-610729
223709
610982
197799
-233353
-992975
-405423
658130
-861073
24871
365464
189138
-651198
-763361
484866
-246969
96483
985040
-964233
508034
859651
591423
415267
-72374
-676958
370390
74136
-156094
-790550
-260350
-999191
-401278
963359
611791
796521
-269994
618817
-608902
-611865
757745
415969
753600
-53117
764771
990239
-568252
-482198
86721
-583212
-446431
-405245
-723562
-855009
-989979
204065
-531966
380412
-721799
311940
589862
17851
312750
-811416
-18790
-75460
985105
711217
-456643
-623798
-900649
-698899
792172
852952
247984
556943
843190
679732
-925255
-70089
-903480
-371685
524667
-627041
-226693
534688
577024
241341
-84901
855225
-446719
-495039
-126924
866031
-306455
854286
-209429
-321350
565502
333928
54853
664854
635029
-152976
517805
-116987
-596033
360995
-437255
-521288
-709095
-340735
107028
815572
32224
880335
350260
-390752
121675
-734641
-535528
674956
-229680
337549
540987
463865
191834
-668443
-857485
-242664
665486
197368
-577810
300515
-955608
939995
-816473
-551641
300989
-253728
-72928
591895
405538
-965901
407467
-562238
914434
-242273
47010
36109
23086
511483
-288935
793406
-150969
-747949
257271
-959135
-416391
399786
-201799
-750906
-402847
220392
549609
-358454
160386
733137
89905
-538625
-520591
-983023
-946730
884947
-948924
460738
-677292
965511
-781536
369719
1619
241550
-118799
712685
34956
730233
964736
-707773
771098
-451655
692013
-430701
-202561
-710834
789691
-652952
-69288
-49924
-919816
-979383
411452
-440407
-962406
464723
-555460
-911329
-74540
-232751
-945818
143925
-863033
55802
-614525
18168
-231514
420431
-251600
-266778
712658
-480502
281567
404671
88797
-920994
693838
-121513
-573946
-375450
828564
-493762
-354832
240016
65832
-317238
-295262
510372
-228566
630199
-722380
-174384
-225877
-585412
881419
159598
432757
-350096
-419971
-818843
383126
-707313
-299345
-335307
697358
789452
-256301
391196
-332061
169753
-984255
-503498
675992
-339087
736518
-258176
343676
-558744
-747804
-884890
-928546
-470184
-59274
-154422
-55596
-177855
-994825
-622840
472049
-414796
-441683
-144825
-122109
258973
519868
-424751
48424
-736433
966445
716363
433321
982191
-787135
109312
-356896
949384
851137
986780
-609361
-896668
-898111
-537906
-366851
42616
307672
577553
864761
312847
954714
336810
898052
-486969
-808016
-224057
772005
711853
351193
-179572
975421
317637
-463209
408741
299828
-250343
-481947
942932
-300960
-630811
929711
89680
-527479
-968400
551774
105671
74216
-140554
-316777
-61023
-827708
-362063
-724214
-929656
150969
-532229
-153712
-77027
-820376
-802520
743402
-844956
515117
-719807
563785
-185056
29850
-918163
-242124
728891
-548973
-312414
-181429
-76451
-280813
-629655
-970781
793404
229791
-287557
-267620
402084
350381
8167
472428
-498651
475939
-681285
424323
655563
-483805
167725
810608
-968688
447918
374392
-153743
-522232
456230
604133
-793341
907258
-708281
25230
-169194
10906
395575
-139975
-195691
-374635
572469
536690
-972552
-77151
-455144
499877
424199
-979205
818593
-151479
676358
-665212
-983754
486965
-633900
464164
-138643
212358
941933
-682413
-183510
-851409
-775156
108210
173821
55650
-880885
-430604
915676
-76575
194762
488144
-539886
222210
-589007
4971
-277913
835192
25766
-459321
-316287
-297876
-124533
-300041
-810911
241568
-835877
50446
-546075
-893945
368034
270416
-745354
592878
-621375
428468
-351472
-502259
997865
-435797
421166
192626
-947653
881281
-585164
-536659
-113748
136923
-701468
912018
677603
-17754
-385858
-446930
682205
-196769
794638
846329
853678
-751437
952384
221711
518979
-792970
-185412
897605
635499
463117
-604655
633363
-972680
816512
-174012
-920333
697792
240824
-456992
-415956
-622253
-158459
-503939
-944651
823787
110203
-391581
505992
913435
-596943
352320
767112
-348380
304704
-11178
-829402
511734
803411
-931797
147232
266527
-536452
-219405
293847
-719941
606583
373515
977852
-152593
916524
-438105
225154
-241936
57957
280503
-418149
-831840
888923
-912157
-918406
-708021
440164
848707
-56400
-255133
-162472
114199
-743399
-359062
182402
403834
907466
645950
-815572
201312
926010
791012
-425174
903862
-361582
-508651
-534243
863572
249414
523714
144075
831265
691875
32997
919108
773470
324977
359272
622176
-731423
-895862
-540297
382776
-639260
100642
-434823
764574
8107
-788873
949003
-790582
-862864
740014
-215755
-959002
-621568
275594
-493245
-757997
-474993
-969531
386078
-643728
722345
-580925
-724620
495814
744053
634652
