    401953
619353
-822410
-757042
-303387
-156076
399611
-867232
174965
285933
981207
-408564
-457327
-860688
899279
-235650
-354580
976732
685044
-449372
193253
112841
695816
-630753
-205061
779526
700962
-364541
-794064
-910199
289983
607889
709154
467574
850848
-594233
-688503
250458
-461464
486462
-463609
-480258
-922102
79064
-340946
977178
843415
304475
953909
528459
855103
147162
-358701
550919
516409
436239
330445
217370
-928302
536381
307171
361681
144270
16325
-170746
-4883
422092
140752
-754425
960628
-372787
-218034
-519630
-294888
861031
139425
-317711
704446
-556101
-363802
232905
-700998
783360
874205
849922
299769
310443
180366
-482862
382142
-283253
824310
-256177
861018
-159365
573078
-143866
-737274
-286171
101710
-776646
341043
883677
-296275
-953846
744708
843150
-271556
449153
-712951
364642
-317943
-413949
148002
-443738
-564028
-552230
866705
616339
-35091
248847
-666914
-210781
992671
-805897
629854
565748
50237
892581
-720424
-848053
-884065
620620
-964376
-180340
666775
780332
-337190
-604781
229485
-50141
759861
911542
535911
-92137
-532196
971883
355633
-665492
588222
-679458
583356
921308
109761
576026
-884590
-260386
141773
165648
-367806
421350
317595
-251870
41969
353219
567790
-291256
133551
-769401
103963
-636965
180459
-136176
-725423
-283631
771687
-257619
-311748
127320
76890
-723527
447862
-339755
-802220
-442378
-763729
-686810
297237
378044
478839
929432
-200606
-203566
-322439
841364
-850347
-754650
-449893
283204
-524050
654070
646239
656409
-482107
920817
-627223
-710421
-336803
61030
416900
740087
337503
-135239
-599668
535283
422383
-363397
848474
-280380
-985353
327313
-350949
-185958
-876254
326612
-344595
-726601
571963
205513
556603
-952088
-140418
202842
