-830880
352227
-444254
102438
413943
-800311
279083
-537689
948076
-281169
-649401
-552473
-359306
-48945
526247
931252
878949
-485587
413331
102633
237664
-863179
-780607
-992868
-479875
640410
-373398
890805
-507269
-643284
-303185
-338149
708943
252562
764290
122886
452252
43373
585197
400328
762204
935797
847855
-597102
-113148
374102
-665850
-234200
888515
747481
868434
126179
884303
-912174
133311
-595572
728237
759913
-704767
-779033
-883372
-7951
-117182
825572
-755389
-352892
-51543
696863
690481
-466346
97190
452685
-530550
-54955
855584
356302
-680854
-810267
-877898
-792339
937215
990537
333840
821518
-921638
-532849
-774054
806599
-772937
-478821
-972434
-656308
513229
-89615
-830737
757840
557493
117720
454702
247974
651374
-448108
-299342
-879177
496938
-443758
477126
816084
-254025
599229
-976255
-316810
589765
357585
-495292
668128
824736
-269345
474726
-948201
251834
502293
-604509
-234937
-587323
-435246
-477098
970171
682474
977605
218144
333848
-470504
918803
454672
-973567
-524956
-68202
842518
221020
-468974
866263
904211
-879210
223847
-591082
788918
48583
139573
263644
100382
-608593
-234064
495873
156470
178614
-939373
679373
148784
743101
656977
-633073
76949
-813528
-714270
-468380
-787094
-239226
463418
-944577
981795
994444
921687
886005
-884766
145534
-705077
904152
-805884
434496
167796
294499
825904
933732
-209629
-17626
112345
-149002
-338254
-738871
-405901
-681278
-371943
671048
-494805
-86213
-797332
-281899
674562
666087
-226475
656356
660531
-304788
542360
775765
840746
837283
679917
-965139
271779
-152288
329360
97682
-218556
-880269
-919944
893790
-29270
-258198
-845082
564830
60525
-217025
235878
565720
696763
438546
-716179
371324
104633
57347
27679
-234837
752559
-429961
-459072
593304
-592679
-779156
628166
679100
68556
-42474
-223218
850000
77258
-143161
743789
-952012
598641
898708
612818
-340834
-318318
-151305
-775114
-621555
-712759
-491293
749769
391875
566055
-222553
-842963
318614
347486
-302034
-88082
754808
-81190
-459917
433908
987367
497610
-789310
837367
-425132
67529
581156
-377144
-333830
479863
-764327
325336
-838455
84369
550222
-460010
371611
-941071
-710242
-236515
624985
67206
-79477
-56402
-585308
618489
855516
-830501
-462702
-604401
603408
-475335
893209
814098
-637969
-531924
-118374
943187
90932
547796
423050
326606
-126868
584596
-589025
-576646
-875414
782586
-517716
-585655
-453930
-892732
481551
466593
50866
896244
85082
-93619
-934257
622380
301981
669151
-852955
195189
483248
-490924
663266
-635126
-547737
-245802
912671
875314
-919196
-214198
459909
-508221
209157
584495
-725636
691441
998840
-179565
798709
480391
-712972
-150426
376635
372110
755956
442378
-5510
57936
111529
141535
-746875
-405224
650612
916392
-40349
-897126
-329411
-127679
978189
-248607
658124
438098
243172
-132720
22593
517537
-441280
21433
-662029
-642572
-498177
-375001
207003
878459
997109
-37041
320836
-8401
-979105
-567636
-866867
-725980
27141
783745
-809589
986792
886620
-138999
-140888
864809
612395
-482764
302906
-144434
384516
-674502
-626897
943236
346931
-288926
-699337
848755
336074
507667
727213
333183
-529375
48049
-675219
-508480
480414
-542086
-234459
-492446
-758341
-44047
-505654
-871721
816954
353459
993088
429348
870695
295993
-715086
255210
621492
-341983
198445
-31578
369092
499109
-182823
-294835
6775
-455610
-961653
477401
592439
-636872
968921
72852
-178957
-265538
580406
62703
690415
-925249
190982
507369
428210
184069
-63284
298905
-519938
221631
-445886
-898446
879648
752559
69976
248739
251668
887154
953904
-741557
-568457
992252
735844
-976019
-644621
704765
96833
176422
-560773
-322761
-760876
-870359
-248009
430107
637010
-819799
-385824
-426274
479106
94239
795357
-966780
195793
675005
785780
-734232
-76257
37447
-847078
-122353
295891
-415535
-130102
31735
-391554
225278
-263501
705280
-598300
175726
-617481
-359175
305368
134511
-929069
-57622
314712
-314892
516104
-206182
779347
311460
-172962
-24861
-13535
-387183
240908
910208
650265
393830
-212145
-53845
978295
657754
977890
-413259
-116969
-285611
-707979
284731
890116
-325460
925557
195483
809052
996488
-862139
123764
-318405
653965
917582
-539059
-34575
-255380
436081
951890
357438
-323012
862098
7702
-929182
-350048
953858
-950888
-692294
931748
-364146
190737
-353864
-72125
-524532
-463748
602416
-598976
731736
411467
-602488
869597
-464770
79107
523561
-547188
540049
-511014
197433
-23871
-559125
-445130
653118
-697028
562573
723936
-47075
516431
773049
260631
448178
-591098
-548632
-905686
336778
-73163
-369434
-60806
327861
-637699
-649339
725373
-768103
-114109
-195520
755458
338704
-655471
-755557
-463864
320659
-314681
91007
-26224
-11708
-346420
-302288
941217
-829990
-529240
201848
618189
-120337
653216
712503
-783559
-419948
-656932
155635
907914
-294631
506296
633287
-62733
-607813
-562234
-307276
730892
-217704
-62832
-732973
-897046
622488
358035
76731
-389221
-988386
774443
-448005
-818375
-754797
753844
799814
124867
407059
512317
341308
987112
855385
-503057
895025
-439246
-996761
528311
498021
-604573
966078
-809255
-873682
-251627
127914
-606654
-148672
-249599
751382
928059
361181
762997
702502
913176
944622
947706
667019
744436
72572
74078
256752
-586120
61189
112137
-89176
-43786
672892
-85937
-515476
170913
309491
-549398
361658
435809
198975
-510428
829156
-949697
239973
580538
978362
-398846
343534
680864
-485671
288156
628569
-818652
32591
-298860
255427
-710657
115021
-683384
401481
-974156
272830
74372
-60093
757355
-754716
-750602
-792044
606943
685207
406932
-903486
514363
457236
336488
94900
435597
937642
-561567
116461
-548029
726589
-254971
-366680
-240820
446170
888748
48524
-438810
-794637
-549996
-412966
478194
524377
526942
235549
769662
776340
443506
376605
461547
-149563
473120
-24091
-692327
-190393
-929191
743270
-252751
-490757
-140269
199221
-764168
604760
832542
-4987
50929
721289
-956464
612120
926653
-506459
-800847
404846
-982083
726095
-359606
787580
502435
-916101
164184
-36019
-65663
-362697
939891
242010
446911
-989301
-14720
-805840
-480057
845011
393381
-244224
449771
225922
750789
-499301
-52790
794325
-887181
-126138
-712135
-688028
-721292
-694217
-961933
-80897
-906637
540502
3002
257548
-495518
937340
894851
-555628
179350
341762
-544928
-835371
535922
-24984
-990360
-70698
730792
459411
-844776
481580
960111
102435
275905
-927071
976298
563771
-615098
-744995
869555
-577031
174108
962918
963471
-822890
220465
-532047
-885551
115316
-87674
293800
-542922
367398
458430
993000
-657586
468070
-77698
-926795
-72519
77527
554786
-112409
-820039
-169310
-39479
-843742
-605540
345423
-588736
-735986
768393
585372
-773068
731864
762482
447397
-800184
876932
-437287
112142
170732
19791
-520460
-370839
12791
-178046
-902770
935093
-104840
24712
12620
-550055
912303
192581
280635
-127176
348839
675096
-781753
760103
939110
986640
345475
-833958
718503
107957
613439
918319
-15111
-823848
30461
-844380
195943
510001
-215219
-791267
-668045
-117988
-856174
227115
906724
156446
677061
819027
-650973
-42304
-308150
697867
-367209
-89902
457970
-428099
-103263
-196556
-262057
-384760
911402
-648618
-466441
-103710
-472466
564020
51911
723477
74021
836692
932211
405977
-281296
-923963
-366908
-374573
232484
-689848
-555546
581511
267848
136305
279377
900639
-953598
-262654
-527460
-56860
540791
210483
558380
452192
561865
-908061
-651518
-910601
655960
400393
812877
-270019
237085
745087
-864043
955789
821125
-230950
-418785
53608
79202
25670
-364881
-652950
-838026
914497
-752312
-791624
-348158
-279771
151517
-807367
930712
-290103
644825
492577
-198164
993307
581976
-542205
393699
394852
187777
-369217
139939
323735
-413428
-38936
-907216
167788
-985328
171986
-806543
-350209
519036
-644569
-435712
766725
-436193
216131
-513046
715325
408764
-582335
-574779
53589
910243
227057
46895
492219
684853
-559406
-112929
-127371
71378
-972990
-803637
657950
-11926
-710852
-174262
2747
461134
19195
652539
-19830
374626
-783174
-253105
938434
432957
233849
653758
-158280
651515
-921022
895309
561757
306036
-57796
53976
-9112
382799
941047
863518
-545824
968057
-940119
-887874
-43869
-650971
-62136
958878
810164
957060
611416
-209666
331685
828243
537229
270119
261199
-228923
-76124
-897081
-577409
2855
998229
984349
-691110
-59568
38324
299779
-676769
-20629
163296
-222592
-52572
223178
-110466
903559
572208
827399
862437
382371
784458
473852
-827296
116143
302094
709934
-613739
-436707
-518990
310138
-333788
-96398
-687007
-335560
-112049
-378117
604873
926276
921663
928104
-94354
84959
-294489
853075
-691864
595046
756633
880344
422445
619069
262715
206902
92921
435420
-676955
-604985
145353
-290694
-41691
626364
-980556
624521
-470034
-667563
-711039
417918
-45680
893835
344193
-124017
821938
-750161
960942
-472551
-897087
-730923
-877506
859547
-850579
544939
478616
412137
-248159
-428463
-152444
74886
-33447
992910
784193
924862
619274
803637
549383
-850761
-863927
838344
567157
90394
732179
-88650
966377
554116
161190
927318
-918436
264104
-803605
-795941
123650
-654183
748999
-397734
757954
-499161
173804
-394490
575726
-859644
-401581
359918
-934783
-782308
163555
614601
-633068
299628
452945
934089
-609978
185123
-154561
-643601
-260761
-993372
-716284
-179197
270732
-519888
24863
-605618
-174071
-226139
-3352
-416118
274701
-829549
189392
-149574
-689192
787812
-789656
-623974
-994497
373899
990627
-627565
-326474
443571
-693476
63549
-371306
151964
419948
367933
158592
703665
-811264
-570676
-816224
213599
-176294
9706
987461
820355
593589
262161
990807
-217019
-887414
-698385
-429208
-677070
-322359
-423704
696829
-331732
-51268
-629645
-888162
255257
433905
-259467
-592780
-146148
-891535
565812
-442483
-702799
995137
-258706
510801
-181157
751000
498261
-360803
344589
-239579
-369996
-872431
-126992
-68381
-301638
195939
609261
274659
-107232
-722472
-776610
263123
-610633
478647
-302973
129900
885868
550880
238366
451680
-891604
535567
446816
-150310
46367
-734342
-399310
-455372
-95144
945279
305049
534861
-927152
-821943
-533520
-228790
373996
-924260
-954131
-733237
-646731
-730741
529887
-257364
747907
-773086
872537
633774
777794
110902
85454
886191
-353532
-467731
-264119
692836
-202072
336571
-762537
702784
281850
542513
237645
354699
720570
704125
-874091
94565
779866
-828222
361328
-866866
-558962
-108786
-124229
-811056
118129
-251693
822719
-104078
859209
-91828
-217887
-494323
440442
517994
-801488
-761631
-145435
-564024
941154
-863585
978489
178798
491114
699058
-117077
617024
-206377
-337211
788802
-845049
-204077
-770161
46166
671694
-581216
-835706
-580000
-758497
60216
-720791
149675
842330
-215114
-409883
360323
-16602
-171514
-785112
419375
-230361
-648696
397863
948438
842418
96921
-168639
459441
890545
494150
248243
-954505
-709928
478082
91661
961767
896867
255955
-618233
-861631
-683829
-339024
288045
-841499
445863
878162
518825
-570739
-293353
733713
848636
476287
-914984
246499
424725
927435
-656580
-743915
386876
-766036
750235
-364882
-720540
-959693
-886800
371121
-997927
-989933
-372924
-616159
-851564
-56752
44818
436482
101749
-509320
314643
-379427
-80059
-978710
-645714
-231424
497578
-560697
-984926
-77698
-633262
-641505
178387
753614
-407541
-71378
-611268
-128081
-31071
-498067
-756960
-28997
-488000
-129883
354845
-339563
813366
-600338
-903082
-84885
-109658
411562
535689
810284
432852
889975
-421141
-69571
-670722
-406066
852732
-303984
-47571
31119
-550371
544889
959741
-161638
-583192
-71330
340296
-340152
899674
852296
529966
254518
-487267
343331
654181
-390348
-741554
-455477
-978787
794135
-645194
454066
684110
-66334
-615505
-986613
527600
-762774
-290597
-519971
268345
159033
-975083
228086
997396
-558275
-843244
337691
101574
-943570
189987
-368460
310949
702720
974872
-34871
-687628
-766683
509652
-666414
-972548
864459
787652
711562
-201876
-827853
724950
-674276
-590627
-565647
-194247
677719
593386
-169329
-94195
590782
272397
62562
-71528
-626029
118992
-881541
5511
-570060
821180
-19617
395069
-866449
213700
-95279
-532863
241153
-230820
-745211
-47286
567304
-573064
-322337
893029
-163690
112016
-301218
-485971
-294598
529453
419835
-703816
-198150
-517604
224656
175822
601388
343115
-818667
-968673
164295
161716
426397
297846
-624584
-668882
764984
616569
100298
-980228
-430718
-332398
-553291
246946
-439370
283019
-641038
259413
797049
64365
-211134
216883
360549
590716
699279
-414795
-233463
300667
928321
-52130
331994
92615
-890414
-241609
-609540
-514998
89510
-844556
-898430
-810193
-824784
-329147
-142590
-378074
917800
418041
904945
-723239
-322547
701994
341127
466319
-81124
-298325
57035
-381845
286881
823573
918822
215201
-228557
250816
-692185
-118971
-990793
-301724
366032
98717
-146280
467602
288525
28937
-861545
-854065
650863
-943746
563976
555808
-666984
-758571
257801
674144
707749
-823323
-624181
-235216
-205168
662700
-411644
-286346
-122100
359799
964470
185716
-759172
973678
883992
606860
72394
-262288
74462
-639082
766650
212918
-493147
417512
269173
-929171
-26680
602190
-687741
-768879
276333
-979992
-592202
652152
-215208
202631
314851
373148
916285
-807250
-267053
880755
378467
-26224
854432
262458
-419364
-73174
-999830
655098
287745
766820
-131984
794599
184332
-862812
865429
-842349
739378
-822313
-611228
15710
-802305
-203429
-332139
-17513
999202
982713
-644365
915487
-824537
88583
796241
553930
-937642
650673
-183612
-357005
-422502
-183442
-701907
865244
-416622
166109
659842
767710
303297
525270
925362
42674
702958
-685867
-941616
900653
110704
-273754
-116860
109906
-291042
238776
25392
-115579
-672642
-178368
-561650
-610283
-527695
254739
32712
49804
-928703
330805
-84953
-345325
-503087
-425111
-577615
800211
-899842
-652254
-157115
803116
-338120
-98731
703769
772584
627515
-413091
-117510
-663527
825685
907882
220895
-846958
-270486
659246
-457240
201819
-86016
575472
-748378
-14719
-93723
166670
639956
403191
741559
-937660
203401
841718
-589913
-953715
644834
71967
-52446
348602
-155449
-424931
935511
727041
-88457
761196
634922
-867563
914238
-635565
791683
-543002
566255
-294334
-967531
817878
690947
-61253
-15453
330903
-658063
-273895
393244
545338
-432177
803331
591624
-787344
-124702
-460822
561258
719849
114247
496769
446889
-974210
257964
81811
-841773
172202
446247
949910
629200
12501
-344424
661670
-169622
-653477
-399583
814926
677426
-57646
-458969
70670
-512308
108854
-125999
-920685
321510
749299
-381507
-117232
469147
732741
-620463
-83964
758531
637502
997847
916759
-190296
444094
866668
-561096
-543406
-477756
-899426
286973
-131233
-299009
101899
-453807
643345
642930
616863
-868963
-248216
-509137
-789648
-926707
-759838
-171154
-43938
709309
-438414
335600
-374655
-679883
-26899
-376808
-763125
782806
-932715
-896457
-778291
-476120
-374213
-677717
810853
494554
23274
-87249
-959254
-333381
-444319
657610
-202344
307465
-851527
8008
380759
-611365
836855
-663179
-902056
-601560
672421
-276711
-281442
-354478
346481
-44567
-571673
413767
58977
-349964
937647
684764
-27681
748499
179317
995594
-338750
220064
-337788
216932
-122327
459868
-475604
26147
-532124
905155
414782
-695270
-758025
512726
-296829
914397
-763985
421729
-440082
582497
-622838
-11755
-3737
436139
638282
-66091
120902
-389399
-317592
-699781
-393806
343659
520284
268406
-439410
-602044
-271726
84986
424103
196151
-9859
-161115
500882
232117
-648389
-795948
146513
-412374
625782
706432
-829877
-997057
-305323
166386
439083
-667042
-899706
-440015
-56441
-217297
-139796
549753
-873639
-619513
-181841
-313049
-221556
546434
771938
-797453
-257415
-237922
41433
-756534
994196
393044
-552481
140709
980671
-926699
-152860
-849207
-923755
541818
317179
515328
874776
417474
-924688
-181665
-799824
-64483
-631912
-673462
316005
186248
13490
-905552
-267319
-214573
-703004
475267
547506
338429
718733
541702
-268528
-833748
-317590
-287858
-760447
529551
-137064
-684202
71368
-819886
831126
-53856
597589
906439
764480
797766
-158045
-867433
-875697
-842041
318816
137793
-747592
-948504
923221
-450596
526764
470726
887834
245496
12427
-380694
411748
694838
331449
651302
224388
-805616
967100
-704244
-625502
798225
241900
972088
704664
6380
769853
-453382
138947
894156
-295423
-542238
31949
-43015
-490741
-44831
506390
-963978
-574105
394223
281519
438322
-986472
-306733
133159
344977
-655432
-642453
539362
-688332
-346697
913861
-890107
895204
885948
814557
-98417
655800
-638826
-959470
549956
65752
-501708
-418096
-977263
7552
537074
529127
43575
962969
-76650
-674906
401291
-63121
18361
-465550
-718145
362930
-108003
821218
674598
545300
735078
784491
440504
621025
599047
-657914
276824
960222
-617384
-173220
25973
-119091
408684
48710
888462
-54242
-422163
-67963
-91274
501187
257131
-689984
-561935
-724508
-155534
-280079
638422
736464
-458862
313020
281764
-723785
97510
-277733
897240
-303443
64354
174064
-343221
446971
-999157
682752
-672120
409528
-268538
-783659
-644715
309299
148378
264012
-189514
-594491
574029
248551
-318999
-581505
968473
-680578
-845042
-490390
632442
436722
-214174
-270048
-841011
-316934
426510
223343
857130
-916712
-329687
857974
766040
-1806
267502
-502498
214535
622787
806801
-637087
-113201
-382714
-231578
-539173
865838
449423
-120678
834310
768846
34281
-656080
401288
-528998
129747
-868761
-370008
812813
557749
853336
669943
641038
-476351
527916
407078
521843
-204582
904580
-263623
-581795
711381
99291
305004
-671333
867713
765831
-805496
317136
-354847
-971186
85981
679434
-627265
-512731
-849564
502482
-381492
-219571
315294
-823743
-366236
-14763
817296
157413
-486847
224373
-320745
308571
128952
415633
726776
-159668
-485077
31779
168999
-617364
-202390
363504
699773
442764
392319
-214246
122198
765054
273023
272635
267536
891532
-946937
-417171
-932212
-313173
568067
885085
844240
-918781
109457
-476505
389790
-761592
939128
116566
78741
-545949
-851656
-752261
-163313
-54045
611244
-463541
-611281
3562
322213
510917
-231384
-404764
-216449
-963849
-513233
-163386
-381019
-445444
523442
-812953
-560360
367681
-731734
549097
891176
658057
787506
830304
-225378
-133754
-715646
-77033
113986
121041
868923
-274771
657501
-742359
728792
-20286
768559
-502593
574950
-447891
-466441
-938284
388724
152541
-383727
-87835
339588
55913
-720154
607855
-394991
-828978
265911
-607486
-998675
-959467
258760
-714320
-36500
-627254
406721
-167578
97975
64222
90064
-173233
-956065
-141378
324175
618886
410732
857734
680603
-200544
10274
-703125
711622
-650138
352788
991468
957717
957798
-837510
223628
-649689
-836185
264161
609072
-550504
-772339
981819
856217
60083
79794
-79561
-849853
906561
-35625
8769
230735
-416740
-580499
88469
-736138
218957
-901257
-439263
-69422
-551394
913525
-77954
-593677
871323
84536
629952
-778367
248352
-105888
830706
697848
121774
812524
554065
-818143
-107683
-525497
-667996
-201122
438878
340774
-970387
-977862
760275
118083
-714000
-20768
216827
-153262
909810
665433
-239737
-168144
-928244
-368415
916393
701708
-146781
164744
-404180
-316075
-137408
717594
-503551
-583343
899451
388766
-108840
-768545
-812356
-669962
572229
-782743
-647823
332504
335340
-361823
-688265
-447833
484916
-778455
-782401
-754822
53401
-710644
-123237
-30206
991064
729983
-865463
-413117
-586093
-2870
-695523
-89644
413787
-796072
-700878
-695053
-564617
-513234
-365014
-992389
-295976
-12837
340115
-960636
625341
651851
-408469
110256
873396
-190869
355435
-73203
98487
-767802
896591
89551
962181
-968872
676435
-623912
28259
980912
286444
-557954
-815161
585567
-253007
-379778
-927667
381980
-372166
-223643
-630857
967950
-184278
994484
619800
407254
104740
493196
-783615
-539826
-580007
314872
-307627
-683416
-595577
-345447
-652287
-919143
30642
375972
-938232
-682915
818018
-753392
902653
-434989
-133170
974986
946991
494665
-248657
-683866
462614
567065
-689383
82414
-25681
415358
-424391
190704
875533
-4397
-494424
-432095
312187
-90001
222459
659901
-9144
-746900
35872
52625
-429814
-146110
299233
-527162
418902
-833937
-552177
365893
660728
199167
682027
123341
-233769
992645
-794245
740551
408002
-218635
-68746
283535
776968
436830
851440
89155
-653171
73899
-250945
337686
326999
784928
-609689
897185
-361182
689544
-629977
-942281
855608
-182153
423612
516335
-982987
105639
-360324
-216755
98283
-154569
-476205
-493716
626796
455049
789819
403763
-108121
641259
-507082
238709
-284843
241973
-423605
-957844
26901
-33294
939342
665719
-343751
-690636
723439
-488143
127211
147050
-971809
144225
-747311
-332133
927470
350972
513299
-548736
857257
140094
906314
647076
-456143
-201807
288334
36776
-963099
-996509
-721251
-386704
-954352
305650
580003
984990
-28631
-763749
-705646
-305193
-251891
421566
841858
-223700
-434210
-905454
444168
-506740
445519
-42534
-55476
302775
-902440
-149162
-50150
-358582
649031
-761816
678194
685933
-758324
956943
-700771
-712676
262593
879232
-727686
-766039
-884517
-433331
-71231
-136408
988235
-229374
639892
-445975
-134827
84060
47285
-689309
-958474
991810
613466
-860913
-157353
-436684
-219495
-508322
-198499
-541301
-822390
43177
-584358
-523161
330501
678235
-643929
602816
912197
-528446
-830516
-159034
335146
-842281
611592
-24962
-288256
-523235
-940902
759030
-212543
-899375
750839
-599078
-760288
-406515
-35761
20218
85163
765740
478917
262774
-191084
894560
739614
-860583
572795
-904316
742233
484992
-432761
911718
-674043
902386
-930564
937550
-122577
-218820
-585686
-63478
-459790
201771
37147
-708952
602694
276859
-115466
-433067
-702923
969698
-667328
775995
232471
141589
670554
-27916
281007
243349
67769
23240
-271660
635008
-65043
54297
537393
4393
-8154
-585184
785574
406160
351339
-674217
-392069
-611515
-383168
-789375
665345
501366
-222442
962422
471063
110230
738416
-296466
-748181
408970
675619
532826
-347682
-256612
-443935
380658
-621605
491022
-565046
915789
-504585
426800
-669395
-719011
-167040
681944
-393227
440892
-929571
223605
651517
735774
-275029
-570926
698196
-803966
539305
436612
-100431
791125
-154419
-424813
323950
497900
318575
880015
-121443
696971
371037
313512
612760
866453
-259688
943366
-852559
573273
625309
-245786
14164
695739
977820
-334319
431512
-297210
94756
129708
-101175
-365940
-433681
798394
-574815
411901
-626420
749135
-90200
692156
629150
788357
389127
187
101869
1887
-133361
842181
-54748
14080
415453
-429439
768295
-570383
-733701
746114
95298
697811
-551096
-809947
-172481
347729
-175886
393838
146122
249299
-194262
519703
-1566
715539
211859
-372417
503896
-399014
627770
-394236
602873
-505591
-552055
-451875
508489
863399
118686
276784
-706985
384985
22897
388314
82796
471802
578368
910315
-180470
-597519
304153
965653
651781
-890109
485356
-349786
825430
-302785
277798
329325
298201
-94432
935089
-98926
399977
-616966
449199
-91534
-753568
-432116
-814751
-460553
952870
208147
927762
35665
-320052
506129
-54020
499479
908611
-749868
465132
560391
-639977
-49513
-789395
-814548
647703
488404
514777
-54096
-606028
449866
846978
793950
832901
296177
-297585
-920668
864062
-112335
-381220
816931
-904189
-453459
-147404
-224240
-947330
798576
-724762
961281
-951293
740370
521672
-591269
-309143
732278
-405817
-661440
220681
-891040
284464
614654
558827
131441
408603
391727
-572382
-888983
471059
-708321
-1318
-910161
-891390
94494
-363619
-38794
870254
-310949
-240219
-854509
-349669
-191511
885862
-827998
217220
-423281
904280
811404
-84721
124961
920364
-800257
-260386
479191
331185
-851784
-129083
758803
-740766
-658024
-949519
257917
-568184
-840909
-647589
68197
120297
-777336
757248
880079
-631844
-592421
-311432
-745982
-420419
905788
-169262
-516139
717192
746018
608823
637556
945761
-651563
116746
276945
-503346
987664
35747
-244111
-670361
86229
-986195
-238544
245320
-633784
829653
-634383
-411119
586900
-754304
-42963
994479
-65736
211056
-425940
-159948
-958207
57922
-442756
787811
-333255
-805201
733572
15182
311545
10516
511836
299208
-953737
-732276
628848
132492
-718470
-609697
-622188
-352253
-780045
-256570
236628
806856
-10874
-806335
801335
923391
404722
-624606
-236557
446515
433317
320687
234326
-899939
515486
-32102
115243
-172970
978415
-372921
-873762
-975323
-105197
755086
157170
176334
-854611
534983
824081
-634655
-721588
60709
-827800
267539
254375
973536
190929
-340904
-651070
954373
-894389
782247
275059
339938
882309
-209455
-692165
-2449
617576
-713751
624631
743815
-689073
-480566
498901
468098
695768
644290
3080
519849
-990365
281492
-419443
-818165
-450970
834932
-844629
739960
-505972
-495699
694332
-400361
-713453
-30609
939577
-831145
759937
-752588
166407
377512
-466338
-208963
121326
-155411
310471
-379774
-687313
6239
-735484
315767
-473913
-725849
-402741
106645
-544013
146289
-58423
-388642
-113751
435605
115660
-419419
-964756
402208
549973
974822
571064
309909
-777767
-262530
-312579
-244104
528508
808748
600486
-161021
-571026
913173
845219
-306510
228939
-628695
-32358
826198
477951
423629
-27513
-580473
-965013
858736
855133
150647
-560683
890377
-447145
989290
865199
-876082
299198
-912568
-138611
986620
-156672
-610104
795367
-556187
228876
-775660
-643014
74094
-82169
585926
445400
885473
412124
-76649
309102
-615390
342878
344090
-756654
198011
-505263
-317336
88388
47592
-328047
-46414
171510
971152
41018
-967102
957771
884347
-577205
753137
-671840
651672
977478
-314854
-274235
-104692
-728929
-828835
-219219
683196
94516
-910117
-932194
-562606
433973
-688847
635406
928711
-6183
-276207
-23698
665770
677379
-852188
636921
-281603
-819290
594691
-397257
-396494
347828
-69097
-744823
325305
616050
-19057
-779387
887122
152108
1395
570317
-753376
91278
638123
-315981
-474749
949276
-680576
-546039
-56908
43217
430264
-391138
-279404
578076
-754217
438993
758787
840475
-958264
-637708
188302
-27361
-382531
-486393
-411311
598412
-265780
-524190
-249480
735616
-953874
-2855
-173107
684250
681164
352144
633526
-999412
806106
-423382
43806
236369
185480
764403
-185556
431263
203395
-426770
271737
245131
-64478
-539961
-782230
552992
-26354
-193541
151403
707867
282270
901923
443482
328397
-100932
-729626
12646
-419768
622519
-353829
-419180
428624
222789
624627
-335008
-591731
389029
479436
839532
-407576
-947334
111269
837556
-11811
571308
-944675
-458820
-455047
-138215
692583
-747180
-855946
594506
696302
472452
-506427
966677
-514903
73805
589195
131269
654626
17818
-645942
279252
682811
-237672
-331719
162247
-398141
260705
214913
713129
98260
-796899
284436
153586
-255719
829390
-984630
-563136
-917791
-840575
-968630
778511
631877
-475057
745187
-883026
598749
334382
248244
253375
-647800
602303
-467373
-964990
-635370
200908
197258
-33510
-538387
-587829
-320381
559873
-384728
964055
-286541
359554
793444
-271171
796419
875653
-111745
827789
654164
-479868
-647268
399351
-362893
951482
-266268
885352
204856
85932
487655
737484
120943
852285
-61608
-681800
-181225
400005
-269629
498394
-40122
345644
462449
673337
-294802
255892
-597835
-498384
131545
290421
-670595
-214291
810554
-317862
-814941
-552340
-366381
-81209
-666988
838476
-995278
820667
575959
125665
672952
-485650
443866
-508274
914355
-825764
990121
-125768
519880
452569
-452432
-774923
-291539
-50266
-273306
840007
-759845
56099
-374285
-949292
738237
-189226
-501631
-628144
729566
-168618
-789669
734288
-347952
786290
-140047
-675001
-699360
-696181
-183274
-785005
-521945
-193153
89228
997936
-740585
636796
-776987
-32123
-413470
-50293
-192117
-173314
-994194
433599
-122605
744044
-755627
375765
-884101
973939
-792854
-673770
708227
-140806
-887480
-431821
184194
-586839
-128001
-999081
-371844
350054
-192234
717384
347989
67182
354180
571002
-964941
940711
-479291
-157058
-232604
-473485
-723459
644791
-729442
-479086
20556
-613542
-505148
227702
-287311
-796922
-913105
-174791
-228742
271089
238371
643257
272009
866527
-6689
-920225
583910
-658700
146957
-61910
912302
182016
-121200
-566989
-975042
646197
-40474
-698501
290988
230085
-177586
-688457
616543
317267
539245
-670769
520345
626141
154441
-708397
-102770
-607189
934860
-830762
-740662
-71830
-750987
843249
269470
395970
-218662
181772
-422014
660138
614783
-397056
306335
-425691
-95556
-402678
804395
726859
-91135
420938
44125
-551891
750170
-435531
-925751
-95390
-143927
-28521
297422
-209068
140718
556760
719103
389731
400008
-11427
-214299
-818654
-829655
363688
841485
785129
966633
147819
-640562
-128924
745141
-836168
-402065
-345995
584771
642060
102115
334940
-793471
176365
-760450
62602
-852157
536973
853535
288562
93732
572638
-321708
-506260
-438790
463994
-324913
-268444
-172319
-483429
-483316
-205687
664390
-123878
665390
409531
39955
-736676
-936464
-375275
905385
165651
959665
-888086
-657985
-800785
174517
-510141
736188
28051
778421
-170080
-399312
-543288
323661
161899
920707
998748
893455
-251613
-484682
-589861
542701
-820292
286261
208090
589240
-673784
471415
652776
-49059
376800
-181574
-89394
488714
160441
109821
-336770
650301
-153991
691282
428721
675929
-708030
885434
-411
453869
806140
-1664
347324
-445473
513655
757464
-902773
693364
43724
305318
282603
369941
-223267
-64622
-679119
-846468
753805
231488
642247
-85754
-658692
-694523
-435454
187317
996759
993267
-136754
-711272
878701
862835
742598
684840
-138829
89922
-760633
-625175
-152615
-663405
-931812
891110
641913
350792
261050
-581354
-713830
581931
-427821
-960026
-186582
-785575
-45780
154727
-480098
518767
-657956
-483340
512033
205290
-194611
390734
68124
-452014
75573
929295
637908
314941
-695880
-514707
651536
-627691
-623598
293448
723101
637453
712095
-990729
219384
-715727
-950755
-967198
-501302
3466
187529
18601
-477768
529574
535261
-965735
-265137
-659350
424999
802988
-111364
-499428
732283
-473456
815513
-963598
11837
467048
-591288
388240
-239505
-868188
25692
-527411
-858916
-754925
-243137
-809671
-722123
255561
193795
465407
-725839
716028
-5020
809423
750293
729844
-849928
175291
532831
38709
675863
265114
565254
491376
301516
-422910
-41577
710229
965331
718919
842041
-8978
-808492
983126
236098
-51629
-826546
513975
-796069
367250
-20618
-521907
83277
974362
-712484
-166430
704206
-562411
-991139
237036
476299
684725
-497851
41552
176100
803666
618642
-865478
513894
583973
853441
355935
-425005
-955052
339060
811093
-6680
512515
325068
197251
-120236
-695551
675345
963042
-721189
962862
-203388
983017
-599550
-194527
220052
876749
-509803
722202
-81699
666298
525868
-463058
800820
39762
-879085
654261
-604303
-304090
699210
734758
-492998
-307471
247272
832070
889781
-872964
-863481
565126
-909922
-584670
527987
-113310
-601654
928438
692163
618399
805187
-817640
340600
-276513
848658
-133532
260430
649478
906231
381345
303738
-698073
-922746
2948
-963316
-415743
695477
283957
-583674
585257
410993
-447155
150382
501071
-31824
-321632
-612239
366522
-393194
-920076
-15080
-588008
-737716
-674480
135479
-889058
191988
-604091
760421
98218
777254
64158
400146
854509
-932895
436830
-561235
762583
-279214
-144908
347839
-868221
407938
-501779
632851
-623887
176590
-979389
742635
783396
-899465
-272445
-804612
-637180
53075
330868
-526237
-754938
726777
-765817
343281
504031
298342
-256574
358539
365448
-819745
797305
128030
-98958
-347603
-524131
32822
-939666
-25910
-334328
-563552
-849320
-313716
-820917
934076
-213180
-93362
-870536
149641
959713
460332
623404
-795225
187109
857588
548056
-308861
155929
-708518
-950322
-478624
-528262
846983
649407
372780
-500620
-874724
-594399
-440285
99366
71274
-3837
250047
757558
175247
184122
-455623
-918116
313587
694018
-958403
-226082
317422
-753627
961027
175009
794429
-347834
-669063
-914089
-298156
-147686
-442351
-451173
-498279
930430
48207
-373003
-663969
607923
726364
407305
-395915
-23590
164862
779333
-839468
709240
861218
474119
403258
902815
-751963
-279321
-850813
-790936
895688
943617
-138770
-773375
-970473
563074
78940
-412824
-888099
580661
-482394
160108
-792342
-146363
-231970
934022
-739059
372116
-89568
425804
151449
70964
135044
12666
-454917
-461699
-84519
-206880
258981
64669
2184
154669
8285
863415
381294
37813
426488
-539766
624990
538390
-959105
-857405
-301503
-751447
-3768
466528
-817425
257174
-161356
93007
-317023
990094
-836029
818021
2759
-290946
-643678
918240
502175
615303
-17091
-495641
-230029
991194
-632227
-848735
29007
794262
-388501
-346004
332651
-347606
-203408
-968852
-99052
792825
497677
83524
49998
-663679
-823470
732976
-673586
-659498
550997
329173
49557
907319
247413
-448269
522621
-769679
56091
-707408
-778485
423865
-556143
250523
218126
55357
904520
-449223
707752
-298889
-418074
-391301
-506064
-920398
692223
543934
-584077
868754
276910
-257662
-790745
-172094
-928489
258812
-264776
318925
810544
-742155
549247
-133366
-449563
770762
-709501
-5705
21285
508625
-950349
-74196
-940598
757403
626916
-358672
-633898
-879149
-279070
-941676
664785
136854
927079
-58306
879192
-863667
769601
950704
395146
-495175
269628
205689
-237330
-181126
-927677
313108
-410364
-637178
-692597
610921
871448
-642946
-463276
930850
-885543
-836361
-427822
-519441
-715510
293109
-461116
949276
-570038
-534038
-109030
-690846
-397705
-339430
-740143
997442
165396
529485
203130
928067
-651641
275454
241174
-62005
638277
548578
-451085
509724
905632
85640
440574
-979911
249279
-987248
-499352
533770
305861
39533
483046
735824
505495
-625984
-955023
-892210
34586
-695165
-894769
-800018
834321
308362
-871952
-817321
-416184
369222
120674
-777908
-82200
669590
731817
-176568
-244771
172391
-156479
-995492
185143
