307728
-456343
544336
-102503
977589
412772
967791
568246
-292025
-721508
109924
-238110
591177
843180
-798646
-649505
306830
672067
460125
268306
498880
90485
-210128
406121
-720168
-645786
-991563
-888200
-995749
549528
123932
311980
-906816
-331732
-790524
-929227
-918960
-822734
639019
-210985
-544242
-251057
550906
-953065
-407877
752260
-602570
898953
424327
857556
167259
-76794
-51960
957131
-670674
227873
-688656
-662236
339674
-684404
887292
-536395
627576
980476
131874
837052
-948751
212914
-985682
690269
-998071
-529924
-560788
552835
-482989
31335
305095
-85558
-69712
-270579
-228002
-902454
652627
720038
-945324
981954
-52089
-633979
-680283
-712416
-318383
-792992
-248810
-690807
-812516
883064
-853755
-761266
95978
-839437
929003
97908
-369361
-631786
-349257
147651
399550
955838
-937907
-670163
-314741
-165909
-572616
-662115
-445871
-517939
-680161
502040
-151918
-360443
789625
529700
-153434
-459186
838894
34051
-576122
985139
272785
519857
-854299
201788
-382236
-223659
570002
268508
923993
-30448
224345
986086
299390
909604
-179823
726774
-752511
374306
-791166
-432671
-123654
56917
206887
-334030
-413383
-946548
206785
-574490
87503
630664
-589352
-639712
150520
-443650
562076
768285
332692
132078
36792
256684
-898371
-738863
242770
401019
-829259
-937054
127793
-581769
437253
336627
-14440
-686402
-606456
-807554
-20431
-19839
-754101
-813646
405672
333403
817018
816321
693691
-32462
-627330
255766
-264177
705363
-612156
772616
-37954
-510526
-966247
-795184
890493
-795506
-732237
18285
-377275
705017
-645088
608286
-981385
-251543
800733
-1816
728619
-953369
184539
134290
380034
1556
-49390
73725
969095
323281
-670509
-295082
28643
-282665
-522467
990690
206809
-488714
-804495
97302
-284219
-536731
-884413
338506
-831715
-529500
-53208
-813100
218957
-252476
185085
-52425
-205845
-630377
-918135
-825811
371180
32475
247914
340275
-644245
577405
-954808
384398
-705260
-477274
375087
501549
34012
570593
-401149
749794
-966138
-285562
88299
-797853
184939
-964909
-610952
-596105
-217385
574134
351471
576771
943758
433336
750960
314938
-534189
-1126
-344788
-178433
-423722
-299595
-794036
-128982
223131
581052
-627433
-742858
151645
-28581
-993065
185507
685858
95235
387655
-129204
130327
776703
274692
912942
350837
-373837
489712
294594
-940501
240672
-390469
-474690
-760455
264744
346877
-184176
965149
552842
686843
188279
133894
-940591
445422
-714462
30829
452358
471046
-283314
-452407
-141300
587483
677920
-364597
-137826
590862
986240
488337
80574
280834
547836
-678755
890366
-926854
-439210
155109
420024
376614
120258
-27134
63456
-691464
-893241
122866
753959
-607702
-846305
206317
863345
-129619
753910
-277956
-542137
431830
357448
320038
22691
343688
-191626
-896735
-375478
-643790
-575490
-485113
-570643
-14699
669997
849381
-638085
-209746
-177754
425372
98791
-70995
-451762
-147251
321304
-298067
-940934
184648
572315
812977
906693
-969823
244806
264140
350216
-732503
-392172
-841410
-629238
232350
-485200
-204727
747237
-55843
780574
417233
-206462
-857512
-792513
615784
567861
306278
-455211
-883902
-840973
866093
-181969
-781907
50741
-609655
-968931
-42567
-579477
275876
-778427
770739
543374
-170599
929329
914136
-938250
-555871
-290592
808988
388287
-510018
226221
-818176
-367529
433708
797608
-799669
-260014
-657603
-683571
-100986
-791510
134460
117108
259231
524806
148178
-783336
945330
-575947
-561763
716068
967427
267639
645397
881563
329390
-910474
-409029
138377
477813
80953
-635402
659637
713425
798307
457245
913756
-461708
799642
-769816
437307
-991869
364645
-445586
267363
-110549
702592
484027
-165220
-873355
922264
-449152
-905929
189902
-803756
975635
-480709
-714230
-433395
657669
763584
647559
-977734
423220
360983
820574
-119535
274738
-641135
-319894
504923
796173
-311762
-130432
-649414
955601
759019
-946823
439627
-406202
-820178
361891
144647
-726106
-448207
340891
-750472
71085
626662
-183866
-271247
390245
-536308
-248980
-186535
824675
-428407
693930
99413
-69541
-625964
-395665
-273368
62275
473904
77218
17876
232922
130396
-542497
826721
310219
819394
-28633
584114
-628813
-687742
833643
442272
938921
-350224
-828975
329166
113469
-77954
-857369
-61857
493640
836562
-962444
-575901
-789402
-358108
150731
272873
-884205
-772052
-709252
348718
358345
-251748
175439
-331437
-432354
-853195
-747324
-61167
-540936
-913682
-618895
-602015
-263905
-447870
727151
849564
474176
869783
-212293
-32184
706344
-174737
391915
916942
467155
-457355
189815
582951
-229406
480564
-68332
-871062
-771185
-892894
-202498
-203539
-746088
50178
735294
-287023
136497
-883601
110962
872592
-331471
-161888
722156
-857295
-292106
-490138
110521
-585762
335125
-497564
-668821
-197720
45082
520994
-614770
815676
1557
316899
944615
230373
424005
-257883
-973167
677918
792296
762128
-609106
-71208
878527
501856
-198616
-452944
-660032
-476461
-310239
47863
33401
800283
462101
-631474
-697281
793281
170807
347801
314274
556037
163477
-684169
-127065
108092
546204
-703060
850209
573038
974858
642504
335165
-634249
-428704
213692
867607
372681
760748
-792425
896221
-549492
255438
-70378
-749209
-282461
298148
-446490
-489181
-531046
901312
825094
-975009
64788
-859076
-102073
-827120
687129
194867
-976912
260166
169725
665593
-404669
535476
-763112
809023
403083
609569
569770
610658
505789
-979722
-133904
-564590
-728930
583635
733559
-175419
-905547
-797487
-274108
919547
-772496
790681
-939529
125431
963561
747601
-679702
986649
7767
490023
652242
603098
25499
889130
412121
-571418
498699
-18110
-960760
4488
2169
-94664
439899
273239
-511029
173458
-902181
-416576
375971
-176288
-497029
603476
-385608
-436557
-271093
-422048
-688957
49205
-435399
318811
-460772
-783158
-78092
564727
-894028
-665972
993310
604672
315919
-967451
-390841
-681913
-62115
-950942
591327
426856
222516
689146
-989720
-401513
-487143
-486748
-798038
127250
76695
-69131
705203
387739
980074
-730197
-293451
-480698
-513354
628458
-915971
-407382
962486
-922662
-802710
278405
-890113
-193551
596493
47773
-144492
187819
-525371
-921977
-123035
-515090
-323490
389823
-1838
-121528
-482928
-925144
809342
-777726
462596
789416
-507922
-830856
-691283
-21275
797602
-607254
571344
760088
-529916
768634
38492
-420028
-424918
-365016
627746
430591
822804
-897626
508614
-300232
-412716
-814876
-910409
585447
63597
-393337
660304
-127062
-171062
122899
-337647
321017
292043
-28930
-700259
89645
363817
871085
-150268
833902
639718
888225
-586127
-785200
-476791
-958381
645391
-653988
-856007
154005
45781
-268722
339129
135372
-683275
-597275
742036
977029
275663
-429027
99927
938017
891991
-608030
-90913
-808269
481615
-727096
-937185
-668654
-893195
702534
-780430
-479321
917334
-257221
-437702
562725
88792
-293708
-283271
-865428
437571
-944143
269944
754296
-541417
11979
731324
734247
582953
-168749
672263
474943
223221
-418651
666675
-295165
-145746
729491
36182
-38941
432024
255753
481738
349358
998533
-955964
-87918
87324
-249671
628811
221897
-812101
684669
-508159
942195
-856749
503820
673519
877498
86773
-495231
549761
-438284
727991
-868890
-771610
-567174
-14636
957881
469008
946423
389905
-275239
428161
-260737
-276707
472198
651345
810618
-777474
280156
32514
-589575
-35175
524355
-647380
108076
28175
-973861
-14426
-885052
-469091
-464666
-323336
-741101
-333556
-94945
-308275
651808
-137064
-839267
598231
-747160
-114506
26391
-7896
608787
-501411
-356552
419405
-278885
923605
-548081
131541
-111571
976274
484161
996506
4449
510301
-17920
119397
-958791
517414
796062
-699892
-816142
-298884
-8167
835667
564053
152566
433897
816894
-961940
-539712
-191003
646847
-41123
452446
66252
679992
376050
518171
-188468
-735521
494445
-704307
-739015
-501107
805994
243065
618291
847203
-239521
414353
-852689
-55662
-884532
139145
-219996
679522
-708289
-786100
496415
-670229
-325811
-694589
976619
633066
757857
42870
313058
133907
-438960
-875410
398386
-944516
-579717
659372
-445622
-773723
-97563
-827331
-926520
662916
587022
-779209
-392747
702491
359936
387257
382012
651647
601158
-121574
981418
-724654
183837
958036
908413
-58307
906
221470
-924400
561946
346060
473987
617431
766344
133358
-828192
992621
-964206
-655522
-933900
698711
931500
-713108
-694037
633990
646828
693221
16001
298475
294379
894428
279893
569726
78264
237929
478138
-980043
-761166
-300392
-904443
800781
-954332
569544
418211
812012
-297098
590020
804632
-261304
934498
870733
-562593
865998
-842376
-256629
499987
804453
-563409
-484012
102927
730971
-589585
-617180
300697
488680
620749
-221166
508638
859583
478443
604196
660364
524111
173740
78574
336122
876642
-331406
140754
-384662
-396908
11487
52745
-530911
169112
796116
969077
-26436
-767293
-514936
-923509
963678
-104520
-540689
264375
-615840
-919940
-956791
892798
939644
521652
496993
600007
45762
-329267
-321420
-618116
-452626
347175
522639
162713
950267
-465874
-784543
-580644
703238
-988427
-611568
-323199
-755720
-126504
-246707
-792042
768977
212605
472333
-846864
292665
515542
-954066
232308
37194
542928
-167686
-917045
-786340
510895
-535160
-238965
-141930
987480
923748
-191664
-478395
-860796
227692
-775158
-849222
616124
-98356
-604942
-510380
654937
-396984
-741403
-132458
-924651
-588266
-839794
590891
-542332
392514
-371916
-999405
-775172
-288960
-785744
735724
175881
-24709
-406207
163361
-100961
402129
684966
38243
-370179
909808
189021
-754055
-188548
584080
-264434
-533611
-812904
-5837
333931
-737555
405897
494137
853337
863566
-113349
-518579
864162
111480
192462
-921583
-152797
-631657
53709
440996
531704
952748
-156875
216669
-9009
472947
126477
-819988
718892
937929
764092
-545542
-595682
951189
448622
738249
-786367
-145481
232386
-933030
-281916
-880963
-451609
-417755
230517
740854
-339337
-922280
-890804
714372
518717
640900
667120
-638159
-142432
-341890
834789
984045
-161877
553680
921974
-397786
-991862
-673709
-446598
456760
-935460
-232964
-688722
296927
-165994
29362
415964
382398
611608
-353519
123251
-727729
-275799
232447
986644
-757083
-126654
653763
-395241
730914
-688127
-560453
714959
149996
993228
636933
752211
-998634
963225
-694387
458126
-972236
72649
769404
324691
906656
-201234
-259345
289053
-589626
387136
-587697
-317355
-888663
644751
-330712
-645745
-481904
-676949
-40985
-750990
-365076
398562
963970
784921
391790
600902
537131
393156
564127
842744
-148718
591891
-84607
-379315
-83418
-177952
419452
657237
-888900
829826
44373
-476596
-487530
155710
-831846
181759
509965
-313749
504810
-531021
-64739
-860266
867542
-100770
924655
259332
-499868
461786
-347512
-935742
304529
503770
656150
-780078
-875545
-427269
41970
543907
-770032
153070
373733
274341
676475
886203
-569949
844629
67962
940017
-469121
-427228
-591004
466141
-287494
-723462
-634630
-362839
535870
-134497
-901053
-811642
-70239
403477
692129
-414090
623399
816585
158642
-334632
360491
388610
818439
-265776
-337049
494913
-379574
93002
339542
688389
33019
870422
-738840
442015
336562
-26333
718553
701933
610829
254423
-432565
709776
442781
497197
113252
134910
-916893
-263349
-48506
241750
402019
-688015
-369640
220458
46209
293311
-284629
666636
-613687
-945088
355024
419332
925334
616184
-138653
261896
-410149
-420101
-36171
-799321
834322
531264
910455
277103
28461
23707
-587988
111568
760358
363506
-646682
162377
675491
-16322
-617166
-278300
-723011
98205
-611665
-336698
153118
743359
-917366
78452
359543
-56019
-659653
949394
523880
304176
-849927
358202
-164560
-939473
-364696
863902
84235
47316
-24530
-155407
-589178
328788
-993031
-913687
-687535
-610196
-191987
-410546
488010
196348
252757
-358872
-60293
335392
719580
-700750
-720628
-940073
-751356
803253
364104
-601283
161454
-800456
-540755
796759
-936555
543481
-155925
38915
-611927
254897
-632297
-604957
341210
-319832
-215152
-850777
269623
-727143
345572
-477621
-86015
-714721
857771
-366435
-415471
-862857
-306508
-166826
940397
-942404
231891
101851
-742860
691137
-101391
-679414
234617
742684
359501
622690
-2419
727204
-982267
-661209
-592628
-197419
-511985
676995
75439
833587
-800626
989424
-881135
-942855
-377011
-296605
-805711
316482
536569
-865315
374078
-231540
236536
631219
-540403
-864855
951805
694214
877829
311306
316904
-124590
38510
334638
214202
445882
-862782
702217
122877
212657
535803
322251
202081
654669
379397
825070
-641936
573686
141552
894633
708371
-484371
-336907
-55093
-853153
122691
80052
-901348
-183096
-42119
409958
-866192
833291
-551533
468446
47492
894350
605665
-250291
17226
-181678
-714489
-660523
-979598
940181
718875
845473
-701756
292560
-12976
-807123
931
502654
-144029
945838
649502
978662
25890
748154
-204434
983771
158112
-70626
817062
606580
-602180
-135446
500929
-996515
614263
-481845
-178193
899775
-142367
-157790
839955
-423493
-312318
-861801
869068
674707
-668924
-130001
177360
187047
-184163
-173139
165708
841727
-424985
961275
825497
733127
-109351
642558
339706
288470
-492889
-159365
291955
-878626
358790
-886238
-978852
-783577
-44028
861103
-207069
643655
999302
-338002
318361
-669622
531998
-504279
517425
-652166
322583
-316867
-810440
897598
-355593
-984943
630725
535057
657616
-29570
-176474
-835274
811066
-884520
-713900
169856
-770758
-692751
386279
185215
-831649
-820791
-171131
-832347
-158792
-852770
-501969
-626795
-357048
-984544
-278961
965535
-301410
-89400
863132
342998
-74343
493857
-121946
-416728
-535714
701580
-252001
-724648
817061
34100
445208
-953698
341349
-168514
231518
509701
10696
-939614
677354
851905
-792383
-824615
-774891
-149431
-809158
-53851
-183897
-110568
856749
-320765
-767571
-217595
-826909
110484
365678
-362622
-187937
-886324
-87270
-370877
147776
-642062
-324574
-510875
189425
906944
998826
-799880
967331
676180
-947976
-825052
851565
-722866
25517
-957594
223283
841621
-68161
80031
-479144
164269
862437
-306052
-725248
228114
331326
86816
341791
-755944
715940
-510434
-398006
-608635
-21308
791420
-701691
-22483
991541
-734360
-346304
-956435
-559412
-494739
-679301
466106
-452332
543982
307727
479508
-375987
828583
-356224
-513551
-477469
-81471
714564
853857
-994655
56354
-902087
721285
545921
-300092
-887350
-475388
-508673
-589040
502129
-517133
-323400
-844175
-473568
117189
-338913
-152869
-416705
208755
-608887
891023
-311738
15127
719606
332039
501576
-757864
-749432
216140
-904008
-744087
-727507
-806095
977198
818414
-106186
-910152
-656974
385141
-499192
845156
868008
177409
-999020
-605561
-705402
-337933
241571
-122107
870823
632685
-231084
-440916
-352189
-511479
891124
-850613
-269343
-858309
365527
-173350
-602396
638021
20556
-625198
456435
914370
-535350
799461
299510
-34541
644616
167517
-857132
645597
561957
-562534
-692336
-196472
315360
-821514
-563788
-915725
-262429
84024
-427204
-371306
233411
303454
-229615
-401062
-869897
167990
-763041
150659
542792
693394
65028
-992558
492855
-635463
-27098
137471
532055
115771
-216933
94012
553237
90732
897540
-131403
269218
-666248
-47127
-993212
417776
525669
-364517
-348813
-170877
405869
250125
-40774
-426142
487084
-890116
-883350
180478
174912
-875907
-326668
539450
96996
810803
71504
-787234
-406130
-834485
766004
684602
-936945
-365400
-46180
-603193
587473
-39391
814583
113142
596092
-534231
942265
1960
715895
-98509
575819
202978
11375
692470
-616544
-813713
816564
56788
725737
-86441
-132409
-202759
126326
461462
-37243
-107671
146064
25812
526929
-900116
422619
114402
60493
237202
-772456
-343415
702972
-830191
658546
418866
71300
234364
-378156
-917326
-73166
5300
-731038
-256603
-937912
994699
656957
-70321
-208060
-216718
-608859
754697
675611
537206
-219492
202540
637090
-796873
-683058
-302418
440329
-455514
354167
143300
-285705
12712
-437834
785595
-752924
184010
868270
173910
-810691
-862769
917308
-748603
-868070
574264
181077
-76130
-642454
572219
-321434
-966844
109424
459075
235697
-253487
662202
552639
444095
102531
-902875
-201738
-754170
-188580
810974
-192003
-402985
-941951
992007
-534715
231960
-818684
-397483
149267
-567286
-265553
-276469
613792
658317
81077
186010
-663117
114234
-704567
795958
-650070
41946
458159
902570
-513959
-439311
999695
284303
-193480
-188885
95277
614517
408131
153326
606524
873416
-614714
787840
-524068
534553
-779446
210380
-741916
834346
-131303
339161
20355
205580
-546605
315789
1537
-196675
-642265
-540304
-294105
-156224
20386
-294411
-871921
826906
516705
223356
441423
-75165
-623318
47946
-201749
-238032
-164214
274184
-703479
56340
-515436
-445395
-109315
353261
893767
911041
-441160
-652839
226829
560378
150487
584564
-979927
856382
-571660
40459
-438029
-443581
-132635
-921324
779776
-691212
3512
-843543
356734
801763
-81574
-807480
75947
214947
248861
560511
769553
-860455
-86228
663320
-949414
472612
-989519
277416
32989
160968
-138020
53063
17350
290320
-906479
579321
846740
-39113
657998
626515
269675
-338491
782973
-373591
-536728
-298602
-181071
539219
916346
-932211
99730
685899
-792665
-986499
349218
-742078
486114
359699
535338
-480898
-479333
-602683
572166
538017
687638
665687
117338
534377
-373426
-224664
160892
896249
436845
-56136
-477342
900117
645263
341587
439336
561608
409377
-460934
247506
616713
-447432
-403276
874635
-961319
956424
409973
-442216
-522910
807290
-870051
-984893
494927
795637
132446
29304
-577790
907782
-809805
-681541
344627
134060
-158883
244743
-220678
-817296
-315921
-659071
592082
223145
588436
208795
775713
-814840
83430
814395
-858417
-506598
-627822
-381326
-699308
-497872
-366218
795620
-702236
766228
-175077
-280025
674010
15119
38435
18636
-850822
879552
-736621
-71500
-937744
-52542
269430
654339
-829398
-142135
-136867
946316
43025
946563
760710
184609
-560036
-867113
803283
-259343
-364984
-562936
-463724
-67219
-796708
361200
652756
877303
-623682
-308810
-104061
-474504
-429258
159318
453997
-367001
-893225
-276574
-712663
-722622
581292
150470
-776307
-375683
97033
984403
808926
536997
-882710
612208
-722347
-247694
-950728
-186070
685087
-747435
-824871
337843
-870132
-448553
-970967
25807
76944
-400225
-814876
-469059
232775
-708100
254367
520112
-430722
-164341
-329418
-207029
459976
767615
-222626
268901
304612
-105336
-118891
582266
646971
-69618
-603805
332058
182948
-428675
-330100
312816
122773
-301067
-661378
-800283
298709
-476253
-269342
-468516
-184353
985025
-948405
384926
-179316
-277822
-822104
-719341
-510207
-44730
549560
794405
849935
-569331
376671
496905
361051
772867
-171037
-456002
-655809
498863
856815
466964
-802204
-804564
666681
496506
-280816
-602661
-972011
534831
-617636
-920415
-80243
203048
-198236
97653
483707
291557
-947077
33267
85962
902858
463936
-537368
399763
-175013
-764502
-771274
368985
-420310
727590
225799
-953346
925386
421236
713335
421892
-859580
-889327
449881
675252
-506962
529467
-404992
696086
-668770
692661
179792
622788
745585
-786942
-291251
648443
676994
171381
48206
-498020
406880
276932
870966
986570
4521
96765
-966776
-70093
-481999
746559
-648202
-341579
857233
801680
-666328
-649729
331147
-71320
-953644
662377
-378659
226148
285165
-633075
439207
993914
-984633
116201
165295
63573
618181
-427825
-659495
489147
-441255
345026
-414088
-408031
-725067
103913
-661472
-373269
762335
-804239
-571589
-903993
-453968
759558
24688
-407612
421935
646029
818536
-292901
-987046
257742
-298988
-971679
-626057
866308
91895
992124
-561518
432401
481271
-2773
-222573
-932817
589196
52360
171097
927724
679091
-66569
-876516
-892499
29438
-330484
867060
-945875
261904
288994
700155
80440
996093
713109
-661818
-302895
741431
-287875
-436588
-166674
-295751
1895
-734274
-814480
999122
43153
-747297
588318
-904488
423800
516041
774604
-642770
639526
882106
386669
-690959
749165
440795
570946
38158
140949
-348614
34251
-145942
-10431
731357
-404512
701695
-705231
428815
-594057
296664
694542
-408536
295786
-262306
-155833
-115897
-166793
-732034
-599856
-392189
-374803
-960331
-510084
-988134
-651289
-760919
452662
919658
277240
-406389
-428957
-688509
447669
560613
-957153
-956843
262307
-662383
471972
668251
634281
166513
-740286
-69933
904208
103881
814171
-262585
371848
-785686
345226
997046
-746017
835143
-991088
-397305
-925777
461575
-477648
351464
-944815
93396
662955
502855
-345992
705803
546013
916316
-956581
17984
584566
677701
-815503
844281
-392233
-911295
-51839
-578063
-173879
-679991
-363748
-828653
-682945
-109765
-993511
-674032
492931
-919287
787543
-984718
432178
842728
108679
95132
345583
762688
-199066
-108405
679003
-155647
909580
263569
-477946
-905924
107849
129821
-817218
-943990
551759
8904
-623980
-811990
180251
-306925
78246
186741
19044
-428824
267454
-193414
-413541
-300368
-350686
695138
794764
994897
457825
-404302
-113509
136828
440051
-203930
-599603
962105
-109853
508246
91926
72930
564256
-356315
-918167
940277
-168305
262084
-366648
909941
-551176
652396
-518883
716279
-541019
67576
-584090
108295
-237286
-789326
103192
-779462
-193628
989683
357367
-753577
-214248
757764
-791472
675900
266010
300454
-251171
-169735
944139
-169338
-229458
-224166
-907255
403894
-314226
-458430
56289
166892
-742152
515271
-765533
-326241
-376435
-2819
-115567
726758
217720
690805
716440
-424913
937228
-497808
-667150
-854245
-821909
598860
446210
-73080
-570875
390348
757582
199668
-833818
850328
-396439
-148044
-608103
659850
-981152
-350254
175120
-746685
323505
798686
250497
-792062
525443
-531783
898744
241883
43304
835971
744075
376155
981727
922167
-24985
427936
-150914
404141
-181716
-393332
-396192
-15534
-543005
207369
836423
-151107
-132782
855272
498640
-957662
-891414
-177855
841025
359084
30083
366468
827301
-71174
-391650
-129396
-235203
-647575
-753242
-253477
-725409
221773
-825541
123677
-374087
-7256
730346
229722
977211
-812659
-562910
813634
36234
304309
668905
-465126
346648
777492
357019
187672
136575
-612899
-445861
-36125
315928
162489
834480
-919276
514914
-918762
-172752
789506
303012
1707
-86818
928926
994452
-356472
158647
971663
-169131
595737
785296
867104
-99954
454201
-598023
-753307
231692
758996
434365
-631733
-853903
988505
332143
462025
150994
166622
542749
-334092
247861
-630003
-544587
-449128
371705
368596
-520203
366156
-987877
638444
337818
-157008
234181
123114
-289905
-865774
-422686
112073
-619081
809007
-128932
815285
-822727
17166
803790
509417
-520810
-45217
-323962
-978061
620691
923900
-608064
-923897
-525229
763641
444700
-45432
129797
456823
-406989
-532385
-700185
827193
590729
9911
961419
-831957
-878017
-657662
977051
-6948
-842377
-845676
-989783
961413
663741
-510593
-83805
-660221
-488653
-463114
-736322
-96717
-387011
-261551
-333076
-942311
693018
796721
514512
-713971
-735665
814327
-886779
855065
-175762
-925361
-976893
-53779
-583022
-999843
939273
-425399
-845519
949491
-463986
818223
-561102
452209
-841999
-49755
989095
-578321
853529
-397916
160129
-479548
-340227
-146854
-682827
-825715
139175
-418492
988612
252396
-563428
-187150
327036
-540320
759071
744015
-540162
698344
-681384
-385681
647835
-145370
-567458
-913268
-693162
-409457
36978
-704067
12223
-109494
-101983
-827648
410959
557791
25498
728133
732076
-835327
-690360
720688
417070
-253787
-466463
-255895
205894
-707392
-511880
665732
990952
-193264
-719949
638786
661366
-287407
725519
968205
303137
-237504
-735863
-684641
653003
162155
-512289
63962
-280055
513210
-207906
-547979
677883
101735
-827292
94953
847949
-293754
839058
53842
-1146
-672822
-280427
-10194
133914
-376
-371408
-204721
712218
-645889
-236516
15354
116608
27621
330714
-230389
-810225
818426
833573
-90279
331635
-374333
361743
9518
727403
534451
-895530
575351
-759303
943529
-370807
239552
-729294
348767
-770642
404621
-651609
-142050
-800100
-939392
212062
-36616
75962
-671331
991005
-593325
98280
-819220
-774899
-68147
90502
556737
557520
-547756
-433746
284923
986696
-329275
-139727
-772608
-385746
489467
466945
-115039
-161767
696303
-710419
186624
-445747
-510519
247232
766315
452866
-676806
-905016
443870
-270130
193264
624651
-45029
-874884
-284848
-488293
682637
167396
77962
-32441
154092
748688
827833
381484
-637059
317299
-151571
247903
-844468
-455269
537485
342156
98985
-973034
-410612
-134701
479832
-87417
-39717
-76298
642453
-846453
-451648
-402576
-721336
263505
109131
961301
-569099
-812907
-71140
584993
935781
-243308
-33523
-701278
-926009
814906
546625
-770477
-640363
84109
571680
458622
111075
-838932
-676079
-409093
73651
284204
514609
-283897
437752
-937040
313527
716416
326466
-577342
677717
757367
-390249
-393424
342359
-454468
363269
-691164
-155746
437260
-876259
-609121
666784
-516622
474988
238464
942001
-413937
399532
-734079
176970
-526818
550126
-308421
189286
-12123
-245460
-497187
-295707
-918995
-74529
-617991
838372
535223
-11415
180731
-919246
-648147
489567
-74992
789114
613309
315887
455898
-903313
-209125
-305639
-961313
376939
-906107
-695391
-446091
-432925
854735
245488
756362
-157388
-999973
-740826
546905
-918968
184646
928914
919405
-280132
-82502
100136
-199378
269352
-410298
725631
58465
-796989
41518
-485638
-700302
832393
208724
-661614
209332
302617
-357005
763241
869693
-502271
8729
626054
340341
8756
885229
-112754
89789
69875
-183841
9194
789743
733658
-890671
-409635
3009
-300968
-684004
-938526
-97957
357514
-424163
201742
189907
784561
540128
-600762
87178
-816878
-837521
-43130
-319148
171209
-417076
-978807
-820036
-531847
-91561
269754
538028
724598
-721053
327770
458256
-611723
918136
-538735
87309
-765869
-477261
989352
591645
98577
191093
-218448
-116862
-268779
180791
970316
-85657
343270
-72815
595196
-485522
510110
616389
-305557
978263
-475173
964198
516290
-750575
-756855
-155940
707681
-368578
-237805
-831055
718731
-3673
-308315
708083
-412029
790263
-100824
369524
-326600
630397
-449686
-356285
-455260
893585
570901
-860065
-591938
81010
756324
102506
59273
-718849
66703
-424438
-469424
309849
419623
-761744
941271
-818183
-592798
660002
178144
98888
368084
766116
-110850
-732740
135639
562550
897657
685954
-793736
-557603
579538
777166
-417668
987601
-141824
-661344
90106
917449
-380193
-843191
-506989
150383
466658
912634
388640
407929
-905549
795843
67931
272596
-105270
-563985
38711
783880
-296725
-825650
346429
-399068
860305
552694
43329
439842
329860
625662
427442
-811965
964318
-482452
-894516
-415875
-325642
-401505
734509
-858984
-488871
123148
548946
-394420
-81009
-383124
878176
813721
52891
-83113
597600
756166
91238
-55971
-642903
-48458
-503277
400427
-608616
826583
26088
818827
-985382
-9594
-663625
-879898
574531
10733
-281402
309040
151750
229728
-567813
-299305
835308
351178
317571
713484
164899
-629539
-369629
-237501
-873373
721610
706528
-516275
-326849
-796749
884152
64536
-970166
-89760
-116638
-955548
900646
219737
-835445
475177
-769530
-116846
-215784
382220
-887119
216404
-917086
948190
-432418
400485
661673
732482
770947
-707956
-505020
897574
-986347
-798492
-618702
-313195
-595241
-734550
751341
-565407
175690
-365297
-520954
76336
854440
-356399
-448487
-915091
526755
335730
467130
639637
-447866
550044
587826
119716
-49471
249498
-147803
-278525
541543
347178
-380952
555196
548686
347
-757999
953445
265797
993342
-611962
-558513
-371956
-132916
517824
-517516
510686
-930664
-432606
37440
405066
-965477
-322924
957201
584567
-735099
76916
-464904
514400
929114
256571
55943
276292
875620
-388862
-175023
-124034
-146861
-221578
-858237
-153519
166460
-416749
474526
-966457
-898926
957010
544229
-829590
-475596
-418331
575477
-441073
258746
532677
-856506
523648
-390407
-321410
38048
-461293
935161
-906010
814999
810781
-294871
-360024
-313253
558269
418398
-171490
-595250
-415143
411761
879276
-381599
512836
836286
-837370
683246
-639311
-255701
258723
-80384
-996955
-208600
63111
526694
400994
741701
-435259
939702
676862
-341268
754700
487642
363862
-605325
-825612
-77870
813074
2899
326880
-602070
-585340
206156
16331
927496
42441
178961
610742
403130
923261
-130536
-677254
926307
660865
385858
453000
61858
127558
-982259
1559
-195580
-323527
-243741
-707939
-959666
150935
-533550
-37535
-35992
469349
-710655
361939
884009
495501
-621731
811505
-462059
557231
422246
941072
480492
-708290
-736182
406798
952575
649676
-140202
14433
-222766
-122461
-984008
581654
554012
-227748
873715
594347
923187
-659835
-443189
-112805
809515
-153843
-750867
693524
-658343
-372597
505028
-120401
-815366
-72727
-179330
665126
218983
84488
71924
171558
-265836
931722
-814010
511398
-190740
-798017
93051
-636728
-25765
-33234
957620
-102578
306931
-485569
784617
116446
360588
-966251
-190031
702245
-338847
-685004
-418157
-154213
242270
402514
-489088
-538748
-512998
582837
632811
221166
514558
818802
-267437
-676182
-979216
825615
-312910
-4980
-207620
-355291
892442
-900689
159140
677058
215758
-480273
710808
-974274
-778028
-628039
-659277
-196185
217748
582993
-793671
728661
-955755
-306669
311497
677056
914497
-173945
495857
-352940
149873
516642
-527326
836964
-488339
265055
-518327
-595897
364367
640814
-918839
-419876
-839459
791969
-394149
-617487
-836070
-53426
186329
381678
-470433
392658
110339
-426188
-914012
-578164
-749132
-999515
247891
746726
-352454
-602236
263367
120221
-765273
775029
-614724
-283599
-820869
749643
-642786
-739708
-670233
-482245
-947739
-64382
-99732
-783809
882193
-913403
597870
-588241
479255
-291792
-14428
565244
130044
236440
565730
-622065
-16834
-786725
-224301
-753467
333496
10427
-978439
718772
726828
-799307
468415
-915959
-539014
798182
-398204
-486752
-266200
502065
-270561
-384007
588662
-672691
27753
67917
35517
-986676
-366839
-834439
249765
-801110
-456504
-767070
-587835
319196
-520537
745662
-670378
-498975
464434
-943551
-298282
-67152
-859510
162704
-268970
-257713
675952
464831
-755648
-594609
-919177
833015
-267300
108576
-99068
768218
121901
534093
933780
-628335
732984
-522725
-395405
-854851
796472
84059
890811
-873907
585084
355244
-817458
-713199
-711909
-676967
449506
19122
65321
125458
-516048
309674
530850
-435224
142688
-736451
673353
-956381
-968233
-204747
577713
965547
166919
310696
-557178
771515
455845
-760707
-144427
346656
-634613
-559344
-298101
-452070
-272542
-10009
-129036
-823037
-990888
936285
302422
-506935
245958
-166729
57841
-611354
96821
-268806
-567734
128588
526447
-990021
94135
-306634
320675
536958
-535120
-223480
776252
320453
-876825
-858362
761109
-174925
-310432
-511433
815067
560532
-334470
824180
496817
967953
-682756
-257225
-198777
375086
131421
898044
-893721
563688
26632
632727
573667
-879233
-673908
-105658
657725
-209028
670862
433976
-888575
794038
575615
872535
-380887
-734818
-638899
-565821
825714
26632
-741641
322530
-5416
-424397
-934696
795807
950690
196726
693851
-943031
-239587
-279517
689697
-665921
-158750
-984211
228421
-501025
-193239
-100717
932952
-81813
-306679
508566
-209279
312434
773748
151822
746614
599462
-821546
-995028
-78008
173038
-419424
-12704
-31155
-468734
-815978
-337305
-411764
-55565
383179
-722068
278515
-775572
-706279
-493064
-276597
100483
406220
-343645
-981331
-900460
-835080
-190609
411975
938669
961214
158589
538130
-860333
163562
-539879
312706
744138
447418
-718450
-724596
631440
-55754
-136360
-424125
-672576
141572
854390
-448147
435294
-638674
275257
-464223
767546
931612
-445554
867087
-903469
363838
279061
-964800
325051
-562350
573330
464719
601212
-966549
-222576
345350
480869
58975
620754
112309
-996779
-515607
688184
-669355
625966
542574
-117502
61260
903900
-842246
597037
671446
-910634
-848517
538532
-814103
515321
-182407
-778902
-159628
255243
794428
-694909
-143545
827879
82516
-798196
308748
-858510
822558
-578944
-855289
-693049
-890760
-524643
932918
651814
357856
-5823
555713
515610
-408786
227158
604976
-257303
-234310
790874
-741982
583283
-988029
98391
-161474
806400
403482
694981
634279
-514002
896785
-56974
-372512
719343
364083
-227800
-973706
473323
247558
959212
125137
-394587
-46611
-319150
-878977
544603
908009
726000
-712701
-326302
516874
-454682
-743019
528845
643709
95507
335245
47191
-209512
-30477
533189
-312727
912550
-839323
-593385
276633
-67122
-567091
-250045
-819565
-607879
875092
-214151
345510
-444058
-93128
-109888
-536050
-367129
177412
137648
-850256
722731
394629
678590
366439
-509864
13834
-586370
280625
983358
946819
967898
895907
-892505
-625487
172539
40373
-192577
922495
220809
199544
797587
-993343
-454946
-646472
-86470
435167
-182522
546402
-387421
955127
696147
-664691
349755
374736
701749
839892
-611430
-884622
120516
-628072
-937804
88413
-732165
-830308
462927
440374
210065
-729651
362869
-569126
469894
160456
-562468
-985053
513984
351062
450114
-668538
-102537
-937308
-713412
-406391
-601998
636344
968346
-900250
476236
-643084
-784872
-403249
-271156
-722676
685165
-3321
-552984
148091
-562947
657082
418441
799923
-912044
-111666
-39622
-474512
-96719
-525638
876550
-646605
-194176
-225987
-583912
92413
367623
-185910
-271244
335968
-86160
-795009
692885
128968
-198257
-578271
406293
-513093
418408
853310
634999
855462
510392
53439
655384
598348
941773
-384239
-876164
-154946
90123
-999615
198449
895948
-225601
614537
-11640
-857979
-571374
717116
477990
342467
922108
170874
-528566
-276150
592603
877728
210758
11011
731037
-154244
-133528
241429
899196
-478144
-160224
840968
137617
-36387
-313978
-772260
-36002
884471
-876313
738398
499008
112048
880419
927634
-170837
358408
270101
-248729
-470718
741535
475122
-878115
619262
-314121
132896
350299
531636
999369
-408273
430831
-478776
431504
271799
658842
-604884
957822
886583
359115
842292
-989730
97512
341300
122318
-22069
268934
951482
-663662
-460966
-297248
-134379
-719432
-822127
-12494
899831
-136247
-879599
250130
-604612
-880230
841857
826220
-359005
273361
98019
-700164
668477
55840
-813581
27592
-101868
-803311
-874897
-760569
319007
103035
508365
270488
439373
-952602
973240
-695007
-672033
-848887
292500
-772203
14866
412902
477927
410255
532672
319784
236475
-826334
-406855
-665507
-526497
-738378
390334
-340078
289214
-711535
-143388
414318
-472103
-824382
-482648
-963739
446107
956726
-916340
419347
-738281
-588373
570460
554219
-360575
-414674
-32880
-882648
995582
-500208
437137
232056
-326541
-969719
566550
146962
-708097
-43117
806885
581118
245349
-336504
-4565
773247
-160885
512788
809508
-714779
469514
893169
704568
731233
-695205
275027
285452
-55779
860354
-747428
61573
855935
-247636
-501291
87991
425823
-471009
-345460
-427215
-179105
611424
-620331
-597988
-143227
43165
397448
-369981
882280
-89764
-560473
-832499
-620251
-667305
872069
-889019
-362509
147096
396433
581713
7449
649005
-356715
-136616
-598631
141995
951376
827192
670987
-394085
-600024
-508119
-782661
-220354
-106106
74113
822812
-708659
704132
705092
201577
-856341
872593
581326
-523645
744661
692308
113847
-108244
88740
-304441
899206
-262255
338845
-237410
139114
-519160
-286035
-33694
-848174
319881
366283
-356292
537220
-854072
537602
-388668
968740
828944
-684536
673831
30520
-540877
546423
-388154
-64522
291084
-695847
-950675
-817161
392894
-255116
-917955
-869361
-916272
-155365
269754
-435431
558601
-763941
-283605
-121519
602343
360103
-584300
748271
-102295
27033
717011
-273352
342497
390841
757169
801621
-62736
-630986
-262901
-771653
-326832
-213576
-588814
-933938
531309
-506768
-803298
615038
337868
466456
-820394
-103532
702516
-103999
774949
304858
-743896
-809351
53129
153810
217682
-229861
880458
-439821
-839020
637626
-638200
98244
-993360
98899
326591
-320191
885324
737778
-254128
416632
-768991
-57426
31669
568877
-590970
211275
-534655
-888455
-892724
-759707
416404
-636619
-569058
-530467
517191
648625
239672
397649
-791196
400652
35275
-429396
-501105
41915
669504
825487
721725
554827
563264
-532404
-28541
794274
410170
-996873
363151
819201
214403
828496
930747
321680
-931211
347150
685062
-500268
816684
202252
-851644
56355
-400099
-642839
-542993
635176
-72235
-44098
-322909
-402732
-218611
-601185
-847906
-655348
-133589
123553
-861074
-723419
126681
502077
-904218
-658916
330573
-973472
662764
399362
373679
347825
899094
190362
-449923
-952550
-753284
149979
-595389
-296277
-214846
332376
659626
462245
929645
-558986
861061
-918262
-214333
-272528
205292
-75407
4053
-668027
-573330
99835
-326943
757243
126364
-664179
156604
-499958
683647
55697
690404
-766276
103147
937121
383703
507758
-359156
-831143
-159866
-699531
631102
-230222
-258516
492162
-148483
527152
-780366
-943191
-548256
223688
-611218
-121586
-676478
61840
-364344
449887
397662
792261
949929
81309
-152043
640332
315033
951105
577452
-301264
458863
-781705
-132407
-701004
-481235
-501305
68774
260250
990858
920291
-212599
-789509
977100
239146
434179
-634118
-882441
757702
427723
-246784
207588
-174616
-454524
157516
906693
393434
-202152
221726
344538
-624700
920462
-196600
-406404
-211945
102396
112362
286750
-828830
-627389
277607
-908540
160012
488098
-931440
-600843
-77724
-565558
-483283
-320022
862165
269934
887566
-312451
815410
45082
-405758
208843
842930
815969
-446619
-781771
736430
356782
-188174
-475515
-540823
924188
811235
-369652
-703201
88841
-278191
456811
-423061
-209631
855969
499216
224812
-627314
-820807
86977
642620
-933242
774526
458030
111840
-631232
-333127
-45230
-815264
220255
173000
921167
-422964
984826
-554349
36214
909014
-743114
666562
-794188
345728
-611630
662623
922667
178739
518592
421882
-596449
891279
601076
490528
533899
667834
265054
-8071
-220326
633822
658802
734444
818559
-120944
-92556
739725
456092
-107731
-814624
-507694
-198718
-557738
-841133
7094
787990
-452762
-330283
710657
725977
-811691
132538
-870472
-920412
-266386
620056
613487
-598553
-114891
-394585
181122
-481069
-735783
-84434
-662511
143274
823010
-922786
-400634
-284721
-737410
91672
516562
-295147
250539
-476344
-507158
797778
193373
-796502
523754
381683
336037
653283
461271
-930350
273338
74758
-528902
-841553
680174
652221
-322621
944392
-432213
14869
87665
-609203
92083
687031
106076
354674
-221297
-377363
-940473
-970758
146293
-447630
827020
-660334
-244131
350774
721350
-908095
4056
182621
-838444
-722607
-742621
-367345
-564159
937553
-715124
113220
881944
-147337
-871912
-30391
243460
220172
-343361
-650464
-425154
435342
-27827
-365627
464585
-881534
186743
291604
-541867
942612
-357623
-820518
-965483
646433
362103
-803926
923827
619482
-171270
-640333
557035
113606
472888
438979
966270
600977
-591413
209729
-178852
65227
559265
395995
-499431
-468562
-969633
965154
-350095
217110
256757
108038
159722
899134
287521
194239
545567
-350376
390313
469393
-730895
-780958
829060
826141
332649
301948
265119
298918
-97076
673707
-491353
724073
-261067
-932089
120067
239503
-400650
150434
204656
249255
-632456
-538587
-642707
527267
-639453
644814
-278494
906114
-705563
-888182
375507
-436457
-669139
204567
-610317
663511
-493486
654803
-37572
409438
328509
471075
133511
-932558
538987
-746423
306946
-861663
404012
-488399
387592
771557
-26985
744886
298823
333563
389699
-979672
239676
684137
-867853
-384817
-752321
-536991
819750
-362637
-873481
-673737
-707834
88948
735702
620676
-439977
-130788
688118
-900990
122790
-4937
-762653
-473199
506665
624940
-701642
-520320
369825
597182
813243
-240476
617511
52919
-556340
749659
668102
-308660
-787333
487851
328704
-660813
814115
620870
428136
549816
241545
988159
-580972
-70337
-912832
541818
924727
-675484
-931381
431391
949456
-633022
911071
319280
964160
724314
-921196
581670
-222768
-477536
331328
-554667
213805
543996
933185
-457492
883184
747299
-836622
311319
297115
404924
299478
716143
-665414
386647
257960
-740688
711163
326580
690704
660619
693558
601775
-20102
657717
326088
58703
239387
-896680
581168
-429285
-451346
-205028
-885289
-518162
337481
997895
-770863
500860
309214
526252
-94217
-391308
242394
240369
995340
-499646
499682
706503
826935
190385
367121
520492
-207840
-652981
178209
-881753
405722
-582404
-778433
-13111
-11689
-229779
781862
103022
252060
119342
100917
481197
-379799
-589869
7448
525985
18823
-750158
-233647
14162
-249803
-733965
-279335
-422869
456420
-912215
-902378
-751421
-565196
275832
-633173
840527
693428
-411605
-172585
-318262
358617
-390724
784761
-389324
728619
-114323
-908128
-651180
295809
99321
874805
-685369
349164
-358843
328794
-900640
-92808
-950542
-323508
-636388
-862756
-225885
-387808
-427951
-950054
-20981
-587425
743374
567414
239990
-574888
-73970
849267
-790127
536707
577885
95550
628580
926705
-608642
-272100
801510
-294010
-922936
-557333
-965216
-823575
349859
-915758
-147083
713472
-778513
627032
-674337
-206464
676978
304683
206111
420352
-127904
-553899
845464
798127
-704633
-944664
334833
873253
150887
-36588
799958
542246
691313
601467
-751764
768378
-955867
-716980
944803
393993
-632737
-202281
107465
-411250
-575249
433128
382287
-898271
-262189
-411603
522081
609908
34498
367545
408034
329866
422882
-257133
203118
-426231
706280
3076
-883985
397593
-395458
-635749
165970
-351324
-352728
110773
-957332
14536
908492
150133
603287
-666757
-416739
-14427
-565028
321072
573970
957053
-69021
-391532
324598
-660987
938335
-252521
81881
141452
321249
-211840
-855473
437264
-814247
-250930
801516
351723
397746
-551213
-537505
440415
463324
-629013
-409453
66610
-295770
173809
-947818
139203
-505119
626153
96256
425860
-765379
-579147
764874
-827045
168333
-153246
314408
-510419
634915
458936
926845
820668
-791995
728360
172391
605752
-822853
634886
46166
640471
-994127
636714
-292920
-289896
-189478
-240737
849307
305404
-614584
-54438
-268736
-379963
366416
-503863
-207007
-465252
342892
-892600
24329
-22193
566336
-48827
-201526
774342
-320467
970865
380093
-143319
605751
-573741
-502849
611625
-937028
204232
-678272
-126505
963496
-828965
-821102
-651089
116598
-89838
-31051
-516987
406300
761942
17761
-250809
869342
-957910
726999
435678
-6736
-474528
210020
672797
-503663
-409888
-470522
-897912
16372
26630
713713
79344
-769139
-964559
952840
-805644
-793523
-868262
-456732
323076
41900
512217
806089
-551800
274159
-176150
197392
143500
-134060
-75610
-420822
859204
449862
789198
532001
946200
-620690
-938522
-951712
395682
88108
762002
-524974
318970
797444
-572135
513327
-996080
-440397
-943405
326996
601504
568812
133085
-950297
-157030
956935
247096
986471
-177125
-828515
-434351
-317921
621348
-645153
-785921
567547
-265843
-724442
615835
-870161
363667
377836
-395135
-317364
175279
32731
-804037
179200
592335
-747442
-493804
193838
821371
639281
243542
-335660
596216
-509363
-349189
-580909
-337877
216460
101170
-716530
571307
315250
851017
-694536
590808
466852
-564696
-45526
-155312
40170
637111
-980033
-927100
833075
199167
665236
-914368
705364
-140926
907003
344645
-897384
-428657
-59140
-406747
222154
359952
255376
-561386
-538879
538847
-990079
776371
389863
-684614
367179
-143285
-249310
-678348
701404
790860
958764
721371
863761
791838
-79462
528997
877471
-374099
-611930
784473
970546
-509314
-644185
-88594
83940
577970
-728642
-660684
-983416
-267521
878163
-973495
-491150
268026
-658108
876029
-875259
92582
-802319
826145
-116558
-843556
547515
-252797
948283
-531947
-723801
825753
93954
-335730
610225
64500
154957
966041
975907
-761104
544011
-752736
-421787
560595
-20256
-543625
587101
488594
724402
928993
364622
849143
21575
562303
675287
905018
718748
222802
-347780
667030
690856
-71580
492782
-215190
592691
103007
849310
-252353
69048
825217
-13456
-386941
-927519
564758
-826346
52225
-978867
760755
-459181
745535
689748
905441
594678
-288678
467744
269965
-383660
186492
-507234
268561
-146479
-816379
-803019
-653697
-31569
789672
449311
-182259
-462681
-481642
-357042
523864
131418
-284561
88621
305072
767665
109754
65826
-691517
-144711
-244426
-786076
-550034
466897
681669
719931
-916764
-131840
-787303
351797
721681
-603682
548778
-932016
364750
338450
517295
-817509
875769
-964347
-174550
399632
167071
540889
-511747
-527858
308554
598008
537969
617037
-546704
-706458
830962
-96738
760439
512630
-376808
843675
-619211
-164111
195472
-897530
232208
-255751
-829546
-403042
-917302
687749
-220550
958468
723402
604900
358100
-109527
145789
846353
362615
-545658
444360
-99417
-928621
897657
194125
902341
-199082
-45436
414971
424111
-201761
795760
-740001
993711
898230
492208
-262041
-931317
-910834
-179342
756433
-131384
-220874
479835
-526485
-862775
-629693
619305
983579
732923
-926354
427939
-366495
-854974
325595
827631
-952633
-873487
-217806
462338
550624
580433
258097
810624
574144
156327
302831
-687898
225011
391998
132761
-18557
-739387
911888
-538722
-265871
-950888
-168415
-646567
-967309
-435493
-572920
460631
198013
-427894
-213775
25644
-380527
-87262
807838
-918190
-536638
388271
339908
-726015
-37586
-503766
576817
274517
721246
-31186
-592722
-297311
229428
-680835
163967
963557
-631722
995553
-683010
-599030
-439940
-255930
861601
758073
316176
-352175
-216284
935649
560564
-408446
-982541
-976074
979826
357367
-702089
-57760
853602
874729
-783243
574847
-156457
-375964
-722465
-927029
-56799
441503
-963473
311480
437055
-646483
712450
997115
97588
574050
755188
-586237
-778125
-461096
-650588
782440
130459
-633129
806366
110284
724239
-895723
-947476
577840
979006
-730719
152687
-177451
-106682
430223
-104480
836519
-128275
-67952
147999
-691220
285566
-139552
-694106
-616847
-565503
-938918
-203084
-343627
-400014
146328
-561188
730445
513200
-754823
-159271
237438
-650546
-106747
-184722
-671540
162535
967966
151010
-944148
398188
-953471
892372
-730087
-21423
40370
-421307
-735857
900819
-115413
-352704
-664684
-54331
444213
-8311
545656
-409460
430501
276101
-896260
675679
-883171
341179
-974868
10083
-843544
-646407
-827382
-875578
504603
-771529
522610
551133
-879157
792523
-470290
161214
-628785
-206147
62032
255803
441149
397349
-798528
-114639
-610963
747128
475902
819539
23228
579643
495217
140058
-79179
520350
-849860
77278
873943
-677241
201700
378545
-448770
-275691
-70322
-327927
-483168
459388
833288
-111952
-746760
-104681
-856150
694390
-707333
-654678
-420250
-318295
-907550
-944348
-498757
115679
635295
996460
-744264
-443884
516809
-594123
633394
390752
-271363
-164907
-230703
279868
559403
698975
951942
-923766
158362
785229
-35718
411603
-319452
108133
105992
-26785
453456
685743
654921
545906
741395
-843837
-338415
376690
-847377
-82678
932806
669433
323200
566200
60185
-948164
-598708
829482
331704
960696
528456
283645
-963070
-313182
68873
1213
-901580
749421
-890655
204412
-277364
562801
-109846
-622443
108707
-368451
-466280
770292
-991761
-313656
-312386
941046
-644223
-989187
507245
415962
-937350
908538
245443
394354
869233
-226101
-322001
906164
460717
746873
-92624
559137
496294
16721
-236451
-781070
-420478
653703
-403513
688229
-714748
130208
458521
-706509
816552
-853865
-765464
-827672
-843052
741781
588290
-780401
650319
-166267
613954
519551
607632
-708048
425715
68348
-961175
-666910
-372515
535119
349811
391034
754049
929334
44737
-649464
617563
329989
480744
76084
623481
297296
222219
858017
469624
379168
599798
57914
598767
250116
891648
212720
-230333
499279
504673
-804619
-432373
543498
-471528
195112
78616
878283
-413854
-167335
807617
630883
183201
425179
-39128
-336056
-498738
-415648
961240
723481
-557631
430864
102648
-957834
-511222
-298585
292283
-619575
914135
-938050
879704
418807
-742669
-552669
-37695
-214196
642443
-959080
-335914
-771411
-126414
-528297
859472
-943214
896882
-179656
-279269
-601857
404696
-318029
-878376
847065
-887165
224273
889232
-398387
925688
181514
-17962
839823
243464
-138258
258630
500796
309073
-779066
-713401
-48484
-738145
-49314
180105
135441
422389
39577
192228
319271
859921
912959
717415
264616
-405070
839039
111681
-292235
63312
912
309378
-11000
-817575
-708584
-171178
425890
153159
-912548
-73315
-537769
-691613
213285
413748
-429758
-836029
-406147
705684
586360
633430
-102089
-94369
493351
-189130
-376955
-242033
405801
-537917
869648
-886435
525396
-129441
422944
-485605
52985
714360
343217
-521126
-132482
430670
405560
329750
739057
-381155
-256502
-690701
-217184
337351
-985017
-630824
-29220
-87105
274807
-535869
723765
897852
222098
129566
-640065
91745
243131
885331
962305
-333926
-600275
15289
-619566
742943
494164
247952
173612
-100277
-422298
-87331
518569
321200
221968
-698616
-341450
236951
-329440
629331
-850155
945368
-906539
873611
843219
315559
3176
-796846
-592696
-753693
-911516
-630392
-87618
-511790
384897
292816
-768848
-120939
-459232
404765
778785
118470
-682567
297353
-560330
539402
598737
98221
-223648
-730703
-272448
-73802
-785336
-178987
-200191
-942117
-863428
802986
-738963
-456123
-950707
-650478
-86515
-38325
-162268
-701618
-745510
68885
177443
-204742
-526351
-43773
913729
-208918
-746421
-646601
-669517
852317
451620
106836
-878387
-820829
-966966
-663722
185
-167156
-605839
136758
-364170
-344801
680635
-314877
4721
-405881
646799
842454
-107498
901289
-88662
-930056
-303453
384988
26171
-389725
-823931
279751
-36326
-493447
132067
-584706
613390
253681
-405535
646425
589959
594651
-520731
984121
-268592
115100
-360681
-587957
800223
644041
6162
447022
486494
898665
348310
-602168
968609
-955143
782820
-5220
-344867
958890
-725469
618808
-534557
406598
-965899
-921167
-339721
-371433
725259
-749763
-776783
-795473
-765642
-45374
319627
-126323
366669
119850
-482282
-627169
-433129
-995788
-728505
915182
-597956
-759897
960039
-815136
234884
-384829
-856247
509415
-766022
-390803
-83987
-731921
-311970
576292
-103354
-586712
826529
119864
-382184
-939113
-925511
937443
-65435
441158
57293
452283
813989
624164
456495
-914517
539345
858540
-674413
499384
-956597
560472
-885446
-812843
69886
-651468
-203646
985899
-383388
484384
562191
513259
897673
388720
-366878
-484512
449607
-292389
-547069
-615829
-851231
510224
836454
962758
134387
292948
-951759
-326268
151488
-626172
-826885
194891
934300
-712330
382048
4186
-363798
-821598
-9915
252815
662786
-447725
-233927
560459
940995
399196
-924054
390601
-893194
-471122
774772
-744425
-960899
611225
-781667
173489
-95827
-733426
847222
-944339
-359597
-979664
250552
-425297
-691993
-367400
578889
-55790
-188998
-431027
-802976
-526212
121248
-36902
-965754
62243
-637707
-889807
-547157
-530901
-360929
-772386
-275325
-321827
838840
-56991
851662
-256987
209583
698883
-201326
849987
719220
-950774
-575311
-972773
-318173
-996423
-28563
492829
-427449
168461
966617
693800
-868441
-999137
-243958
-506148
-888943
208885
-37048
-249871
436500
687628
428302
275340
-369364
279964
-981647
840220
-21153
-182972
690206
-301933
-133745
-885106
-274706
548082
-881528
696732
40910
-308977
-134807
7527
-615178
-3248
8391
140864
490604
119448
-650251
-546445
869578
786249
-858818
297879
61589
-228181
-422157
79942
-387962
556691
896971
-697756
-745243
-236775
-582862
-19948
-688694
-464389
-323217
352217
226634
541976
-640257
611457
-461273
368134
-247680
-970670
-512418
102069
-517114
-642841
-111682
-375931
655039
949907
395888
-767119
29849
-992074
789572
-73181
-689830
-955671
690045
-272691
24381
-998650
262921
701164
353567
-510446
243140
713311
-898990
781867
81444
-146669
811198
569027
955401
-705916
926186
-156282
-81847
581224
-206375
-685959
814106
823475
-678032
603677
-249707
-367861
648006
-559662
359449
-327613
-558312
-377631
-626449
795256
111924
616691
508567
212934
398558
-409989
-933735
209756
-840963
-978335
503840
-914778
-134617
-578008
666446
659009
-263966
480551
482483
58002
84228
-767224
690141
-267766
-326886
49589
404622
114803
671959
778173
-89941
-216118
394864
-581375
996816
-206579
8636
-936919
-996824
167673
-915254
507016
252896
-49870
929009
-80658
-390862
-334957
-600107
-908380
723045
484121
-675603
413186
-783645
-2489
-537225
620977
-887686
-865267
399149
22373
-81385
-205988
440999
-84569
587434
-550365
-21488
590610
617308
63258
97626
-129797
-986613
26635
789546
-377474
691678
-810562
-285853
414722
673559
38544
-172092
889915
-963945
290683
510891
-851630
425416
-89960
170744
-655969
704052
-388258
259462
291486
61377
-762027
-117905
-321315
301232
979722
548889
314620
6356
338434
937146
-301967
527872
-348707
-887245
201431
689838
-59337
91345
725893
-768654
-397765
874264
656763
512275
45007
-999207
216327
656749
260255
-492188
-281874
498229
389908
396812
-200540
369629
-54300
-885921
-624015
-715867
-948775
74018
812006
-297482
186774
13436
-607645
-872563
-895219
-881752
-641217
-292983
992512
-984454
-780708
37518
-983661
435619
-305733
276594
943432
412394
-225178
333339
-190795
574283
-297032
754905
688362
78954
-960962
739588
-847029
851045
-557895
339746
-135519
-165539
467183
-30738
-47290
825967
676279
-54779
841513
895572
982740
857853
331190
-322994
134447
274622
-910600
909269
-392039
-101395
483552
310929
-346490
171913
-610118
-307451
-88500
-457146
-456407
353606
882601
408074
-811933
349784
-622664
140777
175751
-946385
-914003
17264
949187
-931263
-124884
280377
-254256
-990438
-445002
-164856
918832
162959
733749
402383
-526112
-612741
-425704
-136229
79808
485797
406625
623401
-160598
289226
31475
27470
-360991
408811
-831754
814760
462426
-745756
-167977
411613
-677019
707139
-308011
68725
716702
246987
903869
635533
-590054
637618
37915
-116166
-975124
612212
747605
104684
98008
154230
-271915
937411
-556545
759560
-35120
82464
168370
133126
-102776
-369204
387371
729247
-957592
710352
436386
-265602
-220923
153087
981386
-317054
-211381
-608669
-679437
826535
275165
-654560
438746
22770
450125
-463246
-823001
-821791
-525836
-379546
937769
439045
702919
106139
-427830
-399858
736935
959542
-670612
779344
669893
765775
-486258
-551031
-81139
-504873
131915
707481
-113542
452479
534015
-838377
797920
-27239
184393
248044
509515
361393
426253
983680
981848
364022
422724
684766
-529840
994895
-715092
-792905
954436
-385703
986440
624328
-619929
-499819
-926703
298932
-4691
205213
6412
881768
-342308
-459573
-956610
-544389
513188
227784
703655
22703
-410823
129908
6382
-428976
-506071
-570895
-744210
-35910
-576000
-459301
171186
-621565
154996
157626
-997237
535067
657808
-923940
-166001
-346884
281274
840412
-465117
938966
-619162
-421726
-605424
894027
806059
-901769
-83270
-604765
228139
923112
-33740
722068
-647783
222050
-313842
-223783
762749
857345
154652
-82255
14970
157415
-547188
-327223
233476
286811
325894
-485251
127222
860778
-546285
508061
-560949
-151709
402088
-754891
-53478
-681183
-359655
-825340
-758072
606605
896729
-405854
-171345
-417113
370364
-408596
-559769
-474985
509149
455202
682431
961961
-872022
-84093
248772
453873
430657
-624006
314650
884372
884055
753701
-267338
286143
998811
679185
604960
-360845
853846
846889
-754240
750575
-558966
74416
-666538
811399
665820
-226307
-663586
174969
-771106
-981156
136930
-643127
-65248
-614299
810746
-634592
-238305
125395
-750221
-354250
-120904
-17558
931893
-122094
-338374
536853
517062
-484528
383741
762823
-733953
824776
-162762
-400491
636174
-496942
373203
972588
678027
602098
991433
-185044
958971
-73816
200657
769717
291592
962353
-104888
541372
-391897
774208
-476187
-460004
-347886
185440
-923152
-830824
700913
460589
932000
966960
285365
-230763
-433532
-78462
272296
939671
-105875
-49678
541768
-114442
765279
500739
811743
-34064
270456
103335
-71712
-834433
-355294
536392
939776
168520
-923613
-408110
-646040
-846765
-238933
-945128
613825
-306934
-978168
-100811
462304
-411699
820727
-265401
-472028
-285148
684922
-930260
600410
450200
570479
412153
-583865
-159065
-484513
344424
6502
160193
-119184
-53722
-671287
