268485
699051
120792
-737820
469167
899051
-630966
713287
-436681
634320
-690788
103985
467381
-520061
-355754
457624
-128026
-466299
381142
-94899
16986
-983140
563407
4853
644238
384257
446154
918072
198304
-156737
-938826
-533212
-457687
181967
-271031
-988520
81017
98003
724767
644336
-267678
-966021
-251679
-800297
-486082
392567
657328
385892
926269
38469
-709007
-56746
55329
854400
948107
-300433
238657
394261
-382361
-563039
-762476
-321186
-96250
-220162
860781
632719
-208682
-58202
-269278
-483916
-413867
463045
-449936
334454
662748
63983
-272979
320076
-550125
-346710
-641456
-259131
596544
413874
-404731
544651
-886559
833926
-61088
-268920
-729113
176436
409895
174637
956274
270675
-192644
-252408
-787528
538078
263676
-201394
1122
813741
-866940
-336130
-122276
-139918
983946
327599
513372
-657510
-931533
109915
756365
-336263
-345434
869806
-502337
593478
-399114
-231450
-230086
-989220
943187
-273812
281456
-249457
473780
493928
-711380
-262544
-707466
289742
-448803
-574406
953613
428921
285676
937558
-243481
-200953
-719952
-175013
908963
-963588
488724
-436472
906218
986387
-842994
-492896
-245063
-73080
-482116
-301876
653109
799340
448667
126889
293268
737287
864345
585802
27029
-584459
-988605
-19359
844463
297071
-81801
-399019
-903882
198247
425969
-994920
234660
-85307
-431391
140878
-98920
-274385
647982
656017
652536
-834135
-645859
305644
965206
802808
-567468
258473
540095
-703123
-155726
-432876
-287581
-144330
547765
-443119
-847259
-534036
157863
-751141
664212
-416168
-746060
-101129
498525
-177451
-960252
-600395
548164
687731
-944379
200700
853597
-590237
-493657
818802
-787430
-61124
77274
752666
235754
921549
-680211
948173
-222781
867555
-494946
-70040
-666482
662918
178820
997731
-753251
432760
-103399
745275
-744691
-63650
-855121
803473
-375919
-799499
4172
-522323
-389736
510516
-703522
-177165
-550608
373753
-424500
685147
295302
-104710
633320
-927480
-237156
-861627
2481
96363
801291
-818700
94093
-951960
614061
990695
793315
869370
-72955
938194
672843
551127
-861306
-322985
-971197
-251042
-812469
-674718
571794
-363076
699036
-852707
-677930
-5663
42584
955390
66858
805428
-906237
-930661
-98209
895055
-749361
995885
943095
864701
986580
736409
734071
-86375
674603
406913
-535249
813297
-916072
-506446
-437745
-728541
-181163
-865952
-91616
-482128
-718658
230454
512210
323926
185844
-420932
129354
279607
-351593
-968856
174662
-100953
-972971
117756
-236253
-986392
-145835
-502183
-72767
-471233
904731
391984
-657936
988660
885539
-95680
-739881
-295625
38368
168503
222248
319711
-601043
-265543
-356363
584801
313525
772991
-135592
961933
804136
-960931
-139021
831165
156825
624726
844774
-989010
-877457
-227993
-460242
-972726
-836010
-118177
-984067
-950471
786143
-723948
-246095
-175489
444556
976153
-855778
843513
-289390
-212141
428313
-975865
-439150
-707279
986068
-635015
-668210
-152954
-803850
488616
-528228
-959076
499606
-405685
-187069
-960636
-378410
-23078
-78813
-362476
26451
-292670
-86423
780356
531842
-641868
756509
676064
-798356
-532882
-536078
629958
-508747
24772
922679
-522680
389758
-745531
324367
585909
743085
796139
626833
242691
-609546
-560237
282055
12044
416686
-796758
649569
-556864
-89427
-436855
-776508
-557586
-78723
980001
-881522
122922
-552882
-417600
-247120
-61628
607173
-324442
415693
-3069
-69973
-259941
-417160
-326888
-463803
-790328
915803
-73348
-350564
197858
938697
-933879
401101
588265
-490742
-688326
-848591
-267250
-245912
72686
-287250
-127434
-804393
159869
454967
-51512
-901760
62140
624046
513933
-940929
-445927
-746008
-358089
227186
-209811
-148417
142988
716842
501020
-659154
655538
567142
741947
243802
-923601
-946380
395211
-190850
-192291
-532103
521901
680276
-336495
-318231
135243
611993
-219990
-802618
236039
-706057
-743546
790113
-452065
-101635
17298
338124
749949
-839715
54965
250968
-498869
-289497
-181890
-756922
954305
-105490
-703301
349516
703660
104409
817413
225560
-215316
-519082
907330
919927
-907090
-312661
-882691
328950
-18718
-626237
119062
529217
272129
-863641
-132659
22077
-703356
922307
-726955
-202224
-367191
91155
40855
-412886
985666
337554
936631
689325
-558037
754044
-85115
226647
-765039
-177785
146574
-672128
509554
263884
656822
-509164
637648
-224117
-979947
-90224
-87757
-112606
931854
208887
-190299
-795102
-993337
442511
296054
47519
-970375
281719
-614927
966256
-28956
-172964
720299
885930
-946318
955260
-291856
200257
-716868
-782302
-535859
939954
-291466
-898212
-284163
-271412
11565
628080
615983
-56582
-163033
-574317
148316
-156369
868195
-555631
891150
897820
726089
-723778
864075
-302868
103258
584373
-416939
156941
539633
291206
-642802
822765
508904
-178661
762719
-782562
-76873
-521445
-53973
934693
-893365
-437991
-121890
-56398
-12307
-973575
787233
-144113
-529205
678383
-246293
-803117
954605
-382219
-105984
57863
-797846
477078
-785196
741788
-231717
-427998
564553
-722813
393342
327271
-505374
-683531
805827
440653
-748839
912463
-997339
129271
-143936
-9646
155697
-356703
846242
626492
-678321
-400052
823376
-723716
217730
-282608
334147
419885
-805531
548952
161672
-37247
-879047
-273775
239941
514296
-946504
734567
830765
859323
175219
-918075
771785
177881
211197
-372151
-831765
-633107
271146
-985524
993386
592826
-385575
816762
869110
832156
-465847
203257
252040
-271377
-247792
-586288
691376
-126838
139938
-68684
-612543
193434
-334117
-781779
52757
841102
-699853
-175458
18983
511345
452391
187218
878238
-276463
201695
871624
-683637
816121
688385
-814528
648276
-777462
388729
-99684
-48839
-859064
314028
-357463
14099
-546035
573854
401556
647400
-760264
619778
-299844
-919162
919926
524698
99822
431270
-22911
-712961
309508
700627
488735
181131
-983011
304855
-130484
-797539
-46870
92055
591191
853447
-956784
732127
167475
-314247
-253775
621441
-740393
-852219
268840
-500656
767559
968996
-419817
687485
493694
680005
118754
-529218
967045
-571738
-828592
455779
609393
-811603
-239366
-521091
-609141
713764
570964
982050
567211
614180
714177
-265315
-700067
-539598
-643875
-440459
-391816
624965
58885
-624258
593961
639069
-936773
87654
319074
181981
558437
286118
610243
729846
-258103
219636
918244
502531
698546
-690898
216295
269509
-708848
-216495
-116311
-994672
518190
183623
-534269
874315
743164
73915
499280
-197951
449658
93240
-558883
512885
-819106
760192
-305134
739332
46309
-694891
469177
788206
524746
387420
290737
223291
696523
-492969
-507200
987675
290536
376489
993004
-191274
-439888
-541265
-316960
-696725
532650
-817680
105325
-17692
275561
546443
-504807
456456
306634
190059
195787
-647058
495168
-335036
-858852
19913
-947616
431885
-756796
748907
938916
-263996
736582
229452
-887507
729586
-961823
-327395
-811680
-278782
-24119
720971
-96462
-918795
-296721
-820901
627648
198472
635555
-65718
-611470
-168659
287225
883699
496306
428373
-96388
548690
-139742
146816
297597
-200826
882820
34178
-971374
995313
-236236
-933197
-332082
-47915
-211978
643799
-326944
691561
725004
376335
870660
352652
-425194
506214
-713067
-36663
-662445
574158
-152965
833861
2531
750648
382551
862790
-102537
-319853
-338037
-219717
714326
-309411
-224404
-521911
-242607
443514
430175
545415
87312
-896770
236975
-187684
479566
107635
-835033
-945629
-386152
-548100
17708
-48596
-973942
864744
-214735
28589
615391
-832185
-108621
-487146
-152037
553342
293138
-437712
-756069
-931267
40378
1324
512248
-529448
-453261
-400440
-426217
783715
411876
-946652
-108651
576843
-892280
505198
-971257
125429
-543399
-945198
-9827
241867
83392
-394436
409683
974771
118418
-742355
528113
-588445
-180067
772044
-519711
860312
-226632
992538
-669136
320108
-407903
-95352
103822
-996028
-42004
995172
580816
65717
500369
609560
-808855
956971
664362
181319
198837
-252246
786883
-391481
-277476
-94700
-133835
-749364
316856
686099
-977320
797146
546410
-203951
789683
877274
-883844
-618221
-218079
219978
-614248
739918
215150
966568
-194365
-284482
576128
-3219
-327511
240490
-821901
871326
988244
964982
-520155
-289232
-129718
346011
-38595
-812863
32109
-15915
984284
-421482
780134
773966
-544208
896290
-844255
237714
116268
-458503
-22368
-668583
-491935
783267
46936
-915808
-219953
719425
324682
-41853
590751
312926
-76872
-929404
-976307
793410
416607
-14902
980548
-551285
969184
964831
27233
749317
738797
483026
645607
894542
-279261
-238125
-563961
698371
93293
-55896
481638
-859772
28296
-738316
859654
-647022
219831
450404
665904
-857041
521000
689597
936370
-62393
-325305
916917
386322
-356122
881748
-586445
-606805
620544
896581
-961198
515086
-382681
-199323
951125
-684310
893971
-104771
797328
-965802
923526
-940988
893853
-723497
278844
344256
942407
421803
-134744
632004
358173
802863
-693302
275089
189184
-49423
156837
602739
343772
-222619
499320
382574
-707533
-883362
-816749
-756408
-567671
-922779
138821
-770344
-888580
62346
-711332
-994728
338850
567513
349529
281257
-10684
-785216
-86740
-652512
-982353
219959
622577
206832
-829464
-220586
-190430
514308
556795
-691111
-103118
849262
-574472
80134
-907147
-142143
157355
231674
87514
268775
-705980
376183
274048
632870
-56305
-376424
-85874
933011
-161639
827387
-719502
-143992
47346
903076
-937161
217882
-317511
-127590
-267810
-760717
181300
629073
-911456
606828
-290794
-818602
-535315
866562
413072
552199
135337
707093
-71618
-590616
339962
872077
32961
-745912
805087
871322
-918525
-914416
-272670
128822
988661
-209831
-653296
-328851
662580
78895
-89568
-156121
-292033
-1023
-549293
417174
180375
-84608
283736
-406553
-532409
-580928
-699461
395973
-171543
640502
268050
861419
894591
73136
732741
976067
158721
-539930
104888
147381
250240
451592
818530
-87181
-469513
-271038
756698
238454
727939
-792596
-344372
-91686
122797
939364
501761
590389
-641564
802301
-13638
186894
442803
-745589
48313
337393
327548
-218947
313460
-513731
241123
-581653
633651
-508638
869940
452181
404181
-599574
-818858
160879
638881
909082
368283
-705491
-182604
-508920
-766127
-680843
-918531
-407690
-878543
67831
779204
564261
322243
-172483
-98347
-350209
608570
-784887
136060
-150308
-366539
-230290
341055
-496600
-778110
-254764
-96173
-596967
906115
-457292
-687885
274398
-162783
129511
765479
71090
448668
846948
663401
570125
-85222
442604
134385
-762979
-729880
-963962
-113188
878691
-748848
-977129
-271617
-115387
-207418
-930563
388014
14473
-185326
-708160
417506
-279211
-165452
729621
995187
671766
-140869
760665
-257144
-692201
607613
-593744
877924
-477609
848861
12309
-240588
-881019
48348
646224
997672
299501
669096
-273946
-815887
-538322
-204508
572127
476151
610167
863967
-106343
-669045
-301485
-376722
-673858
-629719
482409
-913193
113137
790209
694420
519394
668132
-783190
368254
-319559
-23778
487236
728790
-377554
484907
28290
-708458
-789039
212404
-246779
6453
-215470
-770628
-383380
-351503
123029
-52425
347013
746307
273717
717294
228716
360524
-169569
18924
54943
-650176
-312944
271753
718079
367498
-752025
205314
96288
-129578
-309780
-875422
161965
-98818
336982
915186
907636
-878489
-855443
-475745
-229992
267586
471830
-882980
13893
-254453
834315
-757391
-893930
-335255
261533
161014
14569
948590
-567233
-267353
316087
-319257
937962
-587626
551165
-371819
-463047
-286871
529364
873935
-371685
436999
995446
-227128
961254
-234546
-959542
433083
-117525
54352
-821371
-283211
296961
-715300
381534
-441506
445714
-603897
-492917
878481
128751
823170
-440777
66712
-764456
-889612
694894
-227503
-176483
224257
-353568
451833
-338745
-358123
-775296
-377492
407332
-734837
-944409
-710194
319515
-765780
6595
-383524
-481080
-611871
174970
964635
-215768
682053
843116
912983
505223
-597662
-20305
740768
-487274
-325412
-486735
336244
898845
159697
-211923
-439900
801575
12782
182608
208906
277945
238200
498712
-402540
472420
-494693
213936
991341
-106564
-611095
955976
677669
-929042
799091
590652
576181
-798572
-429654
316949
-285845
244934
830214
-949601
143779
-10089
-161524
703880
-208515
851258
-113512
-999610
129203
-875313
499103
726663
597107
-995590
-59401
588448
-102153
329505
544423
-424484
400463
343513
-833833
-23356
544942
-263487
-706408
-740903
981448
-876194
-690503
125227
113717
147973
-170894
905202
-769
715594
905593
-871567
840281
404696
855097
437388
409107
-204305
25836
-693047
-874800
-429741
-117531
525663
913772
48636
-497694
458714
785150
-204101
717812
766597
-80295
-972692
-108176
-966578
175282
720930
938624
-825488
436523
844217
-697054
276804
248912
-841957
-285809
-341982
-46261
740028
-35028
78939
-689714
847442
-395399
-775942
-103923
106908
682772
-318773
902808
400584
-552176
-177487
427892
339648
-144065
-396827
60577
-205441
-222314
-502900
-361225
80633
773904
887688
238676
-511905
-454294
-807585
-771877
510679
271354
-461591
358120
875956
-237533
-745803
-17136
-554761
-64576
-114328
845823
383248
708185
273715
-277105
-435881
876889
783473
358679
-345425
-719428
997454
735208
-945524
885142
-26116
-457428
-569153
166299
-229305
941527
-562347
309105
299646
-686391
-928429
553843
296473
-483189
-510733
-817856
-637366
872515
890330
636349
-404590
-545551
513237
-621118
813128
-832189
-340545
810581
903020
-286068
695723
-123096
256504
-873431
-956798
-972801
-931904
-519144
336304
367742
-205535
407876
-78416
-909062
924688
410851
-726917
-712679
283366
-836588
923671
878776
-382139
436907
-742342
-569012
604719
-82886
-758431
507739
631046
937292
-615358
-112450
-936139
-572155
-85251
-868043
-91299
-748947
499699
703167
658930
-578717
794105
583617
832135
-932812
870939
115500
-769399
794609
-5724
-151538
231516
251935
279451
-163765
-830952
521021
-656027
800094
458312
-271384
-312357
522174
156461
602393
654132
-934838
853447
153831
768329
512376
575114
562434
95993
407249
629622
-33069
-477251
860223
-238461
517025
-291315
993055
-231040
988137
-170711
-61992
509157
173263
-261899
-32531
901879
425745
-510358
58339
28138
-856226
123501
-118416
297605
-108170
-606040
-127281
-545737
489954
-720033
-916115
-543115
-197284
944108
218424
-680259
-347207
211479
88701
-359071
-959232
-973291
-849914
214032
-235189
117555
115910
-809444
607198
-825751
218694
750972
297751
-899722
48577
-810420
-505762
921296
-356156
984193
-798738
-272271
-558923
3979
-328163
659501
323721
324630
-129020
-587578
965560
-88251
-560869
-884355
-874220
203943
233200
241691
394499
-159602
415940
-386808
-408630
-286309
-286530
639947
-96728
207709
561242
547116
191901
762505
-725156
632978
-233517
-53319
292479
-909796
-728689
-836541
-497374
-763130
75208
-58242
-647485
200989
-854300
585716
-557321
540199
-573886
858620
-846610
17484
-427689
-133139
-342570
475583
-925431
-781329
22698
266470
981176
297543
-100553
-252341
-755777
-808074
-162137
-484465
-644615
340489
-247595
430594
-717754
104921
-368418
-572054
-309363
74262
968146
116751
-67119
-878465
-865766
505192
-11604
-208336
-19225
62965
10336
-996528
-670565
-8489
301015
228883
739171
545239
420809
-422967
-939227
776195
917523
-186821
206788
-800231
918101
838370
-372284
-391263
-87369
-404139
725488
845513
-282603
859723
350705
705793
-348613
-668521
-231242
661723
-665048
98194
-346766
635967
-672924
-607596
181206
747886
-30562
241979
524080
-113039
-944842
-269133
86730
973259
-430764
714447
-418004
481868
-689693
-692516
327381
27704
-832794
-321915
-266503
-181407
9565
502255
-519684
344517
-399552
133550
-19517
-72475
525955
-838312
-324590
-504608
403668
-800511
382354
458827
-69643
-530917
432085
499594
-816471
-985920
-18539
-506163
-678436
-691159
521541
-511229
-13073
-744962
307365
996492
757293
787681
341008
-642259
-78770
-678509
285267
-552816
-516820
960678
-57423
886848
-839833
-675070
345674
90524
-205986
-222241
-409883
-22456
-208160
571579
471382
113405
880420
-7078
602176
-132654
247961
-90460
-136162
5253
-302780
-795155
362995
618451
-473664
-351738
-934366
9516
-391061
8212
-103636
-230894
333143
-757962
859630
-872843
19797
-550254
104701
811637
-978676
-423918
-74958
901745
569005
-472783
-230909
-183035
436758
632929
822219
-866022
837775
185214
752429
-635889
833476
818064
373628
-557585
-173725
-730009
211521
-840582
-487971
71150
-713425
531827
520897
391277
343464
542222
967360
-731495
443967
536365
-204277
-786942
-646671
-767519
845988
-824452
-633541
683762
360763
-881113
-952128
194239
936951
421500
636654
-236774
691492
-151826
-77356
-796479
919325
209219
735349
440222
-399505
78812
-17556
-432145
347318
-573589
-895781
-856959
-360531
-542451
-624478
-514544
-366903
-258019
-830782
993861
-139131
-782910
188099
-202181
638591
-175248
561046
330083
672927
-516311
533605
592252
692909
268953
