776175
-539321
-281672
988844
789647
-974261
836253
345058
449276
-597122
-894880
865612
-286770
999892
830691
-678342
-738021
-195948
-368582
-515323
911602
477376
-562934
-428381
-922860
57531
827394
-377754
137947
-397215
542334
-85879
63464
-739338
-97035
-146889
-713599
-260782
-801832
735678
142097
-696712
601289
855327
-696821
431980
-823015
-434841
-763968
-191596
49836
-852366
-714220
486902
-280747
-637080
-455567
-453353
-14833
682380
149432
-472500
-403499
-787104
-211837
499466
66007
74565
-761317
264175
-189758
380780
567464
-588469
236107
870644
843512
413093
-564198
-920457
-778504
485638
-772823
-492724
-27460
-53569
-129803
516973
493078
855364
199353
-357491
-617136
795854
-144594
171027
295320
921413
-754409
534003
185588
55834
-85218
-246949
467365
-849111
-376306
310877
563982
59496
390420
785479
-454866
617598
-707246
517674
-435972
162951
34647
-942894
18315
-766001
-300385
401179
-970147
555022
-427795
325173
476434
-182203
-140824
-337978
873631
773958
415073
340995
924848
-961233
-348129
488829
98264
-957709
274307
643398
659890
567062
161072
-776083
-269987
-804282
-718977
748328
-570282
-19361
149507
-540428
-464340
721712
784745
-987906
-460492
-356080
-325884
-586862
-582122
-910811
754134
-657275
-872043
-593995
831555
226221
-551703
105862
-130381
-891814
-327076
-969310
-667896
402937
-773591
-386873
151265
-343873
593767
-699229
115700
-870573
-977518
-99556
-858479
-438009
544365
-184362
-24870
962244
-95172
-270736
-695031
32785
135270
-863477
-740994
583567
242386
128625
691754
915310
159316
-976143
318246
385725
-363015
-530490
-958148
-769249
-229718
157552
-639821
-207236
-942004
-498300
354756
602362
317339
-670114
564605
-777833
59150
869574
254952
-805580
-993903
513959
777987
248483
-357417
469740
163793
801899
493598
-517962
187624
-869418
-48451
229476
-638666
721831
-612972
-278487
-485405
-554976
223214
869352
-952615
-459447
-800763
611990
-237280
258388
481564
-982328
452808
487661
531631
230795
-263856
-825787
-299465
899937
976113
-805868
-618025
163736
-675286
333525
-606788
-313951
55356
-219760
407563
569952
225265
-369224
439303
272650
171329
638541
-115360
934050
-103072
-633796
951722
-650264
853866
483352
580531
-409991
657566
-718935
-510054
633678
-524803
-128079
-202586
-200088
-794554
190627
485962
260802
970868
-106476
-169247
196132
524300
-729944
-531218
-304371
908597
353422
-370321
-194475
719627
-418600
155261
573492
-935248
-264209
-836499
722318
16857
-346553
355996
492054
525369
-846590
-708034
730815
344037
777928
-8383
314904
-328549
822370
-488964
-804249
-907575
-20182
-108619
-998978
-666760
521060
-193453
-947134
-897541
961808
626358
-832789
-302401
789859
889530
714456
-556694
245526
206509
968675
398936
498476
699490
-257027
276403
-308894
-942124
947855
-486524
-431088
-856394
-394099
548730
34987
-393077
881971
-443953
413471
934837
-341494
375278
561195
-174282
-927124
351054
-284752
787332
794360
960774
-6159
763035
359709
-507684
462524
-897319
768720
-846370
-839442
716575
-332894
-270529
860182
273008
-721799
-104832
879932
-839829
451215
293402
-904993
-890279
-331321
656203
-64560
-258444
7256
650689
-471113
-198384
611462
522728
-435350
-28829
-984956
-972826
73853
783765
-819196
234411
500340
-152090
963882
360521
-879082
-757918
-744312
-999151
-597746
706904
294251
-502738
816626
962931
-846536
-247934
-295514
160720
-597246
233373
962337
-985784
-243899
-473014
-14613
-228854
-445840
-940761
-445090
-265035
293651
-944751
582875
257533
415771
703793
499616
671459
704643
901870
378363
-1107
-600869
194989
-38177
-447405
947056
666309
713316
-650190
-100318
675653
-635974
655784
-797362
349414
-573071
-243201
408654
-18160
491764
-297695
37090
74639
959838
-547140
-221568
459453
-875681
-516926
361322
502683
481968
760454
-302328
-556209
-686951
-355273
-889901
-973635
-5463
9782
702018
358564
-334435
904656
-292022
92495
-338545
-883368
-925665
-846782
-181063
111425
227858
-221226
564286
-993711
-761773
688605
-510636
599549
191287
971332
360003
888960
-584878
673052
-466314
-474778
699417
528224
535005
401434
-113212
-799430
306090
594767
293066
967545
711399
367401
-879237
-469665
-521175
348622
309110
-956890
354912
547337
731716
844276
146886
-76997
815608
-493112
-188038
-769270
-820060
345648
-244047
879357
-126128
-709042
280791
760660
-508472
-413119
355427
784594
-445574
66825
151995
-324810
597161
630820
-976189
-93729
673931
378723
-546393
405646
222999
600494
-671351
38607
-892618
140611
269338
-712678
-513741
-974709
-833321
360131
-683751
447470
120791
-192222
-965650
-523783
-407629
-411223
543043
744367
263967
140203
375186
287778
-953527
49117
-333499
-499919
-545237
889501
-899426
-216588
-71892
-792044
924024
-802555
-504721
-589718
-777264
-338042
770414
-461014
-890573
-108795
346764
-856222
367422
939136
-267445
-89535
683502
996523
-949332
58688
284301
-902858
-892196
950802
-402777
-437432
840303
-302202
345980
-231590
-94245
270004
-34144
401034
680286
188593
-937009
450699
727579
-827581
-658097
74343
-683802
709326
13478
48754
-380210
-303020
45276
-329541
755668
-670424
-232399
863473
-719622
364825
-573960
-879319
-937378
772021
-110908
-31622
42024
854949
-630588
-277690
43541
-567597
-826992
-228880
-395177
-485088
845464
-78979
-775762
-141058
969776
-155971
555922
15051
514488
311590
344628
-717912
175062
625007
646914
601103
745688
709537
373124
-365220
-322086
-584853
-510272
47326
137457
533269
479730
310466
-695611
-915448
825379
-850148
5574
-950384
8794
-24651
-106354
-435284
990401
-591867
876306
335028
-309778
51367
-39965
-662865
-347530
-294277
-953329
-974407
340503
-275414
-559260
830231
771913
578198
363500
251642
-111336
667889
336195
-285957
817742
-658232
-236340
-173465
317118
657306
391251
307518
-934561
267557
-357454
-244338
-681077
602582
92798
-28607
-691696
139470
-3014
648807
864056
437727
479037
635968
15925
-157464
-112391
904590
-489575
-776196
-381368
-671834
-434427
382292
154701
882691
39598
-454048
190209
105037
813509
832756
860699
-867568
435337
-46504
103826
743641
-907035
-899188
392447
957022
538540
-128516
592989
-445536
714020
-519402
-540946
-775556
-295598
77686
-447389
269975
-540022
707313
152666
499577
-746736
-657125
-395387
-933227
-824370
-534688
-800794
610968
418809
303032
354608
511775
403845
-252945
468796
-57616
618539
61785
496849
332559
542384
955903
557004
-753214
33589
-890386
516762
493568
816927
-330573
-6856
-929809
12302
597758
-863035
187933
-936930
-663829
-201100
481880
639204
-846493
-6346
43048
-99437
-537550
985433
-480898
524236
482281
851662
66619
438184
408666
313405
-528227
518280
-169833
965342
335207
499594
-41515
405398
-488104
-443757
542364
699829
-380686
878535
-501271
-898807
517739
-347763
94848
-439213
552800
557298
-453781
-928098
81534
-971500
923564
-851848
466685
332229
461558
938459
-149491
-708276
903800
-814285
791319
-137715
591114
-696785
418528
133477
-996957
-962159
12012
-498228
-860965
-470249
154009
233883
90538
-293191
-208819
636758
-221289
872715
665259
-297725
-979133
131943
-965497
482426
70401
-114988
774150
-25799
70728
565469
836486
-338158
868684
255013
795320
871728
292855
-192669
-626501
431891
337083
527509
-334227
-572379
-765682
456955
-935622
13030
329670
729637
715305
350537
-138420
749808
-167038
931982
-365180
-392888
-93818
705549
-827420
-257333
-632610
-958737
997681
-837291
912991
290536
-29959
-713510
-277574
-692877
814000
388200
-265256
-951683
-154845
-200877
61347
-825176
-471240
-223348
525361
390341
-473541
-641677
322322
161280
-34565
-771496
-133172
138016
-28828
234218
179279
-31147
396928
92270
-740611
-633032
378760
-18185
-325908
192760
-629985
408836
241078
215170
-792041
-697575
389994
-263281
79077
-84645
-872941
605537
273678
449382
-233184
-760887
677887
633645
377129
-350942
-132137
-443592
617912
-735210
648678
877301
-368242
27438
-140884
305850
-779803
229131
-285314
461275
-555699
-77355
763700
834296
659365
-157224
-250350
786424
-551688
-976672
235806
215129
-737559
-86308
-151227
639571
562751
716636
-804022
180662
981427
844656
57962
-386815
-127907
917078
919036
92291
146209
-366279
-446435
590510
556367
-682735
424806
215732
160042
-825545
2156
608355
-802216
-762039
-176517
-539774
151653
672257
-900204
-285597
388893
-704225
895066
370319
-859570
-46973
983504
12524
-129895
902540
-895186
-983686
-463739
-341620
606825
-907372
-24354
31630
308360
-864313
206086
-689485
744042
403870
-451524
-432475
864097
700130
-760219
963893
-585467
628674
-740333
-690402
-1007
-599902
262626
-17503
412623
-867269
-114964
517437
-850955
421298
-824183
755870
513926
151464
-212501
-177715
287151
993586
132801
31193
397455
681277
598719
261551
381407
838500
225444
795941
467174
485112
-894461
-533833
885210
368166
448665
297833
500897
-666300
-184730
649943
754999
-8913
405812
268924
-857449
-806689
-908792
429702
-813103
224009
-539105
584352
-94714
-940387
-154097
-713307
898114
-928653
-917366
365288
556460
-811827
831456
441670
556339
280120
-260498
57236
613821
554772
-292822
368819
-454142
-887010
-362258
-311591
-693698
-271049
-881889
-506801
952961
-420993
-922449
-141754
-361379
-76545
144940
-463265
-5198
227574
902024
-448739
415747
733479
992931
-27914
13598
-267568
-970678
-372582
-712797
-263500
996238
-166938
-150510
-366021
521472
155793
362930
639584
648992
315890
-781409
726543
-825864
-142788
-350003
319077
393948
644800
-453350
295971
-803940
962398
29449
-811009
-65516
-956953
-78576
-36194
-329534
208628
700307
-333297
-958311
-450204
300682
563162
705589
-336388
202746
354581
979503
421337
81123
-846361
-721451
731121
472716
672497
375920
-980634
-31533
571981
981765
997917
760973
-83752
-959037
-317604
880055
-288571
891024
580361
378132
932714
-869843
-321186
495876
835747
342427
-301379
190327
321929
-880042
-728550
475568
-601492
-997429
-51716
-928996
378491
-32349
39472
-49528
-50585
37389
-288556
865664
78353
393841
745719
789782
284864
326079
167914
217578
456237
846729
-286546
291983
189155
412076
-517690
-488917
532034
-246240
986652
930542
-243669
-65064
-998454
-865178
902588
41019
85295
-147998
-921593
796740
-282334
156760
190580
-536616
-53458
-524556
789464
-885545
693023
245700
961185
-593524
-462317
150339
818552
19993
661423
350585
773754
648075
281127
-469915
-416989
282673
-335092
-514402
-676308
750203
337600
-597901
546942
-944734
558859
-262478
-481349
-494600
212966
-691886
-380144
-94012
553815
-418960
312464
-908503
731380
131016
111491
392802
-518400
-114756
40877
762728
415330
623888
45401
-919763
-890515
369093
830440
447086
771192
377382
502353
330051
-885097
-978997
835452
327870
-670883
-544692
-766143
882933
36349
546322
974430
-232272
-322663
85921
-839470
158938
971165
201408
-78334
386494
-174705
967067
466732
-65219
336160
297172
-618133
107352
-325447
884220
-562597
-210543
905224
-727146
-882674
-765659
-271837
-648817
-882727
764512
897506
-908297
-467761
-425157
177624
-307230
733781
148789
894178
-344553
-464717
-280527
-377486
-997986
654255
958674
299186
-963879
66025
973740
920342
503428
-236804
825565
776283
-119478
-940095
-495555
231706
-822821
-731044
129212
-731118
-198804
704055
446507
493967
437836
-404704
388145
-906718
130579
-892383
-284204
132594
761873
-325530
-568220
797995
740496
-594481
718336
243924
168715
543901
20206
-950763
603807
524652
280944
780986
793609
-589845
-950132
-405195
-885791
496375
-911229
552046
-908330
476917
645328
222250
584535
-638876
-645157
346407
35595
-213377
144401
-223910
192143
-137264
-979987
-639143
-593363
40220
-589905
-989557
-435129
691039
791429
-641520
-898807
841297
-46715
-784597
337672
42057
767449
429342
-481027
412777
-348409
-896493
773902
6435
449915
-190504
793059
-405685
585586
-14799
457052
605599
346059
863689
-354181
756154
874132
210690
447193
665561
569170
548386
506858
-477545
763790
-155471
564512
531239
-726129
-916515
-55985
-74537
-813008
-282083
931898
636907
527413
724956
-768778
112998
-289844
688274
-281403
-943786
551963
364416
812369
426095
-424894
259561
91655
-855724
-192053
-401488
-333269
-428264
443042
-768757
-897026
716913
-685272
46990
-357625
-498279
764907
-425728
-861372
292320
-700772
-630150
-594682
9385
-941876
123915
65600
610087
-511669
-122032
36182
63438
-862471
-872164
207715
-54524
-273651
874446
517213
-830610
-894311
620188
886303
-579583
-332823
-471323
-77861
-567916
102950
60767
724404
402179
430618
-870279
-588437
488743
253637
477163
98830
741969
-644869
-864989
-194593
-507340
-737152
-986879
438137
-10803
887568
-44651
158587
993257
-424463
44890
-586326
242715
573568
335813
674799
-323482
-603420
399203
-921304
827199
528925
-509741
315942
-217438
967423
-585229
-475469
-677447
-450217
329938
-184786
-187369
343059
-746650
801828
230626
208700
-39585
223883
784238
-994695
637557
26952
578873
-26630
-298249
-744609
369950
-899047
-665913
197149
629879
-175653
-486910
-587560
-208230
-72139
-63029
114323
477645
-733092
929538
-709725
609968
-817112
-907897
-159406
391589
52519
-935524
175826
57824
702034
-797223
-363303
-324597
-95471
-107912
-954647
5482
226175
242502
-364639
-949478
755592
47802
-157708
-316547
984773
956616
-838903
-748319
886153
-548627
861650
-930959
-456524
-297757
460630
595995
-233280
-363544
-346181
-531247
-160767
290516
144156
743762
-817396
189509
-250756
408780
-567990
384606
459302
-812398
-567593
-698407
-128945
-582821
-741791
32153
-331139
-855638
483526
-469490
-786597
-972999
232754
674034
622997
999474
-689511
-723185
-531774
149723
567332
612383
-106515
749936
-198109
642730
158715
233902
27335
-381983
421504
459742
-80389
-707441
876922
177820
324712
-454217
322183
-191763
76294
535586
-164761
-690953
209620
-541765
-691479
520109
-264949
-223253
-330169
-697617
-610871
563317
-947681
191021
206046
211035
-575078
-766619
829052
846426
693123
-251337
-861016
570045
926483
463696
-884173
248665
-728067
192122
-215749
107172
501169
993871
565408
809690
513980
-699541
-413563
-816189
-397158
-24433
747128
-344839
-833413
-46826
866196
-408490
186555
695248
-562065
-120322
-556090
-423080
-550278
-629607
-959384
-434450
619059
-687451
757672
-596691
419722
258841
-602820
-14870
68530
911160
285589
654968
-905030
888432
-369465
842099
-456408
-202877
-204728
-590212
388633
981827
-894965
826568
-138495
-451055
-596512
311227
-80662
-555896
876778
-461604
-243346
634449
-58294
-823625
-106711
338886
161506
961820
250046
-552906
616788
345017
-664475
-752678
187115
-120882
44446
982388
288906
-566922
964215
393941
-740354
-174281
942887
-336866
-863054
-137776
107238
-986277
400621
863893
648173
-657674
-959733
-458538
681213
201774
-496718
-68742
648869
-879930
-723725
984394
-632607
463391
-136488
411839
445778
-847582
844917
409993
546359
-895438
-764288
489246
-232303
-627342
-648530
874935
-613618
752091
738827
-965446
-905583
779095
-423983
775631
-19131
79299
-293112
-370263
199370
-16837
-385869
566763
-553446
477643
-21399
892332
630061
-176483
302324
176420
-71920
538037
-334334
695777
910695
17136
570712
-702924
-230773
309539
-668369
-136355
88634
-92351
-360725
-930498
986949
346164
-300761
186318
-670673
313370
-246920
-224119
-208987
731682
-331788
-578926
-444802
970537
597494
483279
508573
-736841
179055
419268
280296
-250233
716345
-950478
-940695
-952024
-86833
147940
-44375
552443
217442
-57427
-101394
916682
-871109
227933
230052
-118029
-996187
-978936
-386348
-327974
-557861
168851
-357437
-960368
-347870
-848864
-697208
831186
570404
583089
-419048
286748
632611
-359742
334725
-454222
788198
-709651
-901780
5639
232923
-3173
-77679
361814
-775241
-847628
-756216
-771428
-826563
-142563
-99401
-384424
-973712
543162
-344791
-321582
694298
-41999
-490397
264701
-458911
90556
-448551
-826300
730814
886175
-280521
519011
-823477
-182300
-475350
409446
814527
446971
-228741
-960715
599344
15044
-732142
772781
872482
168458
-611644
898770
-288381
43565
-422812
-594083
-998434
86792
670619
-457344
-822653
-777933
-283643
908161
-891758
435836
427171
-715235
-746464
951822
694212
-931938
398792
-534529
-892652
-1865
480516
-624794
-229085
352997
543665
159272
251767
-744717
-797163
828955
-338800
-795596
-84254
-668182
-252939
93093
-446114
463418
1254
-337872
-100746
-571575
-53106
152790
-619754
-358895
220853
779038
106577
328201
-222827
-412908
703408
548089
940089
247072
-292640
191856
502356
-89802
20811
-836445
114602
936558
-504626
861664
29650
49261
325081
-969096
711390
-775665
-540671
-341717
377126
-160425
299389
-402022
-381388
-594035
926180
395786
-6943
629587
-56126
-66854
-123341
651234
-874998
-620986
-438568
145813
-457430
676035
82370
37945
537698
-887980
-912795
-137221
-857076
798595
87114
-397747
-543122
-535760
441829
756268
62219
-939559
-837768
-11602
456227
155290
-382016
-599900
-911564
494644
-948666
-786561
873658
-387234
359252
-583773
-711200
-558378
454173
826498
-446358
541378
-310723
-303433
339973
776392
298821
796852
-759369
-259351
553119
302850
-198910
715352
-708753
-742684
-129358
-90768
-342583
-40922
-596125
-291249
172517
-722467
321517
-468231
-306239
610318
-26609
-852067
436816
527034
689312
-873908
-776399
29284
902484
522422
-173865
-856886
-736929
-620746
445965
64162
-905395
737213
321479
-34753
-353556
978896
924326
50320
-312354
96843
327854
-990837
628613
-978386
619481
-397996
-830452
56296
-870963
858860
182389
-647361
-111856
84873
875062
714280
227987
-861867
-906467
-326048
202295
-811861
-588836
-476227
153387
57609
-497331
77712
-892072
190316
-825445
435783
199479
803168
457398
-181040
-594829
626946
875257
-465791
485806
57645
-113152
-626050
-857483
-238091
-911771
370505
-99958
-818237
-955543
-897663
-630097
-544379
-373889
523290
513230
128780
-398999
621159
-680904
-224444
56942
518575
-421277
-485661
-662465
-16105
-858716
-787209
518104
627091
270437
-595049
-998960
412955
166861
-910730
-216540
-933097
-728967
-172083
-830760
-359064
283539
-204648
-835774
-203231
924133
-234773
-582073
-756772
540784
474869
761804
-880493
989209
-900662
103402
-869508
-687870
-378495
757584
582568
26457
758624
-4478
-806683
847895
778982
-739780
-881072
-393101
-570539
-240135
890438
224813
-75909
-312794
148945
689319
105134
392173
230102
-419997
153977
349609
-430789
253315
-546989
-300296
565446
74516
-542713
148013
-899027
-784089
-856466
-705710
-936195
922517
-445489
-817267
-470584
-16027
-57401
-580147
-791215
866690
107060
357731
556008
-787807
-250096
-213890
-207804
903881
-864282
361407
157196
-411270
-938889
-277358
663247
-481602
870655
764220
-265691
-985811
-941490
-201885
936707
-386979
-19151
-533878
596994
923448
-114024
805780
790138
993036
163511
346145
-794771
913415
-867746
-2575
817296
-732027
-641168
-25508
-143297
-580057
697134
-480051
-61658
567788
-715831
672652
581978
-657321
-529233
518684
-44300
451616
984806
-447306
375064
-129219
-641526
165201
-136183
521985
-488654
69046
435400
-356400
-933529
252696
-88426
-574697
-772813
768277
-154753
924322
-711774
783590
492110
-427604
456241
74087
-84925
927008
-407230
870776
378624
-422424
-576530
-246313
448357
-218056
918889
-687826
-696071
-569766
381220
739330
73835
447691
-7975
985409
872995
219213
753686
-281759
143534
-958089
-498169
-364357
-385692
958072
709731
529383
885080
-697500
400159
263704
-119923
823629
-982609
-671567
-394428
936280
-359393
-90498
-633486
-978173
-351169
440349
469518
640857
425757
342512
-139931
179442
-939247
-996397
221354
-437416
-360753
835662
-479344
-651023
365045
-594265
-348522
-234797
669439
531555
-411169
686831
859989
194404
623110
-499404
-896094
989624
-477577
-247263
429973
991942
-606407
-144270
334453
253663
-964829
395207
257267
256526
957791
896514
92188
-521554
-754509
-542767
-115818
-103030
222436
-446379
-571475
811268
-759549
-711487
5672
863562
-210890
109578
853186
311534
862315
283158
303475
-744092
-861113
-362072
509572
-825941
-966866
-233162
430586
990926
-336649
-477227
-530629
-91157
-19994
353554
805813
-797558
907176
-765663
-986290
-852374
-477149
19382
-988812
311962
-871041
864374
-376504
991275
147532
926971
-752818
286420
-435101
756754
460479
-401967
-476408
-108936
-411041
186943
413838
58331
-904214
-606156
-588116
901600
-403714
-680941
-864063
-390004
-533314
-341211
629379
-522126
970751
758338
-657752
-405754
749612
489780
-478783
996795
-223801
86116
753549
-763322
684150
-722860
127743
-726891
464084
-458420
331440
559870
-64575
743324
461470
531712
-937617
597407
-858292
-470930
-743805
771087
6945
-773054
529424
349193
-178807
279036
-161027
342410
275830
615173
-571474
29379
851851
-887324
306519
-20407
-614215
-229398
521174
717225
-669528
-543402
460549
791942
988310
522933
389349
-869983
-947998
645545
901104
58947
872491
430528
-591860
-306316
-290436
247113
-963906
985395
-137715
-535380
14773
-285864
-422703
-678709
693730
-36917
91894
214903
-319692
422367
671502
-859143
214309
659812
663790
-396343
789830
715792
-750799
690934
-225261
-878308
121461
182879
-184623
831026
-570009
-148529
816420
292277
316092
-168808
-993588
893389
152484
700143
-143528
-755623
-84955
536780
666745
-413453
677637
-118947
-753642
341426
484710
-963813
57218
733912
727121
831957
855605
-151418
14836
-329019
-320393
444828
522453
-503973
-262895
-161456
327219
-256483
-268068
-520298
-556341
588404
-275920
358705
125184
-609176
945253
-197180
271877
-808390
-855754
-243413
-772202
201465
-509501
954920
33422
-653896
-196498
-951743
17086
483110
493086
-460462
979137
-769810
378082
306355
-26292
-889986
786058
417367
698419
-489863
-223928
-176398
-99038
-278676
626423
-827161
-87065
770670
-70574
140734
-27866
419926
95653
-994445
766030
899155
-946187
-216884
382265
546899
322654
361401
777089
-299265
-332244
-249204
-189250
-546187
-831837
-490832
-36049
-55764
332770
864913
665561
-40807
-962249
-421505
-270138
-32822
719229
701996
-612897
-185118
707552
-846867
-285963
761366
-63751
-903699
308264
-741098
457702
85353
-40362
-874542
836150
770388
-420729
-995688
-720444
543222
-51451
612327
408135
-385891
-428481
445886
192604
301381
-586936
-88167
3377
-199833
726715
-289071
-46699
-559249
-527706
889551
-462947
780558
-851547
994756
-134089
108091
-879787
-297940
-121521
-300516
-293627
158036
-757294
654922
-229638
650842
-730970
341881
96728
461635
-356738
509792
-626533
646640
-690041
-899818
-642432
263260
-459066
-170138
152810
77987
-389580
301263
72742
476332
-590646
192955
-821609
287834
892440
-115236
-554131
-864854
-460315
216231
785988
-191285
-441888
-117285
-729650
201375
-607494
-356183
-151986
-297534
-256000
205583
965726
284934
-964555
118536
-637080
-354135
-580201
435662
-877804
-170846
-371384
-699412
-883013
-478944
185352
-437143
-343798
725037
779088
-557811
-466248
-662800
324905
-195897
538575
717411
447921
-613411
-580123
-808080
592172
-614398
476854
627617
504139
839775
-726519
923938
275436
-604322
-246908
904053
-303734
-129921
-574892
881619
432936
81311
606656
212024
523500
-859592
549224
-151596
-55489
87799
-434185
-607569
474388
-14308
-415649
66559
371295
-938795
-305825
-124566
900980
-32343
-200628
176416
363336
552464
80468
-940398
-577458
505577
941221
855479
-413113
547876
67502
-889613
688285
-383274
-41208
-367205
704525
524608
25227
178912
-489700
609579
-754529
881596
670784
-60354
-242971
571764
907304
556402
-251821
270639
108865
828648
330241
531408
334224
271462
386887
921112
-180662
-545612
-968502
-492378
71115
-9709
140418
-224360
-485102
-834356
954552
25198
775223
-799977
-93207
446006
139669
663823
17769
46973
220224
765949
-682389
-670911
594596
647853
860497
-71180
-80686
247384
-150069
738652
701773
-118570
-753727
-227113
871721
386692
548527
-613382
552336
503079
411816
327558
703102
-681391
-226436
-157229
982432
791334
889744
202655
557283
-792645
531744
151878
855208
392241
-919303
-225479
-360376
-69372
-486828
-658603
812058
-240554
114284
683778
-853862
-337189
-929604
698474
-834111
482212
26032
868992
800822
799597
-288237
783253
590931
-398493
-14092
148213
-191138
-482348
-699910
-335931
909894
-619212
438590
-450483
311416
951763
-109085
123474
-288791
-994802
-192748
-142653
-331991
-122352
-444179
-166101
-640140
581853
-297109
-839319
381450
414654
943935
-27620
-983840
-70158
-879408
-174977
447494
-579318
489092
357387
-198530
-72318
906905
-887114
-120555
-202181
236361
590654
-196982
-956387
-551999
471028
-78738
3822
-695073
281123
-414325
7818
441805
967125
-577528
385739
-60495
-561367
-684419
60097
263656
763076
480780
-247252
120463
-717750
680430
27367
-604863
-440126
825187
631499
-849472
-371795
675112
-401470
-900767
-403627
602353
-595840
877496
-811973
411979
319301
-844848
834451
-294961
94658
-726916
20621
-845246
536741
-216304
635535
-710512
904159
917785
969918
-68474
-687078
-470208
-243288
944421
-319680
384918
619532
278850
484151
-784095
-118797
888311
-906599
69230
300290
412702
224383
134741
-882260
-680960
407825
138361
-526205
-55435
922058
-890671
234054
826216
-972886
203971
-242259
-659964
733764
514454
-715543
-585916
-100629
903989
692935
-616479
-880107
-425863
-728168
-786706
643368
572122
625997
-132250
-293137
743737
186791
-885313
-117902
660587
59253
-195845
769917
-706694
-369629
797031
497278
388112
-862933
231041
-97435
-578476
645125
801937
-674487
338059
-814542
-554593
912197
-542710
-341298
555564
-970588
-715302
-576687
-263725
-971565
610105
-149037
-89466
270692
910217
714690
40608
-796478
-654940
-162361
700801
733172
-25293
-68158
-364263
396232
-423033
-562327
721745
915027
-376869
-832848
827223
80422
-174146
382786
109834
110552
806100
846110
138988
416204
-302927
-950479
-313105
-392711
764211
727504
-189188
-890729
-434858
-488387
842443
539849
443455
-521821
-63920
-979579
-84147
-342175
935448
538984
-175023
762670
-380595
650831
145455
729240
-238617
-48446
575350
900372
-632242
-727577
949894
54654
-120288
714104
-217843
690525
823375
347300
-797863
665818
-112851
645592
-856003
823230
666013
59850
-518946
601461
-401166
306032
364130
218239
-43137
-490415
-52521
718247
461140
-477171
618618
828898
-204748
568511
-116448
674965
282615
665710
365489
105990
13009
567626
-228193
900159
213218
-84196
723388
-120769
975655
-795559
-519309
-425512
510474
844822
792728
-532664
-645594
-259793
-814418
815547
263036
804201
644444
-941713
372711
-472004
733253
-344675
-806295
98741
761316
206714
-333633
-466878
106872
879585
448927
-169741
-241185
424581
34701
239507
999070
-454825
84328
791797
12511
438735
-467997
198093
254281
795040
2294
-101275
853328
-624996
426721
586580
30330
620426
-314679
-208355
-172860
351688
324768
934013
231272
-226306
-235728
990088
-801725
798974
229594
-802655
-655852
-686079
989143
356659
752657
-478854
-445248
6937
-683815
557046
905663
-830488
932051
332383
756093
-37620
-47191
-558587
754026
779949
793101
78793
713961
24373
852488
-521767
14460
-949237
-722794
-755947
-751891
-378646
-442025
-762749
978013
-689369
-241603
-467235
317569
74583
-910190
223231
244095
-978139
-444386
188
-15759
508424
441601
-261733
288373
234702
817061
2334
-740926
669548
480567
273534
720312
757773
517588
968421
-620874
-924438
-794328
-642862
-613806
-35931
-110096
703763
-961349
-20286
-73006
282747
1575
482609
-717065
985817
-8968
724536
-275916
-720596
-40763
-458856
281738
218312
-789308
-237696
-508155
931004
-479924
-990568
899425
-100797
-915005
-894903
256342
-528811
69167
-853755
-825048
107819
125959
101946
-609435
-872466
-415445
-326499
-886649
575587
-601964
-162565
854992
357274
378579
136730
-424415
589272
899035
67431
520276
-580890
76864
419701
318314
161859
524798
-425345
633048
-406036
-279100
808001
701783
846860
-90053
-907652
974395
494502
-234151
-912255
70089
163886
-74819
-74920
-478840
-696240
-938190
96745
893032
960845
-835824
413307
-620045
241040
-166993
698269
-597102
-642196
-727077
-964054
-48231
-6177
843947
-346449
-159318
-246107
-254100
-184924
-751606
511749
-97178
318484
-324365
828003
-756437
196795
-868237
-694627
-706460
-975206
-733782
-542284
438102
-353827
698756
-728892
-655559
-898346
-371087
-382636
-862400
580682
611188
981548
-765767
-548130
-264560
-19867
266947
-16165
-508118
-830232
-697682
167518
997772
-454118
-635688
-870466
-148744
-342148
-845671
117474
115569
592431
763647
-185676
863540
-891912
-84022
-507548
-274547
53579
-926866
-663359
35126
-692632
-211489
770567
287502
-944543
-245599
779385
-774774
56720
-53098
-777002
602602
311215
-647468
-546142
969068
-493138
571333
84636
-900708
334979
898961
962832
443068
-185061
-544716
-831480
868518
-471582
-494839
-96357
-164214
293673
-325791
-876712
349130
428611
902673
574357
-514669
-150426
797355
-912067
-839212
-850113
-458209
-870145
-343251
-886877
214492
-243958
448103
113452
-281127
-108830
928391
174157
59691
796908
702576
564853
-299449
-461638
-141475
374761
-338350
-792345
-196628
-435678
782013
288703
413897
579368
376636
574686
729255
918428
704542
-613996
-968450
-80967
142046
479654
-967515
860919
-629176
960876
35076
430516
757784
-262349
-4632
-541665
276014
853894
833097
937664
-938451
-363532
-498014
843562
925172
915884
422929
301807
490569
152184
220235
195111
538188
251785
-885856
-319767
-268561
-853371
-458848
102263
-892495
576228
-467222
865289
-686121
528147
-676376
589893
382040
-843280
527556
443590
-206811
-970458
287152
-281640
945426
-289919
-979833
435995
862265
240402
-368895
400453
-507813
-254751
-919315
223627
-108122
-378162
-674111
-617
-801935
-141332
-135328
-488056
-613186
188296
-898163
768855
345017
629393
212445
-861794
658936
-500404
-143434
604361
209677
-123266
40355
71942
-882864
671461
-527605
-390676
-583291
-446919
832951
308588
174919
-841160
-692030
372984
17508
172643
884929
404323
-639061
986767
173177
705957
616160
-614379
844163
275095
-114782
-299272
-120545
-905105
577463
919811
166838
694599
591271
639233
-696077
-992020
-807687
-863127
316568
367232
-704287
624539
-259784
313222
-202819
-374855
-282456
158121
-388089
890722
-135923
-771930
-723657
-291761
503165
161562
408968
-617380
256457
-13570
-697570
-576706
-318971
893702
-937473
-15048
901682
-745160
121826
218249
622072
417540
-157212
-637712
-269238
639969
-12567
448306
-201911
599345
339028
662167
827415
615371
-629595
330580
-223068
779373
713200
-966611
-234198
-984370
-543317
446832
909333
-480789
-568216
811014
-225949
553610
29263
-603877
-28850
872051
-241589
701912
512020
745845
150218
-689891
345189
-510755
972276
172603
-895385
-657319
-496817
-118452
-877947
-783618
-85063
-112144
-767987
371621
-665313
-858655
890832
-233528
952360
-335117
-679919
-18377
61006
291232
-146326
819417
-6857
-634306
565261
-856640
-324197
-89551
-367394
-351921
-916948
-262779
-9240
-413765
618770
112814
-197382
-466293
-999331
34632
905329
-664643
175978
796161
101829
128338
-538957
421911
-890040
522049
-286858
-36365
341466
706285
329329
-93274
849646
-994868
817176
-517749
-346789
900229
219473
643972
-513537
-161757
-243215
289082
371950
-242545
-676287
277279
92812
499691
73439
-805359
-371972
534482
616552
-262011
56531
-670307
701625
-602004
-964022
30953
304723
885625
36086
121899
-632125
689298
22127
587349
333269
508591
-574409
-909946
-202328
797542
-152491
121386
74820
940322
-378923
-851742
-865038
249105
682741
751514
987095
-260729
-918793
688719
137267
-882814
-280328
-558011
-997190
755758
563888
-629314
445056
-413985
958035
-221675
-905395
-616374
-131621
-107722
-818833
715889
-986336
255987
656211
-365259
404246
791173
883847
86986
542687
870941
826257
623895
559660
-36476
741081
-720668
405513
743892
-964910
-30599
-885423
480146
555417
-927389
-741530
650022
-543762
126850
-457700
-362595
-157261
-444036
893393
-501051
190706
297639
-709879
74552
-615376
832809
-54507
-789119
456703
-494848
174405
197784
-215515
-420082
-58325
-180425
549320
56252
-700280
104736
128864
-441809
-245242
585103
685042
297058
-777493
-472220
853023
-884100
26729
43728
413539
316851
-881720
798163
149660
63773
-990956
-393637
568926
183449
804147
-646590
763367
-254178
172985
312686
802075
472706
-582579
-69061
-969104
172179
-483959
715938
-530763
-261451
-756282
-677740
-145551
270447
365989
-732013
-412702
484269
-933850
736958
-451958
-924806
-656680
-883033
258644
-852534
-529622
22010
-106711
643363
-665304
-304637
116069
-247883
626302
146966
924297
-857657
-137097
-606466
-119108
106621
-284205
735341
-622932
-918217
-996672
-35634
566053
-930521
-298677
-885906
-855326
44644
-768938
403318
192111
-298559
-574673
-914601
-655197
-239977
-219238
460873
512141
-592936
-392162
436438
-450593
470742
829972
430299
-422637
-454233
165640
-45569
-372450
168968
918798
-806398
238448
-379879
-692303
383122
664765
-461240
-213561
-143125
240201
211767
-57725
585005
971791
723037
45877
483932
-869899
653715
-79631
-320491
124456
-249659
-890193
701819
296108
275448
-343750
923659
-555584
-424953
-882739
682864
195169
-575042
65985
-140067
-36281
852425
716809
-796081
64191
-340917
788924
35982
-617880
-165199
-480087
-487779
-511484
440282
191730
612973
-809378
301538
314792
486731
-423015
971042
410389
21401
-453911
527650
-295735
741258
952609
770250
-398809
-83673
622675
-682001
120247
-313135
-22918
-90830
722847
359203
743972
-757241
871424
-767513
683042
63154
845461
873665
-635308
160252
360395
-58322
131294
-229217
963080
677384
-701567
-332656
418642
-748959
-562406
-980168
167369
-939732
-662168
-712385
-252866
314914
196786
-530019
-325883
-59243
-287260
-454459
173245
-604218
608695
18706
-730554
973388
-821042
629841
-84934
310252
-599376
-121855
-12364
-300942
545490
-593723
-49900
983084
-573891
-882532
-956648
-236059
-594916
-209514
-921145
601870
260467
-247027
-457373
973208
298514
715873
-631011
-92791
-265422
-361565
-119404
-86464
-731724
795662
-776212
-331099
-326193
211424
367959
-780704
617701
-681942
-797620
-956190
-564473
-754267
-192248
-159389
36219
-113392
-557520
-703314
639581
-14892
-730106
-61906
-299020
-361116
845303
435559
277319
-274101
-650905
545596
-478439
-427117
-785504
195368
784308
582456
414665
402008
900515
617046
445819
-663959
862779
-746429
176652
-101002
140179
619133
195685
-220240
-395759
465579
717854
305221
-895538
563157
-259220
381782
-710944
89875
-72623
-189383
662758
141874
-994015
447065
-275670
420650
-150927
-375156
37696
-705108
-39114
-99526
-451537
-862462
799473
688642
756672
-4843
-531598
-639088
-539264
-813745
666133
-434802
749413
-593088
946981
-961532
496787
-125642
-150915
159545
-983768
-144929
-393390
-259438
-724279
455684
365407
313417
750576
-673708
-786109
-700962
-536170
-986637
987681
-779499
8521
-543918
-418587
469257
-357662
-752454
-965545
-608250
-345541
981436
-569781
-848754
-144207
279305
310791
-127975
-865625
917402
612588
-589904
373085
-22006
723513
123660
304286
937405
422699
768117
950768
410380
988619
-40711
866463
-429968
-571455
-491200
-182421
-536999
-99449
472038
-555564
330770
623284
300230
-389926
-65925
-827746
-255551
-148523
784842
154546
-775439
-237164
-121942
348222
-932879
-184537
-229079
835239
-233769
-818700
823858
725520
-952238
-606111
-845935
-443437
211469
-382934
457114
-316494
61503
-212116
-693210
-638268
397958
240866
-466014
-857593
-907658
-681172
296953
-683096
81664
-824989
665127
148786
-9526
-563952
-15975
756705
-382652
-192118
482225
-334889
201772
636290
221675
-586760
-746644
-321211
96747
314859
466673
403538
676591
-135370
-355597
-789423
7038
-263254
-470595
-696009
53651
611070
-520998
-281223
-240145
469477
154826
743881
226182
772174
-448238
-291594
-562715
753535
-655304
658961
-833225
-401948
-662251
263523
912912
804422
-332940
589502
-330948
311464
800079
676090
-951791
-670516
980081
101861
940554
-540917
820639
-299591
928561
-24536
-555711
154742
-252362
-3948
863149
184924
-250413
-792156
-156116
-83638
-194103
181633
-820116
-281192
-13946
-153056
-691691
655106
-841592
-891612
331196
-793382
-562128
311277
308479
-621575
770361
129118
78835
698921
-895419
523124
-146338
-147781
-480825
-283190
-962857
268762
-75345
-118973
-814876
730552
-937341
-634992
-550640
48714
211953
-242330
-296181
370362
-133942
-964985
576980
303930
346292
-114542
682356
116652
-985425
-238810
-184427
-880843
-715686
669235
-28623
-196511
-613955
8520
-927749
310700
889547
-742624
41252
952207
-377616
490612
920
834338
-751719
704739
204699
114339
739755
-218321
-581731
86047
667138
-899375
-797301
681713
-138185
18272
800871
146129
-312494
-227753
949619
73552
780767
-978130
-615749
670314
-720754
425503
622520
-98369
-83885
-376561
-264031
164397
-671822
940669
-721264
-932068
-277653
-302995
153979
-610516
-202370
356679
-928803
659446
-625050
872068
-194425
62457
-355685
-244806
-863992
-574918
-222936
-479741
-904605
56310
945763
717916
957942
-138122
-658646
-306090
-973726
-330468
-365422
-694990
-262535
356926
2016
891445
746410
799647
248123
817608
459092
623074
689676
-735333
-314470
-666010
19861
-178462
-240927
796925
341798
-145532
-146765
287561
-427616
-188824
-850562
-86262
505087
-824287
583271
-860335
-519277
-679264
496591
482739
-787820
243000
282385
460304
60608
-258523
83378
-249717
6144
768908
84273
-973995
-409554
843346
822931
932244
-302186
-323834
219805
270198
487343
369244
-816064
-7571
544957
767208
132094
-974320
-912057
-371316
508419
-699876
871685
-209196
760429
-67708
532282
-156194
682576
-461574
-387287
-233152
-435568
203159
-389806
-612638
135403
308009
63528
-644792
-421793
-449130
724452
-237856
543299
269408
-470649
-324607
295088
-382706
304078
-196493
-82582
175762
594312
-322153
-891946
126594
521653
790630
665020
-865635
-442522
-770549
337525
167673
-383186
-527072
-524318
680342
-171864
53889
-768788
-447413
816034
774511
821996
-654616
-550096
117083
-37322
753982
920591
880097
-70256
514902
-442057
37799
-358504
-920405
-171572
-693485
-786039
385907
-464033
551487
-446421
152781
-975586
29262
-166877
-147449
-916849
64335
405138
899185
-161154
227133
-755432
288750
-655784
207247
42732
-735194
87344
972477
779709
645287
10275
-578796
724883
838703
-272280
938845
224610
263688
490331
778190
-583531
514746
-192549
249592
-632704
-109398
-686073
772435
-210213
152774
-432
34355
-558476
343785
-758398
484256
608592
328946
456732
388300
-25768
-532994
809505
-300885
-694291
-462775
-362041
530319
800914
-871710
308509
-782618
643037
-884041
466975
-989668
6562
780903
782768
796349
-66324
-217665
-169296
375200
-873880
72306
-140544
734712
-598749
-683812
123012
375484
-216805
-67483
-925402
88904
469742
-287442
-380777
270655
-159151
927732
488038
-516115
-956309
-44988
-505782
50253
-264085
-723015
-153398
669591
59321
677306
44791
185441
-250389
904247
-79847
150862
-779566
-956836
-473654
3630
-24319
-399056
-907466
-554577
313503
-288242
716079
-845649
-360510
204116
-361763
-316819
-840872
132455
733435
-104957
409441
-419964
-435367
-531238
-742658
609425
654204
6953
513671
-425644
-842185
734106
-382480
-315839
-262265
593202
285106
-169731
-961375
-401391
542027
754704
-247039
-818484
-41181
391198
-135302
117948
-476347
-401868
-987009
933094
178169
-422376
-598145
435511
-812952
-943941
-557536
700720
-369585
-399720
434826
247936
284441
-827440
-158862
-430453
2830
-120237
168156
-455143
-365534
921117
-273626
593286
312315
591072
-288767
835968
-810796
-275776
769061
367374
301849
-829084
-197115
488898
-773025
245349
189618
-142609
845629
-375557
-894674
130070
-202996
-53536
699618
799834
826227
-132226
-655310
-539307
-211109
71064
-946022
-898795
-337864
-234788
937173
-148660
489437
706234
-781286
-208714
877150
21599
-719816
-895875
-733053
469802
-38484
-887424
-905755
66843
242647
-108751
-986693
-57735
-308917
839535
810039
35773
-699773
-401071
-893163
-645794
-299865
-231026
119418
-362693
620315
-391145
-656459
839029
400141
-779309
-139373
680326
-675184
127575
150127
286333
240151
244373
-646825
-517202
-864379
-633517
425064
-173296
-793983
235102
862478
-493756
834032
969316
-139550
-465833
-261711
979869
171475
-641396
-411277
515016
-802368
988865
735707
58259
669190
-939477
-814167
-180684
346856
425985
-936311
700032
908784
-800690
-933486
333847
26015
-727469
-431051
-111507
-221224
-597020
-142191
639226
-62852
596099
619094
-891378
954703
-792183
623638
-847666
-803319
359344
210594
865871
419868
396428
-314813
-233276
-177587
-251124
-533245
-268804
-51813
-466730
-934957
974202
-194198
-366008
-137305
584578
36973
720504
223803
974121
316602
-157103
-917258
271304
50715
706380
423639
247396
65724
-365768
113267
-514409
-969341
798454
252316
-146928
-452670
719071
584269
495517
-747659
649312
469719
58143
-716697
