244329
306874
-763155
653033
-993936
974314
-722275
225557
-942740
-953247
-34257
839186
-455241
909265
62640
434290
831807
-713612
-842170
-296288
-710973
-396058
-353069
-222814
-161690
-497378
-14626
-745680
267405
869284
2823
-488266
176157
239668
-835234
182222
213981
-557508
-592222
271242
-510755
373522
110427
34005
282787
-826933
-531705
114593
-540544
-373875
818305
-251517
230067
-534764
525670
-931623
-32142
-488956
-677303
-764737
-619673
325520
-253003
556485
-434812
-88236
-261294
779170
354256
146485
50411
843502
-479994
-839162
-122493
802794
-666094
345802
-82614
-206638
971927
-264309
541846
201994
200927
67516
270371
-831215
578560
593069
-595951
958887
-81412
151046
515371
483776
-937191
-745923
262945
417066
400562
-686644
260568
920569
-525806
-861926
723362
-191900
483876
-359252
601463
455803
376440
143309
-342203
-422633
-789176
928168
-253848
789385
521237
150201
748271
-560176
-698753
263642
923601
-635944
517719
186546
781123
-81720
499902
41690
-161151
974097
179765
-437790
-217803
-336360
202959
-616340
-880558
-420602
526970
-222761
156765
737794
-294593
902917
527178
-773356
53118
275449
-333531
354365
-460910
-409931
718422
-943191
776616
499545
-24910
276518
-458765
813939
250614
721000
-623851
-967189
-615360
579108
-583529
-495918
-841495
943441
281322
315271
681235
986730
218188
208413
-786626
-728695
-516139
-120157
625671
22952
469912
344093
79762
246528
-156363
-945149
-476955
384872
868791
773660
105872
-755061
806472
490512
824048
-777058
994595
982554
-833617
275917
297824
847619
262646
-483989
56031
476020
-212683
539893
-644137
-587012
-437155
825776
757081
642607
72303
-399282
697459
595349
985591
566249
369008
91462
811189
175480
-418027
635236
398422
-423433
617789
564806
852484
-84387
412424
115130
431625
-531545
-408850
-781059
-991652
-52987
-368070
-428807
-227212
-610990
-786200
845091
-10271
911259
440440
-24681
477508
-190553
-933220
288696
984927
-351247
-76068
383349
225321
-458280
-51845
77805
457334
-639421
-807066
-111042
-170966
-215915
107900
-162617
731098
739830
408576
-496115
-871160
622377
-651024
118569
533635
789416
-906113
11143
-401137
-839333
-700162
-416210
-190579
223770
967140
-965258
765491
-84705
112547
222825
275874
305482
-888218
-895092
-910434
219682
-57709
820665
-40488
-649133
-675450
88352
973244
-326474
-793080
506878
-537058
-699192
-481980
61806
-538524
-182141
645597
270897
-958371
612736
305640
807121
-471970
-581813
29945
803905
723669
141727
908813
813236
-638591
-148897
633900
320921
201971
958450
-590727
175214
-368024
-383807
-317908
94919
-82999
200113
-843275
378477
-982029
802322
-350626
-940400
415058
955015
866722
943088
-626799
-103334
746993
-903130
-961607
655805
910107
-600198
-493092
544006
720724
708879
502456
-870004
-115908
-865568
-253810
566185
229352
663191
-233703
386077
41668
-215732
188398
691043
-156131
-396545
646057
-289410
-453457
-980742
607256
-706465
-883872
645649
949341
-973766
-954549
-543752
570241
766175
-834873
72697
896172
49220
207130
-357639
-384596
-563519
-694449
381701
822558
347220
-834032
10956
38262
9838
614411
-315682
720428
-839046
-296423
327684
-545511
-180295
-26667
-596171
-154060
18784
-139922
-583820
-215041
25205
488878
-318870
-925575
-303993
323491
-310171
132488
629043
-928471
-44954
-23738
-762502
966002
-985476
247337
580413
-301157
-32236
741367
402420
-704552
-804145
-777876
268781
-400315
68064
-712435
459764
484245
72524
-515031
-26877
753655
-440606
669130
77145
249223
-198382
-293813
320753
756664
682450
558252
722666
696974
-194412
303078
-604184
773353
44444
798236
-931199
240300
-979640
337583
839986
88424
625148
299749
-427331
-302328
784718
545793
-548674
-655889
214922
528471
593335
-983460
-765342
-85912
773205
917108
-527661
495870
614082
277928
-201052
-990103
51281
843392
808134
120082
83692
828494
-542336
-76323
-83082
-917188
-776575
489587
-219516
-991858
35379
231810
-647746
-749699
-239719
945589
-733158
-5061
-140324
-959954
-87953
332016
535917
-473872
-390056
-665136
-463974
661225
-821744
-655841
-218693
261948
-827347
238972
-814375
89571
321784
-590949
-420842
-897733
-582807
614538
334078
-230552
864839
-905642
-284964
-868319
89298
574713
-828273
-998656
-93271
707644
-472527
516673
-957492
63500
177898
-779236
407660
959205
482713
580313
198176
668339
-330117
-480041
-922611
249042
-377773
-505418
-136421
956305
264031
-271582
-949338
979068
-139901
139960
553780
31826
141305
-539491
-260530
668779
977182
-218022
-267722
155079
2743
-860063
114284
-514544
720251
-687541
-846206
-609866
-167581
-768817
639176
454646
-274234
-497246
410950
989797
231172
461613
968864
-908730
-398428
522644
123097
742877
983153
862568
411655
960335
-355455
-856067
115414
647289
-716129
-770303
-867256
-995879
-457844
-713462
-605745
374575
-482278
-966570
-170779
243488
-463815
-759830
233284
767358
701783
202148
858629
-696645
-275209
-18275
-953768
-292056
-155708
457888
-331721
488838
601821
783693
136127
885692
-986610
268872
889814
-444453
555411
-715932
930123
-926868
-682501
-240657
316620
-146315
-486
-450096
-378958
-298704
752052
-520330
4652
-523157
461396
50884
184788
-694312
-491229
853068
794527
-889408
636760
-69347
996284
650151
-800476
886097
-794303
754935
-829835
-864181
828067
-512335
-104838
144687
341350
894676
694591
962393
-404028
446643
-557938
600625
923487
903458
-348492
108275
-790854
160280
-38658
-996328
270872
-401899
-65675
267156
-751749
133850
153252
-546051
-111215
323418
-410232
-283148
811083
484930
861539
152433
379606
556130
114825
975579
2773
556887
576203
-73740
460345
-772290
-965466
669491
387991
-4124
673164
-341138
593978
-392511
926018
842229
741339
79270
-703822
-369876
-597313
-114054
346976
-786230
-629124
208515
366204
750482
-235355
-518972
726060
767419
-962085
302262
-306322
498261
529973
-271788
167751
-82037
724088
-159085
576826
318065
448404
502844
160294
189742
-417887
456472
819867
-15199
-657583
166842
198572
-286707
-624643
-435225
-536225
140003
45803
-810166
-92579
83718
492097
601099
-418021
22070
-670690
749730
940034
-946602
-409355
516859
371463
-960952
19702
-468243
228791
601816
988229
48657
-413383
-669354
-784501
785189
43940
-409144
-650037
507715
730860
395767
697550
-361720
-520515
189647
-760622
61464
-788284
-431311
-188806
-848251
-377913
401839
668609
993551
440887
-311689
-474693
-330323
-709873
-486464
718335
-123256
-155818
933834
-338067
888123
-475310
11896
395837
-744451
-592338
93387
-106171
-112852
-716967
133208
948612
-505250
701898
-240195
-353501
-676016
-838356
-684892
-682465
602531
3420
-157157
-727792
293547
356379
990543
-829709
-799439
924376
-167776
-911317
-550934
844121
