-301694
434558
374662
7698
-398576
-421408
405911
685222
-802453
-411928
355278
-666565
510199
794299
885375
949099
-76295
-630270
-772052
885913
-188883
-267890
571290
826752
700553
-64806
-208191
352849
-644443
286808
244775
53864
-278634
-380564
-938439
322790
198029
467473
8012
395577
-944455
-636711
729012
565745
-842412
614387
514843
81293
984118
742792
-32794
-204766
-525098
-461504
-378015
-824546
473690
413794
528303
829247
-299398
-226922
-116889
421968
392514
-55327
-255242
-409457
-587855
752770
986120
-532310
-883941
715132
-966566
-726353
329519
548278
354940
313636
291069
-677854
-891131
765972
-139358
-269145
941426
-665668
-855351
469729
-836421
-154749
-757194
46690
-732782
635321
991363
11977
-774137
-596492
-235254
-788017
-128802
-119195
927116
-95367
154453
256634
-547089
-490607
-429731
743981
-168461
-320861
509952
692181
409994
451377
-973487
554644
-78894
-809908
-600106
163912
236782
-332887
-200768
228145
679090
25096
631653
-556164
237080
-497149
324642
164195
407485
-520906
-579172
860396
-11513
-8903
604377
820027
670236
114328
512208
80230
-434295
538721
-365127
486811
728813
34768
-349277
-34406
701881
449955
-806262
380971
-524949
825392
824808
712131
-671758
149449
-123675
735727
628544
297153
596123
-382970
-711750
200499
-562944
958487
-685174
949265
38717
-119468
487985
673590
-632658
216797
-291642
18065
-817610
-589761
-531980
-623871
791210
-56929
-798480
616018
-344798
-470237
-234534
531527
-734511
-605990
-171320
861612
11040
116931
62110
448097
75417
376937
397361
-885866
-742532
-114654
787724
-375189
-897858
-503919
642877
-715467
-93679
-889103
-339338
-302470
53969
-137817
-686453
709171
391946
79014
240698
657436
473024
-930622
519047
-515936
186309
-418843
932162
-738274
958095
329523
-624140
-784437
-785132
-836416
-159626
-682989
-340334
-516749
-398456
565987
-405852
262207
-736483
648117
-875611
-422935
357287
516336
656079
-402015
173771
129103
-332637
-307182
613168
853673
273975
545330
-884602
232070
-125148
-508741
447633
89721
-345157
-711994
406732
314510
-228743
-991725
-119504
365406
270482
144013
13522
394872
721079
-629191
-88793
377158
-31206
-915023
-493740
636158
-222205
-880572
489830
-948230
664758
605228
283840
-460390
-903513
-268528
629331
-248669
19479
36062
-934160
790737
44338
-53664
156142
-685180
-909651
-830336
709692
811429
-459527
-379102
188586
509268
-294124
694847
145425
483672
814275
-364745
535442
479033
-759517
-180718
-981358
-663030
550755
647973
88301
-429767
-315965
154141
-639031
728374
-899523
517112
-956807
-809174
686776
752885
-997746
-772751
-626217
190841
736517
79660
-114313
-118058
-436669
-300038
517197
-901227
-821006
757680
-81944
-802364
-905350
-531190
845609
182951
39044
-470356
-662908
400013
-741983
-562431
-82875
-698789
-371604
-396100
-945904
-369349
-168851
-572121
821492
-432334
507540
-292821
449609
-929129
407141
-33195
-830356
586135
-275515
87700
783772
-180864
556511
629381
-997914
-404446
-840976
-660821
995568
-582958
-223252
-87308
-281747
405145
516592
-227651
-964204
-652259
200229
857289
-84592
-292232
-435533
-634984
-221361
971609
331822
-51716
557744
-943693
-964016
341515
-124557
592495
-29105
-122470
-811952
129920
216709
-816384
546962
993458
96308
-734785
398602
-387100
37565
434398
-39358
-762207
291687
876050
-54438
856154
-758934
724202
827762
572888
-327515
385505
629195
-291530
-272980
-495363
-699036
697915
382168
-510987
-172165
-401124
-327371
-625203
-407666
768938
-359988
990936
-618163
677577
425334
342480
915371
-282980
218529
-139068
-426826
459595
-414867
-599064
32483
257619
786441
-338323
966089
-486540
166315
-732947
-788625
-451517
-243934
39210
147359
428696
414007
739693
197633
-945981
730629
579471
731596
155963
-78050
646966
872984
-859521
-492102
-553843
600075
93032
-152907
-367443
-649350
-366466
294235
-683261
146995
-539451
-416208
358371
9032
339859
-602419
-843609
-231446
811588
896085
966188
865608
626714
545659
597204
-217324
-532391
244170
-344341
-391912
752068
101817
-791838
-154901
948911
-159281
195750
-417556
-865046
512489
729440
-404497
-903720
87810
604536
436139
485391
760928
-795307
296979
657012
-829119
162586
283725
716540
-240211
-933599
-815852
-996041
-277939
-207763
756027
823878
399
-398874
772788
841119
796877
-644768
976073
309365
-915329
-428424
405646
172481
-823888
-158215
-342129
937041
46479
954851
594053
217360
117436
-122222
-66100
877226
-55821
118048
881185
666240
910285
637212
490118
-89316
-761662
262906
-248197
-964786
618138
-272124
344580
702810
299453
-249774
-124710
475565
592011
533162
412606
-361511
488012
6658
855850
-394552
884436
-210251
-517326
-171385
907798
-636142
-505146
818083
-998930
984973
-271234
-760592
247878
480570
-725377
-133984
-791555
619204
-431175
507899
-630571
444115
-16537
961441
-22723
-603932
-400070
-534711
402727
-544221
70738
287162
245528
553412
-884224
153326
917271
-389369
-28592
918341
-404396
700175
-842251
843482
180744
-567628
-290503
389190
-948424
278322
-102912
-578995
-277563
880552
-617555
699715
-723380
-17625
-834996
679348
438155
235742
-33491
-316318
-210847
82286
837009
-293577
692918
-191584
-375236
-711479
-491410
-217487
-867998
689335
214886
-158500
78524
266462
-880178
975613
687468
-157740
856165
-930088
-458026
-867215
52288
-293022
812133
-509558
942720
-221359
174125
-268127
860928
11133
438297
553845
819549
-936940
842366
-671862
-154426
974369
-982528
-939540
-184132
95997
326923
-64309
71610
14390
777951
-72226
84303
-680076
60559
-863410
26903
-127309
-372967
-30377
651333
801158
701496
512260
-187710
139793
66105
-368161
202853
-91530
-40022
-951573
-117161
-22550
-891112
698708
-926553
435811
-365602
145057
-549799
-587652
-927169
534505
-267727
133390
671096
759176
-993919
-701872
-271202
657414
-900715
-569706
169674
-88424
570087
-764222
543415
-227060
144249
-496608
-178632
-972912
480843
-69744
725796
554291
-633933
-639807
-300653
-183731
-227458
-227821
-649227
504816
905569
-978132
263991
911651
-680003
992790
569065
-580718
-576916
-261262
330859
993172
-25483
-125727
-233889
-881234
377666
587479
-854146
-141491
-482265
871650
-587201
-116197
-768157
112147
700072
4386
884326
-949156
-490799
789895
-927287
773192
701545
-607290
765982
270610
-188007
-810934
-990653
-857148
-817763
-16135
17126
-51652
102631
-605209
-464173
248486
253300
53563
120135
666100
937366
351979
-221754
637437
-643636
-337429
688282
-134435
-547534
760996
-361243
-845989
-846294
-595262
424621
-34301
-406196
433969
108552
-223959
-582167
-874323
724390
520465
-479532
-739783
-231050
773769
313780
889086
439868
251146
241064
-781886
-111418
597428
-119314
-423136
-537008
333152
-662141
101750
487163
-508435
506489
-88217
457265
-899708
-654248
-434184
-123666
-236414
-308507
-399276
-715950
211962
-139058
53001
-14269
-825278
-57914
-574401
425868
-816850
-356287
-685551
780578
524399
-108686
-756430
-142450
229173
345320
-655287
720738
-148192
256497
178002
-47899
602249
743819
828436
-634166
-564689
-570840
-350115
647274
290102
702886
-366996
464824
-355028
58603
-109309
-171878
702316
205141
-391300
226715
-903546
-147730
-915735
325627
-802410
-571022
46365
49399
685476
-775633
-998500
287725
968186
829936
653559
-596503
-740904
-696556
-949229
549198
-993670
-316225
14022
-348697
742378
904714
479425
444694
109854
-911876
-328592
206309
-59605
-244327
-468064
137986
184652
578302
-812616
-129873
802669
-811115
-842148
770855
-981179
811412
-825648
-722083
-885145
-774877
827116
-878814
-91101
-158862
-227511
-348723
-254149
-748087
-904029
855706
-659962
-232621
62015
280434
523053
593951
-581581
-292295
172252
-394196
577833
-25079
-205311
735685
-254224
-186490
547096
-79871
91428
661952
145253
-81457
783138
-945849
759681
-444374
-294571
-494468
-192461
-198600
-638763
147578
568780
423252
-571989
91833
17203
-153569
799538
-810545
452235
377371
164376
-753076
113056
910153
60435
-339849
-169718
-848138
-677898
975535
70405
-894760
-970314
-169914
-339134
-264885
335618
468406
536516
696855
-384017
105295
120107
43995
-802873
-862691
890426
996666
-673236
342661
374037
491141
589585
-512908
401293
-349981
147244
-768426
-198118
469347
-792891
872287
574587
-763205
-297627
-764548
-28089
-962010
703858
-491573
734846
-680159
613722
-145048
363836
810850
-7739
254262
807516
319025
-403078
181552
-189835
-813493
668645
-788542
-163473
-184112
-556967
638409
-714766
-349858
510696
859821
-113062
-786932
-904727
858850
-748942
799131
-632724
985905
-881028
980999
-159144
482808
791849
833118
-262930
599364
152142
333992
-219084
962308
520500
-550440
-826234
-642973
265448
-383201
995436
550682
266942
506132
410503
-846120
719200
505776
-987270
970259
304907
-619993
956163
423879
-638995
-202981
-93313
-847147
-369864
643757
752218
782279
-22251
-466867
744586
-501751
-17307
918353
-144724
-751859
-464848
-149289
798823
802095
-643158
209326
955976
-923958
-284898
968706
-953699
-979992
-651287
-997536
443888
-290282
-200517
-649426
-137428
429619
994332
-385211
211898
-27919
147923
-43516
470330
-869385
-125164
-674395
-621244
409988
176317
-822421
212083
533159
386905
168058
609202
-897994
136764
655504
-877985
485477
657968
565903
-804806
-542550
916478
57767
887070
910810
672557
98967
-117110
-179521
-944550
-646781
-48906
-69713
-321176
329851
-659725
855141
507430
552358
388300
-105665
-279585
-2498
-3658
857179
-346995
118358
342656
-689028
-315740
537851
-231577
-399262
-404383
-344507
-488453
-731827
754461
394438
88653
809912
747657
-960253
-259802
-573519
369598
80473
-718379
-122972
-367170
669922
771364
353246
-332577
-232294
210425
320429
886064
-446920
631401
-429676
-909070
-600176
171063
-313452
55317
682610
-45279
-190222
77047
-956626
-380311
-175296
-916879
359887
251185
452720
-559640
532807
-670253
73191
202728
-898889
-573564
870152
-131183
636862
190580
-245120
-810058
-178020
325205
-719128
221805
-503733
-32580
-722878
-821123
922142
86900
255924
965516
706589
-919372
-951363
66476
331813
501357
506836
-135381
831105
-419974
-932654
932216
6463
937498
-198968
-356676
128078
555913
-166733
950058
-118883
114139
171863
377384
-918441
448985
556262
-996299
-464116
-187815
969218
-757528
-107186
-982146
308949
-775374
519211
-184216
89246
350315
395811
156592
282530
-597727
94090
-916438
45598
-777833
639475
878865
-827775
-479408
-6996
344089
897977
74563
-206927
454238
78264
328957
-733577
47481
571430
159237
65336
-119622
383864
-415454
696163
-526891
934862
91973
629702
217392
494246
-276208
300955
-460156
-54040
-59570
-581291
118185
461022
411713
-537727
358999
-513724
255347
-186764
564540
-415696
79660
-387979
-844266
-761104
677357
36113
622761
-738097
-267725
-904131
-803235
824248
725571
414158
318494
-550638
-284888
858339
395322
655542
-722953
-486493
116564
688760
-24219
-524438
-824965
-768872
288798
739576
-184568
-631542
-648403
-28834
-392645
-971046
-992722
-769885
-709143
-260446
-674016
-512377
-436198
-948445
901781
882296
-499082
-383108
740635
896241
-727566
-982319
-590252
388998
706442
385529
864560
881478
616658
153358
621054
-567911
521816
972651
403256
-870830
-998396
410534
-640714
-707538
-849912
-314730
-219915
-286110
-263174
-318134
-403814
237744
298759
-663180
133985
571193
-645499
543733
-39809
-939057
-70738
-175250
942421
-454081
978109
563474
-21992
499925
536125
-618737
629096
537729
791798
988382
830192
941887
-326348
-389723
-344224
410478
292143
251962
-351778
-409099
588782
782207
-837906
943284
325940
122286
-995774
-744799
947037
946648
-198880
925145
510122
779129
425069
46246
-839609
54165
-416025
952190
42546
-585834
894076
716198
24443
-450148
126676
-683414
801814
774899
-92512
390595
557106
69583
333879
-116955
-808132
338105
138246
-861096
284753
939366
-935952
-205125
718494
489118
841121
878886
-456718
-574904
831076
585829
-160738
725152
302027
863706
-724997
-571298
-819708
-923184
-796399
87780
467412
760707
-842638
-198710
-356249
-650770
-860605
781997
-511866
424149
721363
-447817
-780977
439857
-958699
-939856
318743
-415416
-514760
149818
-829588
324503
-125030
472439
188209
149973
901142
368501
226790
-895258
-543720
-305798
865449
-386358
495493
-490800
-37127
634888
-708804
451008
59037
-987441
-996809
278060
452416
-955508
338204
-228842
-370923
823445
920977
-200511
147947
-204054
-728072
-663845
945920
-826931
704656
172709
-722188
-839065
866912
-856740
-225422
362404
-347540
737452
-2709
-56343
188459
-943672
-43783
191650
334388
-591367
236143
-327408
179792
865220
-503964
100768
-335291
643983
896715
-63363
980138
842634
109707
684794
15343
387519
845730
-117746
530780
-379692
-755343
-816760
-642241
241949
126898
546218
298277
-916885
-262132
-367336
-508252
974012
305257
671540
839232
801293
-227692
-496059
445275
-330978
440579
425413
-488345
-449715
110206
526999
937805
-44064
-590748
468585
576244
-346090
651825
934003
895859
-221277
480221
194136
-138162
-781911
826801
353586
-807899
132057
25126
-968668
-66651
797434
-464727
-621376
-533545
975852
804037
-21889
-473863
-85757
-494891
-536059
870179
-85638
932527
446423
568272
584352
380425
464131
-636926
-139354
-341734
224913
78736
-514933
-421502
270837
617124
603625
302169
-449527
401058
837443
-70903
867513
813295
-266867
-154377
-660569
647377
350733
-196627
517556
-734906
-264101
-36022
833367
-679750
-655597
297497
-316675
205049
955764
908238
-716215
-559170
-513264
554622
-942046
-909640
-143209
-391573
491418
-305766
537524
358931
-492472
-729343
-795446
-153041
918034
555287
650333
435589
820382
-613768
-600433
653748
-293518
-256030
-48755
389808
949020
-92992
298045
-767196
347839
784782
787427
405793
875142
-355783
-985781
366560
338451
551743
-274510
845980
822400
-69956
-307062
740434
-514669
-656729
176023
-694288
-270497
575590
959461
435986
-680441
-89295
-174207
-731421
817714
-876162
-498616
165552
908620
-711190
-428656
783761
-66972
-414437
150320
-728522
-862694
875811
-882542
959707
-194146
-189604
700140
291186
153668
-123837
596899
883171
-548248
556359
319156
-228688
-532936
-855051
39891
-715223
-731213
541275
450330
-822594
830086
-978327
961168
-236887
-392763
111488
34592
-255456
-12702
152050
-295750
793153
962447
-595610
84339
116114
280553
-318763
-715
732305
-762404
-681560
-496384
-295340
-536611
543508
-10562
-267824
84783
-560233
-90417
-85132
-538559
-129249
677982
68678
982239
-287427
813222
-30463
864623
-482528
-237310
827070
-78138
847029
-56817
-797586
-471734
942468
934720
-234138
-739092
-561664
470523
-275703
981844
-540040
456474
66627
-100272
-633943
981496
361169
236808
659477
-570153
219047
-627951
-756931
-811416
-763328
-239459
-48726
-936259
682404
-201697
6924
884819
326569
-50608
819538
-907570
210300
-742127
562953
934598
-760283
-977087
391072
306344
-77359
757129
287840
-716191
-6063
-52684
-286343
-787016
319365
-43273
-598432
556038
717269
352842
619779
399672
-848856
-373297
284490
477714
576096
104028
570144
-213605
361902
133097
-279007
601619
156010
-887936
-92037
-921349
869194
-804198
-637539
-136870
143119
76118
76114
-537516
-967156
477682
-981479
750113
-169476
638301
149785
-18331
-734997
-565725
-540618
841099
538303
-970474
-372506
-99796
162623
348487
-498177
-681367
460551
409786
-602716
329744
605589
-240255
-807126
-251293
835864
268989
211191
868709
-253329
229713
618821
577195
-131987
-231394
-441136
133016
202881
18246
-25885
-258817
47772
601609
641388
-789605
-49904
-856790
-470971
-589353
552997
-73687
740391
158585
686059
933266
907293
521923
202254
118484
390631
948925
-651804
9452
526120
216209
778058
-915017
-650775
-19062
103230
323341
722122
-848998
-75051
363509
-638603
875046
506720
-109573
-714308
59716
816741
-973917
-781700
502799
959349
-874407
24721
161603
244077
-584649
110528
592273
424804
-363352
-191519
202861
-278369
157707
-816201
824862
-518953
905922
975864
405997
269431
-662739
281042
-223850
227688
566734
835866
44428
592818
-945834
-452774
552166
-820241
571948
-286231
423837
987300
824297
16109
412103
-539056
824591
-385036
182576
-17702
-201236
7437
463345
-295315
-16700
-130659
974116
320561
-849617
-249735
-451752
717118
-413869
592676
309935
-359702
-860098
-137899
-179942
711851
575870
-756106
699150
400166
260004
111253
861111
84594
726217
43686
-933109
-475020
-948878
530237
229666
34422
-600422
203781
-645017
-450039
954047
-96769
-732922
-459822
-504093
577014
180476
-364190
-560886
-999467
-652340
-985017
-755572
-953190
415150
504432
158063
276260
-410974
-115720
-680055
-344082
409261
-628932
-813846
-361074
405491
-414268
842708
760474
135694
796754
-336295
402773
-663069
159612
-20214
517408
795423
418900
517941
-856918
433884
762369
-810108
-150967
266801
347956
-874707
855827
-767765
-554762
-488256
641497
-183694
-302101
-719578
-778204
283631
-876870
982271
-580676
919884
-354025
822098
-743185
805588
-198117
774223
601010
-779217
292164
744092
654668
54533
933985
-496299
-678667
281941
-371006
-822841
514177
74232
-311096
155673
890539
386803
436096
-887665
-329566
559226
-905395
89759
479109
-259420
-88144
735925
-453832
713740
510147
-852823
934523
-197689
891270
589191
856844
825255
-907109
-821824
107195
-278115
-644664
-378629
796118
44241
777044
686656
-568957
213140
798991
101478
-227635
893597
-808764
-748526
-365823
103092
987399
180345
-183169
497546
327522
-248646
-700144
218792
-659456
-843300
44046
-566565
-665123
-848760
155320
-309786
-227388
-48563
734455
-450344
-361907
-834502
762796
-562916
266976
-464840
-669320
458212
-213365
-35142
-438696
-225966
-854798
378136
-728420
472725
-870511
-428564
-308484
-529967
-271863
735562
-96531
63014
886803
-941211
753228
-340586
10227
487682
209070
648320
653181
-28135
-914596
-79844
507026
-583915
-621632
-706340
380943
-60327
67695
526145
-682192
339275
-1130
-552703
910712
690386
-82669
-361152
425948
820801
701862
312750
879590
455090
972164
-110184
-57229
181234
-461864
-404048
-846902
-376460
516109
660125
39625
894478
953786
-579433
-165850
21480
946713
151958
-639246
-54418
599256
-728535
-364032
-483413
-89687
-938085
-662613
-387825
374665
-783023
-932736
346829
106794
10036
-471938
644930
605988
-318840
-731530
122097
-658716
308095
16574
-704931
728663
850724
316550
675376
2682
677304
-379043
-398062
948770
256925
118525
-140917
318840
455913
471258
-306495
672890
538523
-959667
-220316
-451441
-431605
-575386
-845453
249556
-306916
276644
590841
-998821
-706783
885911
729842
-856059
202460
405218
146623
-120236
-973825
748561
-171467
283101
-132914
687616
-398059
-677002
158874
295446
995889
-302603
335779
-224427
245956
904175
200187
400503
153730
893271
-322853
-255429
894450
-29636
-369519
624292
114306
832942
29510
-739072
-287295
55685
-990511
541238
-661215
-123425
228853
-59274
199574
-612273
-763829
195463
85124
571951
971036
-668921
476126
171222
731583
-370144
64493
-591271
374427
-41058
379094
-995093
-416766
-506601
837849
612744
-245672
-449447
-331571
-236182
-908209
7214
640394
320645
947940
-160033
708372
-815889
-964570
-206504
756063
-993535
124576
232188
177688
-143842
862044
-757820
264888
236470
201123
-356018
241378
784357
137382
79227
397101
891711
629780
-934471
-344472
721572
72744
-704079
42216
20683
135889
-249412
204795
171319
544084
-39143
177785
-331341
-806956
-644528
524818
-944913
-402348
-210294
291558
798776
433688
-467065
583133
-428930
612162
-19766
-537220
241942
45763
118309
-36487
-881494
414230
-994271
139190
-449881
-243682
-656016
721439
-699599
304842
-100777
-30939
497886
254696
-506121
552974
852349
283585
-155469
651124
-282727
377466
234256
288343
-10372
-785511
751124
-768431
260253
-130568
195083
378760
-716338
200813
-482050
-166219
957131
-138065
-444781
-742468
-833224
454443
226594
664662
-290862
720473
217635
-438514
4058
-937834
-787391
721332
439632
446866
9675
-570740
661355
-239202
-339170
-78392
630231
855913
-699633
913893
56726
-181683
-252326
13856
680252
302894
271388
847029
-242664
-502019
511690
466475
-781546
-270675
-972040
222512
-208509
-759430
-56157
-768877
687437
953518
-339617
348792
-285684
321213
-729601
-655454
177126
-429233
-741561
-766149
389085
6114
247708
69337
-690993
-480904
-83635
66344
17077
-571946
-467181
235532
157380
-439220
-541956
948871
-198650
401888
-820006
-511214
355406
-159623
837578
-930279
-838410
-892023
-585732
338716
-321256
-327293
572568
-932172
678822
-179725
137166
987829
339371
-946470
54173
-643552
-518415
586992
591981
638965
-852229
-949976
587836
-50878
451912
767830
437909
-192683
-391794
275487
-122961
-230203
383464
291307
-891487
-937792
964015
681081
-869963
642836
-498644
267203
630665
840727
320733
-315163
-802825
802318
-728171
789156
441282
-580399
839180
29118
368724
291092
-203053
-193368
-901591
405154
-917882
-24552
-825050
465583
-733246
-716537
527791
-769231
964544
657828
873605
-534101
-74970
504270
-693374
-754238
-810893
-496199
-951920
-539064
-707043
489363
-119462
-867863
-481520
-750739
423229
315427
55894
521638
-279420
138012
-502914
-104469
-396406
-236159
178994
-868615
-5390
143538
789213
-131785
609438
-285757
-627516
916065
-39994
-438409
-580134
8086
22528
-287177
-502552
903066
-155040
15929
-847673
-731812
-668645
208221
789827
51936
-653768
-713088
947467
-50173
50753
126461
81213
-954637
-730001
-129575
-86422
879437
584668
286062
795501
-455326
847653
-784634
552760
-129819
-71810
-949792
-226754
773150
66137
-74427
-958662
397493
-866207
831166
-550572
-519974
-881922
-603105
429854
168832
523357
-488934
214195
793356
381492
-872228
672793
-33840
413835
468294
510834
261488
683661
63593
-868332
-388150
113801
-95085
-615000
-820062
830489
-573661
577431
964283
-742496
-973141
-555692
-624418
-576245
874163
544414
947112
-614772
-241391
740468
766721
-113618
413260
-267120
-699784
-118447
-756286
561705
-434787
307307
693374
177064
-578892
-401712
562064
-398953
-571223
988403
-821523
-606941
-754093
-794664
-162632
-378510
-370908
-288470
-834096
-423796
96759
-75487
-683329
-136521
810895
729932
596360
-888889
-388516
840074
672817
176698
147381
366190
-646238
568490
964479
915827
-830464
-606745
904229
-651987
-213686
-849864
-446650
623682
-228374
182442
-664788
-62470
758646
431971
862044
-924683
-704550
672938
805249
891811
784050
-583267
731884
456867
593431
-120736
-176944
947194
-552247
-212465
863020
-382711
180791
767249
-34697
967106
917385
518654
590788
-310989
-298904
926000
626541
-540258
357971
488585
-464941
653422
161523
-659693
545232
-54428
-242959
277115
-597562
-649529
-843621
225495
-702335
-395867
-986970
-839316
221423
193821
927933
-813274
160926
845317
705380
-248287
-465673
-593525
-322287
-839132
-133783
-964317
649453
401277
689105
-189025
741585
234336
756548
-501375
-488549
-841014
-150903
-332169
384482
146762
271964
397512
307446
-506614
-408668
235379
-319887
752258
80695
-614508
-496029
615023
-208032
181684
775892
658186
217368
425345
59462
-93528
-763680
-198954
-859192
992868
299672
-347741
-848146
-851232
320090
536336
295530
-407946
-66153
-397024
85441
525179
838355
765554
277437
-80950
-848954
781409
-465927
-56986
-36908
-690036
-398801
-819541
735310
660662
86932
971630
-538293
227740
964497
761380
880000
-883649
910148
200090
652687
205678
792144
-413467
808655
-122415
-888288
647009
-356862
389150
-433941
-205816
170558
100132
737199
-866350
410097
-661603
-685890
145406
999059
401043
117035
-539234
-371217
81532
-777854
-491218
197883
-867707
708873
-149431
337972
501017
437103
146626
-621399
548815
-206365
21740
-62036
359694
815925
-891478
-540174
553123
-757827
869923
891521
-443716
15328
890580
957327
-867638
-648655
-413891
213895
-426509
94892
-588223
-294215
-196236
262346
-956243
-695220
-300551
190383
-316618
-751737
984019
705122
186228
343713
521046
294751
803539
74169
536924
673461
-34311
-906793
-311211
-143732
-949466
-178848
207614
-363357
-964954
781106
731536
-553177
-513109
-464701
709170
-469352
-159920
-591382
721032
523462
-343118
705050
228584
843110
48762
-250370
137861
-147699
823799
-325215
-474239
-210512
-232007
214551
645757
-181473
-964298
-146630
455171
-929252
-365525
186706
-482429
121367
722006
-773260
652015
-437915
-364641
373046
-914453
292241
78095
314131
135351
-873143
-936239
-726789
-20842
887561
-52004
504920
-322952
715989
-280530
-677196
-465484
-244828
176175
989687
-174080
810651
176393
343492
-67983
-101602
570233
-415969
460483
-794409
957077
546031
497832
35172
-139838
-366818
162030
-76077
-93606
-858812
-188517
854390
646108
488532
570379
-634422
811336
-895105
120750
-12490
-905419
946671
-201840
270974
290163
730177
-830629
-139605
-685792
629855
65986
-728715
175885
-436182
306458
-963954
197001
-531513
-40030
-896605
-390325
771453
957786
-744217
259985
528164
-378639
71320
633059
742112
-941170
727641
688783
-143009
-1385
-21055
-412832
167986
839341
-98624
-202159
-94673
172662
973726
469145
-520881
-990228
-333854
-52393
-30258
-230459
557283
-258805
-272674
813066
-998821
-744510
-565573
72500
888550
-823462
131331
616190
865322
988322
-385196
-155734
-424511
782791
-316393
476866
-419369
588934
-350473
-445643
58079
128647
-435870
724225
-923747
533873
-506234
633536
-724933
221093
446602
-723753
476583
881029
348748
365132
-942433
-519922
-18678
922889
-531601
596127
-232845
43889
378917
450763
-479246
959549
39696
170282
-486094
-902226
-701071
78037
822000
-624818
-388091
-684235
-991282
-113023
536858
455321
163224
13441
336350
-488029
-621428
393917
-7951
359895
316806
460449
-43979
-916039
-495663
-665062
534724
25092
-705513
-425581
-804626
-191606
-327806
-505697
886431
-505806
-130514
-501661
-190041
-121795
385316
-653183
-666475
-451461
360259
669875
60511
738832
63792
-947440
98726
-619402
513009
-945254
-535440
-982655
-610315
999284
42438
-315828
-426297
237812
492566
245898
732115
378997
740092
-398400
877336
-449949
479805
262651
-103131
813331
811191
-742873
483206
-128298
995959
-453003
-75738
94684
-72404
-562730
149431
392156
-545384
539117
391440
497054
-776712
965144
-265135
715855
211042
-533020
94852
-48867
68580
-27813
501185
-451615
-765162
-601947
-638285
-953971
-344820
844921
-82269
-348861
-608082
841993
745824
319515
-720737
-104746
-288330
-266121
-565630
-896890
-769067
-342341
-931746
-34202
-626486
279296
432779
468366
-769572
-498642
-559447
731613
49743
-324609
-870334
411459
-278580
-215153
256379
639151
435986
648298
481144
181809
-32188
760407
-922937
679483
-505714
-488566
782593
-274781
169094
850847
691018
542608
130143
123796
10974
360571
625154
451528
92184
-325103
-873082
221851
-913644
-151661
-993303
342736
-512510
442684
-8967
968634
-375508
958846
729041
-298444
638328
-776674
212990
420921
-51455
-617917
271768
-360438
924692
-598090
763358
-64334
762482
388512
-612807
-145335
-936591
-485889
-923484
-850235
362451
-916787
492501
849941
525897
-516466
818575
-849611
-557621
547615
-148055
-919294
770942
-935065
501628
-280514
-552982
-226605
359049
-628291
175305
122406
307375
-62214
-489082
694569
792452
-425673
-791320
868968
-275908
571131
952182
-783407
421072
478079
-299873
239646
628469
142507
-212739
-519587
223214
-441798
-454652
-275159
277689
-7633
498236
-363263
364077
-326459
759143
-328548
611328
-729940
-633980
403780
-155612
-425300
272748
568480
-854170
224930
785073
566903
-296992
-514800
-193452
-668524
627707
593810
-188110
-149080
-847989
357239
575761
429700
-650395
73997
-933563
713682
747539
825581
-614867
358867
-904360
-248847
-237354
-59971
325854
-964606
-491492
471685
260324
-706419
38587
963332
-221219
845136
-705192
-593512
438945
106698
257408
590957
-536064
-166831
20656
-186458
907166
87094
-472777
654705
-87326
-87643
13571
8314
663511
776218
948343
-10636
811612
-543149
-538951
71935
-249567
499636
35267
529215
344771
330076
935703
-216285
-563227
193110
-625329
-99290
-973721
395328
714253
933446
-517579
-758525
588150
395095
153833
-398279
-596591
-182657
-622062
-648248
806708
-810451
-191396
-732244
261485
559037
767393
-703248
88251
112163
626828
23953
895879
-936399
-782937
-729450
-35689
-756658
665879
-321437
-823212
-851701
-79961
764938
543395
-926128
-633342
946805
-108784
-255404
-701444
-302077
-65854
107161
-34320
-804369
-333803
-266927
-507617
754449
845237
-880790
-221599
741115
-817189
-4535
-988335
147123
238808
677544
825687
415596
825843
-254275
180534
369238
-180402
547192
316042
710814
-708212
614599
-591263
225935
-278241
374418
421566
387956
-892510
913949
142404
952727
-966841
920806
693842
-784030
-83729
705507
363094
-844922
383050
188780
570675
208893
934506
-248792
-421869
-245897
-701600
894173
-535084
-409811
508771
-126347
816124
-769471
-751930
237690
618486
-644439
151639
-239110
-691712
184798
-318304
-997871
400769
597967
707637
-236138
753045
90687
952642
323719
-700420
887147
-925073
-122289
-358751
-626673
-228117
106166
-36484
-719346
979820
-220360
-488816
-772110
-982671
-870330
-416549
168969
-109440
-108261
-646234
572256
-106131
754536
170223
-398495
-481603
-76733
692192
-528962
-753014
991772
-641815
-678087
-130518
-565
-304760
641366
-894399
658757
922021
-914580
-561604
-566796
-686690
-544274
-437125
-103238
624695
453435
788501
978462
25691
-317630
732997
-804086
283875
-748607
119181
-23933
-277568
366168
-32161
80617
688082
837322
-919948
-616678
478687
-814347
-957922
400708
-728927
-519525
833913
-415616
-63799
-603213
481146
-439104
850222
269647
-460643
-124087
952018
-727647
71827
235892
-476253
-808992
-788041
246179
557177
179798
-673204
245259
17119
-593152
628581
-504194
-407498
670660
896514
-136424
-848866
730426
447961
87336
-872788
-70894
648233
977435
-801247
-812411
-146652
-849230
-540057
925176
386663
-16310
-883816
598622
-770131
673361
-221580
-443335
-81381
795539
-36486
-452800
-708656
556017
-782141
-812142
-580408
-631006
918285
867553
456331
-954504
-203341
104563
-977069
-4587
292152
-123720
146184
752096
-198545
-467154
-264215
-82360
-868532
-34346
-408999
-90112
522320
509621
-294573
-514166
-943180
-3229
-958150
-725320
184630
-538557
-356326
102914
-671005
-899996
148411
125655
204568
171343
-878933
-503281
-952378
267252
-751185
-150922
800099
-15400
766718
931567
950255
-642282
-158545
472575
867339
546882
958409
924160
-456348
-999741
-801161
728283
-538298
-157487
-168803
-209302
-57482
979608
916354
-852915
150951
-962579
-356195
198574
304673
-107380
-952349
104771
877221
814369
36337
827476
-827913
877792
300050
-960574
424673
258459
963586
968326
258719
-837576
696609
720422
4938
-472195
-488881
947456
-492587
-572528
-905459
658364
-535106
-261653
-143063
769567
630967
-95411
-125663
508188
-281042
910675
335663
-108955
788467
-364287
-69528
213140
894173
-105943
181466
152891
56481
-121926
-126688
-938581
405879
384432
-991125
913293
811905
-896584
571657
-723202
-158236
-571406
-953636
-527270
333183
-79298
980919
-947860
-168623
316581
-56814
-380157
952294
873658
832983
846467
-232285
14448
-643
824196
892523
872670
885616
298402
257101
894491
211694
69006
997908
-216650
345804
-160329
211944
392169
312402
-454873
-687129
293320
-402733
144248
-390099
540454
764091
-437806
414112
597074
-591339
-818174
-388478
408018
-993978
-495956
280688
891638
802446
-462211
786129
14140
606795
784036
797491
-47402
-376293
9435
-655233
936109
554562
-342362
229429
-848171
801886
839330
692284
565977
-598476
106395
163051
-189815
288221
774573
-781797
294243
-721383
498891
185880
-918937
-963321
-27992
95203
643474
-243956
-107306
-403928
379751
902129
-59161
315860
456690
598478
-454712
608520
400364
-615383
300803
-33659
-213859
-592803
-870609
596327
695418
903965
814530
-10339
-817419
313420
-824459
-736355
350099
147550
358848
-6427
903594
-748458
589645
283345
-846330
-469516
-400796
610361
-871038
144493
218880
529326
529111
-480317
-504333
-684748
-73120
-374942
911579
-377702
-470977
726108
611959
-288395
39527
787501
-24750
-610374
-64950
-665902
383199
-161357
-414360
-27156
-878012
-260690
503329
-278807
-650329
632291
865686
568552
161617
394796
-911766
657284
710049
15115
-717658
621627
637414
-188635
347734
249373
522970
-612739
36873
-501780
-223112
971923
-167682
-839913
-189434
417958
132931
-67446
-842732
-363740
653747
-493060
-731450
519432
-924509
430167
-85772
-836275
87451
-375724
178841
369793
-754097
-183746
-818842
593638
-934374
704129
980900
102499
-797652
-242213
74421
34666
-82125
884987
-547376
-949195
-182460
-390107
-312935
-528713
116833
-44384
990720
192324
-614217
-95052
356050
473234
529224
-465109
-156973
775128
351145
24185
368765
416771
-271687
349664
-480730
-69338
-892550
593691
965329
25325
478678
-582047
76131
-703782
27846
763197
-232495
-855321
-281187
-241776
337004
104596
663172
-306946
-422171
192396
227945
420856
-32477
-420911
-554959
-663712
995861
173354
685952
-484870
-895984
793403
-891179
-930656
-181272
587500
-512703
894860
883718
515144
658057
-348777
659823
-623131
409448
-3174
481465
72620
689880
-940706
-734985
-82176
480150
232539
496914
925191
568828
492774
98545
254779
-992096
202562
48182
-883275
271907
866910
704226
759204
761769
587943
274348
419826
-760835
-65830
796695
648614
930997
278160
-278767
620877
337454
-13751
-461299
-182396
-781212
-964386
-257205
787616
528389
841341
42395
536294
43902
-909424
653020
-684192
957486
357245
-924988
719255
-54813
349360
139080
184353
-716470
-64225
-167034
-785473
-786066
554200
835404
551388
-459552
-625896
-631008
-240764
-590281
111787
-453148
938108
-46873
589247
474401
997030
679823
127420
-687162
637309
-515336
-612150
356564
429852
737211
-504357
-385795
-979259
431418
447172
-764732
645352
1371
-929329
196740
541820
-555224
565732
-698944
-145505
-322482
-152092
-207397
630646
-562845
-732996
627676
-883022
394424
940514
754287
879089
-671636
110850
308941
-934425
606494
923147
-913684
37911
370318
-678415
-316737
-628311
-607743
880004
913510
-162967
445736
-785435
691529
-876746
62474
-515869
753900
499629
-248865
381575
616608
-854441
322089
370894
-975352
650453
-518256
333590
716028
-911763
256736
802344
126149
-372947
-876071
809413
-1257
-483814
689416
-87748
353219
135151
126818
44747
258405
-810709
528879
12305
688921
-719987
-606121
305528
-574427
715969
-323578
-549779
366421
158166
783811
82448
246404
40546
-115208
-627448
667600
8721
-818036
-333657
524907
871381
578595
-121874
6531
-294587
922873
-735064
-105295
451751
277241
-416375
731765
671121
889154
-842663
387089
-434424
-392442
-246491
723743
-608631
835958
-29854
431916
-279251
342699
99516
729471
524664
765859
254378
396044
344454
-867497
-597425
-950134
-944624
-332488
-55429
507127
944753
528197
238892
615874
417351
396229
2962
982927
-996213
756472
706670
-604843
592430
-323185
827073
-686821
-980486
-73412
-957351
544178
-307553
297027
-59778
-963100
429530
342798
-913234
484906
-989691
31338
-7967
955063
-440466
-769075
570936
976885
627155
-426102
959812
630943
-669631
666481
-973901
922800
-656704
853173
-764022
-637190
-220240
-721372
906989
472208
575656
-152790
509108
5186
-809992
595875
-509909
-799683
-372788
482125
-844621
186746
713051
726316
163631
340205
-699787
123442
-28853
-369417
-210078
-2753
-446618
133218
-149581
-210640
496028
630180
67989
403017
102387
-356356
-749773
-388506
648830
-559765
-792632
-861079
-359447
-165420
621047
-204068
-978674
334097
-477753
184957
-325699
-177540
-691601
645449
453044
98321
-357305
-993575
-768461
493114
-204214
727568
123294
863775
130584
-774320
-492582
380811
-162825
-843753
821046
44543
-704831
-538402
879124
916216
257531
900451
250312
779779
85408
924614
-397761
393807
570062
-944718
-507873
-787243
-938293
-276334
705872
-142507
-548767
-170835
-278732
581817
54846
228686
-37372
892021
384934
-216327
-63436
680103
245272
-184312
596319
-497197
-283862
-153370
-717419
801546
-228756
-115180
195353
-658694
-59898
687480
-445937
1810
-588854
-740065
859304
-137620
89101
-419429
-555803
-856054
809258
406825
-964033
194191
-809502
-27469
-125706
435771
788220
-529388
938574
-495642
317243
-778846
-694096
-911514
105975
501257
-570208
-953924
188736
-16144
47886
599883
243791
-92810
-537738
-667109
487761
-93541
-523162
297018
-686716
-487195
-508791
-496218
485337
365503
939554
273556
836116
878127
777914
153358
-900720
-916183
241845
205255
585075
671638
251332
-226190
-344507
-700782
-626307
899285
206408
-164045
-767825
-305832
742415
-290986
991187
-944302
221819
-517605
-440519
-292845
847899
-500966
980712
684014
-622839
758626
-162628
-523559
842444
-920784
681697
427518
750854
-66971
-798672
-593654
232248
-424979
-694369
-561345
410977
-462194
132824
153391
246820
124011
209090
-531361
606406
768572
175795
454304
-732394
156506
138317
-355233
-84868
975690
121209
-242425
-945095
-197094
-814907
805759
735935
-613579
-787895
-31818
-38558
-482264
406838
-627581
55543
-460338
525810
-697637
663673
-265100
-228998
270079
-496529
946798
-275618
-228923
103303
862700
415845
-981565
838389
-462947
-223990
893295
339959
-38897
699054
75893
347525
911159
-955925
-691033
-571105
450914
-318614
484439
990576
-792805
786802
654249
-57904
-442196
-75673
445567
-495399
648710
-783356
607905
511409
632489
626340
349798
-830459
-597650
243092
509500
363454
-57855
-414607
-289022
-146696
-370531
19945
282200
-919618
701331
-233362
-929043
908527
-446560
725207
-149378
111245
-350467
-703811
615847
-701758
-487166
223752
809652
-854678
-149909
159450
-685136
252442
-597458
824365
-384105
344687
-590242
326873
-802009
39227
-653182
480191
119609
-951852
-753171
190567
956676
-199730
-84227
-192703
911515
565307
103487
527362
863550
616321
-248887
673202
761644
601204
-167349
-923493
-146355
235193
900873
469541
-420120
-689370
-203587
-222128
349857
143231
-741937
-530534
191380
-495108
660034
148055
305163
-424193
955353
216678
-858887
58839
-255961
-995337
-324840
495152
677865
-563197
96356
-489484
-486690
950002
745709
-585818
419542
-674411
-275187
-784045
103461
-925331
359186
361524
-455864
-449434
866417
-795831
698622
171579
-220024
653974
-611744
-78910
-287187
132295
-74247
387973
-372554
-396382
824776
723803
114134
-661914
673804
-140157
-247731
93345
185432
477082
309301
-711108
551752
-331513
650416
-904113
219053
516833
-699943
-82326
-311589
80034
-428352
76667
-998877
284461
-791038
-73123
-327566
-163591
530496
-502791
-439789
-355371
-164704
-765986
504472
587565
327360
-310096
64646
-363340
-21204
-383602
305147
-370788
-287715
-475800
-853956
12343
441874
-165544
-907624
-986478
911123
-906500
297983
-879916
20377
970418
-43506
-449127
-532374
516705
195502
302922
750720
-300026
-109513
78079
389878
955134
714740
-631326
-428469
19887
-2113
283817
544087
143931
-703841
-14039
978387
-611465
-517
889510
-517964
-702534
-990406
502414
-732117
-33912
-946714
-264490
-517207
248789
-961568
-766488
948763
-71081
311592
338641
-115948
26332
707316
455583
-953782
-294798
-260601
590306
849134
35559
-423734
827521
424095
575750
717031
906131
873216
726625
408544
-858901
-307287
461830
-123391
175506
-289382
-84959
409019
-340619
843960
-279390
998023
-271988
746943
705338
-816405
793161
-589460
-77005
383466
-740327
958554
959733
-912806
382648
535482
804225
288779
408698
530849
-302678
549797
-776438
-840848
-573595
399069
-130229
341446
-191913
529153
185406
528698
527175
913418
275640
232513
-902988
68801
643053
20007
-547733
902727
-21439
-588001
989921
-638791
947482
794145
649988
356179
324994
-652691
-94025
548557
-493538
332381
-52375
376233
-326173
755712
-94615
859233
284410
-567440
772651
-439951
665073
869664
628851
308126
-110329
-918883
210852
868232
-506883
200773
-770560
-559402
-5082
879428
796778
-680088
-773263
-297247
868469
-266801
-964867
-183907
-890568
-291039
-428195
14817
-431807
856216
447377
-659156
-583736
112450
-789493
-954885
-579425
100179
-873768
631428
-31589
-380650
-167800
197851
59949
827118
77279
-143274
-852971
304017
559480
-984502
-962784
594614
-168409
-853352
-696426
403397
161466
-128232
259612
-391157
212612
675877
721293
423120
720992
-858132
-476701
847225
773296
491710
-533426
-394505
-310440
526524
-567388
766840
-616750
-420358
70856
942730
-404860
108072
537343
426732
254721
840918
-169871
-583814
-287315
-910260
25029
925298
765618
-253678
348417
486610
-111810
871716
333834
-338515
363425
800409
266981
-947015
326933
699594
819826
710183
-720765
-109319
652912
-125624
998754
190255
-698893
253475
31172
131236
669661
743857
220977
-305310
669154
-13405
441013
17571
-526796
-670797
-110713
807039
-9312
-747288
607448
-742331
-694303
-65620
957263
-874478
-355438
-763502
16204
-702526
110874
14958
487729
411982
-731568
-481099
-456783
938094
-737242
764195
-367217
931913
-249211
-926204
-50517
223994
-597001
838771
31032
393688
-908518
-361521
651357
-602820
572859
608619
-477297
-782579
845117
538908
-485105
-44009
-446135
-997377
-632028
-177703
-478475
-88810
-239609
-215717
-324616
393174
-283805
426174
466971
665679
-349833
869970
504449
681200
263657
595931
-680322
-84987
993112
892538
-476368
-484186
-890042
-631251
-945278
-375146
324740
-391413
-372522
692712
430885
149003
-396098
-808725
933286
279286
584450
-350519
-294540
51420
-684841
355628
-78611
819608
36827
-814954
415539
356506
100060
408651
249044
623692
924465
359002
992442
979188
983857
317181
-412226
-388666
9893
-981341
760338
613795
-790066
693623
-106919
794385
-656897
598542
-154195
-341737
-45831
767195
-522130
990997
952241
893410
347502
52300
302060
-403455
-324008
226525
955548
-331566
205712
939404
985615
793486
-449262
-4492
812146
-688925
-390697
-977920
-995302
502384
816465
-652199
100926
-337731
6064
-944906
-570537
483935
-953910
-618296
377344
393593
434005
-320597
990138
-890003
905928
945685
-221569
111640
885089
-235954
-94875
-564173
759554
-282729
-253098
-631144
-260649
-248400
871241
-444185
99402
-27833
218085
-894534
27261
647549
589402
73352
-970747
-33255
-533056
463258
646149
-542919
573255
552077
-597234
-648315
-336284
-712145
115732
568842
-276318
-124715
-713888
470584
244142
25464
-777816
115383
581280
321586
-912451
-200636
427053
114811
-553087
16454
-811838
-523834
983200
-344894
939425
629349
112188
512679
181426
514955
864365
845142
802810
-19903
413984
-473508
855382
700097
997076
99524
-274440
-780740
-785093
-693161
540847
-697543
106204
-32101
417268
553118
984354
605430
-970716
967553
-739464
968709
596901
372725
481388
-221674
-112321
345753
-376532
-309511
-674151
-962548
216981
-818769
737550
214057
280756
-536891
433317
495663
-230051
-25836
798120
876154
942063
215388
429272
926416
-179182
458556
893969
81354
427264
490870
-545921
-91348
-730804
341759
-745596
-107336
-967752
-419747
-69883
249229
-238515
-332334
-536714
-957760
130776
896604
537904
900726
-129233
336023
776879
-187170
-448590
206151
-260755
372228
-335294
-366786
-546418
-908030
-875917
-92338
622
-606721
-750580
255026
285944
-718332
835280
-783940
530898
-403235
-116273
994184
-360995
-985498
890788
-823092
915228
-238446
512932
692107
574384
-935658
-101743
-686371
436570
562964
-53156
890153
654934
70927
-202186
-344445
464207
47235
910582
-249850
328903
745862
-33789
-140200
-657374
849938
-146016
-18369
864440
-255229
158540
779668
506326
-328529
471774
80710
-264187
-629969
394339
-827617
932995
-658818
-937464
587928
412110
-139650
-756517
-123684
907586
-845936
626467
236488
899927
-407323
-903712
-757448
-557385
-49727
224184
-692945
695044
-617277
-913278
201370
54195
558496
-717921
790009
928528
676418
962393
861522
-982400
-975072
449449
429710
-114721
692932
-693974
-207136
846997
932493
-970648
746923
-474830
-874359
989475
-32214
75914
213659
274841
-229042
596383
361564
972328
-349422
-79940
-745594
-559414
-151413
930825
-597021
-289892
948426
-572092
-840444
378136
313187
852489
684162
-893949
699485
616655
-864596
446408
-858175
-738955
435882
109611
336959
-350459
-615548
-892084
-754077
746016
-919756
-103499
-333925
-665349
337087
514662
-734524
740067
-775231
-786099
-832026
-615674
592037
481162
-763185
276199
587213
936300
-107146
722617
382707
34680
983662
-181411
-855709
320621
468130
-471257
428538
714053
-725241
508783
-389446
-59166
843434
947641
-544504
-891091
687708
-319734
-677189
855682
64593
914849
336843
301408
191047
-75944
237708
-916099
-353328
-379585
118581
-369666
439004
262872
950956
-92866
791616
379493
-378813
-933626
-111725
231741
7209
-268291
179382
462705
-159382
-132911
-857029
163429
-277229
207564
78277
-940387
-491028
-730676
-16331
746680
-646775
630342
-632906
471807
-739324
806099
-265321
-788369
-286768
-473706
591125
334420
-407332
-520600
-433840
599877
211109
745543
62582
-948274
-387369
205553
215156
335403
-586883
-706567
395016
-77911
-437242
-621315
-331232
-84016
-990974
35862
-612210
-730298
-158039
122469
-518667
555193
648763
-927542
-110387
-758569
-448142
455773
841308
762967
201316
-96110
814694
813948
-890558
29850
149350
-477440
323283
-455635
444649
886041
-76949
-886583
-197976
-67923
149280
189815
201780
991241
-687717
683114
546434
961047
755572
-563954
-797523
-692571
891820
-956215
-929605
93136
-52325
885090
-92917
57118
-85061
-943568
579679
-761779
-399202
24327
-875738
523849
137745
-73713
-544075
-712976
-883899
657705
-721735
-571615
340818
824699
-610568
96390
-739255
-408090
403819
-847435
-364305
474215
245701
583371
359304
-847217
-359511
-725758
-790785
-779833
-487536
-189987
244495
-363273
-666138
-617761
563014
-210213
-330737
679116
-552508
-52471
-892499
788311
-227773
-503067
-115299
32973
88843
-711481
185538
724539
762734
-568762
307909
122038
-415979
948398
396280
-206763
-831435
908745
603251
413060
-454529
937113
795299
-891515
-273100
-535438
787601
174393
412091
895102
-37296
-815682
-607965
847405
217291
480878
-864076
-597171
205416
898658
-165933
-486675
20696
418089
-538278
-583024
-788674
-369712
-674280
814577
-956653
-128808
751690
838647
-20323
-521410
-696791
-232723
652984
715301
-337621
-384313
899619
54414
-536908
116910
-464708
-400984
519739
740709
-502326
-646194
-745967
518370
771896
-284244
935346
983222
346044
-738934
797799
389391
132258
549489
228038
-888066
-971922
531247
-120788
681063
246548
541591
-703251
146166
-403995
-240158
-736924
131298
358858
782816
-127994
856533
-863379
126039
374903
908517
841795
310248
891739
187839
571314
689537
-422770
-296428
239025
805268
-184494
267104
336515
694719
-51834
-416938
236310
244916
729229
832315
-995243
992306
-36387
363616
775121
835619
220149
911743
-38343
-404949
820260
-196548
905300
711998
991291
476614
401534
-431480
-819815
-359441
-626212
-4308
907663
710303
-309590
-144171
-706635
926720
-899256
-977407
759035
-894498
-985102
-277353
469119
790020
-441734
-310733
701762
519923
284319
522021
-676625
189618
234018
-685335
-333769
-364448
-116814
-153584
276111
256975
842108
183774
-32723
-467482
-960398
260643
-540763
-859654
283236
-781728
-754151
298135
-59080
714968
88154
499186
-595765
-210085
19108
688554
-688065
342484
-121829
545954
657150
544403
-818495
-459665
-609182
457616
797311
-767074
-358610
-235413
-234556
-319008
-974771
224682
-178661
308466
442955
67188
-393400
-616126
-217844
694755
883060
186392
-515331
-97832
-125055
-203395
-755349
753117
-657441
901802
297520
-475936
-557864
688338
981681
-760553
921265
-376930
4034
-313291
304062
29264
911392
-874600
-662270
354346
192589
-55669
738221
974746
-360915
621280
161137
123755
-476552
-963918
920361
-231900
789200
-737081
-330099
86719
-213016
112038
-224943
-231336
351485
-303679
391735
-644481
383031
-304204
384784
294422
-178803
722514
-351232
-986214
-333155
-613012
988532
305931
-991732
149668
-570315
-468284
185750
-649954
299817
-25050
-387035
969718
-938332
399950
81755
-163275
-831387
-566761
533047
560348
-211242
-83923
-743856
-826459
-789501
77342
896056
-140732
91128
-437100
246257
79659
868831
254525
-770673
-701484
786242
415077
-351438
86059
-609974
261528
55776
-548305
-338523
-862470
288420
-169909
-429230
-178534
-609561
359528
737544
-353417
533070
948044
723925
429125
-192689
-184948
992026
-946433
894712
860856
308093
-875962
-840628
94335
539116
-192066
-819607
929142
-930538
236169
-619163
-269060
373700
669257
561031
944470
-509277
951470
303998
-771733
-401948
-162933
-823690
-678023
-733808
-16378
137030
-741783
37189
31741
-880927
-654718
155779
-721555
439618
-305106
86380
620011
-375964
155842
-143820
4873
886783
-770120
-325870
447813
-825651
164854
399283
478347
393121
997336
-684586
569432
-680688
-418394
-446947
456342
-160177
590243
