216443
986224
-997079
465755
-860613
-291944
606580
634922
-321803
-68981
-242517
-302121
-98223
586213
-128464
256009
176609
681735
562902
498286
-410583
431374
164890
-497286
44585
874145
-820781
440545
332678
676267
869027
-450880
662490
871949
-985125
801878
-419995
621456
436800
258202
-447526
-805718
956081
454252
780496
-172384
-289739
-42895
-490650
-726837
-544609
98768
704537
620281
601482
-250879
494425
780702
-810335
-172898
456968
-941309
376223
119458
930641
391098
-78665
-489355
12554
-641866
768847
565028
-447583
724927
19280
-667088
-447457
729541
290017
61894
-997297
745409
-839338
707241
365689
762144
-543639
-139887
542845
-353973
687216
-187
-295281
63438
-880730
-364641
-545464
40605
146004
467090
398739
-85149
32118
951157
-360223
-948603
-715931
192321
780938
574087
-745786
783642
319495
-585124
490883
-314817
-822980
947245
545296
719866
-406729
232512
-280322
297991
-704051
-161052
933350
-249514
879554
79354
-782424
278293
994205
249694
229449
-366018
301091
513518
826303
82029
87604
-919483
-134329
-592902
-504606
-643446
92281
-327585
-696202
-362423
-607720
-102930
870089
111958
-804940
-833962
950907
-871590
-83476
830460
207764
134100
108752
201968
-616206
-661799
835950
684885
851719
662253
-233086
-60678
742771
632586
346421
-761836
989140
-561299
-89421
-707063
76279
302860
190007
-53633
-585182
385068
112406
-634276
513478
-971071
-803816
-278759
163030
304936
923210
546824
643137
759159
231709
494856
421412
998623
-565823
164182
631209
780599
402346
620348
-780700
-687075
913286
295579
615785
103293
-758054
-969398
-511640
354352
-603673
-998163
383282
-407489
-276921
-453689
897448
-353712
-906865
540584
-594553
324844
35440
826859
323467
469618
-8960
-45325
250216
-606614
-424977
469516
-293688
-511692
-234905
-677903
591601
7041
-647300
-920040
-638608
-250973
-918202
744675
341539
-195122
-709014
238986
451166
-615879
-220430
856613
708966
815010
683472
32432
284627
-325488
987108
-465157
67898
-437870
-995642
774211
50438
-230547
-903693
-357961
776495
-550992
-278000
-862113
198035
-196202
882562
-460426
608676
-826453
778560
59842
-442331
-441871
-83545
-733366
-626861
-400074
299067
657767
274438
286174
-807391
-657664
848305
-803033
-883454
-101257
-33579
-787146
540782
-257085
-338138
-737219
-119198
859898
66580
-236636
-600529
-324744
-63089
-821969
735099
494581
-263839
-348447
761215
109300
251479
60281
-232934
-474083
-653545
-40324
-131747
-805241
156644
-15200
93503
-876936
197655
-365716
-134020
859517
-102934
746783
719415
963647
-489853
-881115
-361097
447058
-703083
-625999
-58361
33078
25555
-297147
-857623
-722966
763135
-90556
-197048
-890411
869120
671205
-695651
25763
-343995
397852
148828
853660
-967864
-985192
713177
-70797
761592
432592
-107151
-728262
551478
531753
718797
848395
905755
-339565
-118528
-68691
363288
23849
208344
126422
933294
-988705
236011
802414
682501
540361
-171823
-661494
-61788
977006
-807834
-29652
991814
905343
899551
753405
337934
-207600
-974858
-110589
-675847
743939
-262194
-770093
-595626
619278
161217
767662
-356873
-630439
-105916
-423580
-619144
-869906
-621167
-936643
670456
207011
-598137
-391333
184016
-405971
579016
175829
-500628
478566
-70766
837307
-729034
-45623
-273282
-404881
-301684
464524
-174973
102690
83801
986244
-129649
726928
-644196
764435
-696652
-263339
894530
-317819
-199982
564985
889193
201881
-826348
73208
795910
752668
-750963
-704718
231233
178271
-867412
502200
-867353
-140694
-902682
-169037
-676171
-77654
933653
407630
-91411
-195996
134557
264394
-431561
437905
-998945
-537032
-879914
-198927
-972047
-990722
-997046
-798395
82487
798865
954273
331524
-905854
185506
-490206
-773266
-312295
-357558
86040
-214976
473406
409870
707370
407059
-182501
-384041
-788938
952057
880354
-220499
389962
881410
242470
510049
-317518
270423
519328
-314563
472028
-398186
-515699
426301
933339
-421552
-388194
-556867
-194817
299512
85575
891224
-915464
-441019
301093
791907
966040
-881408
-592135
-822898
-929352
-711781
-43397
460611
-830372
-800927
-29340
-147889
469497
-510013
537548
-58475
91802
-978151
-632175
25140
-399702
-20368
468274
405481
-720857
-446152
296704
-636321
112829
-402203
-844415
78869
-283611
-436549
255971
-212963
-148329
-787426
-752352
21299
-588353
218308
873411
881144
708296
410959
-177331
-199903
432809
190494
825238
-966894
-829875
293511
438588
-550731
847360
-264708
-187052
-39811
333089
-31466
-960943
-950523
531985
295028
-163485
-616345
507603
84163
404955
919250
-697529
278365
800394
-989234
-310677
-376937
-189136
-877869
813557
-363898
-844762
983683
929614
593826
-567049
776973
-670883
245899
-262838
662206
-785568
-223780
711684
746418
-928752
-451802
-869928
578851
632361
535027
498101
934833
-186608
298495
945599
502715
921558
-243537
624847
735114
392565
780086
718797
322178
373912
-848253
99151
703030
397647
836314
365236
612079
-387467
76919
358497
-316219
625117
488569
-737369
257478
23596
760732
192310
836988
59227
137909
339703
-19216
894372
-35450
-284102
286936
-255365
-565306
-390886
-881453
-413559
708266
821577
984089
544579
186812
596168
-842888
-736270
-45336
-159107
888848
-556768
103525
146325
466829
-135743
-661365
303817
923484
476544
-356481
-95733
370915
608070
620166
-342149
-647296
-945141
266966
-528748
-358699
-24769
-707172
-374611
-480190
479640
-778444
-323078
743371
176221
517815
632218
619453
-378661
-221457
86282
485596
117179
-609902
409080
-406278
33618
-686654
964638
-358313
933512
-377512
-5608
988372
889454
465644
-370327
-135315
758472
255062
384495
238112
476619
-938584
-18518
-347161
579232
-386300
-727708
-799430
392244
358575
686167
-490578
748673
95246
103144
-217710
408593
67782
423978
342105
690270
-581631
330477
579724
884013
960150
-555592
642485
215212
828904
-119404
-308169
890320
862079
344670
469551
-524221
616963
670122
868023
-24463
356289
-622556
-275790
-548465
480589
506501
860129
-451630
-69522
202233
-761360
348847
-467290
818365
232860
-507141
-737227
-124656
708072
-908324
755940
-600098
981997
618019
744573
451548
-906203
361536
121669
961820
-662928
-522042
-660736
61283
-70507
819854
-432217
-210379
-631776
498261
991855
-393136
-152892
-475436
-574771
-920033
17424
-311998
-44689
-274505
-220321
-288749
125397
-238325
-670731
-130030
-786778
-576933
-768495
334891
-615114
-431423
812850
-275849
629860
-257658
-455996
-802357
531964
-87772
695904
523818
519093
-456989
-951619
944322
-377021
65805
-367676
578290
791301
412003
-710459
-83303
-826323
-381189
786667
-613101
41878
-981829
721791
426765
-413251
534641
-849085
-783391
-723018
-305081
-585748
808947
607148
-889844
332764
126241
-346832
381146
70562
276147
-553049
702887
-145563
-761749
114889
143979
154949
288567
762790
-58384
675467
-195332
-40212
397258
-768568
546538
-68102
-617653
763147
208881
77267
-822601
17827
-315585
-712445
-649409
810656
-59276
731738
-118782
-783130
-821312
-415896
71308
-583060
698994
-784714
571890
-12439
978077
-486495
-336973
-217256
473294
-939715
14176
19831
-7817
396524
-217023
-798936
-526209
-39623
218891
158206
247932
569483
-31139
-811344
301220
850079
-594473
479909
-565817
476835
896849
-866824
692122
468739
120738
670198
982244
783765
-547058
455538
844051
467118
-524632
-163767
-136359
258345
37298
337432
-781279
-743811
-504362
466654
825672
464499
655310
126892
314578
-939163
-393200
748761
537672
-496351
881938
229794
972388
2675
-100008
954632
-213560
352934
410169
-369509
-179949
885537
466725
683693
143882
-495978
21125
362604
-239789
516763
-170742
-414117
-18738
-515432
712775
-704161
-454595
-680426
-955400
-916923
-176776
926539
312871
-204389
-70787
-787138
-249757
715654
565796
-839588
-653856
-614153
-954051
812869
-930461
189831
-683109
90664
-447565
77102
-392573
381693
662986
588689
866262
375760
884529
-588334
695335
929129
-505257
-481442
855667
807614
314170
-215120
-979524
-935587
-499466
586272
-775175
-153321
972119
-729226
-340452
-958342
460606
-23561
132323
-986960
-946459
739750
394734
716527
328439
260995
92286
212967
672662
-212379
142096
-832596
306179
-2237
975019
-379651
782643
995496
-315238
-716823
581768
-90413
129856
553887
180362
789404
595545
-359033
-234157
-272132
-345992
-180616
-532382
-951258
-464090
796057
309738
628197
9024
-17601
-584183
-848881
149804
721997
148883
124823
-657655
-68475
120318
27107
214702
-297915
936695
-655442
-744029
117056
-866039
851517
758024
-100196
-420616
-587969
719189
47002
-539226
-744902
-156941
770512
883296
852083
-247089
-700888
-996798
902715
-978891
152085
27537
-636546
-916390
-852145
390562
298313
-150059
327256
642871
105912
-555688
776832
-42571
-797665
-323364
536813
-385633
-604176
-416186
75141
-349077
426873
-154347
-465782
278956
598564
-166669
282158
501278
-145560
-565757
-471185
217895
-482147
-323329
-391544
816166
526612
935713
459037
-367477
-619976
235868
589952
-417641
912505
126765
196727
-691671
710579
-728133
-40748
137452
117520
493471
-583593
-283916
-673198
698566
-782638
181243
-867191
-253823
-600863
-349337
422849
7594
-533172
-50540
-56694
925866
581984
323330
161733
171936
905690
74238
-701300
102416
382567
-990721
374284
-658181
146732
-508196
835290
563140
207888
-837908
261705
425250
343335
394515
-828573
742473
-954823
594276
-249934
-487994
-456264
693372
-562129
-874281
16702
599605
297655
-77608
-326158
596356
-975192
-943591
605635
399092
-601771
-247634
890897
-766482
-684495
98785
-604389
577211
-475966
738946
-28274
-304538
481418
16903
-710262
-768516
528909
-166526
924856
966781
-40807
-58442
566385
-743153
863951
-759773
853203
888759
-703364
458838
287851
-305135
-788796
178747
-71616
-473290
-722469
323996
-896079
-198434
62941
75647
497028
-455641
-907451
786766
-224157
621459
-379761
-299301
588239
579433
642258
154624
836281
506208
394851
689484
394966
691487
148321
-317183
-613648
359526
861564
314737
886236
-860905
-361268
990157
-59338
701674
65804
-562310
-753968
158354
-775544
21876
-220188
-155304
722575
-631949
-575872
364832
522675
-739592
-128960
-82475
949892
-733994
-390988
98213
-51177
-4635
-542262
-189613
-689899
-656027
-50518
-51166
-665870
890145
-349493
399934
-672166
-103461
-441713
-447710
918416
338100
396986
640991
706152
821114
5823
228826
-918478
876863
-853649
-968587
-857132
-244636
129626
91691
750729
587365
902078
-939170
931338
-148440
9664
-734532
-258296
660171
665403
69539
-443290
-776311
621829
-524875
561790
18815
-883885
267942
-160072
121938
-503233
-78549
-1200
-356881
-47136
141669
398483
-917510
-766641
149212
669856
-864563
210042
601194
-13002
-780295
866662
728702
879876
532064
-201760
-563414
755754
-579931
-88288
317544
438884
27827
-414515
-721188
-850235
82252
200263
148566
725372
-846873
-709766
123854
-764382
-476406
-726935
905474
-340968
483108
506667
646030
702813
373328
374731
582689
-94608
-827029
-980726
-338855
-406959
-69014
978689
-968076
958814
-435827
-689263
-891422
646426
511000
257145
371798
664128
547379
-504348
899746
-929027
-231283
805219
-269995
-748175
311886
-623966
954638
-314787
750766
537326
590606
923738
556601
-748250
-483222
-512413
-769561
-451297
-553600
-205387
-140560
-445021
-558962
-629560
812124
812837
-965433
359503
-691512
934314
430476
77205
739533
-839519
329031
51418
-463485
283668
736632
-712719
-179006
327237
-788982
-622406
578988
-272203
-134819
809427
276500
311582
-395961
-864060
866561
45078
-493619
678684
-142086
-459052
38186
166402
-524738
-531338
-756393
-785206
-370857
572638
266212
165659
-143694
2843
452940
677300
-669921
663958
-945106
909067
-608245
-79925
718494
668255
-768344
-677467
804196
-901784
367612
-689424
776901
-774475
-148475
-184914
391928
326787
283749
635536
541581
912892
208174
-192207
78550
-935521
810636
-468511
741779
-859285
-804553
796674
-950218
-412798
-283252
768277
-744543
-51595
-909191
-940347
46622
458421
-629770
-176478
683947
221755
638609
75874
-451458
-77642
-288590
-909877
-164751
919584
-102084
913800
984063
-291448
-554712
725842
-150732
-359264
522515
-100950
227939
-760737
-332673
483396
187669
-241864
543050
-765709
-783443
913280
57813
900504
135034
-303578
-23622
683577
618780
687788
773700
-545971
607371
-328384
-632172
591434
380168
-186883
317276
-770564
453853
-160210
128486
-318209
79054
795813
-834813
-733278
-446051
708237
-498987
-229494
621516
558827
-328991
-243450
-744751
647387
-559874
874030
335175
-786174
-671941
-57455
-114557
-304113
-466022
-734389
509004
851254
-504953
-37143
-308956
623534
644649
770099
419347
809836
-963179
973296
518073
-462165
-256199
139589
-903339
414811
896139
-648089
62198
-663735
-774059
-602628
-449908
-446000
339918
435535
249887
873896
701146
-241109
725150
-803808
721748
-583806
819726
366396
-813708
239072
176232
-776887
212368
-305696
-239052
956170
833893
-142390
370981
730032
209522
-566822
-933703
435463
-169449
-383611
989464
-829532
-948076
239351
-955636
753071
998242
769514
949263
719990
-814292
768989
86386
-628000
8061
-737383
-404886
-779571
-43078
356063
-823402
-209185
-786327
547579
-479154
423195
980758
-412856
-141342
-188692
203534
-151879
-18223
255458
-912529
26141
8528
-914287
-204345
-42209
805703
-18637
-273220
-107911
353364
734842
154706
948479
955271
-888373
304541
-868131
-97558
518214
679449
423289
-58591
660206
-989568
800068
-528486
213966
-351811
453291
-530576
-264340
-520569
477953
-178626
275086
-564257
-372923
-743551
162524
519166
609813
-102635
-326128
558292
-147364
-214501
-137168
-15495
687942
-618954
-336047
111231
322456
-675841
121663
122523
-204327
-664371
770712
-751037
-194946
-493628
-271605
-716994
327747
-996519
-281250
954824
-740070
881274
473989
869744
-221361
-852140
428035
631276
-66640
-709133
-384220
-378698
-328086
279734
732533
994370
603893
-145804
116893
-600434
189825
-112396
-351471
994879
393977
376925
-722115
-278277
380406
-3365
-323453
640336
-122091
-849464
510080
656548
-701603
-61886
287823
231757
228981
903604
853060
900896
183337
585592
895265
-212770
-560213
12157
186796
629613
899762
835326
624492
293739
212250
902377
-984539
-407344
-100989
-307991
-767009
776920
-157455
743071
433468
140942
-318815
-278709
-627301
910167
-375106
-774242
811062
808232
811350
706327
-404539
-748863
-281516
782258
880750
-381755
617583
505241
911985
-170167
407618
927447
422489
-693371
-380545
655481
-916451
462000
398552
517017
-397059
-920264
-761692
-24360
989904
-136798
201398
800966
-328567
12748
507292
266895
263885
-774225
49152
144635
-155979
-333265
-350124
-243995
496568
-942507
-316549
-80943
-635878
302906
-425463
-552329
-235094
973089
964689
367847
-947175
-797004
-656513
-957271
66199
544886
843695
737632
-442367
350986
4527
821518
576761
-946322
-33847
-579218
-279586
616029
176787
-783019
673522
860239
136038
-962356
163145
710576
-514684
928051
683664
-549996
295898
736490
-346999
639386
779219
719200
184271
622913
456832
741904
-26101
-538641
563422
-449340
-484963
-470426
-28558
235451
-854398
-851771
452433
819125
-991533
-411529
856769
171613
-700954
-657916
99664
982711
-207911
-604438
719200
445091
-965053
498419
164290
219218
121331
-378878
-38878
-904770
82481
-475456
-354110
597519
54119
617332
-167030
199722
765561
-714598
18846
774029
-126126
-124385
-54358
172920
217700
-954695
155630
-990212
-559132
-125171
454879
-524185
-626752
-380831
695034
494580
240291
-343844
589810
-677228
180700
-764301
920291
-765181
853032
-246740
434541
618592
38663
-546613
392621
912537
329003
-661738
85456
-453298
-616432
-758914
-443509
-175564
115916
-988630
300252
489164
-369460
-4715
-16257
870832
651442
-426448
-806397
-167858
-190748
-886107
66961
