661971
-334226
617525
-196779
-306074
742338
-760750
-267851
-798281
-568610
-304977
-176061
-313669
-315361
746987
-72735
880872
-94249
-189726
-472632
-607006
-59854
790363
417956
-871494
-767056
-72569
72357
565161
408931
-816138
227132
-925295
801387
-969648
-231369
543725
-730397
500781
745444
-299007
-804197
-430617
387325
-119558
-683631
-685411
-238687
222121
124864
288682
615116
-934990
79044
33071
-806484
311989
960502
265874
-122850
369433
449736
-895719
444138
251123
-865366
-787232
-205153
-595763
713549
-459709
105231
909353
109674
-507445
-210206
426044
-192855
551108
-351835
932009
-160211
-736720
997020
918834
296351
-809464
230822
256853
456410
-892029
-373715
-93854
-787747
-929578
-842732
-653112
-716809
-47885
-248874
996741
492406
856358
906094
-397920
-651088
-304112
-971876
156057
-753005
-323711
88066
86785
-60430
85085
5619
-764079
275621
-763559
492775
-267969
-655587
-880940
638177
-443333
-810518
795445
-96444
-527326
-252440
654683
-530585
-760035
511040
-624492
-157954
859952
71396
-129829
16009
318392
546461
-895925
-594823
-513970
189160
410797
-278048
-535219
647238
-785274
196813
991652
-666214
-165011
-451682
-476731
-369567
451874
-4056
377993
106556
465360
617959
-382405
840868
-539995
-522453
-87736
330176
493557
-769344
-123364
597632
-364166
362667
-213208
-953370
-915382
251574
693868
-700655
-551614
685519
-366868
283375
-766163
156401
913809
685712
-847655
291802
-207733
617705
-90239
409863
458573
369767
887411
-629163
-300058
380967
-398507
576579
-21402
237327
-60755
765391
283957
23864
16964
-22175
323210
465350
-336656
956342
-251275
-102819
112743
-337466
-417108
265088
954336
375160
-117207
-135903
-214977
-658635
-766137
-327567
-287798
-66194
-946600
313696
-489616
31998
-448978
449630
-202611
834980
-526506
814353
-187195
796704
279702
476149
753045
-971574
-626671
-134212
-309040
-43778
-869124
-354704
-668619
13669
509394
116404
355035
743257
788838
-932763
-322937
842238
380933
187447
-125764
931956
-362923
671625
766936
110571
485977
-420260
-92725
-234321
-944112
-339680
-205894
-570782
526108
485067
385440
656984
-869637
716822
-329347
639757
-166774
-974313
383014
-377936
-907075
-939924
-535699
473858
247524
338538
405814
884602
10163
172749
-4827
-503860
752489
902448
261819
808378
-437233
-944075
-762405
-911125
540992
623036
745859
671356
339858
-583488
311112
-826917
-557801
-305874
-204853
-464876
-245798
259449
-991018
-998274
-402013
414797
886328
608150
-412455
-118500
-895711
-659966
-216053
366109
-851589
346715
422034
-613993
435590
-36974
-990958
181449
-365619
348900
597961
945494
521984
-959840
-360381
-682870
-424715
393822
576580
-415733
395548
-825434
999064
281876
782717
-413391
-836625
887007
-73357
-52677
253115
75055
-705962
-324851
461062
729628
638175
470105
-88923
-727445
-180996
-490963
-781951
-659013
-450803
-142332
-341882
124482
-748511
-765302
708750
647038
-590735
707814
-71087
-808019
-705578
92288
-921013
221066
-960389
332102
-703880
-666351
-992750
757183
-936723
645426
227287
-25646
917982
-953710
483392
-863970
-612722
-967412
-6302
45397
157071
245188
280095
-134180
-107775
689360
-426366
821138
881341
-131944
-86574
960329
-910878
-46962
292431
-614758
286688
299682
-857575
349965
-54893
369712
-675681
-136912
416003
807711
-881
803281
840300
992817
-151323
-2629
238005
-871229
863192
-869771
818132
-563175
951368
699473
304882
-135206
659801
394004
817833
-47769
779247
104520
-748088
921672
-545515
197020
291383
-221195
-939893
-292615
-413484
59227
-489334
-573185
52043
359343
424186
-709952
488115
287377
-579722
306246
724203
-628354
5718
29084
236441
-334481
-576913
54273
617750
-797667
-841207
869663
-875995
-386722
66682
415388
392084
126790
-877227
978600
-813984
-366561
-594586
238060
992783
829601
528108
480898
116978
948387
-212857
-158820
-679968
792862
870265
556473
-541619
-706649
-389255
-923870
-504315
-230462
945794
-380310
382817
12476
-964922
-225100
-860734
-842148
-246500
-674718
-208708
158915
563343
-215926
-11485
91451
-735029
-894507
39837
52115
-53326
359869
-155023
-183062
-83658
303358
110290
527088
379489
605975
-703374
325282
-774335
679443
-662242
-739256
-545657
-522976
-581403
207844
-197693
209889
-633242
-634351
993964
355274
457101
-741066
460767
-503063
311050
-592559
856807
-843974
224379
-226852
459384
-665331
-699765
-161127
940644
-403138
-835845
-833691
-723696
-498087
-572946
-269352
-21062
-154349
938492
781245
-944461
-694751
-853106
-950498
660523
603995
-691563
121290
-899068
619487
528731
957739
775514
-246890
-269113
234898
87779
31123
-926230
28423
627985
-762075
194733
904290
-260161
621787
-365062
718777
-532563
-426570
500022
-477023
-121320
646916
-427520
-460797
250910
-119083
660493
351843
-499596
189224
309582
-724083
942334
-959532
510816
30113
71592
584586
-941465
-300423
822512
253268
-396133
-437650
-124945
238805
-718873
342492
812235
781149
865470
-309086
428064
-562051
230117
-321026
318867
-109390
-969183
819271
-920167
340399
-904812
-977833
380868
606004
52280
-547541
190590
110815
152037
13101
-635917
755904
575452
239138
-5292
856580
-418370
-193057
637728
-552901
497858
65792
-114951
-272025
744767
-796085
618585
775584
-976814
698419
115982
-881626
720586
-503151
724379
-227135
-50691
-85031
883681
-898655
928070
-752237
857249
503522
486901
-148043
360101
-931470
658901
-2171
-484370
156758
-936380
400679
884733
808388
604594
503318
583971
627781
201736
-300047
746156
-77679
196803
470534
695187
-853889
-614498
578867
-752543
-686428
826631
-895294
817095
313532
-43337
177196
382063
-384436
-824976
897693
772322
-761355
298371
657054
-952968
-97035
160371
631004
-469255
-637893
-669044
-723100
284429
527759
747435
-20385
673871
-867063
-441518
921329
-553490
-614888
-973966
-736395
698645
-17302
440801
80707
598262
615825
-21600
370583
854471
-723230
27637
901503
179736
-811992
532506
710482
-449885
863463
987383
834544
391221
734818
-185841
65092
867756
372642
-13580
-685735
757755
12455
-422130
456399
995153
-981330
-462895
593415
634496
515505
-36003
488966
792276
991635
390469
-27988
-820357
-77026
-317506
-270242
-213563
-330123
-435698
-822342
-595306
378462
242750
-727551
-248897
-770830
-413286
-491143
241625
164585
965256
236778
183256
-497639
-169808
-182249
-982134
794189
-693283
810143
785824
697186
-217846
965467
-379840
464649
-304775
406597
-865475
259528
584255
-460781
-362011
-172995
-188331
389093
56175
398384
897951
-702200
-437032
863207
534578
746224
-634433
-635231
-436025
-616566
-841042
-129307
-806424
944782
-432122
-24269
910248
188039
-559621
-394527
-405364
-425096
865001
-821110
114124
-497010
5896
925793
892083
-937929
324176
790034
-640129
887145
653240
894449
633368
-981193
-740783
-802657
-597759
-581825
68036
-404183
-637043
635915
571549
-726796
-176047
-988073
-121323
418590
-413168
-256322
597481
700957
246668
-396624
626749
138751
-334553
-49075
-71215
25318
-161931
-417976
-80233
-528563
-399169
178984
-331220
3072
597160
736817
598890
960117
372731
170438
-766679
-803316
182366
111999
615274
769199
855677
212754
470155
102345
816130
96904
-758904
-518423
-952172
169881
506895
-114102
751905
-573338
357335
-647265
605646
-973886
355808
202806
762931
-45303
162922
135662
-874865
396243
332346
307502
-491759
-52381
76701
-636082
-839627
-453144
466264
976503
643760
707360
-541920
691589
-122759
964976
-422514
-370854
-608363
934821
-18118
997284
960936
-662311
200089
723866
292387
-636990
-140473
417523
759254
-808127
-274975
-732505
139493
801726
-368587
299866
-651419
-902323
276368
992342
805037
734448
683930
-317722
699424
-738585
311424
-908940
-803764
-706695
-911657
-842829
-369005
288432
881037
923382
651443
-259436
340905
410696
-67562
-934071
678192
-928070
867655
-690395
371796
-783765
-592718
-351836
-791424
-787681
-617388
892507
-105403
-917965
-846079
-793980
-826905
-649842
-500674
-738562
-492671
130321
549871
-611634
53702
201313
128931
-605393
-387991
-938632
-539464
-709800
-866702
-671810
-400195
505094
-455574
7087
-846743
-246997
219406
-464131
-354491
-885997
-382095
-200569
-679977
-209000
149589
-180650
52439
656919
949671
-397691
-954716
3373
803622
174215
397980
-584369
235583
858516
-294169
368882
-813294
305636
-126025
-268868
-687277
27233
484136
532130
563103
-870355
646133
-818993
-70923
966157
-27993
-921334
-214494
-975554
735585
-264823
-373245
780870
738550
-569623
-44916
136529
-153992
-809333
-4955
551840
559549
181751
-142524
-566476
912884
170199
460757
397020
-297671
23860
526665
-651539
204867
-544258
-685382
-823126
-465592
100124
-798680
-730007
835301
-171924
-949138
573851
258453
5946
-289620
-895539
196614
705425
656301
-243838
-112824
-486223
189686
-199940
683977
-349557
-802921
-613695
674303
723745
-265233
-120830
-820514
49385
56045
-286105
-850491
257365
-16112
984811
-914559
34750
558661
343895
-959304
-730960
448356
237310
974466
104657
993473
-138358
618434
183159
661702
302411
833602
858782
688716
507905
582526
-576518
-612925
762013
472868
443120
-524093
622377
-299515
459795
607187
-214074
-505455
165847
-870180
-464759
434888
578177
772552
409354
-317167
766024
-729005
-698733
-50818
932698
603678
-217216
791480
292394
-709311
374005
715877
-322235
136018
188744
-879116
611925
-188880
-178631
71720
-581694
607296
566265
584154
737116
-898494
19041
315292
874058
-571605
998126
640082
-300609
-700607
-410736
-367912
903072
372049
-576433
195465
662738
797573
-88659
-659498
-66409
-899916
-538613
-454485
-88795
282757
617236
329511
-109948
183501
-86335
-372833
285007
932707
942460
159065
-638899
940586
-200853
60492
-760022
388411
692581
-856951
-239540
-883852
338515
-576803
913721
-750144
-236300
-152688
-650060
225088
392828
261146
-492156
10063
-409344
397897
-806437
504322
-974936
478571
437028
967524
-362364
798129
908109
436784
-141379
-851913
-174805
-448799
-708863
585655
-332651
629652
-991148
-418930
879508
-227447
428382
-770552
997641
-178791
490594
-494515
831273
-918750
903382
-975165
585572
928446
503407
22600
895970
-858957
-179272
804078
577827
679349
952166
-596979
-769450
-756698
988676
-102101
872955
997528
478970
752462
-229920
-92649
981911
-232279
728561
472505
273206
559833
553755
176587
584669
139327
105033
88076
-838074
1002
229119
-17345
-194920
-193055
-337996
-242755
209967
-107446
548
198643
790454
-126498
196170
269423
-374037
966251
-823226
-392126
-266029
905336
-919622
-992823
465168
634134
183764
49837
-226540
-711204
-862088
-64613
289798
367032
918043
-905123
-826024
-419954
-147877
383944
472601
852671
-417414
263055
-273828
778757
-467522
352136
745007
-290747
960010
-521022
-385412
-959612
-513845
-920244
674522
669920
129593
-552018
958717
267506
383369
248515
-365463
301411
343393
-191486
881458
-804485
-807542
354059
-951814
-224956
-382887
-225642
-446199
149591
-873506
-701192
858844
-913496
-222214
-526568
-873108
263942
-446812
801414
-66139
682782
-750604
-107422
-49712
632765
-858908
584825
-65824
484485
-606661
-184366
680000
-414203
-830308
728187
360841
-213194
-497455
914642
936397
-370961
-786551
795241
-284456
-8764
-731328
-157564
-744822
-178139
-356150
189040
-495357
-106754
-918383
454931
-473989
-777291
39756
460188
707194
433095
-724179
387194
-981109
-554486
115381
379733
232320
617926
294375
168717
-753036
507825
-36042
-37492
-500939
232631
804945
-245761
-945509
-551205
943279
-440865
342042
-975105
-985935
868054
-752395
53822
328241
954800
-513084
604063
341994
-494192
-950424
-542626
885542
281897
-924701
179916
-549386
-677736
-312259
414572
284773
186802
-352798
89718
941042
-298306
538513
884320
260829
-119445
909216
274895
-251391
-843180
-671283
-923151
-888381
-184367
680913
453614
321442
730490
910988
206983
12386
986288
-613101
463000
-691449
74640
-122428
593324
-738558
524774
-316958
-797517
-773532
-778446
-913198
487298
102110
996019
-237808
850719
-847162
90909
927569
-735542
906543
608482
718073
227984
338971
629060
-565033
-648643
615348
-178134
814358
923899
896506
-308071
517223
-842052
-783297
-799736
-639569
-556829
-578181
-552766
930469
523930
-556748
-307339
374648
-403909
783571
302217
-139450
690113
-89302
-421378
-81903
-750331
-792318
353065
-398974
823030
-825070
-584617
746928
-928564
107313
264151
-770616
324016
464415
-410185
767187
886235
37049
697655
410164
480302
-609684
-215188
-923608
-826114
-912971
-63058
864000
-2272
515565
-217903
247397
723247
-864839
848423
546276
-689909
-736194
293204
-618472
371119
-442645
-389088
-304866
-978230
200728
-537680
908005
-762223
-840025
318169
718079
-449708
-897020
794472
-275822
-809990
-268586
-411822
187738
-753022
370275
-564866
970226
505437
-716443
516501
815529
-452637
-190295
-802944
918483
367061
-192032
-386384
388831
-991305
75937
296836
-753528
235913
-384996
964552
786205
-282015
759023
-489617
-92005
-509564
98561
-904268
-262586
-531164
-469133
-292361
974273
-185576
-775860
789802
361788
33846
986858
280270
-599094
-205175
893887
789737
-196479
-30177
86573
49994
-794264
701577
14545
991942
-580439
-226433
-497676
327557
264003
600886
423290
-998583
-930278
954157
-290943
-956005
-231419
-66803
833797
-869632
967044
820654
410639
-632051
-384521
304525
-842314
419000
-725652
244259
-531007
-519916
-54164
483538
-527974
365398
-742895
-25649
-307046
521108
-424764
-883757
522526
-355041
-929601
-768418
-311045
-161020
164780
-477249
-30651
131823
-656595
-620013
499773
-41116
684512
657460
-622116
958861
-98281
-153122
-561055
847555
-669584
-89029
212952
-412479
885322
905907
-891371
-539442
-977851
631156
105517
-907451
862738
794472
-68470
27518
-682777
900879
-840659
-339371
-719134
659114
619514
965379
316574
997398
924239
-781708
-155724
-636817
-934153
174693
274154
278800
762214
159476
184706
870844
620034
206855
501999
-274449
299405
364737
-479977
-769066
-607746
-162754
-868188
-448405
497876
-587322
-789291
117389
-621944
527284
114787
-697705
745577
959063
-334522
811424
133755
939633
90224
-104031
99108
-725071
-233187
-280858
481785
-731188
444693
-218811
633550
964716
12123
-974196
-198038
143936
-422600
-700163
556615
-211891
417226
934671
-684608
-467988
-763034
-939032
-508925
-97556
872393
624831
-157923
-37384
-479200
941185
237546
287613
-339673
-280670
556426
-894981
500520
189975
-930266
-487358
215779
-128304
656578
793179
171534
213193
-418712
-411241
147864
-103319
120772
384830
-42350
611847
-712726
-169958
236677
129351
792659
757477
70536
30204
45090
730863
749535
-398485
835882
250054
791491
905617
762697
7269
-222687
419275
-199552
948847
-367533
381736
-462395
780331
-721584
658377
165160
236066
270224
452434
-933892
-493099
-418215
858768
-735622
652321
-111028
309468
383183
-361493
910984
219065
888561
702475
124682
651258
-290256
901995
70532
510192
850841
702999
-108072
-611554
483330
170344
-953177
-351511
-593590
317048
-899077
-527481
823949
-317292
-668713
-911674
-664972
220259
397795
718212
858766
308779
-62723
747327
11253
-938042
398584
720997
963954
-530885
231189
814794
-827886
-876884
-796760
655444
293461
-749937
-696067
699872
567112
-595144
-827609
391060
87564
-496322
479386
422593
723938
-122819
140805
582703
-814041
-921919
330030
197213
-859960
-271387
-81790
-896007
197729
-850602
918788
369844
-727486
-877973
25288
565976
-627909
329221
265847
939203
734078
438238
330263
-178359
941917
-190351
-755766
665854
686830
385039
248557
872790
463121
-421414
70002
603162
307200
988212
707156
-495071
-862391
625943
874773
-589876
747971
-99940
976100
-879938
-770719
241947
-940735
963359
-319815
389528
-215000
-377899
-800824
29234
-712045
886006
-585727
536512
758796
877395
-884902
-171203
480556
422298
-182992
187711
927228
-45382
-186346
802000
364743
-438376
-297940
340843
-318314
-68659
-417210
-259049
-105300
262975
-869521
679700
885077
-670345
-291067
-826969
-784339
123207
709544
974457
601
824642
-196747
-518844
246940
620262
668868
174167
-425120
-517479
-23833
939624
44145
678227
280466
725832
-390432
863257
-533217
504268
126231
-402738
183968
11308
-73083
892901
184340
142578
16108
-106117
117035
-983292
-281475
920289
-502135
965466
540550
-833268
139633
-884570
-350747
-884201
-944947
693399
794027
335520
419230
-596405
198776
886013
907864
-674993
-516726
91831
336315
410192
-15268
-479346
-447230
-999161
414538
669805
-982453
-866938
590093
-484588
-901472
130643
-317855
238161
246073
331398
353960
301127
24796
147987
-363353
-555974
551582
835423
-669962
459445
-839570
-186687
-448725
496745
-776496
536008
-982601
-223726
536847
431937
-553922
554395
565000
-963829
-930193
663528
166814
-248048
-98312
-587113
-916650
-744352
714014
108147
403635
-649339
552173
-44784
-813916
882212
-585339
-653486
-304475
-34063
843260
-80971
-498056
860659
695304
-961209
292596
-858618
593187
-142405
-822447
662994
-478877
344368
-585054
422811
757255
-501704
678460
471269
606443
82094
821930
158616
-962690
-991987
40828
-548028
-645472
736353
417909
-802213
-344618
919854
-941555
-649315
958645
351041
-507933
551831
-791364
-330379
214825
-270241
-986012
629771
-847430
771243
-871933
831031
242512
734511
-86875
64442
-106874
-49565
72455
933955
402407
426984
670307
-179684
624771
-674312
-259831
683217
-323627
-301186
34258
168441
-749355
242894
838062
465470
972654
852051
95241
-874776
623293
223308
956256
-134195
-42181
-130620
930247
850946
819815
2702
784900
222222
-570315
455206
-957463
-945545
780894
-217294
737672
-542733
481520
-228070
625708
732165
-985177
463770
197635
987478
315820
-707124
-887298
-60887
516184
-931043
804918
-525997
-61663
735165
-675052
-241848
-262134
-890153
980374
167552
565054
-977089
222008
345947
-194383
-40320
803215
-712863
731610
428923
-980698
746434
-107308
216938
733911
-791488
509814
846614
147626
25998
915572
-47457
500001
-146092
-312292
824949
612061
425575
934797
592434
-406874
499850
615346
815134
-154203
-579038
-225187
-350989
-291900
-493578
-922067
-272598
-747145
-29374
944341
986767
179139
454154
833381
-673236
-519849
748952
279308
980152
-397140
967016
805101
-785080
392590
739897
807355
985717
239746
422700
800850
-914457
843663
-424338
-265446
-448238
82085
-187512
279165
334941
783115
223505
321708
-37747
-322342
155088
289018
157809
-95961
-431675
137961
506900
-464659
-56939
721820
927931
-317042
529174
913648
922705
-48126
714497
-991753
-204464
-709841
-257199
347299
372245
555290
-373537
-292815
338404
849969
-971108
-699343
-472374
183981
589675
685436
-911980
-842000
-176603
594920
-306659
766459
316740
-378728
-550584
-154086
-465081
-627880
797788
-750584
-619633
-406676
-460425
123169
940623
911821
-321541
-432915
-380995
-983137
-582946
-352102
-682480
-55320
831880
907196
-369884
919900
-934804
453513
514820
-241463
219971
-168441
379810
669388
677473
914729
-958493
475261
-835855
-578125
-931416
-296280
545045
-990794
-384460
-776497
-423708
234546
-759633
-6654
882445
-442112
938027
714324
-534917
-431857
634224
-469721
-978344
149043
288817
241628
980603
-331374
-88985
658076
-416645
-47477
133336
-252500
374398
201920
451221
-80557
211126
-933239
142947
787419
301308
383314
-219236
183752
941202
-281209
-101924
-593715
286934
-467701
-63435
308590
681343
-774619
-449783
661946
-105992
461232
320021
477364
-586246
-546644
-775137
788153
655276
676085
-292404
-133598
742846
850543
-346179
44153
233857
434585
-772095
175058
-846625
125981
581344
440309
658281
-482092
-251102
339624
-256710
299116
1569
637298
-239653
-678411
114662
174102
-225054
339525
-37745
-569778
15610
669851
296625
-241545
520393
950446
802609
-245751
385030
-969487
929308
538406
156495
510651
-21285
-185224
-971442
727614
-845600
-228151
26729
155969
-590853
787077
477559
523809
-38822
-747495
-136666
923433
-317273
878944
593283
979352
-362601
113676
929797
-559993
867925
314827
-529479
797233
-146768
627017
307883
831948
-558208
336442
559561
-403808
-891710
-413710
752162
-482563
-626634
229721
-958755
334544
482226
-95421
257977
-835048
-216477
-148740
-855696
420922
964936
-925900
860929
832861
388927
-668550
630093
-757841
958467
-62024
-925893
-599741
-725583
633668
-3548
-617293
-780043
-251386
-99855
-406676
978335
-58610
927869
460561
845970
185845
625514
-370508
-962896
769818
-949587
-997960
843918
911343
834901
232845
-757207
464994
475005
-798740
-597031
549112
-398480
-322613
182780
597972
60094
402738
-653414
960239
996062
-675079
-98371
923931
785482
-252401
109775
410995
377092
146880
180812
427506
148921
24730
338849
-16179
-742425
581642
-551185
732581
782902
-148215
281693
-615578
529172
-535527
982394
-410735
867211
-671020
-450496
863273
-346099
451134
787203
-560618
-801267
-103022
850378
575825
-956142
31190
3331
192779
-944080
-657821
-823400
-686504
923821
-374585
-953924
706723
477200
327769
-908855
6371
792243
-926462
595637
659453
-597481
-854859
522726
56420
596275
309929
495803
795009
-793094
346181
370833
-749236
-622630
-625837
443543
-566709
-283657
620143
-253213
-359836
-754442
-207137
-653113
722758
-879368
-561968
-270871
912875
-488429
-675235
572328
-85910
-530094
95053
970511
-933819
-595019
466313
861191
-388112
-187506
232023
-137347
189864
606187
-693804
623156
-677471
926339
-630058
-37307
-828103
162805
309580
894655
283438
747612
-376216
196313
-740818
-51451
-231360
173273
418456
863694
143783
484638
-731325
-389905
345828
-119437
422590
-422149
743217
-387547
-815962
-950588
-764391
-493432
975751
-394449
469261
-852353
768357
-221159
-957698
51794
-473547
-333914
-751894
-214364
614636
16747
958910
33092
-119560
102692
-482270
149115
712788
863558
-970322
135377
-558591
772895
747831
-374553
822308
983440
132015
798059
-411010
-398724
945707
-642654
380118
988009
409141
906572
-345905
657248
-307793
-731269
-326006
-348884
301823
554435
753809
819553
-296450
466596
683111
-266771
-398028
-875481
-493876
-650197
-250033
-671569
-666758
881983
-873511
-77768
-516742
-927805
279579
863376
-939796
-311280
769948
-285701
-654033
-537846
-16969
19962
113271
-715146
-425604
-132920
-895594
277946
-666325
787518
-988825
-64352
912038
-482701
285451
-337995
-154270
618693
-456013
-27781
-459075
27245
44415
820505
-109379
104619
-490776
-339432
818919
-144808
122723
-198051
875154
-764006
86803
-550450
103074
191210
727497
436750
-21272
738672
-627603
-109235
-744030
657849
552771
101701
276542
-903243
-926080
817467
124002
118335
637972
-985377
-777046
-852804
-324809
-958128
2388
797915
-156178
-122458
-966092
930626
327092
136983
121836
54588
-426268
-899437
-206741
-53871
-8671
49230
-396022
-455901
-849070
880520
-359144
-775150
697986
764859
343186
335958
779483
566140
483154
-545327
608012
-514458
-747412
-548166
363084
-713503
-617541
-309825
423480
504295
744764
997212
604859
-461978
-56659
-403812
587253
547319
140287
738183
427838
781144
963034
125824
546002
306219
-538219
325484
-127641
944936
780158
-519629
-569523
-967254
-67795
793561
-680757
314665
-516264
742723
-181040
-771501
739935
-576182
-233478
-316725
20007
-646226
-769406
-839707
-908043
658432
941437
-945009
-215744
487439
361211
246038
-187077
-766431
190973
-406919
-286060
621451
-374172
646145
415011
-54929
-39190
898748
-312207
779770
-872754
-572273
-796412
-106232
111003
223595
247543
341597
383889
339500
29
325326
394492
784286
-187235
-244298
30323
625689
-10729
-778704
-781230
703211
842747
-155402
349356
257758
789669
-689835
156505
-522538
-910065
283751
-94810
-706476
-822481
-983808
517119
425063
357790
-98992
-235437
-642181
-773667
-840946
-857896
39098
-85244
172428
-335214
904027
393724
-116444
607238
236470
728154
-43407
-505773
517823
266759
650733
995285
356695
-65516
-99526
650219
112003
-83333
167338
-462935
-725544
-931655
301629
-367724
-705322
460683
-225619
333777
-624562
946809
998564
-720535
340532
-117880
886704
-422998
-389727
-156703
71230
-871904
-889945
-278038
-876620
466751
656446
23854
116969
-231551
940521
-715693
305515
-785023
-647348
-392857
-152746
-352669
-932175
621635
981108
-556736
568443
979672
-277270
-91025
-138209
-390567
485977
472064
452730
-442793
600160
562786
279169
723541
29536
-64385
-252605
-853495
704064
-312085
-569188
9578
-97107
-216536
616721
750147
430796
684547
371782
411903
-872189
-59776
391574
-149459
849200
-746636
459974
335176
725429
-87296
892383
325589
-524511
171552
49129
505025
-892834
796525
651531
811230
-515561
-917658
-179192
387333
-134193
-562471
137480
-703398
-877924
-490739
708505
-750113
449486
100079
100428
298685
353444
-439598
-366139
78873
473106
-473756
-595539
948595
697796
453591
453620
804962
250115
105150
616192
734555
187492
-563000
121888
-946702
-125471
-740632
-650100
-3395
-231371
-941595
246492
-781885
158485
-653080
516800
-488072
-92678
-849340
590802
-619573
-323095
995264
-670978
-625300
448854
782642
-820338
-301031
-112208
795854
-566476
-924717
-767146
555413
-871418
107383
814781
-521517
-896012
-416590
-463111
350480
-198474
695374
697401
-681675
-792698
-395278
-531014
798104
-14850
145891
793367
314172
520592
242221
96814
700254
941191
984606
496108
-625285
-940111
728962
930128
-811529
-163655
744909
-333045
-59667
-671681
203844
-709187
129845
-100782
988214
448171
106520
-407064
917157
-95376
578086
63048
-302010
-107742
-416361
940211
989072
-716107
881402
973677
780001
-743884
-966435
508963
-813756
-777963
-654693
931153
-111008
285641
-740529
-907164
576454
389316
-7946
564667
-162513
-901426
-842397
-245357
3198
735689
817692
701188
-372054
-598669
641399
-382983
-314776
522800
-409307
-534775
778916
-375741
974189
965160
-153704
-680504
896313
735288
605137
-844216
828124
181590
545101
-179822
-253743
-617413
-81248
-96140
137230
921950
-360451
-45078
623138
267495
356253
264536
884513
-958523
-212664
-524794
-493297
-433749
99465
-519108
-468589
945761
-199612
-572277
681049
-594476
-416493
509173
587115
-871393
-670650
-666629
-488805
248102
237232
648425
170052
876781
-396653
-206811
144276
959601
-942275
28788
-998922
-154939
503994
-492219
411313
-396541
-11326
942724
-450780
789062
-629553
-769732
-805415
-46045
739441
781700
82563
-931210
-884929
593758
316893
352303
242183
-513055
229083
845531
280135
-626642
805131
337860
402147
806209
-817079
-93859
-686010
594234
509600
302664
536958
-941181
91726
907406
-710912
286311
-138639
-971472
68011
943925
-902681
183082
537683
414213
-464616
-220135
901159
764468
-374604
181293
-862174
-569474
-480847
539973
-763265
-297925
-553887
-449274
-703691
955714
853391
833267
-985467
-54884
740673
-696379
-768573
-397966
-667850
299438
-454042
-570530
-517480
-916360
843683
17905
-136494
744842
-217628
488902
-73866
-79802
919429
445288
-539829
-843837
-852638
-93715
-293110
-556329
-138002
-439720
-723062
-123469
505396
-982389
180153
736823
-380355
512303
36261
165604
941774
518781
249244
785457
-463315
-887250
530298
319058
601652
-543568
-760744
521081
901721
-300573
677245
-950918
605712
-615866
-507246
-532291
-55585
-230307
344241
-550190
-212696
-475606
-813367
406950
-963303
222894
-427447
978471
-258325
821798
763927
278361
934549
294225
-402582
536200
750657
-163326
57281
652377
536102
-265475
701460
141813
118659
-805786
609523
-936927
-36093
-46236
-487116
751212
478158
-300482
158162
514855
922413
730716
493326
-335913
552514
257253
942448
487062
-448523
-460134
23262
-697866
376540
-919458
954511
-87359
-184933
655971
-945546
933727
850185
663977
996800
-185908
-382260
-490316
-434696
-904102
209202
723466
610754
131614
454181
104079
795702
6694
-638669
738150
-506245
-87192
-721985
517018
214942
654556
597560
169453
-432804
-587374
-174576
-378349
-653648
-324392
-714373
-656848
489700
-96632
-147164
-944997
-733
-937962
778470
-389980
193652
232651
714100
-10646
-760655
-924570
-272497
-266899
-11761
5519
-749882
-796819
-339926
847678
372635
227270
-739697
-801942
848922
-393344
-126334
-865452
-50192
-636634
37917
802645
-581630
-962817
864683
-803160
-352796
58335
429491
-638697
-952312
668836
-563267
-224808
-598064
424973
780711
-347946
628154
-559216
-500269
789
668055
-239965
198847
516976
366691
-927487
651525
-683501
-564120
-310559
-880857
-145749
-273375
983826
51091
373829
42161
-519419
735132
89849
-850583
-828135
865042
-448647
596839
645752
203408
224993
-913464
703139
-774219
754591
-536826
424628
271567
829865
497142
-76909
-853636
933022
612533
-734493
-212728
-660842
-750667
838364
712987
291494
-681055
448119
-618658
-531638
619985
-753616
19716
216823
892136
-776877
-558185
978672
926263
-332404
733263
-610564
-907776
4829
-780699
589366
927921
-634335
522388
540454
-368828
-690340
879612
-119495
-851977
592599
-828002
-533032
40717
-446659
