197799
-252251
444077
717032
-118881
-870481
-623073
-44985
460054
314214
-299843
719213
572637
529193
115874
-34334
928272
-228910
649777
315252
976581
565273
149632
-752340
344378
538893
102529
-423873
444221
-651398
-219488
-357981
96351
-775412
-640949
977471
-645892
-264021
-67515
814162
-949808
632643
533374
622830
161836
-350752
-411505
90107
420338
-761728
-594641
396919
803546
554991
644580
147923
93884
-252892
724051
-461895
95711
-495438
180124
-807938
-270849
539176
-830467
83259
-724846
102018
-102579
-674653
-265339
-569205
948178
896498
80043
-463327
-13395
-499619
-225055
391964
897300
-421509
-53045
541879
726414
-959162
-711013
450465
-421056
384699
955028
759068
576762
-315822
298244
746295
767438
573399
-151687
-335142
898747
582974
95653
846924
479472
-824304
-616404
-533924
-323923
158542
858041
-426623
737033
-195004
-884745
463447
-154166
-595757
-86089
424778
788943
-131062
183846
365704
553117
-517910
111998
320555
-944511
960311
985414
954236
543285
81067
801160
22756
256763
-815244
488833
932841
343299
346874
-493783
80331
-848131
-378527
-456222
-2296
25717
457690
-577518
-185341
-673372
606329
-819638
879746
-911582
292360
200300
-856092
252671
185714
-901856
-204045
-733220
899304
818712
523544
-915940
307544
456384
427359
-345582
962602
-492310
-193713
-415925
51469
803991
609792
-490842
-773528
-575549
-164213
832802
-395187
-284468
921221
897174
915833
-934872
149844
101546
-836728
945800
368326
-937424
764511
-108131
-853363
72055
-651747
573996
726474
-689145
-918314
-467240
-105070
133155
-663249
-495278
642314
-436776
-70827
-521900
-603975
533986
193632
-682755
431160
109465
-617627
-418996
-788990
-454354
-473197
579336
-391777
-708686
-528795
-245140
363370
-180541
-671144
89843
130314
-589457
622604
-974756
543698
959355
-470034
186012
-477422
459139
664112
-81397
-6875
-142256
235849
-575715
967209
618222
5289
-821781
-836132
532093
757555
-227909
823407
-771240
526952
186777
48219
855808
-723381
-821467
-733650
899224
-796223
810049
858578
-266256
-3940
-618844
-807117
-339828
299760
186009
517917
-464392
610294
485126
-846170
-384418
663345
-682302
-852325
420900
89790
971082
649660
-383259
157859
-302121
-527451
434479
-123587
-261101
333702
80191
-451052
192280
813935
545009
573436
-993183
-794820
-126805
192826
723098
408803
-196881
208223
562634
418702
-128433
880332
566377
-707533
-29879
537459
942127
586863
-304683
-359994
-940589
-870204
516419
-201689
463498
-403391
347259
-344223
-589456
-107733
-770787
-582639
97448
102408
610188
-179455
-488789
-586694
-971233
-926156
832009
-99665
954177
398386
192802
-75702
-64156
134929
-488840
631162
774936
-429428
760958
291354
368883
224456
887964
-283858
880233
-701492
608410
-890555
-284131
-294143
211854
-673943
526402
723065
-260637
555170
796910
-428628
-544495
751086
969758
648307
-324617
-94398
-216764
186543
-463237
-441829
757116
-702279
849526
125998
522177
737490
842140
402410
-964003
450550
511856
-248133
-843594
-276291
77924
682809
-553226
817288
237979
-756317
-611341
693484
994769
-641583
341791
-329848
264019
-874974
856695
800783
-316803
613810
-901497
-467277
-260192
620681
-729788
-418052
23090
-693791
-967503
-465055
58076
-811096
258655
-864001
871714
705429
953287
109692
949113
-658054
-196824
943881
-299637
-855034
-385968
964383
-730007
-529273
765165
-46809
-915463
863669
485914
-175654
484349
756126
406294
-492561
-937665
438792
42385
120412
627696
-698961
256411
499410
-993532
209698
-390899
955581
551645
412277
899462
-747992
557244
-486506
-783610
827237
-15778
981555
-219572
68759
845224
-733659
893106
329572
-977533
299399
837011
-915198
-261809
-120605
205214
-634113
180435
-538375
865297
186903
671324
-525603
142483
222969
886675
41945
474977
443919
555439
691367
271156
-460340
672922
-948417
608419
518145
-682075
501525
-152283
-659608
-199077
-315272
-574806
539115
564124
630409
905002
-255442
-907966
770298
931462
763358
-755305
73945
-13673
-868630
-884111
-538697
575290
671328
-847330
-153555
-789013
825593
-101972
819407
343737
215953
320931
-808546
556346
-878146
-123818
981541
660969
-559694
611949
565971
184865
703984
336268
116326
467342
580964
-809730
-546332
712335
-693841
-85029
287624
977487
67642
-865931
-811526
-106766
32098
-992120
-763030
-751949
328812
-571575
804397
450666
304608
785937
111635
744914
397886
-322395
-70222
101869
-986127
-953896
-430790
594837
-763626
22878
307172
-457466
937850
-405204
-479980
5491
-271135
-291505
898725
760963
-283625
-864305
-990987
-954814
-435880
813410
495853
868729
599346
-392513
613643
-2768
285092
-456579
-900900
298965
-410475
-331689
-106198
-174100
691189
-799026
368434
629039
-204230
888455
-365471
524635
-403051
-466747
285597
313325
-331051
294610
358512
233070
108019
-145636
101798
-292635
461852
-284560
704598
-253057
258861
803698
-954092
848387
-527992
-60289
-325714
-836803
140685
-957281
792236
936456
931175
-573235
461090
-471877
-39981
-253313
841449
628968
-958704
199960
-137963
149316
-945676
963836
856682
516176
-320725
561279
-736881
938137
364977
-690972
786523
836986
248739
-539192
-999818
-610576
-496472
792419
-674120
-565298
-780817
786970
-37174
179203
-466343
-195726
-191830
-425047
-995766
670208
724270
-941442
634043
580952
574735
-686682
142230
837854
-748546
-492793
-853118
-962023
-655808
395621
-501215
-655625
785046
2314
-863207
-889075
437016
-644023
897896
-600158
535181
-568448
204117
-656650
6506
208351
-986442
-269224
266910
647602
-688273
-158356
960920
453958
-320502
-787626
961165
-173620
-749649
-694644
-778000
-250863
-350269
-992954
751451
-213475
-882028
188467
142503
-984132
588309
-322317
-552579
-207575
21034
453928
-999225
34593
-815297
267685
-317806
-503570
-890671
-356886
950388
-211173
-144511
911552
615207
105840
-783092
837208
854977
-133360
844254
606428
653166
962227
-205106
-204331
978096
-616798
473353
-574484
175628
-505613
879445
176404
528980
-935853
-555912
-788826
-439422
-446582
-145712
-489035
342245
709777
-577483
-42549
-184383
-360574
-205342
-329406
506067
-361088
-722979
159232
-398861
71916
954901
-420766
455119
428253
4751
-369254
922640
-115805
807150
451620
-51657
-748762
662794
508921
-195344
-482918
-980114
-853100
-773141
-557596
104352
42477
81830
899010
713071
-412104
-462078
990093
747129
139061
62008
702030
718296
-482874
130283
-276954
147873
52923
607242
-44978
-495458
-444416
206261
-832664
-935495
-989084
-315581
-915609
-842183
-88722
-473205
262169
953755
608626
161179
666826
-803478
699102
656919
943652
-161838
-281074
645681
-443542
236053
-224037
279505
-616075
828887
-113254
338948
-666572
442331
-454792
-499235
506836
-443875
185184
591228
-286057
-903538
-881977
976113
-949784
726649
137292
717043
923172
-163607
373961
866823
674556
-907113
512504
-768987
328941
-711533
510518
712867
-882647
-602736
51814
-549218
839595
597023
-48453
346431
-846852
-863270
-62342
-132909
-766807
55681
-156796
-716591
-217671
980496
-999548
-294499
-183112
374413
-427677
-508557
467301
-915174
-277544
-203759
-626707
-767026
-490893
-509353
-369762
560922
-58571
-530168
157944
892976
816263
311093
-970294
-246080
-821816
-737101
809602
21388
-453691
-408069
1883
-453238
297432
818771
921175
869756
-689786
388476
954582
32671
-815284
-672125
265645
-306177
-181478
895883
-745256
759952
-634286
412689
652928
-818023
-276219
682635
-64102
-98034
945535
-254501
923354
-508157
337430
-74764
38605
-365139
-255993
-40220
-495384
54222
-651744
-540802
-913108
-467028
-212926
352537
226796
605597
248419
481541
365548
614134
-105771
18475
796111
618011
-298891
-267992
-480024
-353356
477507
-556671
138487
-185064
368566
-822908
449798
-887427
136873
954414
166795
485129
-586389
253688
-981899
200686
-393776
244897
-193718
854644
-273563
-828171
468777
620667
190305
264888
238677
891415
996896
758653
-461942
474403
-798018
676546
-710661
570549
853639
739137
683122
-9489
693551
-150083
-524360
-892839
-896395
-506258
307848
-290171
738639
-885871
-435527
-534924
-714041
-966751
-914258
476264
298138
324420
367679
295033
83073
905738
-230564
285055
582283
58775
-144396
435921
-202089
-461274
-573568
-508539
388644
-97927
-401377
492249
395815
906471
-797922
134454
-979400
-233449
599530
-693441
-200199
685273
782824
-902062
9692
150502
392972
-907235
56239
-837593
377821
-361478
221182
-766576
-925557
-980907
-227850
-499125
-489445
-839207
402948
109178
653043
-201237
15649
855121
933217
36249
-378328
532746
342809
421474
218019
125632
519412
-772289
-723866
-87616
-679524
332374
74791
698297
970896
-704027
931722
-954662
-684933
-296129
-453786
-174378
-135335
949163
934800
-482292
-252075
-49551
-627172
-318859
986698
-5499
-786113
329507
-584026
431907
-544862
935387
659618
-268728
-152230
980095
-936355
922562
678391
-965459
-781465
610112
-920120
-466398
-686017
-373906
359224
178649
-424743
294024
696357
323182
-755528
-930815
-995677
-768830
63686
-781789
560677
479661
650118
-984186
415047
309736
-252913
-737183
289830
-189267
-814622
-31779
-154725
-596087
-421668
-74845
-62484
-107684
551250
-703261
-929036
-873494
590763
767321
449689
835235
836506
454012
-933595
-99808
672224
627082
-620148
322342
642897
794900
-367923
-610017
-942284
921907
200717
-756905
-109873
-954009
-352991
468460
-28853
584525
-639225
-477604
881264
-568261
-351097
472026
-800940
-901409
307261
-964434
552604
373666
-64242
224827
748
315610
-452832
-356356
110510
179246
33627
168226
101153
-765656
411321
991281
-719665
-941670
459740
251483
642855
820516
773879
524118
-747745
-577219
-3856
-548685
-478627
-696595
-513119
-926024
677072
422640
298804
-322181
-261750
845973
321463
848760
25218
-644910
16986
-873630
-410566
-571693
-882350
-130230
-513363
577391
-878748
-870509
397906
895132
653610
650161
-682087
-350246
-898524
-160714
-46840
-411642
-86737
-369769
-989002
-787934
308050
-250752
-941962
-370488
-401993
83257
-15397
614994
209627
574038
-956700
327277
-556193
-470063
-95333
-434940
-340571
-697427
-539809
-686961
952735
-221896
-37207
-945790
617391
915954
-357431
-469347
-453816
-346433
-257280
854234
402815
-199241
-516254
-999178
884016
468350
615816
93642
42387
659117
-579081
486195
-810946
325587
-948746
-151517
628160
-488554
161522
580894
289551
-875685
635104
-93059
-959732
-722327
437595
-413547
-68760
-819685
-559313
-665945
-18926
-75566
-665122
-134911
-607217
950695
958732
435171
609811
-620350
-78635
798865
705237
-27380
-352652
333396
484066
808871
-85711
-226384
933187
-450607
680558
973456
-172933
118153
-440092
758307
298468
596
-907638
-720459
925030
-572760
144630
-682187
-622065
103361
752984
987746
483012
-325651
786611
188248
646969
-566041
-478356
131034
-757171
435934
904651
-823985
985327
585209
-850530
-187606
-296639
-290621
-429299
-998172
709975
-336937
-718631
635005
90304
426000
952818
468239
-470639
705801
455985
-987628
-619851
242596
200620
-972882
676555
722265
158152
919384
158198
62803
-904601
143525
-351989
-755130
955919
351372
-45751
-473381
353201
-335776
189683
634571
-700772
-720013
60570
-747955
748226
589932
957847
204211
602304
-662004
-553194
-197076
-634886
-876639
-474812
523267
-957256
683386
-413931
-861856
-173090
234081
-616986
-217171
-414548
337264
309448
938654
-998513
-500869
573224
-699284
-220882
-366206
-447238
-472656
-776275
-489392
731555
826030
-151395
-821639
-371047
213719
-698278
154142
-263015
-655533
-162472
323054
-517389
664438
-442866
-134375
-552733
142587
-797111
756716
81241
-795623
-744154
-345536
-494907
34964
288259
57855
562309
511984
568464
293863
338013
-582932
472225
966967
630788
773948
121108
-632228
-881586
958636
690827
-398975
623074
-752039
466651
-929660
390549
669541
827056
-528211
873918
-917098
126254
-620990
117866
-585488
436866
-319826
926496
5330
974038
264509
422399
446263
231475
53186
220210
-647417
420958
338625
-688781
111785
939650
934293
359746
406301
-995367
-249705
75841
831690
222084
-50241
914592
-651662
328770
32458
-237150
-234365
712633
-310654
770966
686671
953855
193364
132933
185330
-753451
-646857
537914
667508
691768
849133
-220708
631418
783426
-860962
37719
788060
-110667
-886440
619749
-888583
63319
534341
-540245
-607912
-433202
222605
157724
-720569
911952
-71311
966102
865807
-877947
99035
51137
-631398
452178
-410950
-963890
143946
-561817
-184597
-224637
-778391
-45558
813082
-990332
843775
926642
629418
955193
-10040
163758
-585053
382049
730557
637553
-460228
-990013
549504
468461
976089
415311
590514
75123
-533553
959117
-472699
55497
995228
671247
493681
-189370
-553391
715290
765072
-740309
724958
608847
-813667
354375
564039
176294
-481867
978987
-441658
-751311
616539
98114
-741324
166043
-433425
-765236
-418647
-842911
309888
47801
-883794
837190
-896702
-888567
508436
596979
-77936
955046
312268
-312864
-785263
37226
-704018
-598930
-608399
860022
577364
-90266
839008
-864294
158423
455547
233821
417099
-378410
800397
651864
202944
957487
-38248
-749256
-926308
-201059
-645958
-814874
-692623
951022
107191
-737577
263289
794327
-522840
-699485
-909692
-121770
-307884
950330
-544406
601850
789338
-408699
-239727
244884
825122
-822628
866474
625518
829237
69417
583004
-209012
320162
656697
589930
674205
841823
897308
625226
-50987
-840270
-111485
-256660
-363110
189030
-166352
515121
881146
-216022
970716
482996
-426685
-437984
-756731
818200
-612862
-579359
684674
-987344
-750122
-245909
595660
40867
-925748
252357
-369203
748457
94180
-471896
373683
-956808
-312166
-737803
-213467
324725
451227
620181
-160154
332373
-595841
-189438
-184631
-22525
372579
58638
-204325
759717
479280
-519652
772373
729158
234439
368033
-229975
308692
-379611
400822
57149
714569
928926
-569169
757762
-383240
-306971
-455706
941486
-855745
-835525
-218668
476629
-431365
591894
-708003
546110
-35528
350636
-658216
-275811
-170084
-177867
-503439
-440926
-943428
864595
329099
365265
-515017
-270080
-577587
-800448
-341154
-146755
957315
275606
546275
-498391
217091
690530
-333916
998423
167159
234720
590317
459157
-219170
-445211
-190207
122615
278978
639709
944748
775540
-801217
-998681
640134
527882
366585
-874883
-742198
788999
-675330
-83352
-357756
-718016
-807746
-811482
-216407
409346
879049
449678
407768
46207
-315603
-1915
-494636
465227
552874
315157
-412159
-168149
-45134
-467411
-392610
153649
-466091
-752476
-318469
900494
-627358
-60666
689492
-302688
855982
-668265
-20704
-951765
-479747
762890
457581
-600699
212567
-134651
445509
896965
863435
950873
362192
416308
266029
950034
-751841
-779105
-517378
-144450
374544
16531
103075
-943925
-82975
475717
-4591
-393483
-826972
-148610
-61748
152324
-100374
458506
-84786
-642793
857808
-872219
222557
303317
-975255
85992
254189
386938
-497701
-479782
336971
-249541
-258886
819593
606009
-884343
-163876
-290917
-828267
753150
-815201
167142
-640334
-642172
-981468
297919
510153
-81842
-243575
-574634
275366
-385768
-446853
-502077
917550
-422107
583915
171739
964831
-913786
691958
301801
-163327
-566929
121394
-557318
-451271
957519
151765
-279538
710668
336565
887604
-929666
694393
906136
368253
204545
-175706
-875323
629912
-900341
-261090
-816942
-402417
-343541
-239048
-818503
828199
-274218
-732289
520156
-972417
104384
953227
148978
547066
-498045
106496
-301169
222417
-182836
-964604
110021
-112502
729790
16156
-744250
-65665
840451
-619572
-435754
940111
119338
-252695
-462307
775798
508257
-280810
603996
-765961
-13098
124151
-738377
-908714
77378
410601
638352
579333
-482903
-662817
-198250
334261
-627420
911772
-778241
-897631
-72072
-522490
36705
-231622
-142062
600952
-291512
977277
-651744
246181
753074
856514
965372
357070
-909447
-47726
-518779
-647824
43560
558599
762778
-318088
137932
-720125
19096
939683
614136
391676
851454
835896
494046
-220619
-686595
-469250
547760
171343
-868299
-743753
148620
-520042
502429
-98306
-663528
467801
-741237
-572974
-579926
-260015
-220797
463634
-701417
-458020
-854454
436516
-178145
164642
376198
-564009
-443683
227652
-728113
-949638
-992967
-414708
-418887
554793
756636
-287185
811040
-94745
192774
313469
806949
529247
-218731
-934288
956273
201344
-194303
-264525
-335022
104281
277456
-189476
-459204
-900690
975166
916995
-464698
-468518
144647
-192811
-418155
151680
392482
162959
-293528
149117
875775
-482488
-945628
68548
830982
861322
-402206
-387750
927034
-445934
813595
-267269
289542
-521428
837013
-433003
289096
-622192
-333692
264261
-705197
201610
795744
439450
-991201
-622411
-408871
401282
540549
297602
-449601
416323
815114
-395229
-515130
646095
-533908
82665
-741655
-606874
636732
-928061
125858
-73727
-449488
-37130
493270
839608
340679
-840423
103869
635482
361188
-100387
74931
369987
277202
666061
-228731
-182249
-36338
321668
-765927
-221225
926439
-281057
-575130
-607469
801609
-316785
-214342
438340
-244845
911516
-635388
305667
-125614
857882
145275
-784936
-982541
-750856
850546
378647
148758
-74523
-251366
-574040
-408463
519903
243711
555199
-158430
477784
-666026
-231991
-803273
-241156
160540
998336
442060
946199
436675
-802785
857714
801288
502883
-267901
659170
-351842
-52836
676629
-102698
-202291
55276
-953941
723186
803910
-527981
-685277
323813
715730
869922
-834617
193514
-796105
-66608
390241
-37260
-906068
388576
-595200
-959870
-174749
-397985
897845
-373461
-895103
-370056
-714292
-246944
577108
962338
650358
-625183
17613
696418
-901997
-178477
-831563
-587274
-854665
884167
-717352
-689282
77680
-513456
244111
-532079
449284
338043
856497
854085
378174
-318252
-543901
276019
308287
-439003
905963
593995
314053
483071
556333
-35589
857888
-426054
-339172
955892
395469
-170735
-631383
540805
-286568
-348734
851523
791113
137810
95634
-740967
-412906
-566323
-884470
-558822
811851
-202722
-102722
87869
-894435
458275
-6168
699561
-227672
-523097
255893
736739
-665210
829839
-602433
-709318
225308
226833
-340700
-233888
940266
310566
-382365
731378
-551625
713269
990412
35469
-853055
-894058
476648
958797
-96779
-626075
46666
8786
832200
-959503
-291654
-395472
-482600
964240
-658733
-147809
794078
-261166
142873
19385
965668
802173
785498
905933
112739
-596868
637311
561114
-883600
627723
-403417
-736655
733665
-926770
-777859
-363115
-552845
268808
645672
-720645
309305
-645983
-116117
826706
-681744
225150
-321103
-887666
963985
821771
131720
929652
623944
-82783
835584
-263318
320349
472895
-702205
436750
100617
-105621
700095
-165719
-32391
922237
471167
414764
191044
116838
694119
-499651
470856
-421998
-672946
789113
803153
5952
901447
767137
-172278
33167
696789
-548335
950384
532372
188347
270733
5267
486143
-292518
-894117
-619479
-592423
-59835
348130
-670186
-588669
-237106
520858
528170
-542987
-978793
-975
35016
-651738
-211863
-161832
354214
-310416
-394696
-818065
722751
-697908
-366399
673135
834465
821948
-56133
-160269
308091
651350
-54385
688612
-941074
885780
36742
-611259
-702889
799636
909599
825281
-743351
930807
-175695
291665
-720932
612443
-870168
633283
-697974
-264863
815219
-975223
37230
-551181
697912
-128305
-729233
-358221
711427
578858
-706872
-342959
267469
-647945
-457179
-695789
-259204
-160068
-896153
-349605
-334788
-639504
-418798
489518
652162
-139729
101960
781994
-506447
403987
-482869
-691229
428764
554362
-242409
126675
-573944
28358
768455
-862517
-392784
-938417
-205476
874686
-586361
337345
-821104
154435
-822724
-717257
804831
-157511
-356760
-613968
-667994
-704599
246303
433966
-922605
739857
-162047
-405474
-951372
-733284
-851112
-193781
393392
-425056
834578
161846
-287573
-558207
223429
506952
-683522
637069
-155703
-504625
-208497
21574
-221881
-403666
864063
421359
-17633
-803932
716760
-771330
630035
794155
968528
-532013
-611319
-982845
-265297
-462431
-176625
-871905
112514
-342047
289941
824942
99746
-486630
331894
416225
-849562
-823810
911601
-58058
197764
-310281
538277
61826
-888923
-479357
257895
827838
-250686
-112071
621993
-282159
355917
-989327
-265004
-909381
-451757
558372
-781285
660758
-783676
508656
485699
316071
-977974
-182407
-267704
-827535
-6217
-356104
114407
-808453
333615
-347316
253373
444693
173327
-488732
272530
922642
399197
-105478
-359518
-244886
-94804
375479
-154266
453440
-66150
64449
114197
150175
-426896
-400104
-533755
-404869
417489
198541
-232404
-588729
842438
882004
-397182
176053
-465313
856192
-379255
708015
-632541
893276
630656
766657
-212202
-728862
-478230
692994
646617
367505
146433
-419533
-568047
-739370
730642
5058
-139474
-803113
600189
-721986
395429
-632216
-310714
237866
-750212
292105
-586081
-215524
148297
34665
-507510
515757
-72060
-876854
282413
715738
-605716
804184
408732
-959099
171688
-444835
-378632
603642
-184205
-647990
-391301
676321
-451103
-791113
954336
944327
-423328
-356378
182192
-173539
935727
596111
610937
84023
-369224
-896574
-400221
558716
-773427
882193
274454
-379143
686377
-316814
-338241
-141935
238351
283128
-538294
-945855
635138
70405
730467
-815965
279293
684803
-871639
855966
-671576
310554
-317574
-735850
-93335
-706638
348174
537441
-603211
947954
96157
-376638
830146
-629390
244220
516523
53796
905980
-625413
-707854
189107
-163707
-653708
-175756
906699
-923241
8280
185992
761562
136641
41958
-910015
-552805
724384
-645864
353860
-982254
702311
-108700
-585464
650264
987457
37899
480410
-641933
-717881
-3068
411864
-811902
371519
704010
377205
-792188
-949698
-798551
-885489
-872939
209729
300503
888624
-653630
-657540
978610
-206434
-933156
-667255
-852575
-915409
-964945
38726
-500872
685320
26183
537027
165729
384251
819147
-837340
-203886
-992756
534179
-499876
384449
741992
-449574
585899
856503
-322512
-204372
157006
-433889
141998
499467
-455280
935565
566312
-122534
-917011
650903
-87478
121716
-849970
-402159
-852101
687058
763570
532150
506204
926231
-671737
513448
460410
-171613
-102103
202401
378814
-516204
58904
-943698
279424
-784091
-377587
-578578
715377
167134
-643014
281688
-955401
-560024
-67409
-42878
561692
82621
554963
709591
-230321
318533
241741
-724118
244763
570005
789331
-294827
-601609
-312772
907575
777206
171025
-33522
833508
-549552
182388
-544079
-128129
-102236
623056
228857
-820548
667656
668833
112043
-375223
230525
-805337
-820260
-59884
-35657
498273
-818144
240226
-256964
751861
29557
448209
-849748
716786
355783
927459
-112190
-677739
760967
338259
504649
-783113
-789871
-597587
839943
438986
-418135
507598
107819
693908
-867625
-661657
888572
-687885
278459
-147086
810388
460316
-906860
-446576
212177
122697
-998367
362429
-160518
357417
289888
727292
679679
50854
65550
184327
267741
275680
586741
107684
-285335
-831395
-384718
822484
862514
-252342
-839173
751086
59773
439287
-396000
-129839
-100397
-302860
423585
-888221
819837
425219
474209
-340681
-217364
-235904
-613389
-537686
814950
452162
646641
82691
-272159
233382
-809625
442506
401988
-194343
264990
264501
553315
425818
15586
-386912
-134896
619586
483249
764708
-683275
-93166
876487
-863438
-667948
350695
-204118
114688
-885210
182493
577003
929741
-365346
223644
12431
362495
-542975
202806
-194999
859013
-991537
-930010
123513
561779
495809
-860901
-825134
-639087
758686
658116
-874380
-924590
-435051
-997894
-788027
-102998
352801
7855
-988310
467592
-809652
588693
397332
-174998
-187664
-590237
-812504
269361
612570
-7503
128373
621033
62488
-748114
182812
-441704
-609015
357678
-80791
-850330
15793
44829
-774919
580743
46936
-562945
-522256
-600263
444911
-510566
867329
635259
-921873
264661
-539739
-109537
674425
-352243
-840176
286994
640255
288198
-91973
-297257
540084
-909162
261040
931070
448516
-819751
-919260
-535691
225079
-694178
-954949
-727986
-257122
-477204
-328249
-812212
12230
-460920
823048
90357
803742
-716692
980821
478166
-68934
-859356
-234841
-428679
428842
673186
274064
-31074
764025
-464896
-100004
212540
-284647
-19263
676850
940432
286559
721901
-787554
-970563
-755303
-115802
-782774
256927
423278
-959727
-652716
227019
-676418
-671895
-294816
254648
-531251
470344
825970
897592
143530
100034
-133482
-92446
635138
766514
-879906
-649509
-252750
796944
-709077
-966191
518845
-496631
-936754
763542
387567
-719528
20469
-189156
-679254
367754
-962137
-355671
695859
-256952
898978
-835392
-786608
724947
-937800
356922
-175020
-71282
-735524
-539882
-304768
-615430
-189391
442483
-818486
101532
476292
700360
604901
539539
463901
-7532
820012
-515630
803313
-859242
852124
841177
-214913
547983
-415776
-315936
712592
-202384
-590989
774792
-845462
233992
-296490
-580986
694110
398743
-196416
-495282
-158775
-14902
606251
-682483
-314543
211152
857057
-850642
-796381
677068
-366271
-993068
817827
-514147
848109
-397087
-966165
-567668
286978
746428
229949
695990
521219
384487
-70019
-775271
803501
-375910
623472
-392915
128809
-535303
592183
-264941
-217785
-722360
946211
-360729
-573001
-850170
-683661
60728
-843238
-865835
546582
-995130
-262921
580417
-562797
-975943
326845
667152
720047
-151936
51639
-349973
72793
-144861
274118
-303735
462224
-597073
160963
54407
137986
943178
332048
84197
-417552
759048
234028
-101213
-180225
390790
32953
-633643
395661
770032
946774
832864
794089
273619
500016
514135
-878318
-448346
-835838
194476
406794
438281
890741
-130982
841208
51704
923426
-20806
-5119
255474
-936610
577330
14521
297419
-523883
834297
-311792
509070
-799347
-916132
279101
-852573
916733
73189
421046
416749
-412676
542728
968404
-248513
-262797
375198
-810233
-372056
-755784
-969026
679648
-832359
10168
-325471
423115
73559
-748141
-562365
-629023
-272024
-728068
59186
-762955
-527415
143055
516147
-379988
59788
-410664
-958943
-523463
176660
583786
-555060
928147
-679011
820139
-882087
-51067
-935646
-851112
-371419
-768005
159057
303111
655111
-767384
554970
-907254
-396406
-717055
-635322
662780
-480010
-162737
-194165
-963863
457275
865623
-374527
498333
-657841
802133
82118
-212900
730280
403107
-392762
848193
-647960
-328408
997082
-19379
-96412
156138
-716268
-441302
388755
838702
-348556
992349
-878354
16123
655129
-358363
853386
-539037
-322226
310661
-673414
303247
-191006
-331254
105380
891113
455846
-164341
294219
-936917
-316148
646260
-265324
-319067
-373119
638264
837072
-89387
-803038
225826
-250686
-151593
218175
-129040
864530
-126697
512598
717916
334266
-809629
28576
660852
493619
837571
-670403
-401002
728683
785444
434658
22902
848528
-881491
-330839
-416797
-200557
296042
-778533
-363485
-793345
-581571
862342
-44031
266837
80516
826930
131366
953819
339527
-150719
288085
529899
877858
-51063
23518
715429
278535
622516
444111
63978
57174
-532988
-87495
175683
136174
495709
975127
-567784
717177
-388358
-361129
-864395
-526017
594841
402442
554499
421770
-466192
508318
-238703
383090
-203598
-708804
260948
745339
314714
-23624
23873
-62770
-579514
-912149
994404
-112501
357
170087
-976328
-503935
145214
-544112
-786759
756856
94759
-651153
-769162
-310400
751290
785338
-888630
-714903
293655
-127332
668188
-909943
163864
-70865
835396
-521422
905511
-140731
415808
-674003
-52879
410212
213496
947478
-419701
237169
-556457
725513
693057
-343215
482368
-212184
5632
713207
477416
-243078
498545
588786
42019
-207801
-538547
-289793
-117743
625318
639342
-282347
-896105
544853
576922
519704
870850
-475957
-70085
84346
-528480
510215
-678486
-84937
235727
-985429
571848
-281905
-197612
-422520
-568699
-720197
334402
929847
868590
-623579
-277954
-669957
86628
604303
955361
-274030
-678045
-940744
-729178
898878
578961
-858328
-577080
-491125
226019
-105560
-980910
547534
809504
254817
562105
381352
972912
-635508
958833
-595787
-355704
293235
-665941
-487114
669656
56105
-157071
-243716
-339593
-201710
482254
-17637
-142454
753077
-118760
-563494
894750
304160
-54618
120768
-801400
-35528
-331699
-991896
-780711
-769594
389457
-807800
-405101
348289
-403586
239196
-358477
-69527
752082
-688821
986579
-404990
67464
-353014
393300
-450283
629349
-749154
-697206
-489411
-312647
-802457
814750
632735
318312
-986650
-402793
986614
-978546
-183504
-782981
410912
8696
-188081
-240799
605111
-948885
400724
-464416
803197
711904
-477838
-601793
-220633
169149
791508
329085
-201502
-957647
631879
309088
-270294
829423
123837
-637559
147734
137187
-40352
134347
158642
776145
351367
-430446
-215159
-836714
328755
-610049
-785599
-270521
-74465
-982402
-558618
447698
-584195
220750
-383153
-792687
-450166
415345
-750334
-818287
-275567
-20627
-988865
848270
341815
158869
-14543
-698537
-706784
-855902
-922393
644583
-286348
-137552
807869
-957593
252400
-977731
-228114
-822065
-960132
213268
625633
-544327
-565982
-757520
-337014
-16148
657826
-87347
165566
-617742
892027
176701
-769473
233842
-664430
215984
535305
-371214
360083
612913
-726631
-926265
-524640
-918763
-883857
727761
-896493
-111971
905696
-856625
-898703
531329
-400951
-464685
773809
262036
519168
431634
-825311
-315267
813892
-933285
861435
-955581
300557
-802995
260404
-164138
-174208
-379513
-551226
99161
-305777
-75865
180398
-189634
-348105
283906
698395
-442409
427282
799693
-911081
-973670
-664993
862728
288367
854176
294362
463056
-461092
108254
529772
-599657
152673
-169671
-402652
-586923
666191
423140
33564
-885036
-477699
727787
39100
702699
-461847
690995
-13395
-763453
-751414
-586114
-963761
-662495
-559783
-628753
-799767
728585
-774578
494596
191640
-235669
-397151
-278589
164674
755523
551740
762023
-831401
217931
185163
202163
332896
707464
-70050
-628005
410163
468103
-937010
-603233
704651
-688424
-189346
740891
-350919
250872
-887863
-150685
-20543
-662440
-656090
-828904
101891
-53240
-107492
-733435
-297718
-555752
-971413
-129119
662179
213751
-926956
-4925
-78786
2995
367070
-668623
-528902
430060
-271856
-824251
741636
538799
916640
-609283
-210329
-971223
240033
769128
-633663
583944
940225
468229
-469297
-167267
734794
232985
276981
763382
-896134
-60840
-22868
-823090
934235
898347
179906
301305
-770277
651004
-268636
-42132
826753
-527000
-503333
743393
-136282
286339
772170
-896249
55466
-861493
687695
-4309
606736
-781603
828424
341529
451382
105405
104910
555248
-955435
-917958
732159
978801
980390
-87935
280105
-789888
-436931
-988531
167981
-610179
-515530
664648
-866786
348189
-49014
905384
451940
-993548
-956110
139634
2144
650627
358031
-169433
-7845
-190588
935973
-902935
-635340
980538
-820893
-903181
959339
-840504
8884
239444
-630391
571953
250913
537590
961775
735384
202238
-905011
83572
-846776
-999628
-464489
-840323
-955737
675145
161821
694890
33176
992389
-312955
842589
928362
-215890
-792752
908899
-36782
-695932
868238
122715
312952
107681
492325
-115095
-641406
29914
-153320
-906023
-767848
-58331
177550
-614623
-57958
713061
-454946
-13694
388206
706876
-318804
-578619
699264
368241
-736031
627625
-847649
-528782
536524
115569
-224714
404761
-761716
-911762
-487558
730609
-26856
-128963
-239477
819824
-34986
-7325
-238508
-857436
378053
703535
855625
923107
-310160
243831
629982
371036
665213
329246
-260724
929182
-43130
-108372
-599600
-506606
-992804
175687
898156
-754519
263925
-589402
976090
-762931
281635
-263388
-943108
-753352
729288
-181615
-610788
107340
-478081
-755163
30447
211760
488669
-339571
-417205
153881
989675
322072
83062
-53455
-786301
483463
439939
-779104
-340851
338095
-533622
923075
748693
-557533
-839857
30327
179080
-782965
276976
-91632
35421
666189
-984292
557341
911027
46155
-230900
399695
706584
351895
-446425
696258
-326033
636638
-357197
-112333
120100
-917259
108564
779249
420836
574942
702323
169529
-982591
862466
-800145
196489
-920499
476831
-895144
114922
143019
-879435
-327737
54045
166720
441363
-546260
-126696
-206742
7315
-430438
467225
-356048
212365
-645108
764053
295106
463456
543302
-284058
38398
245624
885471
55807
108090
-914674
-747705
187592
562157
-642848
-697486
-294824
-522283
-25223
759222
644438
-583861
-787039
-482259
209398
220277
87303
-323377
864229
-700332
31515
628282
594774
-505029
171583
-689284
533369
-582793
-803813
-410825
525298
-718487
-158529
-287111
843671
198623
15403
-451154
676341
990181
-691932
320779
-593680
-478970
838520
615718
741307
-74177
-707659
605536
225491
323856
233817
-179735
818827
-594601
130982
352196
-177394
327169
941371
-652097
608683
-217159
60793
452353
981465
-923804
-998801
657806
-933624
-690733
-21416
-527303
-169702
-182896
-911585
-428396
742928
-619244
-822861
-31581
704612
410956
788685
523439
816356
-80334
-124365
-361039
-753165
-182995
-13135
855518
599847
-952342
307871
581312
-876146
309071
239117
-809769
618339
-782299
-337072
-551364
34805
-248657
20240
-222267
132100
197379
746152
-163289
-391665
534836
-639850
-575310
-545498
235786
63652
-298662
-947209
-949483
-443145
652638
-901825
864727
233950
-777971
173797
-526933
-587739
-207865
-309232
75189
240771
725574
826533
-738989
-496693
-41368
458390
-750542
795344
-933275
784295
-844506
-508585
-761204
391280
555067
-59866
444071
605585
496990
96709
703760
361717
-669341
925790
-464487
-196274
-661950
327649
494495
413240
-431580
220069
239773
-170569
723376
-801596
-712179
972834
993749
-645454
757129
-850757
-154038
995925
540523
-598971
-63941
-15406
-993387
-566951
-918698
710374
794766
-588039
636163
-669721
215688
974214
657929
-289818
387453
-773652
930251
-372775
55780
653627
-174370
343602
626460
-180621
698149
383588
-31378
-455890
379513
-490855
-54860
-684428
493739
-48247
-251379
575041
-337874
-456613
987003
-701711
-126334
202690
-727498
-468406
912873
659956
-242057
843124
-712819
813724
496750
112812
157325
123210
932191
-144527
-493202
-99187
399584
886312
409958
-655277
-798117
-96304
296477
-49495
-521263
958604
493892
-534260
-743108
-632442
668431
-470605
-100847
581304
-810650
657097
424427
-523469
470820
-78823
589344
-371855
-955614
521534
483619
-448815
-577653
-116798
-562504
832305
227926
-360620
-263999
-475597
589886
214739
-516994
83777
680480
-260102
451336
348910
269293
-649511
-69787
458644
-992415
-645360
935176
478406
275818
524519
-893450
320204
46053
590169
871390
468400
-526629
-691114
300705
701298
-51734
-963295
-774300
-461849
251445
-291294
621929
-68076
448605
73265
-719166
-282102
423754
211047
-823459
431339
565688
-888284
-90256
-158495
636236
16295
-838291
-317712
-393536
-966902
-849312
79835
-658015
451393
-218867
290251
488099
6833
828403
-260457
715539
450332
671468
164144
-476404
952302
882042
947350
163349
-941417
378689
-270963
-829700
-711567
570542
806536
304729
732252
-511176
911193
765351
-360488
-8972
-892665
-909096
772161
397587
579004
-221007
225989
-681453
-505468
-323680
990015
658676
199917
942317
540718
147267
105665
599301
-474045
834702
769601
-185611
405244
576137
-880883
137495
-935040
-969690
-97154
-295527
21338
10181
-204622
-206502
-592233
-625619
572491
633757
-307071
-932977
-689924
-317056
725699
509994
-374740
266417
-342740
730926
-134283
183216
565627
-364682
997605
-29129
-788545
-883278
-891634
-723584
-852968
11212
-19111
168370
-978608
776268
961868
-570840
-849351
534359
-937084
-156422
601382
-627007
526522
327081
882987
-848219
-406503
-459753
882707
459215
723463
448334
-905467
721068
-580795
-694012
837790
-472429
-417595
984823
538783
563295
153193
560176
339562
115061
989337
490211
-350581
-947748
-666212
-749199
-574754
860311
577882
-691768
-987908
-828621
-151521
894799
630594
-428058
343133
725127
-706991
762338
-968885
-869201
-710092
-386480
-884379
828692
-823186
268815
388868
516377
-616125
378204
6587
33294
430457
340376
284095
855703
200687
-138023
-836065
212779
33356
12415
107578
-336051
584357
-549290
-610924
877366
-786953
-579808
-991836
-497044
33712
-876214
-668352
210527
392601
720516
-273097
776477
98719
733491
-190230
-470824
73867
-906135
-615122
-725447
-44158
-451187
487333
989199
561228
-405090
-346853
145585
45620
42224
22950
258668
462416
31115
761625
-503872
154902
-906728
706655
-452497
813788
-566442
-676021
-87493
-832951
133749
441683
240917
227615
826562
515471
-816543
-624625
2803
-827345
936604
597713
-174197
82188
-356667
868027
-894863
902001
330443
136253
663625
826571
-708846
756897
533226
-161342
570685
966785
162637
-516808
-866166
-703614
924876
374751
524001
751437
-109778
707459
-873188
893025
880114
-936585
490738
-294084
145603
-865930
-426057
250740
-963929
904386
-613007
699697
730956
-321852
456594
264182
516806
27278
230966
-320558
510471
364800
-24172
435346
-260449
-500171
186783
629773
-792713
313595
522798
-912600
377010
13535
-206683
-477388
147606
367260
773353
183677
271646
-839655
-116626
2602
-161507
-660033
-733217
-644701
367245
497750
34741
-122284
-137450
-989431
-686939
602102
-489602
499845
231874
-282315
-186561
-245328
-194914
-809551
768208
598404
-286938
-84187
-34336
-513586
-900510
-762691
-353240
-17136
239911
485254
322831
506695
840553
-309924
4444
-124706
567793
866995
-114137
880855
469096
396261
380699
-299030
-886054
-805862
455642
-80967
-615413
223850
-482564
97650
-860337
483101
584064
-760846
720410
-769176
222019
-39679
716079
-455150
-532985
556632
234926
471460
-568075
-197281
338454
317789
-316427
-192450
-285950
-935729
508520
-172004
-741591
-35838
747030
-357003
-811989
-735534
740647
-672326
747567
324711
-433172
467976
555536
788847
-571703
271615
-666304
-104687
-171754
568623
-633228
260172
-628659
705227
-422040
54915
-487224
292010
119186
-978704
-879994
377596
-14542
867036
-979407
173469
-868499
761240
501144
879069
85951
-932028
347045
-358513
856820
775342
913102
-809485
-329346
-258653
759139
37427
-998482
-869520
-257346
-420521
185395
255431
871489
-695419
276727
991496
682177
-737816
858531
702770
435654
990033
464010
-63203
869102
-450039
4770
216146
191448
-138411
-8513
104549
52105
662142
845897
-188756
-300432
847416
-58276
442222
-573106
-872881
-302348
-701617
-568300
974380
-710122
-886123
-763437
-851592
816647
672218
-861559
280657
-390985
-992458
830619
613785
223689
22066
-524627
-784825
-873385
527479
877317
972512
-661278
-423115
819927
280446
-980893
-753180
407566
-283240
-454797
839266
-308861
-164919
953143
-72297
-16510
769790
-400079
121932
50447
208936
129475
-118935
-177280
-646837
903131
298094
-431661
-970254
-174428
-554345
-997743
164295
22541
822184
-555260
41648
-930996
852306
758409
-385792
691572
-550453
449289
644715
377251
-567221
414504
977172
554712
-535050
186107
-315814
346016
-991173
37349
249147
306922
605688
278893
-867506
-948657
281151
296789
73885
103334
741530
-884467
172339
593836
873942
786547
285407
-676511
235836
-69879
700740
668616
-655375
677912
223327
-190424
-135982
907513
-844409
-127154
-55138
404739
-820232
-449450
-316369
-687738
-398106
964782
609052
675779
68116
350581
791313
-759545
-55583
665254
-972999
-770176
988743
262838
159946
689482
-68547
504571
367393
-845221
-685853
-768589
-937708
-530261
104258
7155
874478
284026
557706
-441891
596289
-840400
-477110
205340
835380
591007
-444079
626692
831462
500338
291945
858464
730162
280688
121301
-109892
-29831
-947246
-605322
-662438
-792466
-291174
-431026
-730173
178565
673233
276982
53042
-42741
-165312
611151
-446453
-5711
-865959
758888
-170332
725049
-685192
-543640
556510
815147
748305
414973
545309
28992
-463726
-564584
999162
-410972
-169905
-663276
-203438
538921
-94301
66389
-282515
-421068
-656629
770528
536191
178060
381679
-910263
-827652
515721
848625
2017
240769
-836567
458377
-202722
978580
206682
-787749
523888
-764326
-251474
959305
-765164
337554
-210601
-428440
-865884
-671680
477260
200506
45806
-943809
543878
-183667
592382
-278063
-801988
682120
-105714
713733
530745
896303
-45499
694178
354680
751780
672758
-438639
964032
196646
-202965
-287443
155950
31871
-949890
945350
603432
-815773
-726331
80692
384733
319475
136884
-71390
-864192
-270735
650548
-666179
-588615
-455167
-952447
942130
-558864
2055
636308
795816
-246165
309065
-642823
-282134
-494290
154212
430424
661661
-813917
480535
607010
789516
664762
880679
-129793
49495
200154
-992910
978106
335962
-263644
628653
669784
147742
-826514
717338
89871
-385377
-280608
-273821
-589562
473228
-964757
-232384
-808906
-459046
921828
621518
-797386
-892089
102052
809624
897428
-233186
690303
-232366
816309
-109544
-225275
794414
-773582
511082
423067
896202
-341177
596553
613539
748695
-788825
-667069
-525126
-378386
806159
-489883
389230
997254
51071
311058
618772
253686
418970
-279176
63309
316397
487638
-246389
-915969
303947
644067
-141243
98360
870486
-630162
-478574
766687
28662
-882021
380226
-222643
-670845
713157
252231
-49230
519316
762349
-660001
516569
-186580
651058
135341
-932895
70027
856165
130415
-613576
343802
884026
-529545
-352252
528093
329212
746109
398578
699051
-732465
165265
-272287
-614485
-454510
505071
-285330
-741353
-242699
665440
777963
-480350
-994561
294532
333070
656498
-570128
400176
-273475
-713963
-469410
112949
629839
-585385
583405
-722413
942709
-87384
-976305
341287
-388333
-708770
-493449
339380
-323255
52042
-155550
391416
310690
601752
56856
88652
-878599
62296
-616816
454472
-281207
-186943
-145353
445319
99094
385237
-441733
-271067
799853
-858329
6520
742562
54288
30215
83848
665955
321446
590400
5334
998192
-357558
849785
389608
953132
451536
-553537
41784
572938
508760
424968
27409
-772447
-761975
882057
672872
337119
267294
-768861
-933949
67147
-627190
72572
-190292
427099
-897213
893557
93053
424233
483957
-901613
422425
-873602
948172
-187968
-920470
399708
258496
121314
-27355
-232745
-453718
-999946
-5192
-215693
882112
-332321
-878574
149405
-101181
-812522
-783449
271629
260050
26260
-301273
362837
-80184
791781
-212930
-596228
890169
-790506
-469829
838341
21527
-390299
238048
-719978
731016
-789307
47278
-722703
-789252
-957914
61605
-907141
-290234
183031
242264
608585
370510
458816
-119787
-369441
-514925
578941
993397
404892
370722
-219533
808665
260890
-10038
-661164
99230
-988512
-51462
-662722
-708489
-320447
-452028
338790
-43150
-241280
380876
-981545
-148421
-909359
201486
-906157
699226
-428004
552659
-420561
202555
-962266
-841620
195952
442627
529102
976420
251292
-210008
-33619
590128
889223
-22130
-461335
-773500
269382
218218
-225528
-391829
-824932
533193
989047
-806477
-615229
-920312
395010
-521385
778915
967006
-968726
-641647
169561
-930991
-483266
-634487
511636
-954164
-658068
-237073
-164172
308313
-646946
-274949
-713818
-108280
-48449
555564
-890063
726024
-836265
-714994
259216
-847219
-521470
643988
-767530
873540
-877398
-988616
840545
-846123
-630262
10106
-777114
-113528
375619
734522
-67692
717551
-502551
768137
25863
-149496
-506813
312046
742224
444739
-132390
852162
170762
31345
-862832
-570022
184127
-384302
-926035
416597
-510763
-803432
427981
-670218
-649554
797719
339888
-426668
-315810
-284493
-692146
616499
-566943
-194697
384636
458921
655807
877823
-229033
398031
322562
638577
250192
-506677
-330079
387360
-76698
854048
-996943
-2732
270645
-507705
193837
-301375
-177922
544283
-503656
-838035
-882386
180534
-122528
-574532
-202967
310530
230771
-818332
-230550
-113422
-940509
540417
-715392
382053
178994
534801
875377
848915
-77839
-201321
702963
-74781
795947
-26393
417514
-10217
672233
-760409
-465935
-831424
-598443
-348321
349111
279030
77147
-853856
-410441
-692082
-672187
359009
194496
-612696
-100574
479105
769358
-921581
13905
644735
927335
936067
-556587
630298
-138715
-760640
-396095
-721201
229143
-723863
-481609
763208
-555286
-80052
-585113
793825
-801023
492035
939969
-211463
799953
-732218
-852454
-5551
-344913
46972
-526446
-575556
125392
487460
-930821
52727
423526
-487407
-316976
-715190
-248047
286929
-436390
981097
563067
82001
744305
-992220
-998052
-840809
801605
-799074
