866119
-207069
-722277
138184
827209
717704
914740
-425216
-945177
305737
38349
-490623
-474018
-501346
932137
-167399
-780503
-198144
582036
-754450
-336791
-661914
-267356
-466179
179271
-254702
601738
624164
-221065
-967807
877005
-354946
-174875
-845273
783238
-347667
872432
697977
227117
927255
3714
-734535
-563369
529697
-235880
-631233
-637703
-16383
170624
944333
229168
833833
-717582
961813
-632347
461689
-292890
969392
85853
486045
-998415
-37143
-868902
-173290
117585
914337
479043
-9984
612314
-293840
-82730
-383973
-28375
353901
-854276
735746
722669
-491979
-280638
-106707
-547647
948531
-272874
-265228
910343
94780
-803539
-382547
64171
282315
-896502
65756
-754829
-765403
892466
362757
-851067
371509
-647228
761247
-922332
270042
-622726
49294
-376057
-477002
-214961
-653388
31020
504402
239905
483374
452932
967031
-781855
363275
61810
-585393
980729
-874019
696922
-915774
191738
942094
-681177
84203
304850
-532243
-544288
657622
-770996
-466619
-72336
-393722
582675
551608
129277
-632286
898220
-839704
872116
138124
643670
325048
105155
861816
-311677
-833035
-723578
-330949
-707054
973345
-246723
484684
915438
72101
-431113
220287
539858
24600
-122091
768862
557981
805573
-624860
140655
357180
504417
508370
255400
664714
380485
-606476
308384
-294467
498679
170200
393856
665644
446623
-937094
958591
419967
-183816
443275
335404
888285
-987839
-444309
428142
36761
433601
197004
-405259
239174
572144
735397
-403646
76561
243766
851754
-258726
-375749
-754723
-950342
329784
743957
219859
-276360
409601
-333519
-213454
368191
-913553
602731
-188534
421852
491016
-176373
977544
-80843
860389
411144
-883840
-544870
-349683
688304
-809474
246671
-235136
434293
98424
506139
-941457
343702
555798
388328
87659
-224344
-888033
-502741
442138
-101486
865451
528585
-498756
-323084
-49563
992260
500544
-72020
-88583
360932
-660877
27578
816063
-10560
-284118
-993412
-763889
480747
440882
334536
-13114
499426
-321763
-457317
-112247
765897
318340
-280
-736845
-239523
898235
-871394
-710938
-600522
-194477
239500
-608262
-693934
-832521
303156
666999
-493397
-669267
483061
496043
46616
489650
732155
-472638
-69468
66690
514248
-570043
744928
-943069
317710
510824
375272
-682570
773980
-864251
-784336
902586
-575188
-384857
-291891
664312
6882
14175
831792
-689963
-318826
-661606
-359229
-835765
834438
687387
653885
566592
-785251
-415584
-366719
728998
14373
-621791
785930
-667917
889033
161201
-350487
663013
296951
-134822
565599
721764
480321
-726293
386076
-512797
287883
217867
-202760
969057
556261
438012
-866709
390698
125399
787177
-42710
340148
-628408
590571
69145
385966
968781
-144925
718050
857813
-983724
-632438
520826
313227
232741
86424
34990
-286938
360131
-578935
200265
-351987
638933
997506
-382931
195193
435517
-249639
-414109
-439085
-462463
543181
901064
-90870
133752
-29792
-704904
102533
825284
-986855
-39654
841560
-619293
-518829
154786
613449
567595
-810224
-673490
-72274
-389158
526775
575739
-750225
524280
-807192
444969
-40204
-56830
-969141
520712
480707
574041
421775
-610164
-292207
-608017
-315067
810326
-782734
-301922
-229329
-941175
78786
251842
213612
-307766
-180563
403389
18744
747163
-985769
-454482
322902
-735994
-930203
515711
708975
29594
-541120
739835
-449694
939588
313875
972081
-670576
-978332
-635936
14357
831994
-418670
712435
-397335
-359844
-208780
854507
853769
483454
-326056
257157
-497803
-578894
271388
47716
744009
535395
117513
259719
244369
-852893
718599
-15797
-302587
658186
-701922
-330506
987610
-680253
33558
1966
-848260
614889
-285599
-245594
-744956
505621
-391088
-891188
-10926
282857
365970
491272
703963
-362642
-461013
447972
-827248
656501
-292310
417122
803609
-573711
-598675
-498979
-915526
-300596
170516
-927916
19151
-795927
74051
170892
818962
788452
925298
-925994
294072
-465790
-817181
-716854
817067
548790
774419
521030
-813853
-686594
-30999
-641100
969907
676692
776023
773516
-897020
-822653
-725464
-812545
-123248
445053
-740461
895903
649126
333591
66795
468088
122042
-7908
542095
-583886
526302
724914
-300739
343369
273703
-526321
-135601
459851
-212915
833400
818752
-243008
510091
594774
-469493
613072
772122
-194956
800527
-351127
-749904
-939934
-455224
899222
393657
611572
367310
-484302
-396337
-90596
-68187
-870035
-365683
631074
473335
908021
-895247
-662267
367871
-108162
-828867
186623
648830
681225
-218604
-820664
294296
-446483
-15619
94822
202391
234477
154888
747168
133699
-451456
358739
-498992
64243
962403
410412
996056
-907633
-955271
627130
565703
952751
731883
903436
320622
-376280
-925432
-492756
-727450
755793
288640
-548113
50089
842158
436268
-855090
44549
-329255
299799
-208284
804444
848343
-849546
-694549
-87414
-887143
715864
-91358
-794775
760594
-464229
770928
713345
-732346
674363
33966
-108625
748932
541211
163925
504725
-170150
615813
-445187
-327992
52081
-300276
716557
722826
999523
-491727
527269
847866
-341273
832721
-239549
-228416
548585
669094
-23190
309179
-795135
-252263
22523
-527481
-577900
-943511
363894
-828968
597700
-472181
675757
-572450
-856368
-769430
99558
195713
-69705
-183885
-81461
-70183
324388
-554193
-222317
983116
-721472
538135
-245301
827114
207228
731510
136292
412093
-520754
-841186
884613
-98654
-784697
248507
72378
813004
776327
-251865
-759447
919959
-21294
340111
115672
909001
-843775
-965790
-161182
480613
-519982
616501
463728
-241454
154636
-781573
-414341
-638137
949937
721952
773957
-570817
880766
658570
330529
-903931
-92924
-597093
909073
-316598
151042
-850374
-396639
-870252
489737
719033
-961252
645963
753243
-122433
126576
-766740
-505932
-409697
-8194
648704
-191269
577466
-989433
-241332
299417
784525
187851
180183
443094
-481621
276253
-649830
-78713
185326
33573
-927671
334952
636934
-797923
-175311
355966
-759174
-529349
109208
118393
597227
342469
612461
-812470
-665725
261165
-3739
911741
271733
754930
211158
56257
-57220
-608660
-500649
461160
667593
-150478
-617554
-147081
883095
-545225
-812130
520028
-343147
12559
-124006
-102321
483211
985203
-983928
80437
327671
628534
267968
661946
-110302
-735772
573687
-838570
-980842
-215156
217688
-38062
176184
717039
-576903
-156223
-433440
-194456
696696
-550345
260320
884567
969683
917173
-102874
-154323
-185149
-619664
-169121
-169077
460774
-841451
-540543
-271259
820496
349155
-7030
394182
510586
12128
-820975
-271727
974067
355210
-554688
-602836
-801013
11873
202708
895684
461528
-536972
780250
431211
-619800
-322624
-723112
195052
57712
107767
-974025
-481514
266317
-514568
247227
86812
834588
-759803
-519006
345173
252325
-339980
-926554
226391
-984771
-481241
623556
-785783
530632
-173737
-890100
-7840
289291
890151
-576629
669492
-432474
-299741
-135457
625239
808026
-109482
-856276
74342
375951
390952
-838846
210538
631149
-357851
-444289
-116526
302169
-370843
-890135
317399
147916
733421
531617
-321452
-440317
641517
670708
848975
531667
-905922
518466
-900807
-205663
-616991
724432
-397637
273528
868157
676706
-350522
259108
837861
860017
-109743
-519991
-584273
773731
782179
44885
883597
99578
-807200
617017
-368806
-128652
-823300
-727290
-457944
-974326
804378
-363866
544141
903572
430472
927151
628004
-967166
200678
496160
709540
850157
-244732
547400
710173
645525
-972591
-874100
419256
809588
170785
302852
-90835
363585
-80131
540360
-765067
96569
813070
-223010
122243
617448
413125
-333616
521019
-156404
-406466
149023
-123569
794213
-354818
-414029
644369
400451
-866630
354542
45976
-839221
480442
-534769
970368
-348774
768084
-120467
-985189
-312048
-580108
-750255
784522
-767038
26735
-93235
850410
-560140
573149
371429
283457
-833317
-479549
-840113
960896
165634
-254142
605265
-433916
-120771
-40194
612060
40009
-559753
-922709
10376
91474
845376
889909
106285
-466672
-690199
356031
-682151
-457237
-617234
224614
-606827
-177374
-202237
764603
-893918
-35554
-714947
-734030
-74658
450688
11828
-469394
-983228
891058
490412
628833
-68934
930660
706124
941443
22133
551500
831352
-871582
-915172
-858848
484449
-597323
-316085
867216
627292
77089
-310159
-574946
-158309
-204076
389501
126745
61894
-685158
-422568
-926278
-154551
-405796
964780
-664139
-776964
-104154
-733480
929161
-162712
288654
480661
-331360
417073
565489
-190207
-98478
968166
493709
-231263
595457
-429203
458578
-979489
412488
-745499
410012
-460768
316396
724855
116664
390118
-429697
710869
354897
-93836
933906
-749257
172685
863066
88032
-538661
343726
756672
878412
-90786
-433536
-220066
-122620
-939827
548671
-527163
-369030
7249
-506652
-956543
261751
903361
-417310
-421854
628215
699355
968264
-801482
410223
323161
104683
344129
573905
-722632
207195
-338064
-261293
-449080
-581392
-382881
460135
-14927
397053
-662485
45246
-54276
-189648
676216
952973
303701
719674
214724
207062
-697637
792870
-164723
-998283
761134
33795
411941
84295
-861522
-243931
-341801
-584154
963264
320136
154553
-485816
738744
771673
974320
-276183
168726
-688165
769063
-885551
122187
445279
-932578
-574112
164952
282146
632950
467316
75016
-531774
469034
-163850
502022
-119026
920446
640500
637044
-421355
-943654
600308
898781
210900
-885508
637525
-17428
-911189
-638659
-848703
-599354
-869597
-734253
522834
575683
-666831
948723
-259366
615316
581672
-792051
-309669
-950102
676983
526482
551921
-442043
446927
192420
-805000
-974429
248766
795309
924353
-540335
909801
561877
442238
998612
923219
593536
-600742
-946379
859283
922093
629304
-807549
870815
-630062
807767
452487
-422112
-501902
502386
-745129
-975421
54306
-187172
471507
-753274
7829
497078
495493
-196863
421430
955159
-287062
-16693
397396
-288450
-93475
-9069
110808
-39853
-149786
32901
-410550
42666
-96285
-40611
-149568
-643799
537277
348531
858587
792149
373111
-87107
-395024
-155383
159619
612806
-658306
-344889
-584057
763125
-389731
128881
-253569
-992335
840431
652956
-1403
-48761
-386898
848811
984140
202553
-108524
-112145
-838058
741909
244056
699220
90440
102643
491368
-536450
-984465
-903657
308168
175154
709150
649862
830266
-874908
412987
-559465
253974
-840583
-551800
94404
812374
446798
-954357
-574525
295609
-970217
628029
-812916
-82362
789971
928994
-838307
489190
19434
264337
-19443
482984
279872
76901
-208849
-544974
-213950
-558987
-714708
-88857
854000
-274173
-834884
-986583
174028
259521
825792
-379175
305164
-748734
916434
334947
879296
-896482
-747415
669266
-967488
-585721
158456
51946
678616
-860987
-465070
-41512
215914
326081
413515
-998036
767095
698807
-86893
621095
-575367
78223
634513
598662
-662257
460304
-780514
642908
711571
-864080
-22145
590866
-760561
230440
260132
-728049
644719
-581413
323897
323335
-442400
858827
-718178
773515
184908
695337
775479
-47997
394144
-311414
-426902
818778
766809
-792390
417439
-895448
667915
636926
747461
379485
772846
-274685
-29650
-987716
955755
-769518
-715764
600474
-350930
608134
-76192
206671
466960
205631
-19815
-348132
-99032
-244336
603872
-704889
444250
-823031
-886111
211058
-615420
531328
315611
-947506
168253
63071
431979
-58901
788386
-597671
-46616
744141
-367188
237620
344615
281882
-154247
-731577
-511448
-687287
474054
468737
-35418
-624979
-775599
-431547
-329867
668651
-254577
-215978
-120292
130003
-684650
-804681
182497
483604
258390
-385524
-575298
46776
16806
378087
-209083
649618
-384294
-864469
-68501
461460
-596046
420052
774174
878009
-111212
-261245
-746970
113189
307209
-76837
-218160
-947368
707186
661549
182635
-977465
856868
-634868
506139
115258
-20391
930842
-837967
996415
308928
-47049
646032
924635
88483
-422469
386095
492437
997583
160268
370446
-113629
899024
623476
999561
206233
-453361
-218600
258865
-746176
-557052
-558500
-723640
-700184
-193368
782500
415074
786242
713341
577108
782656
22269
-469942
428688
-53097
618541
-993781
-667002
110978
-996199
493266
-518577
-109828
392290
-895101
-110267
-401478
-348462
671133
857387
-94637
-885919
-701114
181724
-586103
105519
-35777
828971
-108240
-322436
406078
-325584
699833
936136
-896897
-353264
554677
-890678
-20266
-334346
-886876
-527000
147078
3297
865290
251977
893030
-536189
903516
564163
-678802
-191122
678244
-379915
990603
-907860
725604
-45175
921112
-382636
632390
327189
291780
332223
263325
394884
978960
-181998
504207
-41307
483656
617332
431694
-369267
-379372
296983
882711
-486342
760795
786226
-922180
-918007
-404896
756064
-297922
-414294
848205
-572318
540532
769316
45047
172921
96505
-663173
-494856
-640170
731712
-515897
177832
235919
442797
-338512
-146750
-125510
292222
473879
-828527
174932
987537
932269
-38842
-934644
-985739
556262
821421
-283660
-858033
669625
144023
682500
438941
-810931
-144579
-464554
-474104
360565
-104724
-742392
844668
-926892
493527
287465
-265404
-653224
-838046
-973183
820655
-666572
201750
808191
-734304
-837093
873548
-720043
719170
694968
-3702
861138
364593
-859680
543637
-196467
-670611
-600943
338979
-144714
759623
-765745
112894
604291
-692637
-393580
-108245
41960
-46803
53710
68778
-226148
387138
-729473
-417958
652834
-566565
-544410
932792
-847396
-849443
-70910
-986258
515151
69410
557379
-681317
398800
956437
657663
-745915
716060
891919
366980
320350
-800718
973401
-787895
241242
-73403
265815
-689981
700449
-347048
-419453
-717509
-694214
13983
-261919
-761422
166588
-111361
167668
180330
-596211
-762922
-262291
-277527
635878
-305854
-619864
889964
-589795
-727946
256943
730555
-528664
230343
942660
712579
-843060
208475
-977403
857389
861427
-396855
-860120
-832787
617129
-122039
-594208
-216284
766601
573461
964047
-829611
810539
-298244
-107137
446416
395902
272999
336379
806107
545054
-406678
536662
-983611
823665
479321
728968
980605
-312205
751566
837994
-450778
-645289
977874
-283564
971840
-144165
122228
-244444
-377565
-304312
-280397
-207175
-493774
421359
685689
952643
-182740
-41313
289021
-376633
-496260
882344
-839972
-479870
706009
639350
-750902
686614
-672856
-999337
524607
-123633
-644625
502481
592803
-672785
-641685
-284969
82771
-19249
410720
802375
773577
916947
223733
459265
869589
-959007
-582048
158610
-335639
-78307
40953
-175611
441823
-253039
-536262
690921
-566426
-209117
691585
958182
667251
-953040
460662
260053
-625825
818978
975085
456947
-200271
385804
259321
-426695
302751
-516946
-967430
172339
-475952
-549478
-669051
188409
372215
371902
-987202
-185962
-881137
-523463
-495042
-447562
267420
-803457
-489381
-65329
-756496
971282
-805276
-382321
790260
-830192
-925374
-410012
555613
333947
163294
-141637
817002
195864
-969298
-658950
646387
-638349
529460
18601
733553
542258
832640
852417
-981206
-662402
-595146
286215
-465859
-84526
-779114
-222355
-113244
-584390
395325
-322985
-414582
469951
267003
-858969
-196102
-569703
-606
-379100
626161
30096
-38050
272548
391747
-508591
-708851
125300
-966333
-876212
-22283
-947538
-538614
382571
338678
-4472
-701955
559564
773173
184801
975174
168498
861816
-439409
-361552
128819
-298378
442347
559116
701017
-936754
185277
-268888
25196
-542176
-877141
516606
-251027
248160
550273
-127239
-774124
602735
334148
608448
-58588
-670325
906493
-499024
-897152
91293
-523851
271346
-46891
36741
909795
-918073
738364
352141
641044
439380
415388
-173680
-829508
-559416
284145
-706649
957190
-966882
541511
507462
-94121
767388
110197
-759973
375835
-948391
-430298
282327
-447415
-327450
-626380
28735
943897
326730
-934525
853691
408658
803839
205832
49701
243218
-378780
876022
413711
61804
160166
707062
18993
193284
248573
-473545
-900837
15960
636653
-660810
-608205
688262
-91107
674123
-759153
581444
-952258
269582
525340
374473
335058
379031
-216870
138896
-415137
832832
-617886
206083
708853
795825
-732114
-130981
502887
286879
-937697
-248540
813335
-838533
767421
449987
-499343
-840785
138249
409551
833338
379096
-9006
881081
-351322
-483667
255553
983736
895364
-961317
122632
-519773
871515
504746
686310
580368
300571
954196
-550614
-196543
241075
-488311
554917
54409
-326844
322338
-495605
173814
481553
642644
-416636
314890
21740
574359
195971
670418
-909309
-548476
654154
986056
-509793
-223215
-533718
-638279
-718469
-847408
942089
582103
-893213
-608525
-614440
347862
-96836
940478
-597730
576321
262815
-93334
-249865
-255633
-450691
333500
-940743
571049
-92142
255228
241467
-1450
706752
-104380
-15395
-803041
672406
450888
-441320
953938
603480
-499231
536041
710268
-107755
921601
58130
795409
862078
460401
371730
124893
-632934
-878136
869260
-83625
455364
928518
-512576
-636778
183745
728891
361772
-109503
-375489
-653624
87456
-703083
797265
646137
-749145
400745
-853094
786896
111013
39151
708496
-830858
-165440
570574
629543
-793710
-304534
996609
-671846
-435275
-87016
783519
-506757
400409
-853260
676989
129299
508513
-432515
753811
854889
654942
-949273
652154
301079
-698418
52899
447986
-911522
-836089
-512864
796974
-666947
321697
367547
962597
527987
-936987
959205
856142
-372261
-127811
639661
120982
-727403
786402
-202030
401897
294914
365456
155708
149803
20397
206436
-198043
-678524
508019
854856
769462
596497
-981234
-743402
393471
-648180
578296
-238983
-685584
106282
-175969
-726379
-37576
451770
145810
-397915
-427249
418408
-611514
370721
-179695
683401
-263824
976013
-166797
756574
182448
635160
-921951
-309533
490015
847512
-713037
508782
-895890
680434
860602
682406
-558549
-824983
-211312
265482
-551362
751112
-282749
594449
-646803
290003
12856
-258317
-339277
833162
-574916
396900
809174
258287
153473
-8378
-106553
231523
682089
-616538
79035
969053
892244
183145
649486
752846
-134450
-909063
927863
654238
356419
-623499
405350
-926330
970950
758547
363673
-16194
-499770
-975604
-183033
-74686
421296
-373859
-816399
-425231
617763
77049
806293
299852
460511
-114673
268904
352755
-931528
-81610
105600
-65978
9327
33463
-411740
-634255
409964
993611
-560584
380913
752158
803089
-635281
-747612
827486
181686
177703
248781
807828
361305
823551
425590
-561647
629843
-274558
898865
-484831
994346
251620
-416359
-87265
-642781
517664
922062
390682
-894076
-712193
-199354
-900466
-272776
-818441
851693
-469688
-453722
-895920
-642203
727965
281783
606579
535792
-356913
430129
-38618
81441
59971
686824
-19695
575141
681170
-768075
-841218
-406095
-410856
676447
-484034
979827
782371
-196226
-219527
881906
530998
-37968
733598
-938690
508311
837679
-580892
236275
119461
-974314
-227933
762549
455816
733450
-156010
-484213
420274
824296
-909073
101444
-943780
-750290
695349
-354636
926157
-788686
-374809
708528
15089
405664
590433
-453914
-632304
324031
-392604
876007
161709
26505
112282
-718830
52192
884350
-956281
-491993
617799
-112291
23794
38073
-287996
114722
-860484
-231776
364433
834865
413589
290590
-953821
-961221
-883
61268
444444
-410451
607355
812140
913581
-785249
688147
75289
241256
-199572
356459
-706553
-315223
400178
-198545
-697424
-712113
825249
340649
-109
-60029
480165
768115
-695597
315029
181704
594993
361209
220483
-405890
-577524
-335073
183660
-970170
-522933
97240
-755419
-834787
-827471
485838
-34358
528988
779285
650419
-70834
-419261
952995
217054
-594012
293644
-783056
345960
-226192
985060
650364
-911163
166763
245357
450046
-612754
839467
872523
52173
23126
902354
529241
-879635
-853065
694455
-707106
632773
-339904
821883
412058
-689486
-248951
992798
-736491
968103
-601215
557153
-814953
744745
-669039
-829894
395109
-580201
336870
-359535
869846
724116
-520069
742368
-223711
503058
644722
-694471
623423
791657
999984
916318
424430
-339920
738201
-163513
-29405
-510750
-170716
234104
-542647
228070
-208743
-357599
-27185
122219
-187493
-632077
542018
-850623
8388
411863
873493
488320
154231
-350218
-8623
-201047
-44689
-385200
-409391
-44705
-468882
-984962
615375
-730682
-148474
-414031
-241431
680811
820074
215923
-91120
-388669
858324
881696
733550
-329169
-750382
275568
-179792
258007
-312569
-306299
-253674
841663
343483
737704
-359385
-701206
-647497
231224
254089
-116379
246263
-130536
152940
-902211
455434
911510
778600
275508
127432
-312520
886839
-14245
-430825
620389
656586
-181206
-104044
-523206
-923199
583387
170495
-176872
425049
-486023
-439169
-934337
-187229
-86666
296888
-933140
796956
-456849
-63676
-50105
-359060
-608242
-138596
-580461
667266
988837
107019
554104
-25409
676195
174492
-368823
-505011
-929553
107971
-428210
653835
-721534
394918
78884
-207557
955750
144547
605215
-130916
-558565
672075
-333961
-15414
-391601
615935
625526
157
-522661
-954935
-332578
-533825
152085
-778474
440767
-171720
396019
-928057
323269
466466
179915
895059
120301
458382
289977
-800816
-749176
245726
343732
856040
-885191
785167
528114
-219151
-230247
-863487
-603217
-604722
136671
-125878
-559656
804093
340298
592429
-974381
-218936
-579292
421638
-146992
743978
-111896
-967077
639036
-991596
491305
-70987
-792411
742130
-825262
551321
598169
-710452
336488
126283
70397
-893760
262797
467180
-498482
-600533
-658698
-58137
-796440
681601
-465709
-770821
-537335
-45000
650817
315673
-301023
-461079
348597
-661987
-452675
-160098
267026
-245086
-417968
441765
-693765
-819799
731313
642723
306484
-198291
748963
-430719
-731111
-749519
-31252
-389809
192344
172308
-708209
726636
401488
-245544
-318364
52304
-929871
380613
591225
418727
718627
-861450
-741372
-14348
-106535
-159339
-572584
199701
20862
-841272
-157577
-672654
-39562
-408614
-103373
229327
-158133
865375
839519
-965789
37683
-868691
760847
-560830
-114234
-557518
491475
-44104
823096
82700
-625378
541723
221250
-366749
-472626
-885285
473912
-45209
314416
-505226
113520
-843161
-177880
-926042
-251775
718748
303285
590092
584122
142803
624304
-378195
274113
385150
60975
-840122
827633
-447551
115775
650729
635150
490398
192451
-143600
-876352
719826
-28885
597561
-325383
-714469
-907665
788138
-557630
-85545
862096
190596
-366798
165381
-219313
-782676
-691817
-595009
-160870
582296
790141
900105
742175
617774
-547446
-142050
268503
-912297
-651653
-539046
-55897
-528004
-819220
915219
-930443
-144603
-799250
-838108
-356465
-356880
76348
-494370
833717
709551
671011
-385596
926876
979195
19395
-233995
561491
-190464
-333890
303666
-572691
118665
-838385
695813
206368
-490038
-843234
-849529
-18041
-662454
-934310
51516
192944
-733560
213409
836479
-90439
-710244
-657892
-256723
999308
-986881
357681
926183
992314
-622925
-307812
553805
186611
358298
-142530
613921
-523038
19085
309733
683331
529048
466499
833803
-488993
804045
899493
562523
-3012
-834067
-224068
-166534
75494
65689
175575
818771
64996
188695
176452
-8821
181009
553527
683368
-265187
-259863
41666
592283
-645943
518629
-388632
663791
201960
-859584
130289
35762
-348577
-65666
-64745
-786054
931323
101188
-10121
-235211
-823319
-944433
940365
995453
120564
129059
171904
-888257
-689933
-274570
795111
44881
465568
-163224
-362836
819626
-644596
248533
483416
557364
388949
-386295
-406874
-959628
548039
528381
-745681
479361
-370432
244198
-755850
-193750
299765
-815486
-198298
-579672
313573
973607
-467929
623641
-300963
-672818
-331479
-835396
163958
305686
984231
519363
-445782
467647
76727
943168
-918649
669853
983540
629391
198233
-762142
108751
827802
482056
352901
-365948
-218179
537416
435755
202149
-149012
409361
734221
-525372
-891603
-938598
143150
-726998
225361
-551165
-742767
-255277
3053
724880
821451
-53780
806231
491303
-70240
435621
-310464
167618
-455628
-482662
-350326
897274
151390
431495
434689
-412856
-366356
-714323
996505
-632135
-239694
-895098
-570732
903456
-622095
654629
-647709
-364862
-600648
355344
-639983
-779198
-698436
-833752
712105
231325
601870
-598359
-601058
-853758
-81021
