-805410
817223
-902913
139956
-525021
-208803
-201167
848986
590382
788664
-168342
-153935
855978
-227483
-490385
-184261
-691621
-583320
-715243
-694139
-992683
814078
-421655
202406
367185
-213838
-242479
439151
-565374
-871657
-279154
-370783
945567
-182067
769173
-579455
609131
-431994
-730469
199512
-643330
101190
-954424
-787353
873707
-444808
28387
-817915
-28128
313144
-512053
-20811
127222
66292
-818405
-505594
852455
-60883
933557
-712919
67461
-345597
-83702
13027
472336
-314529
433572
81466
253478
703104
-719023
610148
-195707
-673446
822795
-322001
-118254
-148819
-139915
853619
-835675
348032
-167192
291547
-585676
14404
785953
-733222
953521
719510
-446140
20981
-626088
470158
-965993
846249
-844372
467580
-72285
409106
170683
208692
19253
974977
535247
-157952
-347024
-583008
693230
513061
-729389
857556
-138907
103419
149102
275418
-882178
-64945
542196
-928658
-345435
-903944
92324
28478
566214
126331
-125274
721843
-406089
802441
130949
764595
11133
-849798
739571
-453621
-7749
-607454
-36628
-314519
905608
233983
-456964
-233299
-662598
692139
-957882
-544775
-372806
584315
-473432
281759
680371
618892
-689764
246585
-254777
184963
-31573
339134
-12596
-900625
103728
998537
-750422
-156701
-455084
241829
235846
508289
927310
141453
-257729
-529654
908155
79674
-837516
950273
534899
-210321
534587
-938534
-928563
214958
680358
-618326
-538458
-574420
566638
429969
764715
-445959
529345
-131557
-447423
778924
711742
97494
20752
-52413
-394218
-51938
-910960
348054
418409
997195
-572273
580894
947468
962626
-629428
482055
-975908
-557990
-302988
704451
-176315
158554
-869969
-609678
-411477
894746
-55637
-882132
-236812
496941
896792
-525070
-405566
-82456
422518
200217
865607
511558
-451730
284015
508753
-24003
-135092
456220
-61377
235480
-61726
-37284
677491
635287
-332834
-498825
-206160
-202802
-108503
382364
-308057
835861
500233
455132
332802
397024
930063
927237
-685432
352580
127453
-819826
-135862
675723
464190
-627110
-348280
-670903
829111
590344
564578
-232615
-446940
242068
-597329
220227
743244
196512
-982576
-365260
-421124
-290633
-529399
-920892
-835501
803403
476133
-905439
730640
790701
447142
-141908
970876
-688721
-466185
435065
-315830
185536
764162
-486719
-224120
328740
280666
328940
-429192
683338
-450834
-685949
-120151
-433410
-51208
458726
275958
419393
537834
440458
222796
13966
535020
-46565
-195334
-17839
811528
-224458
293441
-654657
-789394
977612
530879
974769
-509108
-693241
303508
771559
635699
874317
454896
-815135
-811633
-665255
-248544
137160
793471
-972586
-443447
331304
467872
779349
-654730
2891
-267216
149936
985053
-455688
925479
278493
-110345
-863916
256104
-579466
-889148
746996
-272706
414361
518554
-637007
288678
-26550
-452142
477045
308195
299314
-385796
101665
326729
170757
-567031
-205400
-49894
-221761
797492
682891
928176
782544
-772797
853654
61036
116859
989738
-682861
537394
-899410
-935865
-735313
514952
582690
-372320
-196371
-443861
175538
-719326
864334
-525148
-105121
-34001
801582
-934364
398969
-403819
15742
-822793
-606328
-301367
-894618
-823785
-74164
959037
237252
-957306
948775
554392
580089
-950636
618527
844776
564317
201217
-527545
-632055
757356
647994
-351380
621690
-877154
543499
-412311
924428
609135
986658
-479391
-375123
-836136
-85719
323510
-730753
90497
-750654
-771717
-672251
-707959
-822943
882141
872130
-773578
500668
716906
790740
-298116
-810640
-841315
-540761
837355
-192695
-919071
960202
-649197
-331382
884629
959938
-344725
-594763
-415186
-180860
319519
908325
88388
-589984
-842330
316672
-262235
-550288
493729
-380095
-678159
720152
-879428
-961254
510892
-177544
-771893
669577
281696
-934538
-523119
362626
-974337
-172316
-968757
910292
-212379
-313481
-684471
372436
505660
635049
280761
-405953
-954936
438431
910719
-217170
888144
404448
402735
-790015
124600
523308
-751268
-364509
-654236
-523161
-694933
627460
-457699
-218052
-9914
-432035
609633
21329
-521743
-602746
707849
-206214
769690
213509
-571165
50451
807556
-526101
-511119
718275
256730
-622975
122723
-340535
-412990
-752678
-817228
-164258
-117186
-471464
312582
187882
-844004
854884
969830
146082
-577152
579463
-832589
-98895
976717
875261
694892
746407
88769
-876274
-203143
-103675
-402374
285739
-385400
854356
662764
737323
-486180
-750227
984646
-303408
85516
-132541
225129
-601903
-944660
381126
-747020
-974830
-472792
-324172
604634
-305380
576934
581350
-430120
271825
327757
658650
395551
-875387
-445026
993177
410352
169574
847532
73116
-93103
-638648
322890
-108458
57945
-591595
759002
-716926
-193497
814343
664200
59483
839514
-808592
735312
444147
-113972
312245
25497
455909
-415930
-646747
114558
979621
-522134
669533
972797
888219
-160893
820329
-38666
746004
-818319
-715777
-362454
239626
-307371
-603453
522700
499133
-789111
186900
-441385
-949597
378308
-706073
494550
-735664
606173
-479954
720245
-809758
-126701
-165197
-830137
351166
-495664
-857341
239384
343443
962989
-799282
89447
-855331
-515059
726993
384296
177571
-876460
-93005
-323297
-665570
-906106
235319
-615167
472202
529247
879384
736538
135420
-600571
456783
325662
272729
-708415
495525
-376106
-204078
638185
863278
-860636
601174
-936005
228812
745844
-451063
-44195
130139
726509
79345
-962867
-596788
413776
-868972
638531
798610
603231
167778
677993
339769
-696803
-922579
-203449
628860
350151
88137
124385
974045
884059
-237431
837323
-976577
-636257
901319
252236
-890413
-549744
-791960
239726
-823236
287386
276860
-420024
-298838
407888
-781493
-500229
11119
386285
-822237
-649113
689482
-744815
147439
318341
605336
-764425
-557275
579381
-880366
205295
416703
-856942
569039
318021
395294
678626
768277
603335
-81648
945042
-109279
-804789
-474982
591883
603100
-256475
-908347
-385782
-870191
-730584
-34894
819292
-475399
-887456
137633
-870063
-651881
580359
709318
-532246
-214346
126020
-389187
-645308
-555959
-993893
-966682
-787682
609442
-48330
-842640
-499838
146882
-317622
-907955
-250019
425903
-816302
364200
555713
-546886
-670695
375005
-22284
-558151
-487363
107653
-210031
-907004
-183030
257724
-121350
942991
868537
233343
-612969
874644
266662
-400650
484086
-781668
-243290
984249
365214
439088
-923707
-884805
-135009
-740009
479395
-579297
-286894
808701
795708
690822
-749450
-691655
-201526
40520
-598659
615445
-701757
279992
558435
-833220
-486665
945467
-958577
779997
-455183
525510
998329
301527
509758
363542
-259385
586052
478738
605606
846043
-41867
-973691
-440852
-233167
822018
-750030
17384
-869638
48445
-942097
-468296
-336111
-643854
811696
-777677
-477074
-674970
-832210
-435650
-894973
-287393
-910140
-896645
-985866
599619
466898
-245250
185670
-54364
-639644
31712
903769
-613335
590861
-329398
-791318
840831
687986
-660955
-110725
745889
-129251
553165
-897965
-317555
775488
-375039
7476
943279
189312
112503
-344114
279172
215859
-329980
-121210
-317243
424770
-935540
628393
785126
96172
532162
-828209
-312967
-797237
-619526
-472137
890749
-280481
417139
636637
590268
-29697
738673
-727287
-254209
-636367
280189
-310931
552946
-607308
344955
-167882
608552
-985025
710909
-708691
439746
775369
919702
224872
-128459
451863
396663
558574
654627
777137
-913564
545375
-503344
503576
182012
-913076
-526122
-79316
-640363
219669
284318
639827
908739
-162736
-967481
253694
669382
641071
268670
380291
932380
-291585
155659
852082
933288
-972801
303945
329951
585774
-41429
107088
672211
-496054
603744
175786
685958
690668
649664
-393358
-949695
-130667
890961
690132
-221929
-271776
722652
-968235
-602395
363722
300435
777897
296102
-991150
-66445
148183
942138
-39245
-547873
272088
-453471
410699
-620824
-781261
914645
982920
394525
600603
673588
44188
-792756
723894
913522
-901796
414026
-308408
-173572
136677
-276642
224034
-499602
-976208
1930
796500
-967358
935486
-55317
974781
-103759
396810
246869
442770
-192492
626045
661509
-277847
608965
56033
-677245
282553
-899779
-470001
6446
-986258
-371797
-579529
-294665
454632
557149
428693
-321334
-942454
452486
680596
854047
485129
616082
-201271
459910
-487678
-804461
-293222
955092
3048
-667177
616601
725201
941788
-327366
-952045
224341
-227145
-422045
-769214
-213402
206159
-348742
491933
-339210
-791594
-79374
339456
-734047
-626888
20052
-880000
858241
-363867
-81270
318150
148456
114269
-975072
103548
-882683
-642249
-279852
842519
-700461
392782
890474
523880
-834363
-531571
754667
-47765
674588
-594076
-555832
-664623
-385669
364794
674834
-119716
737907
-305114
284
596147
331020
919014
-85703
-520525
33283
-60774
583023
150601
296978
-696829
-6881
596517
695954
-116407
120397
861591
352022
-124936
-186175
26609
280988
257994
361987
895320
-377212
36821
-224397
-639306
731707
775888
956842
62727
694902
-128862
542202
-271815
810365
125225
878787
107342
428397
-128095
-296142
124350
755499
824256
-14060
107520
-300681
799766
-865871
980308
57760
496116
875627
680548
-467063
-348770
-958759
-735356
-572882
998083
327371
-877980
-130780
-130427
-149795
-320415
994798
-271009
786927
423194
600897
-509215
-452456
356395
-684960
533485
-536086
14359
333251
-401956
-5333
-608990
-905841
-129707
-928443
-372903
521524
-887202
-108259
948642
-889120
-780889
-929339
-19899
88684
-79133
659686
83482
649859
446612
-493324
250755
937397
54221
-392850
-747563
-412295
71065
266797
920956
669109
-738537
-688035
763269
131757
-616478
-609635
-346719
-503679
282106
-398078
-392798
501217
-327416
587303
-410099
593452
246989
673384
243311
-306399
-819940
-505934
-369002
234281
101216
-116565
821986
-827720
-849769
742942
841390
-588305
-945094
604658
543453
-561571
995023
-803267
-65249
277128
-201344
541953
-221655
471241
129255
368247
64692
-623756
41630
-691997
69845
221690
-197931
700843
-544029
903286
-415722
-722044
-924435
-265491
-979102
916955
146205
-924196
521612
-310343
-485766
516635
-113610
448986
-206238
685047
-9062
572107
156287
-879807
-59646
-779021
-503563
981984
-471018
566283
203674
331052
267125
659645
234337
851403
937602
309903
-414088
958500
226857
732118
-965696
-251531
-578226
-451461
-734897
308165
997525
58866
-6788
-11538
-369027
-850502
108656
571327
-629523
605094
553311
-100540
171376
-243016
-769489
-561499
-583371
464848
-710097
-645770
-225250
-124184
-687270
-998393
-392066
-652966
-249923
29709
-104426
15181
-662126
-106902
-925954
331086
881561
-294980
480584
-9784
-723654
851062
-404691
829657
-249479
766686
-413359
-18967
-794814
3270
-554119
-504910
357501
220631
370907
670231
222239
978841
-982735
972316
8549
-87161
-12503
346423
805937
61544
-322492
687498
766564
-841908
-322286
-957091
-990847
273024
872567
-240325
39709
-540793
740708
244895
462477
-813412
739986
-180023
407220
110892
-509793
-370542
89732
-492527
-398226
-901720
420312
589272
444703
226249
-349185
-877789
-86254
-582622
-719697
591461
-539712
-710543
-135516
-667146
49132
904194
-207939
-210160
149089
-745462
-23571
-110926
74515
-616351
999966
564723
13108
89697
-927805
614882
187978
492508
204153
-367319
-281244
854969
-245108
632503
-727654
35196
223963
-267365
324653
-911553
65489
-626215
992642
857551
163625
141730
-887912
-859947
-969197
186603
-476297
-969231
-248674
536811
120467
-176478
151693
-691556
-683971
-644154
-58874
34785
-789186
696019
-332713
-516839
-268786
891251
215796
-944133
979699
-718716
-570348
972340
-861166
593277
114070
-749077
733331
144873
437526
-742967
175643
-811148
793844
-703891
12374
-54464
-395446
328403
301382
545681
-636813
512197
241699
30475
995358
972914
-78274
211153
-971220
-98575
492438
-541568
-126236
631272
-948291
987834
882196
785040
132707
319721
-957927
-691650
508574
835918
-395540
-479053
-218547
209015
849351
-917165
-245305
-787462
595032
996395
243013
590389
969308
-835261
-198458
998088
66165
-706021
-543480
939929
925252
-491771
927763
807447
-706731
60470
127168
-664658
368820
-364259
-828740
973280
156689
-47287
182294
6039
35549
936990
218577
-369419
933384
-538410
-779030
902691
-373670
22512
900779
692495
316492
-642702
632423
241743
-134472
560186
49189
158797
-379344
-823643
494140
989476
-187902
665400
962756
968787
-381887
145050
-25174
653663
82039
-806598
-715756
15423
-345008
-494786
-81886
281322
527727
-181108
-26184
-155782
176191
-393761
-914039
-958281
-833575
135151
200517
-212919
311508
-305344
-223443
-876395
-639944
-260687
-907608
-21830
884363
67218
-368168
-33598
260620
-83924
981826
915613
421291
-100061
196935
-50982
718832
-829250
793237
-104978
-223010
879198
-63259
-56585
14348
-862742
730497
-674145
-168086
-492947
-550539
191971
246366
-458146
-829860
130729
609072
-198027
-902869
-130308
718050
-921044
-214695
139341
-21105
982240
-911642
-302274
-847010
881595
592749
-70020
760792
-470510
873396
-224860
-333252
603892
100996
498663
-889055
550457
-309367
357312
-907690
-139226
-511960
701383
662748
-414829
-428925
380797
-335873
356380
-479862
643023
338619
-391504
-659252
491609
-509909
933498
-578411
-749118
-537013
-705015
26023
129735
898878
-872982
-371603
-990177
677476
319031
367135
769787
-820195
855176
471169
842553
-559654
-957757
223349
104474
398624
743487
-252503
-262758
-648017
88246
-771149
-157926
21743
-349559
92957
484730
-54574
-881020
-385535
-155696
-754002
242862
-145873
923475
-438107
-778739
693261
-258302
-923564
164429
-415750
-483217
206673
807600
621258
-394704
551087
-631246
342539
903071
457000
571391
-254856
-521258
-778169
838102
963473
167258
957082
-422063
-988438
-796920
820800
-134311
-873446
-617308
86951
819815
124391
163387
-15756
708641
680171
-809084
516241
301428
-203787
67328
670183
-861249
-29602
127182
710143
715543
605925
931975
553644
569397
99232
510725
-852667
110794
713805
968133
976484
840359
-649175
63434
660173
475216
-773179
-355584
183857
906993
-164667
-299903
208420
631546
767426
-121398
770298
-262177
-994216
480441
-546635
611709
412415
-992992
181105
-488354
517734
328438
622441
231538
296571
598925
71897
647396
-337642
-267930
122612
-110820
376487
-693532
-203828
-788181
6566
-995408
843366
-226009
-116806
613664
511815
-111021
94104
965180
-499313
-493482
972189
681793
18165
489922
10231
-359394
-278540
-693199
-760470
793357
954198
-98111
-474573
76809
791069
901914
383278
-412760
-886267
-610157
-408168
957099
163835
475027
570763
-324351
-635994
-335134
-359171
-135307
171385
-386983
-453515
-810450
-897061
556717
-169844
-175601
863518
69687
-382244
817716
971576
143183
-105476
762644
45096
-722199
-650116
158829
-332355
-58283
115928
831481
-583256
-313309
-492870
-219250
351558
147959
645444
-477058
760977
-808071
-287508
863916
748646
542649
-311686
612163
-387665
306071
429878
-416090
-550747
-675598
-653446
494350
-397796
-303561
-346821
269850
638156
769108
101330
-945100
-544202
608461
-164350
807356
-243581
-518907
-669702
-482604
-326978
42791
-618689
-578333
-414561
69626
-966170
197774
-624304
463709
781685
-175050
788112
-871761
-680701
-609685
-175322
-27521
660166
-537166
-258414
-238504
-482266
197384
-630044
353384
4740
126375
834478
335038
643771
-492500
-622172
-974918
-70832
-36732
94708
-37002
-838959
470405
-573293
942727
-704646
-785181
-929035
-385346
-394866
-104357
587133
-734700
358477
-671281
26796
876212
526104
396752
229596
-469157
-476873
64073
865882
-833102
571573
-756290
-808020
-499260
206978
286689
463739
368020
-242906
890447
310746
52448
-894735
381712
667103
-289600
-722646
254236
-24300
635832
582955
-997505
512044
109058
399248
-258361
639902
922375
805712
505783
-910727
377285
749494
-718747
878025
-43529
567943
341764
-675510
-674964
232210
635236
377485
337476
16947
44588
-952125
294302
-701177
23576
-69866
881778
26071
-557823
-9164
-574681
183816
-369262
-652307
-10472
-863479
-563034
-633188
886015
-281780
-755163
-157515
-713837
586602
166976
-388800
-181188
-197788
988685
-843713
819160
33273
-795837
113461
332096
227739
-956405
213874
-746190
-514227
-795291
-320871
669590
-164553
26823
-340883
-28031
463790
25930
-142017
-817991
270767
700469
-531827
-142631
-132556
79373
676181
669656
68058
832469
488815
-898670
-963369
-397724
433427
264370
-354129
-352700
518181
131644
-147991
-802691
-198767
687457
224132
460351
-340575
-312078
-513720
517409
-130069
757048
217877
338105
-385584
-914680
-582522
-709404
754976
485536
-876935
243791
586867
-840304
846067
20293
424067
-508063
667593
-57753
623582
-480398
139557
-575185
-792941
-636311
885166
-133516
51611
-628554
-616107
921543
-871507
601770
259647
-257091
687091
677126
33506
442066
162661
156572
-314144
-250472
316268
-468077
769822
-259665
23860
437414
682583
-352558
957017
-177860
72257
-835925
185829
-42577
30559
-762560
328869
414453
-841017
457363
16222
418631
-799728
-296688
95756
233779
-854622
-741583
-609650
-168765
7945
706618
363158
-222234
-553048
-612982
-784820
-870465
34460
-827804
-48325
-893283
-663729
-862496
64140
366831
-625056
-606991
-218717
-466072
850372
797506
952559
-949357
-499183
48314
284422
-353804
306731
674772
477431
-685324
381390
-159412
92442
828343
227606
307623
957878
-737934
479819
-90447
-631217
816091
47057
432924
182921
422001
825933
964205
955930
676305
761710
908488
726949
-737473
-43199
11371
-91277
-736468
-313857
-613847
-421791
-932467
226742
670652
895876
-545653
-21726
853754
-283586
-541908
-236694
85197
-725817
810364
-481880
457104
232365
-655947
421308
188294
-979642
183018
96781
747308
445545
-946418
-241322
-645733
-682885
444822
-259579
-104676
512355
967163
-434025
408231
-578490
544249
261984
137924
-997659
-974710
-776879
-723476
835654
-258758
733629
68018
85296
154937
-743689
105654
-662046
353092
-147039
783499
406675
611640
-862234
723790
56461
-121813
-380887
-431184
-154650
185089
977047
266860
-270663
239030
-595216
-268321
264321
-372095
8204
99974
369148
-258168
-832008
-545557
896769
-575697
560097
-765277
777396
-586942
-981778
184071
-975302
-844012
-92140
81160
34176
526974
649976
879526
-287938
627022
146386
441400
-133948
551170
-826922
-869628
-820925
181282
230347
548223
923115
398339
-997334
819884
822643
562763
-945394
600039
975822
-927171
-215891
-999480
-771183
691970
81680
262994
218943
-268345
142519
931006
-641324
-711096
372405
224728
840075
545484
355101
-980850
-273235
-414553
567374
-350120
983787
570040
-530236
806430
132803
-475629
406469
108624
-402800
-809422
109145
-173982
882548
-809176
-910989
101491
-77521
231530
32496
281155
520435
-595099
-494117
360510
950385
860984
379660
-322850
-553569
-52966
327030
-569783
-482927
796795
-763353
649876
-678835
643116
-241500
-81635
833694
867645
744383
716241
-941532
833394
-182268
-19052
64924
850229
-737898
-414641
-744871
-232014
945869
-794487
-371030
325529
-117337
75401
-727438
-790307
505619
-210364
-993513
742266
-560489
-672348
385381
198011
246018
219074
65656
-9599
-64685
124124
-176206
753047
-894928
888719
603275
-632825
-525923
858405
135161
-580054
-936083
764131
745476
-53419
-160468
-981963
156275
-654849
-192326
162762
-912584
247185
490415
472798
-554804
-263567
-308129
510853
726834
627187
-365023
-449372
380234
-259951
-560654
-16491
107224
-86576
-158087
-757616
333370
-94169
-993485
78845
852413
-153952
96883
8687
191199
904558
-828551
278616
151742
661865
-248587
596939
-601703
443285
107791
-874870
70471
742768
-324242
-549295
-517184
115105
434214
590040
-971472
-723873
832425
361899
181958
838940
-559256
34370
-315013
537627
-956944
876187
442184
-785495
154802
-406074
876370
906215
-809136
-725333
349500
298656
-600203
-580029
41423
75556
-129324
524240
-809340
-695111
114279
-780812
-418984
-53297
581087
762975
-214357
-978170
-202656
470630
559458
-159599
346817
1642
54907
-498382
595569
-68723
-592167
786434
205944
757334
85089
605742
-822696
-873488
-318703
47980
650752
-128043
352870
-234970
91146
933887
711734
-327767
696862
-502624
-305936
-505794
968007
-746479
334607
314823
255164
-610486
816442
-149268
320791
-775725
-362834
-473265
981609
722255
-867524
-841088
848767
-186226
206893
499518
685731
-440237
-735452
-223123
-506350
976282
449110
-809488
-526343
-856826
-315282
-558337
-603304
-980675
756487
651860
-591161
572928
-497408
729631
797203
139758
-743635
778812
-137987
-611158
937725
-289221
202616
144617
-789703
-111653
704381
-525154
665224
-801969
-548872
114334
-611457
-75215
257508
73261
366449
654204
92586
122935
306064
501426
-304137
808656
231056
-506934
-51586
487422
-728123
810427
876264
-790399
-478794
78879
354219
-268496
967226
58599
206351
632450
256631
657479
-253216
645174
-417736
-995708
-281565
948713
658497
811021
71648
-35440
312447
767512
-226784
-456498
-739423
721631
-969077
-467546
532057
907187
-257944
-946737
-13934
-903726
-215232
-46708
154874
991119
-414259
-588496
648597
332526
-943322
-769139
336818
-224887
-820426
-4686
-413866
251222
959874
898581
18734
-266910
-557918
279311
-545280
-526994
811766
986778
-619808
-446179
-959960
366259
-349904
-175191
-680450
804970
-184073
-94709
-783526
-535476
-762183
-726848
-304615
574635
48265
-125041
-430052
634399
-873819
-470178
532979
144915
262913
975062
-575774
717633
-551933
-764008
704410
-171740
-210187
744451
-805482
439910
-430741
-485932
244879
385187
419360
461353
849711
657177
734505
-454904
231812
-217230
420056
801761
-582832
546237
-668418
950148
-308848
594495
925209
115379
312128
-626724
351371
16538
201536
-858816
-239012
396054
581094
330248
910123
-174028
-284566
329483
-712675
-434855
-13341
-978170
110241
-781529
-195400
-469704
-979769
221769
-923467
-648187
171917
-232314
946309
97125
883066
258437
470401
234436
-725026
-328063
375620
35963
-932009
-43287
-633790
978114
782686
81645
307596
-929989
646790
-705745
-908158
-242969
-487273
-103557
287328
-467042
-881789
363862
-115228
290128
-868453
-168919
-612747
-985388
-910483
857655
249049
-635509
-470409
-375331
400455
-402418
581383
766665
-424304
364068
-151690
883292
434080
-504901
-822453
525922
252130
-309726
-577636
-460542
223233
-459424
903320
-891996
830705
-965133
-60915
-782043
-950520
28602
-924389
298529
393094
-394798
923198
-206451
202785
504581
-439786
778481
-131351
408524
661773
-697272
903623
839321
828651
155753
-470406
-748985
695211
752828
-208409
598531
860832
-377705
633398
-200084
-159747
682878
828519
-84136
-18593
221613
521067
-95395
-984839
-276149
-590815
-424625
-497668
277834
983899
-835896
580563
887522
-996576
409213
43275
-466981
660228
-261514
-714154
-548181
-662984
-853323
74114
970415
-53406
914367
653293
-224887
-169769
-365301
996727
-648703
539305
-988112
75149
948491
-412737
577481
226324
-428838
741586
-193113
-541316
745011
-783901
501960
-721971
876328
-759555
-436124
-671854
-422539
-289446
402261
-452125
657148
316628
-798833
-567739
-853142
-164133
-571013
-501844
-624829
-559125
573306
-676338
28139
150787
549986
599302
-107628
-643128
-942014
-362618
-427028
559946
-84588
-550700
800391
479288
-222553
-622148
-810159
-820293
-74272
846990
496335
126896
-720749
643194
962763
-291761
-858650
-662066
149115
714656
-338404
-822747
-134558
-788418
776556
757815
-431545
834543
-604803
141428
394488
310609
590728
194879
-210104
-631826
572732
-20262
-452118
-501541
-173273
-955783
625355
105979
687412
588118
814218
828762
926053
-36668
543418
-412351
140586
-591140
-200768
-82859
-833326
367687
-248316
-438129
-490885
-853829
872481
-900157
341051
-337624
-531982
-86218
642115
15900
412241
-531158
60118
37596
574821
-252471
-374286
389038
-423709
-448234
-647631
-880292
139415
492955
-471432
938647
-589904
-304757
306334
161780
257114
815450
307952
129595
915293
-350997
791971
-616690
562785
434086
399210
-24974
902928
-540672
-987378
477748
206857
-361664
-133215
783148
190103
219155
902857
-670482
-287891
-568576
-731835
122206
126668
574499
-716014
-616219
389948
591938
513377
305241
-759059
305347
688551
803726
-260567
87761
-221248
-357640
547089
-208626
-879892
-246054
429711
-13107
-462907
-380187
-793952
-560050
-50668
-81843
-128625
217497
-959637
998043
-208004
-675651
-618177
-818057
916288
895201
487184
-842772
200547
175735
960955
939981
-736505
-260294
-417660
810584
531081
-297552
-435470
-39208
689342
101624
580606
895390
541574
-470063
-186453
-587052
747434
-146090
-589010
-460571
178260
-207186
-278627
94547
-311986
-791443
251775
888562
384292
212729
828542
647787
952436
-589118
458371
483516
113330
-977100
-555692
-197328
124524
-975087
-301938
-333902
-445150
511609
79046
-697717
-634481
490037
-158287
543779
-717150
563086
-361674
-29136
771643
890102
-140574
155934
102831
-312033
-196279
55266
98850
-737909
-461218
-787820
-715008
-16910
14852
409517
8003
712914
-924385
562853
224523
154661
865137
590042
-355303
-293151
133821
-72452
-730066
772147
898413
-958423
662249
-242162
197511
-234921
445806
-998769
820345
-455345
-736677
-640873
-243165
-451684
342217
771687
957834
-649781
484601
-966552
913073
-290877
188110
778209
-700836
832807
-514942
432986
-239645
-245007
205133
-341233
-203430
-132619
416605
994081
632460
-137589
995313
452805
407066
-741364
811932
-836099
-193047
154148
935589
-235214
504368
420189
-201765
417440
-870689
986345
195649
-571524
819152
680708
861463
-420494
-564300
66595
238273
232270
933976
-345122
226351
566436
517289
221664
19240
-75645
480301
-168829
88256
-712747
985320
23844
52040
489687
-555967
850275
-92873
-426656
836620
-897224
1821
655771
783485
-136717
-764723
-780816
929878
473550
451455
863854
-871572
-322194
430289
645717
899470
-550471
-429928
379770
280700
658328
667024
266020
-317828
-280937
-244294
126205
-430662
662834
699550
-594043
765611
-298629
-938272
549095
564654
-702995
768279
494532
770556
219734
358386
898984
897540
-211325
544701
797009
238204
-885228
176779
-481097
773101
-156198
784924
-544728
562866
-459371
581478
-867796
-796537
281028
-461838
969074
982399
-400110
518168
547053
-103104
286447
41585
-332549
-493819
-600030
-433565
-596280
188646
-888865
-799271
-573151
-774092
377509
-54247
999010
-778690
-269324
-545718
784177
271306
-964241
916381
474769
316787
-545457
443843
299186
54434
-37990
-153762
951330
-751543
887823
-381219
-245362
-712207
185216
158359
476439
296352
359089
903289
522261
-263403
-150959
521270
-42093
579717
975552
-257916
-148978
-988689
-341535
-674209
328099
113008
769634
-372716
-832559
-268356
473523
-881229
-19899
361346
-262448
734740
649140
922769
-106901
125578
219121
-747813
28867
-258618
-11216
877908
-737349
946692
457625
-761797
-311225
-691353
-750485
347241
-365562
577614
-539751
-595929
-795102
-372310
135715
678421
-253538
-884184
39767
484014
850557
-311094
406783
-256344
814485
-374096
-4157
-156649
367286
984628
-278742
629938
931319
-821117
868141
-379906
-512470
-882345
967335
121968
695270
-572416
526040
900169
55274
-338245
578589
801737
-222429
-381645
285750
-371872
307261
-307467
371784
121745
318437
-632373
965097
-314277
-647746
-313646
-684340
-716428
-134762
-816200
-96333
352768
-698544
-128998
-525265
996727
298586
-999225
896895
-646140
-337470
475484
-844404
440101
-906162
441347
-931771
401100
-866120
440014
-477155
452317
807641
-512059
-861961
-840106
174296
-546300
-556533
-960467
-362500
347135
392302
-61043
-781864
867037
-64317
516723
867813
-167422
870583
-469658
-691939
-973821
970444
-598101
467526
-961328
803000
601406
478686
-674155
53723
286326
-186214
191763
446221
988083
645463
889689
-972384
-717037
236823
419918
221920
454960
286955
-842397
-28318
154767
-9819
-157736
685109
298242
-131556
655552
700142
-664031
694225
503141
937376
172910
828987
-8902
-540764
-357227
-817140
905458
-369145
828324
795146
-341528
-888714
31969
-921611
333206
-513072
365344
490810
458610
-479889
-519010
-699126
-794781
779232
169318
860772
479374
505287
554996
-17486
442663
-272094
-188499
-566240
187143
454274
-383379
92600
-914872
-555056
-112254
-256400
-443769
919715
-178010
889438
-593358
-812666
380247
865253
-292555
861237
-833874
-87336
640469
335445
-226564
119842
-159268
-671569
-897644
-716606
56338
-86143
-282846
-756520
-631870
333776
336081
-546741
778721
-776174
196860
-665049
-856459
-981151
-775612
-449816
-793817
604635
-584564
-86371
465872
-418437
826293
106340
917008
-400272
-773818
-242261
-71840
-671462
41133
984498
242396
758288
-772022
610527
92064
564059
-936215
-129216
787886
260646
205736
931428
279495
430124
-518389
485679
34759
-102952
-600693
-499369
478611
-774400
606972
395619
-174671
833154
-846643
753490
-838308
194491
737987
404089
-47221
965965
14615
-955158
530024
78401
-84373
317909
-660954
-878638
249337
618542
551487
730948
104220
-413755
-372005
503528
86876
-893394
729128
-306153
502225
-445544
-472999
655582
-692055
-311306
-149927
-954068
-907218
802852
-988103
107397
847695
541922
-814203
-236679
-140169
-475156
-115317
-890833
-856615
-563830
840115
247605
22415
-531890
-248868
-890709
-425284
-519740
-196861
-923060
34717
330141
732523
342663
-981166
-417404
388595
-888384
-614553
400493
219013
-766858
-57586
404811
-3537
802245
929655
881147
911413
-926961
-682684
751527
320645
339732
-780363
-928223
449024
-205647
-447963
-747837
-128706
586754
582304
-396183
-70584
601138
186413
-681989
712755
571861
718505
-68233
805003
-339081
-663422
-198534
-536836
-733767
-317387
-625424
-660727
-70
-873897
659918
-660339
-654260
731695
788686
140094
-716269
-959152
-988613
870486
623153
-384795
-200098
224290
801618
117914
-62956
373478
-163581
868812
178481
497338
-794610
979947
960502
-528377
-337441
-664922
-189104
662490
-538819
-529186
-997850
-193078
-797492
790837
947016
-513760
831685
958404
-643274
454838
-426392
156628
-320873
-624775
-725458
616172
748704
110961
484984
-72816
-391702
690375
-92869
-431200
-838003
569691
-96122
-27106
232180
365059
443708
234331
-828019
646217
25167
-881004
-867543
-143148
-922601
-510817
-688311
-348993
645811
-9183
26233
920354
-393011
-225063
31314
-908028
702122
639613
782348
-390748
-791588
944346
-821057
112290
-82761
411123
-522651
-639053
-354547
-350670
-992836
670621
-231673
-860379
-472527
-154274
-371196
-160838
496734
-725385
829980
-477033
-805032
-563032
297904
226283
-471059
25
-134105
-688712
609278
74307
-744367
788221
-813403
172873
199343
-336053
533820
844797
313277
540985
515418
-918397
680606
-957110
-72670
-690590
-117947
-575936
-415974
-287968
-52969
-221006
149001
-755066
-994723
677942
244960
-128828
989230
-145763
945479
-755137
-357542
-867924
417736
841801
-203977
-48444
686598
-890701
-507460
202016
-809097
-826854
244907
118234
-517444
-873041
542298
66582
-161008
-510671
845577
987993
-265736
850854
665935
979224
-277975
655165
-166539
-332496
900028
475919
-200420
317763
317720
595603
-730682
4318
704903
-238141
-793667
895807
-64995
451240
14041
417562
578200
-443662
-515856
-582809
45668
-670280
-594816
779932
-819426
-928882
759156
-97400
726283
-407383
570105
626310
-931465
-630316
-55927
386256
965288
213392
-609427
670191
975252
-403093
565997
-89743
-951853
-419963
-672182
626347
136376
-188037
-956463
-817956
141684
-551278
961976
322258
-480160
721132
-775142
-753877
-686252
794963
872434
-617717
-835354
-183494
768539
-870066
-970102
-840888
800125
-994851
-243981
366121
-84594
-195834
946159
243225
-569487
82535
-944813
-525949
264579
196871
-77227
226555
-480872
442614
-52314
-256013
688737
261434
-461051
561170
643718
-296404
-622324
412256
-166470
-592425
571369
-366346
-587276
-672612
999776
328131
131555
945935
-428645
562068
28469
-373458
-963882
-706952
823414
-41108
519603
-657458
-598495
-532712
86529
-909759
728722
625478
651412
372439
-670927
-970912
-215305
162603
-563337
-643936
796257
-150613
-316548
796033
-822482
815008
741967
-251127
377075
-229565
375416
413194
63483
198829
-627915
-416914
541371
-226409
50375
-372101
-136168
-220903
-746624
-484756
-848464
-417550
-455668
-63769
745053
-19005
292296
541310
830383
975749
337342
-992100
790756
79308
-243226
167831
849744
-867811
-418975
-86773
331018
-46889
496313
-127611
726702
-453313
500288
-409467
325785
753665
105778
477321
-663886
650110
-586448
-918833
-368895
705848
622477
-538512
681597
-40181
-530611
472352
-960874
226163
-359817
888871
358352
221209
-197902
-310630
-825681
-701590
561759
901021
-154902
62047
-508447
-829118
-184288
597332
648204
151826
247442
-938245
232993
878547
767603
-144530
-659965
449199
815289
-190576
-78449
854416
-964414
561735
743286
393939
-217057
-454617
-916692
-42738
-156206
645068
-141718
688893
-292885
349836
859776
522827
-52833
507979
-325347
-805392
569734
907647
-926845
337337
-236884
-586809
-213464
-421595
222615
708087
-567180
258201
269822
-823894
-347860
-947236
-278510
-264552
10026
565284
-619484
868309
254177
87632
218144
113953
-389542
-834689
-378068
285112
-640080
-808334
192758
-566924
529003
955875
-153733
-684462
-465721
-931119
-976375
-32900
327083
293447
143206
979223
346211
864696
-285329
-643763
429980
95187
-775455
-315844
-817182
442690
798110
-206723
608002
-579959
-921611
967922
-388293
271147
-599003
-859290
227022
247265
-543751
761301
316146
-520126
-271600
-356771
773321
871607
-377549
119532
736302
337122
475770
166281
-567691
700316
850438
-384872
143006
648548
408406
-248993
-931411
486795
-281071
-319704
-242058
119927
-178993
984964
-632809
277256
746265
683338
757130
-525335
-673434
530451
-653729
-50983
-350017
-917427
-713861
-874248
248855
-281551
826069
99292
333578
-30926
-252160
-258017
720082
-183571
-771222
-560990
496726
-13280
558937
-682268
-28316
926129
594989
-282052
609466
352118
192613
936032
-117431
538885
-114951
532553
621458
171189
658306
-129688
889638
484374
969605
223216
-546552
-282556
965199
-826471
533873
-806024
-387461
30599
180697
-828524
348331
-847620
-902396
-56681
-129672
707070
-704563
-937059
643102
178007
601826
-471849
-289441
223283
699340
-631136
-906405
588978
853239
-936801
-187807
-693314
-219357
-222608
-519784
-685484
-28632
92755
345115
-847936
264231
-306554
-695555
361836
636766
174773
68905
932204
237715
-287993
110210
-160460
240158
820770
-937177
-60503
-810366
-843582
-471525
-957128
-780382
340668
-650441
262
-881941
-170225
314778
89428
922531
-340107
241493
186762
353339
545938
-451403
-9895
-279289
617503
-77692
958426
-670491
-967483
-202034
569667
853287
-139210
-490836
-957079
17209
37639
-914206
236827
-621693
-564647
-762912
-503634
265129
551867
585795
187659
-788241
-172713
-625580
565099
-626775
-76982
-444797
93936
-459480
477512
52362
-129971
510029
850329
-560304
363316
-288882
-51140
406237
728327
986500
492032
-34847
-635194
927385
202242
-138827
192514
-245892
-553032
-619828
-34132
274255
-245407
-469033
647481
677611
86171
-258584
-781869
-436318
793779
88160
-926289
644107
527857
437028
-644776
-523284
-156735
-916449
-536784
-664704
48705
-171978
-737319
-749054
689196
455195
5055
-863837
835368
970924
410419
-410040
-498109
57899
-732429
588062
799316
-514298
-848256
593094
573863
-774545
237201
101719
662483
592426
578436
-494252
675977
-958349
-158956
-275319
-130326
103725
-24373
-441131
-441081
980683
-304967
-605714
951606
-894549
-15753
-546504
163350
251819
-958442
-37334
737522
-806698
-444240
311384
-581242
792961
-586897
-918759
385386
991539
-413011
61363
-966811
428033
786044
-97136
-468242
-238329
461733
90677
-257647
-843235
484964
-306041
-737784
-530790
147456
425567
721029
189014
-611768
458551
382317
-56008
-230066
801076
-263047
183037
882317
-877662
174576
-530694
183702
207766
897340
-30255
-889371
-570903
731416
572363
519774
-526231
729128
4738
167729
991345
473948
-684816
416912
194977
504199
805145
-346473
-113485
-250864
423462
-312409
486090
-393501
-430092
608429
781075
39214
-207870
-11159
-63447
761875
99470
365651
493291
-328168
-114575
967060
-599040
890163
134788
-607695
364110
449973
809217
-440913
-45829
614361
212615
840687
-636503
-363923
-471723
849587
242576
98185
458015
23651
-862601
-749856
-987508
73952
-987981
111962
-560397
505310
783795
325028
472370
-815245
215190
-392842
-422940
-420700
-942869
-613723
138388
11302
-999362
-648998
-148012
-635865
-12921
380266
-786278
-770345
-521550
671738
253307
-384151
921882
265799
689802
933902
-622240
-870596
439212
-838445
454432
-88419
-653689
-330378
518740
-76628
248922
575871
309649
-612691
-412828
310288
-261688
439161
674423
725391
-180573
888146
955047
297878
559883
208353
913728
481765
-525849
603529
415666
-148088
732934
-145123
13468
187366
766459
359779
856989
285198
-716849
105910
-138931
592800
493220
448242
-96912
-768469
-112598
-422489
956923
706830
-534344
911969
4707
-974461
120322
-81566
507304
594473
-478037
-77030
-553615
-745103
777848
459853
442264
544306
-180368
299252
-170496
102783
-594839
690574
-304417
898381
138815
598671
-870088
-973783
-823819
-913166
733047
-358163
998803
-262247
-332624
119124
656188
-825320
-286403
-821850
97650
159982
-566953
-124502
-380166
875311
-580197
439466
174563
249308
-457751
579724
-60119
237832
478105
-921304
-163498
608017
-895087
12683
694852
837960
654521
693655
-424287
-678104
-187221
-768100
-503423
526376
-589949
594227
-313642
-156902
-530276
306192
-281591
-110472
-254342
892972
-861164
287907
472696
78718
-474261
-49199
157414
362241
-441182
262327
-625076
-746331
100287
-970556
947324
676000
-648659
-239898
907901
-152082
-713522
-682049
-557855
-27164
161050
-88130
-720972
879459
801399
24687
772431
940235
-687406
245127
18953
-161667
-804072
-823634
-799427
-245254
438694
-424503
8416
-461020
-395058
-44260
-785020
-43717
715843
-877120
804201
-997680
-559169
-753654
-24844
601881
158216
254185
481340
-40385
-721129
253771
-100150
-408534
-501102
918803
429799
-305174
-904831
630373
449572
533863
-794130
-542012
-927157
-189188
413728
-712176
767096
129570
-589296
571297
131891
-148464
817643
-892953
-546583
-24141
361232
934758
935474
640104
188529
-164677
-768431
687427
-245874
661369
-617748
-150705
291741
831825
-616843
497612
-710188
-543999
-691576
703541
-256175
-924481
-166890
154530
646816
965002
-993934
464459
-927952
-540516
-559683
433280
-605758
-624209
73384
582771
211115
304953
270197
965241
-33679
652449
-185465
-741938
484273
197693
755674
774086
653695
-935902
477626
-602480
-860383
-689264
552051
786434
-724263
558117
250892
-652215
-982399
691210
781066
-588157
-933000
-145551
994614
278116
-840598
264811
243356
125723
-82741
-942109
383786
-598468
255585
139460
-824382
-90721
203558
653245
306799
343175
963981
-141150
129608
-760282
-583034
-619500
-412496
-565432
-928291
-631431
-153589
-861290
223019
-158975
416826
382421
-894164
-339818
-491857
23096
-281927
891930
424628
973658
31389
600247
-117063
-765054
253491
-810264
578122
217472
48586
-292270
457190
465553
88231
-955307
900121
159940
-586737
-253468
298650
636282
587558
-284524
18702
693394
375658
526846
-283511
-906270
418775
-858883
-932612
-549836
741365
-49674
-314889
-5145
140062
-736768
-787674
-811352
-29037
669517
654201
-940807
714211
554322
219134
-872527
-699146
-482216
763756
888413
233260
-217543
581807
-391082
-690697
-701704
-297351
728078
-560587
-229963
-821758
-819222
720364
-136647
175633
-139574
126586
387960
49074
-902451
57476
-296725
-843258
-228313
-742403
375877
-100840
-441549
893661
-337084
-553136
126921
445374
-971330
735840
754677
-673034
-561512
482755
-233620
208526
660997
-52842
-71111
-475651
-877209
789315
650935
510752
-161612
748484
-431772
541664
905227
339915
799261
281104
-760925
-642288
174765
-98009
-195424
-698314
-652636
-166753
-962475
-897960
160214
-523987
584796
926594
684539
245792
-126248
-386573
770142
-3456
-597259
421077
-492705
241130
169560
75523
-217207
74787
-584563
-417947
-644109
-345488
-60234
530656
556504
744342
832342
903868
-422411
869867
-994092
737803
-654121
590704
664396
-969583
-163504
-461852
-356155
-393363
534692
46587
-972287
-958013
-712284
197274
117510
70510
-727939
532948
652564
-372048
-812541
-407671
-841393
743964
-663329
990950
647832
-85740
860816
653741
-347938
-793305
244444
-683542
-762887
-919061
-145394
-119042
-312423
-610702
927546
-284710
-568715
-784738
912564
548796
285772
-815375
81743
-61664
-187423
269203
530665
-28815
13166
867337
-37866
-339003
-218404
-177050
-685263
433659
29645
559182
750117
266759
640122
-395277
-852283
-672302
-5978
-924738
42989
425308
-709476
-44447
-25897
576297
140178
-944154
-485368
952756
325049
-954703
-76060
-661785
912634
886075
-787
-305770
-290976
313951
-872112
738670
-126868
878006
5428
-486746
-517271
153145
-159047
476752
228407
883942
-97941
518932
-160505
876163
95228
979674
932009
609861
932429
257058
655158
-143632
595273
567791
-257557
-405515
-737980
451467
908436
-610091
190136
-218432
-732085
-804436
294822
-249356
348709
-864226
-772605
-422884
-980284
129455
-903952
-140788
5617
191276
-161115
-62374
-198864
-228687
-805317
-543706
627682
789956
-975916
-629876
-615560
-713895
821592
-707124
-323986
11727
74444
-56071
207291
-630735
694574
-444000
-494960
921970
133116
-475243
51424
229164
383969
-942959
-579560
-777146
-5332
221577
-5832
189351
677871
-378150
-20693
701956
-8025
363748
988061
-186434
656624
-335925
825294
-268933
608005
32585
100332
302578
588585
605373
224548
-278299
-869871
-724028
950866
514099
-666987
-628694
736954
327682
592884
-268879
-482968
270754
352971
496340
-27290
-655055
-139913
-39230
158511
-483290
624846
-16195
247778
232850
-983611
-651891
-464572
604975
953483
759976
-673325
-916388
-964052
-722459
597711
-631039
-351152
334665
696644
-758269
-934215
-786325
512486
418757
710016
-514805
763702
-429898
445965
-77787
86813
70811
906018
-665410
-696340
922408
-317300
-160911
527382
-363818
-400935
854058
-280206
-364987
-868402
-682495
3975
-219554
652170
-299382
22178
717956
-85706
-465337
136712
-375691
19858
-99587
194412
-534177
822627
-718776
536634
728644
-384186
840295
651051
298514
-320617
178433
934696
278449
32490
-345510
913463
164089
-28004
-82563
944535
-375835
618056
-33287
-657879
-467651
501376
478833
156659
-478767
-620755
-648930
-12943
-798128
-367706
-476310
930516
248109
-636015
581567
-453378
43369
-240000
-518682
-678183
792490
135809
-764721
-43422
-892196
152717
-98887
-268030
-229228
867826
74091
303122
369201
-447077
-540219
890435
-67831
-189149
-122509
134041
443146
401182
64557
-308746
765167
-353876
237877
-191465
406124
719196
130353
198614
-144996
365633
-844809
-37191
-481651
56304
694780
289122
-75870
-231130
-407756
-706669
321794
52025
-816235
-746037
862876
61257
388004
306022
-537562
-547439
997277
-772395
98686
235153
36141
-495190
-45651
-833507
703424
809353
532126
858615
-227838
-949526
-85081
-533059
339597
839050
235812
931841
-867620
-442395
-16135
-683854
-188432
-153259
377404
-800428
-847238
839843
-347866
-849961
-932553
750820
385193
103588
-744371
-660459
270082
959054
-851106
-197793
817669
-78944
-147318
-267412
387998
-807722
-428363
-376191
-875881
-295982
181415
107984
20164
992983
954725
-602432
-807445
-892513
-762590
-155311
-742473
-695143
-404491
642720
408446
-148861
982261
-321473
-189808
-868845
480735
-372140
52212
-666584
360448
-559791
-474305
932086
64019
-350186
-363897
-754567
757799
656268
-761584
712524
-946165
-569029
820011
-708755
275661
-922463
-403897
871170
720258
-995451
-277691
702519
-316924
532501
833674
-836189
-839639
-114115
-502772
520810
326095
22923
452895
-609887
672738
-911003
-364453
430536
745265
-126037
143059
799100
304934
-36930
-909655
-419405
40608
-313552
-548235
-239135
-309003
174074
-536617
374074
-293425
-702943
537885
-133064
182943
-964887
-612255
-490963
58036
840641
-100849
-269226
929638
534698
-838691
674903
-591339
304369
474003
713596
-732562
564348
-705810
308046
-749204
-254045
-931089
-58206
920030
-467705
-684133
-373396
-170648
853753
493541
-987706
888866
881287
-478668
-53098
721927
420484
677676
651564
-44818
838986
326467
363843
143354
-199531
77438
410793
-635183
371629
-281161
-384387
-882417
-212250
557407
-962388
320045
873275
-335783
-850603
727027
-842243
-838308
615893
-960956
-316975
-437206
760971
-896492
-759530
412535
58691
-920545
-260999
-577467
222809
539471
499972
-366399
904289
-128400
352441
-480098
-10816
-859810
-922691
26797
460236
950584
691015
609634
677611
848773
771326
293503
887817
-545650
856298
648787
-442142
-903233
61321
616549
-823778
800323
-960918
399032
339794
539055
-967367
244082
-589345
385074
763984
399840
525265
841293
-573363
-14499
791877
-882349
-404866
469487
966424
-633541
-237010
854240
-179191
-380712
503027
378668
-283945
-435652
-4783
-107722
-635330
34300
-708690
704464
-426645
-676056
-51454
-15990
709018
-287471
-616150
234283
-446179
-189513
-780217
-654303
-71862
-185083
815185
-105438
181377
-421825
-251199
-997814
197463
-748172
380854
913519
-183824
-623929
-194203
180846
410372
97107
-114690
983727
421051
833857
-32264
130069
-453615
351586
-635648
100207
-837927
-415865
445905
90211
399053
261089
984773
-419570
839265
-266426
-417384
36727
-14598
963471
-49755
801579
-660459
756043
-17575
749913
-146851
867736
733639
-725800
701592
-298625
404269
-752024
-947039
768622
348184
-784966
-647244
-205912
305246
751810
-944823
290019
-667761
894442
-976407
-85144
-68831
8996
-121674
881415
-189426
217867
637457
792999
-32220
-509395
660734
-298581
-235194
362325
402795
-830925
610302
455756
937697
-41515
670791
-709547
752573
-23963
-957738
807751
-733945
-625498
702192
-710352
289358
-366639
298645
-832317
-485225
-890782
385551
-847769
902218
-646669
-357163
562951
54751
407643
-74724
-542455
576718
-464423
913302
514414
494063
584092
804867
246635
-439871
847130
54386
-173816
-778369
-243423
115833
510989
389938
-585522
678673
904714
-476304
64224
-943056
-574087
417556
-300219
988865
-527694
-892577
-85860
-70149
684142
449718
-156848
198555
-56220
-572756
3422
-809585
-12627
-149449
244802
813558
72182
-998622
-70609
-416829
391317
343869
-738156
296031
867566
326069
352975
-706522
-256376
-947244
-717657
215930
-839820
196484
-854220
844322
-353799
-11067
42877
589982
416177
-953702
780398
-596450
-103151
25199
-782892
969032
26578
146499
-447797
-582105
-509632
-185953
713926
-642067
-859885
66901
-348588
-116261
119657
-66245
-900332
279838
-869762
-754551
124159
-223560
234382
-832964
-633579
-349441
-786666
-853181
54109
110184
172018
271217
79215
-801404
-582284
631418
-383509
-91915
-554535
-669583
266018
-414420
397318
917430
469320
-483025
-148815
568989
796813
-18577
814439
-79028
757864
48820
88008
-875715
699380
301342
-728896
-246511
-588474
443123
-975295
490741
641719
-557578
122159
-741790
350507
567624
-411373
-383475
-846796
985946
-466046
622525
-497080
385140
191514
-700267
-633437
5952
220705
-875574
-945228
-691288
-751289
754152
610055
-480185
-492360
-978420
962939
-467654
512321
604658
-25231
-365520
862868
-674725
-797896
-548505
-58200
-644691
-562559
475755
977834
-59639
-139105
169347
240095
227458
-824701
-539201
351884
-769929
-230488
600595
984224
-620434
-879590
-508137
-598854
-916652
24210
913468
688006
998979
-452052
550874
-675746
-249948
-997631
266055
105361
-560190
-258191
83194
380172
602704
-747459
-379734
-169838
-572160
81066
-817955
-342088
850578
782641
-357865
-769857
903051
133999
-368710
986400
-841792
-455243
674406
-842813
92705
225280
-518559
842758
227649
747496
-51882
667459
-510695
-968688
47631
-907991
-716146
667897
-77829
-288306
-251038
104216
369607
-400460
-113143
-988259
-170317
-210093
145740
460973
-223693
303949
-994270
-549287
461136
98436
675993
942578
-58807
-96358
690073
889312
-428900
-820622
920624
618732
-728613
-795523
286628
193559
-83828
-964410
-702225
-714222
-364870
184632
-702480
464814
974540
443260
-74213
-249154
-252791
-68482
201559
-791656
-970047
-122448
-849079
-28853
781194
840995
-139542
-647706
-979628
-218918
971026
-708240
-14440
257654
485319
901732
293244
783094
-812490
928375
-32275
-514970
393189
-57736
928291
-681025
693111
-324501
250494
-105330
-116157
280447
772222
34765
-748406
553416
-124241
112053
905711
-103868
893135
876736
187892
-121306
134390
-326790
-219574
-572366
-543697
-32064
-643992
424029
452966
749198
-633708
381256
-931828
-940597
-943245
318666
-45927
-59402
-400887
-273705
975364
-149292
-720290
-148878
962761
-814580
747254
855896
-937844
-64854
-265411
196546
608356
515016
624180
-935341
-517049
980189
488688
935918
729386
854981
317174
797559
914384
373929
116225
-131543
-685474
715339
594752
-710110
-433954
874463
141012
-471193
-940117
-111734
-615298
-877960
823412
119292
318586
431768
-365693
-57234
496427
117258
-77045
-14886
53176
-347659
-159905
-629651
-550101
-245522
744278
566125
622936
-941196
281464
217687
-651306
847510
92150
489707
-623683
152033
-622027
-238980
274073
-798615
880312
-407341
633153
-485381
535425
129579
631878
-541620
-885307
-314947
110721
-45212
55402
560621
709267
-200320
126745
332202
-141515
-591792
-450111
207179
-744282
642039
-303114
-367964
-205929
74860
393056
-931856
276245
273367
-339197
-90603
787987
-803772
-961024
419864
-345392
-846330
-895084
765329
108459
160319
325950
-182274
959999
-547306
-850073
-181517
-139097
-300183
-974338
116621
-658144
-277451
748657
135927
797409
141713
204072
73653
-584920
864875
983051
-796934
-938897
-977974
622930
-284289
-824303
727846
-518960
284156
-111836
806990
-898119
-151837
-740316
-748191
666647
120587
-48374
692310
-762792
293482
-585142
985866
-570591
-787734
127578
633482
285920
542658
498356
268970
745724
559459
290997
368653
-724830
466694
96499
-243789
-249150
984664
-436800
-147269
-167173
-177116
104541
-500527
943472
-943834
-808217
-819321
349649
-393359
-833455
779059
-181092
294123
412540
-895173
-163219
-89104
373798
-417495
-529645
-335205
951158
-254475
-868511
47657
501737
-117661
32320
-935064
735071
865148
-112179
-160389
-635380
-168707
-104222
-443596
11973
-754574
163045
178518
-975515
981954
-527359
437025
-913219
309422
-652080
460579
891928
-181724
-874626
843085
563802
-743137
-109258
65538
139203
923063
130475
-125727
788210
-981705
713884
-847170
-150411
-390339
-290766
861562
-144912
872280
40080
-120427
854233
512721
-683402
941014
-177857
-335481
401593
-285930
482795
526967
-442845
46596
783831
447898
-887866
-76967
370960
242609
797306
159170
260905
511190
312000
-889507
-879150
-978766
972056
-24061
893515
12135
855512
747747
-475144
-827890
688761
347000
-163371
90353
-938930
-680576
-382680
-381775
366021
-598850
-933877
478155
324184
437083
-279237
121489
-403747
981668
-367322
908254
-907839
-246471
929488
-935784
729468
823003
76351
584980
570749
601208
757090
259509
-51793
-406281
-650138
9277
-86857
-32817
627503
-720837
368334
693626
757318
-307483
130709
-521919
814007
726962
-540252
-553316
635216
-448091
200214
564704
-383874
-70319
387706
692478
-485339
-41546
293685
-728249
-782037
-758108
-134530
-432174
251169
778614
535009
-121328
-942223
-96658
-427703
815096
595860
703007
-706824
409866
429969
-247075
856551
65184
304835
56764
-370113
920961
986446
-982408
613439
-498894
-23954
-92877
-227142
194010
149016
638329
761836
-599816
416942
296845
278856
474720
-799813
851154
289815
796047
554160
582991
205913
-15872
-664084
62463
-950688
640751
-880773
-320801
561712
-894328
-303209
175150
-393221
672838
-917727
379637
-133152
231289
17965
-371316
631474
-565093
925529
-89670
909627
-874284
-238517
199441
921763
-684357
-217568
127676
299772
118349
-809862
349084
-240901
-690635
-971717
-679189
-584962
-274926
495962
21817
-602088
578235
-598546
264760
-190476
419419
893444
-559003
854327
818972
351327
763953
944689
-887190
-36606
866451
-571547
745826
-5873
728226
-135825
184266
77310
623274
493632
105593
944086
908670
830668
440047
-69513
-771421
18282
331941
493339
827806
-248640
386783
-731198
-394314
205755
620130
-630362
150443
732940
333033
16894
-838607
78858
-988980
889619
943033
195286
-33071
566307
-311083
-927479
510393
-402413
903189
-49561
528074
-868232
968722
-139985
625107
796527
611375
11890
-934672
-782939
-782356
685458
-413301
368087
418398
919732
-615020
579791
-1410
-603999
469410
-58377
591287
-563662
-492070
-719796
-491140
-981677
-122209
-587951
-31237
-594135
-456183
-62516
265880
-831076
-265990
-122745
180814
-200661
94316
398459
-515203
681016
-233455
903195
600748
151526
482986
-400662
547527
-47605
540962
138813
388734
-951109
419018
897595
-932785
-703192
-690357
35978
-297326
-146539
973462
968554
22385
-292529
-154191
-796801
506810
940125
601658
991608
621140
-631798
894802
221888
519729
377787
821226
67255
-669818
362187
-793933
718917
411079
625085
616511
478294
921894
926154
-485729
-375433
-220386
-512268
-406879
802000
195204
438931
-994802
-297986
379055
606857
-306379
195
975060
-411577
-777918
494788
966211
-956693
-437958
-703608
405495
-231890
-984692
-183427
-606806
631819
-705134
-684912
557973
-190862
-60344
-662413
296871
532778
-860414
-507926
-28292
-855216
194089
-649238
751641
887710
350958
726700
-523868
573041
221488
-557657
616348
783530
-261264
21843
-448361
-245956
838416
-55166
-614137
-866718
259922
943837
-57579
-800422
-718577
-760709
732356
-578991
-268634
-295936
-434206
925455
54827
-682565
813164
-594216
-955865
-710704
978825
265623
-268361
595173
49152
470375
-382985
600791
-775581
-544569
-454375
-389717
-411286
805547
-445880
531135
-994875
-164457
770427
737482
256552
-498208
-558455
822347
-572754
496372
-860219
-759590
902156
-816084
-470293
880980
449540
261347
476153
-501308
-268279
-906832
-900517
-43859
-451401
-354892
566425
137314
-549345
-879456
-331552
-544220
-43912
-561126
-806739
-787360
-59334
-365194
-965014
367913
-868823
-825232
608323
-966667
-641316
-861971
914314
808225
399376
390466
-693084
-868903
483634
-593601
87239
-967767
51507
-346336
169547
502162
-225792
837996
957943
730296
-723131
-848797
942936
217536
-213990
977923
-414552
-82812
-847310
-806229
-49479
-488625
-668199
-135166
-680401
731177
-744701
-373485
862275
738934
32915
-50486
771167
-915579
603178
-59286
586584
-622615
-221291
544526
-892319
55578
695730
-949383
-726886
-518261
-971461
-141437
398928
-818771
52335
-650552
-307396
384136
214282
12203
115313
469582
638719
-22412
208515
-328367
927102
-20318
-243945
530279
920396
-657362
907665
-300896
887165
-984655
754683
582895
-934038
-972204
-935366
-905499
-113640
463562
-724269
938695
813010
-31665
322830
27291
980539
-561858
-503128
619257
415730
705388
-709110
342832
-314931
46945
-126890
-394535
389584
-219226
304569
276749
-203880
59251
-140357
-137918
87048
-75723
-43416
973408
-612162
232316
912102
-799153
-799350
234932
228139
-818811
673075
725012
800447
88805
430399
-908664
-568364
-884532
138282
304746
-279067
-472134
-914480
-974498
804615
-118360
84753
-335743
743723
-828199
588535
-299694
-854791
976373
932622
-942690
-822780
-866728
292243
405359
-685539
-34683
130370
-885093
-945879
-439231
-793756
-514242
-323763
344527
790504
397171
872393
876025
422673
677008
-242336
-492574
-658735
-498614
-320773
929800
201693
-175564
906172
134315
-118253
-916608
267587
-826011
488751
582049
139307
-380879
696957
193429
179891
903201
679187
856129
247728
469691
253299
120121
345715
-324028
-202872
-896622
183398
138393
-395235
862626
68193
806458
-312938
-25635
-59228
568809
57757
-791641
742799
-453492
790408
-117894
165629
487364
-924466
-654481
390565
754722
-798353
-361707
224412
454947
758414
-429874
-869082
-444458
-326495
314317
693936
278271
176942
-237872
84728
864004
736493
-974500
432813
-205750
-766141
175612
340758
-975734
-942283
-493613
511631
-866748
-148093
-97804
887974
53555
540489
112385
-491499
298903
682512
-360580
854445
-643983
953737
548380
634288
130678
-689492
-280985
-5318
-952999
-255485
-572506
-158749
-21625
603106
-817991
2642
660824
-311603
-485727
794076
540304
416469
682049
-406141
-43042
-205566
102361
-744139
-523054
741781
-889695
-167037
695517
658686
-532749
-173805
969195
186267
820877
-983805
930783
-751629
-142553
-90843
851478
39457
911799
512301
727854
-573929
306377
268158
842541
-11574
862018
-200501
782860
-35622
55360
-740194
-293842
165666
92769
-598325
-175648
560020
227871
-206454
-253714
48747
-190259
-322932
297119
667189
586226
148596
-293355
498024
-339103
-565501
924096
967275
702658
766636
-44300
564675
-433866
-261440
-470948
621495
-1634
235211
-212840
-908865
636887
611512
651156
-135243
-594943
-602558
913505
214799
74511
210623
-118012
-339264
-640781
588634
-841240
20117
-976868
-917145
-12609
725791
849492
943092
290465
-584375
-318348
819518
-962881
680018
54729
-175720
771154
-308385
-564209
422309
556372
-159151
819751
469876
-944353
-105739
-319501
-62364
554998
39718
-473731
713758
-940165
-450599
796614
47226
-724808
646105
-9682
565657
-938270
671970
385175
-901150
351988
-560097
-76870
123141
131518
358922
-454551
-312111
-800230
-634800
-842235
-744582
259462
-161736
193054
-185541
877982
719323
-471783
937818
-731276
-675170
-14956
-456084
970936
975362
-890427
-967335
647332
494749
-868484
-681
934652
54646
-877541
66170
-586433
-332091
754060
-386662
33110
911825
-131244
-707429
-249912
-938190
107031
-371930
781133
635249
-434113
-950143
960080
550931
-406227
931015
526293
-296653
963681
173624
-801905
-904804
-827058
-867254
149842
-704598
198917
563410
-36689
-47024
-823253
996422
-135200
45504
-711008
614889
107314
396024
-757041
-111553
31272
-191154
-61696
-8649
-640223
532078
-77634
886070
-764576
-113954
59694
-566481
-18758
232636
-433734
-868916
528039
765183
694494
-508650
-281841
871242
-512229
582959
-83254
-223237
197848
-975940
-827213
440807
-87493
204059
-750347
850812
-804590
-390569
382889
117776
-504499
618314
-996178
555195
-948167
-14936
-212169
-381901
116149
-684131
-616718
-189358
-192781
101441
-318116
294990
-315600
598630
-928247
882248
622691
-755460
323055
-464803
448600
572709
-613991
644011
-817861
768899
-238213
-322360
387212
-234391
-767165
439045
750674
20667
-942856
-133178
336536
-559574
677465
-856245
541867
-640651
438746
-773734
957980
510500
-891486
580670
755041
431569
-884133
203640
4277
-498124
-152349
186417
-729226
609438
864057
657986
-624953
-903108
97031
-874279
117559
154175
-7456
-545905
594601
-329992
-402149
136468
29358
-963404
362735
-12663
547097
471249
-431994
302137
-97182
-316126
-494223
907096
185750
353428
93512
456524
-37134
-42431
114510
337913
54461
-788459
463634
-827980
365716
-543822
-373885
-39683
126187
223966
-903215
-844456
260563
459520
142882
-192341
-69231
710889
-890204
833587
-605238
-384427
740682
580512
969001
-165807
37036
-68134
791763
-848454
-730221
-153777
-636913
733414
18243
728803
-810409
644358
-310880
315778
-131676
-214094
471323
-871113
-754575
-385796
-63454
176195
-674908
46342
9782
-280146
661916
-249537
-699634
630916
584657
337402
-437218
376419
488948
-167438
-777358
852035
-434025
240885
580838
-244433
-114757
-730042
-928656
753568
55864
542668
882455
301290
-843129
-180999
-522516
-518036
865344
487266
201819
527259
-762271
502185
158175
822387
-160413
720958
198806
-671466
-446481
421448
-819431
119494
-337667
761408
875062
547577
-968634
946407
301145
87231
489074
183600
-611480
645946
-997400
-133995
-872091
867945
-646729
329728
395204
-409000
-168087
-446621
-586613
671500
-725664
612193
-999966
-172145
33641
-819396
947350
695975
942012
822412
243552
973379
768818
-455303
60609
257891
728297
449130
-96164
730898
-684866
31745
598843
-331595
-638527
-5954
259406
193386
547426
672793
-135115
821762
284986
-135080
-350383
-681373
45524
-403033
-985398
-12464
-580622
258155
-39086
-811805
802852
-978477
446087
531149
470653
-650078
262046
785787
381668
-139112
-545808
743142
854935
713598
-63473
402360
386391
801413
224122
-328623
-333668
873739
-9995
711857
-529294
4607
-300608
-109915
-737238
660306
78281
-934386
681830
-475633
596763
152482
-125710
-141191
-61732
-744043
719698
392461
999100
574632
106058
-64374
-23008
-507551
-262961
-798887
163826
403371
-925148
-846170
115227
-454441
158438
814620
435644
421201
474926
-486076
486815
156755
38292
83577
-690764
912582
942386
247505
-831461
662084
-360035
-832362
236715
746023
103265
-786293
-761528
840304
-585179
402298
243675
-510326
556129
-641099
35233
-285434
-826479
-529123
-864234
648447
-15198
622581
-194799
-976907
-293842
114437
935675
-351456
-638059
-895786
-689373
1907
-728148
547343
-252071
375118
761051
-13599
215421
-824129
-611301
-540905
-334455
944828
-182003
700779
-340606
-8482
-828345
-204840
-360036
156457
-582259
445166
179551
123900
-440398
115225
772445
-78456
219440
-916928
923451
491293
630415
-328620
-133590
391466
657782
-918170
567337
-953519
-459074
-767118
991309
358923
933661
-349298
-649559
-894685
445863
-9594
261773
863605
-564429
-558677
-12495
-4826
556549
-240051
916719
-224012
-156979
840170
-732719
-526564
-488451
133691
864902
-830669
215522
432239
-784188
756449
665121
-792879
115372
598781
-142176
465813
704097
-696314
-543781
-34130
-832709
-108210
407193
154797
886965
-36258
914746
803683
739731
-242233
643852
-992989
231204
-844599
140703
96106
-675267
-643776
-471655
-459455
-887328
-806535
-252333
228044
792247
605491
-306143
496344
909178
150076
-537787
-923532
-958134
869407
231266
928831
-166851
146011
732513
-427121
903779
376365
-420110
134983
531767
720593
-768911
856500
-923183
-240566
-602955
-810510
-47100
144712
417535
-254853
-249798
-888609
-758510
-340621
261467
-296296
-264152
303333
-426889
967114
232164
406260
113125
-35323
979139
16904
-658959
-440971
-848113
872809
-720378
-617024
729308
-643560
142411
-873648
-454070
-904690
271064
963465
-159542
-978734
-925144
81948
-319354
336324
785653
416494
-360343
-641237
383608
871821
765023
-503268
-163503
744162
513637
177539
-696809
665524
50347
-417186
-951500
-220346
-60746
190911
-93993
485185
286222
-822929
448650
-873320
-801663
523506
208628
-121016
-140170
-5719
-704523
499487
353044
679086
371307
118067
-824182
-792196
-137771
689455
385343
165421
354979
-564311
748235
403479
215344
-312511
-405610
-878649
-827326
880613
-701578
621324
-992708
-503240
144830
215921
375744
-995341
-789799
671222
504146
563246
350308
-124547
-318688
526126
83257
543542
215581
-531401
-291038
-429441
-95711
-542803
974039
-880367
144686
-431571
-759016
317360
-550958
-460593
-61316
-543666
36167
-916487
672256
-588089
-911827
882458
-916867
592320
445703
433441
-532228
-872985
-40434
551029
670558
-824854
-980372
-620481
-254294
-76083
-163284
-280255
43551
981403
288174
284535
298763
737216
823942
-762554
-806450
-139891
-679040
865807
272021
-590867
748264
355154
-998548
193967
-211406
