-647636
-827109
-4765
-741618
696896
-74840
293303
-266884
-557723
-510623
-492770
-983622
851917
-533317
550452
-323808
590534
-157515
612283
-352506
-147480
389672
-283769
901745
-188595
566038
558463
671569
-180502
862886
-690487
171862
-964224
304748
430245
732673
-770092
-276453
-534211
-327815
212925
-26981
-311437
64841
439703
-760985
741034
30236
81500
353316
677731
934020
-257012
-606038
835765
554393
960001
394228
225961
-220502
257113
535474
951360
292890
-159778
381604
25562
70130
-894849
491351
742315
318076
-535630
-569122
-617083
904073
-330107
-876050
-65691
751393
477266
-387961
685413
-779746
6001
521178
774647
-33999
-84595
608
745500
-827483
-463919
696859
465407
376303
78463
-509031
-553567
183614
982321
-811253
-498310
-553310
-380375
-115393
-649237
289519
8557
285072
40912
-514177
897111
-273675
-293923
-96888
-752498
-519276
869114
162908
481332
614613
335425
-982588
311472
-199168
393716
-610066
291802
840149
573549
274122
-971104
-924762
720812
-351478
-40155
-928426
938041
968403
356647
-21047
-545774
253757
705278
160304
-843131
952780
641028
-974017
115687
122359
640596
-548888
139772
-47932
251945
-466512
342002
-456254
-626364
-84450
817868
-597467
-9212
538680
51055
950634
610255
-10904
919036
-33099
968049
-626738
-779342
673326
533566
-622473
626106
174593
-596489
-258207
-703049
-955894
192905
436724
-3825
-555150
970212
-661824
-11404
-656152
253726
-193536
-253619
-755486
-654857
797437
-804853
955398
-213468
-885817
-77701
-245419
-512555
142957
-572093
-978990
520484
-945988
195604
923995
-204195
492555
968102
988711
-70721
-35724
-566440
-100510
302453
422156
243338
-443821
-771380
989720
-199307
-426236
787156
-4159
-470838
-426312
110025
451461
328269
597471
-405583
756177
618482
-885099
810189
-185915
-961105
-394006
-693360
-993003
-405296
235919
-28726
28265
-864592
-726274
-549580
378747
-170094
-320959
368466
630599
252805
155621
-373560
781967
729310
736466
233428
57579
333936
827845
-186245
-47582
942746
-376056
766503
981642
229938
-926858
988640
824643
309062
-40087
-147093
444470
233640
303328
-176783
-936455
982369
-808318
694145
235174
347303
-679415
17141
76612
-942950
-749432
-865810
390987
-921588
-52054
-656596
-978843
571890
-890093
-997201
-198172
-816950
991439
-373530
492112
-48649
479377
-63418
-815009
-217295
759799
-751463
-234926
951481
942683
-999753
298784
-736733
17388
-624604
-679682
267956
-490413
711306
346369
457533
-945291
367527
29422
-835383
370326
831250
-652333
361764
-542281
839780
-686885
937097
-223639
-501893
-280198
-463840
-253356
484876
-512360
-310674
485123
786425
-47406
-497489
-838180
272912
770467
-328593
-15782
116836
-871061
38928
-515638
158362
203545
854689
-10389
551212
216452
447331
390992
529568
384428
-832648
-972325
-895771
-296488
-225681
589105
191153
463646
74228
-22422
-583760
576739
139398
689153
347206
810805
-326630
-535959
939745
712298
-51597
98106
-84158
-196909
-912283
-532946
-980457
535048
858046
549112
-80525
-974602
576787
23705
-271089
-648894
-387190
920065
814753
687038
-102358
-769008
263776
-962961
920145
-389019
847845
-406486
75022
787590
-694188
-976575
-114305
221654
-173483
-26588
688709
-153940
-491540
546755
-604828
427936
572154
971959
-548360
-698936
-676935
64450
-778871
-862183
-248512
118771
-631191
-984737
155811
-711046
-373755
3656
-117532
701268
-208755
188280
724693
676940
-590066
-448791
-349648
-901357
397270
158812
645398
792442
-413253
217551
764401
38387
518616
-912535
-897163
739745
-774717
-145675
-141484
-405908
-130411
-985673
-116953
495834
17983
765515
197101
809228
-46205
-78206
486168
363730
473004
-863481
462373
-129726
295331
107771
-337285
882079
-674678
-572884
-79535
843939
-485418
23303
583684
-260135
877629
-557801
333957
-252783
-543473
-782996
-756950
474510
982519
440152
283738
-63686
-638054
-230095
-699956
834950
-93575
762418
-294777
-798244
-129812
367939
-916166
195511
795055
4300
39449
-690364
-972397
-376868
49502
905232
65332
-616541
-347552
521859
-399537
-104501
-3631
-417018
-664349
-719894
519296
-302403
50012
819341
-467454
956438
581758
237770
-841807
-548054
-394292
-757972
647458
-599237
246328
-313094
-289600
273931
310039
759902
179162
-624629
-856640
831611
897231
-256177
-272891
-106401
326805
62761
173706
-153899
760358
-776282
-334559
-707096
-819845
-752801
530674
-661651
-300854
-863618
-419623
-653397
-462855
826706
33509
247546
100637
-656452
7447
-720201
-281081
150808
-888591
-383851
894631
-161481
509749
221436
901280
-316545
-932463
661638
-92827
-267021
954542
87329
-19822
485215
425678
679324
621597
-993946
-974073
-841258
832761
59436
406288
-66603
402985
-586265
213196
-878096
564543
324605
-261947
459174
-836876
-752198
-319390
-935596
-68743
-251853
726042
838430
481126
680583
-74242
-538696
165797
-648564
-859372
-212606
-642509
-833445
-53863
-809749
225992
-647575
123648
-371024
-233840
-663157
-249120
-669297
661449
488934
789878
824574
736736
-529512
888978
-332007
218636
615019
-493577
-300239
295601
432181
161066
-538602
783618
301694
248793
-858892
468249
-805071
-668641
-305760
-452646
455007
323217
313515
791851
-925904
644219
453300
563031
434096
277873
299767
904585
166851
967760
123220
-218131
-525818
822982
-922530
906364
-15953
-461131
689981
-714260
787662
831090
753990
982592
-837552
-551770
-470055
617456
771447
843461
409307
845544
487679
-137394
408574
-78225
-859521
-291660
-173641
307331
-323900
949580
-910800
150283
772561
-833330
56647
-243393
-294461
-253372
42348
-506799
-422283
-203662
-524208
-259835
244568
5738
-642379
16014
-150801
766928
-138443
-663123
-370466
-729869
258653
-229986
-21529
-914988
-922656
654572
-965409
-833455
-195146
807152
-666785
861501
-436241
38755
-391871
606108
531956
185846
-597555
-992252
926012
647013
13487
-716368
-336973
862686
-949440
524584
-800438
-319905
794715
458216
450110
-226814
543228
527455
-572243
577819
694000
232612
384971
-972786
94113
948731
65970
702242
554838
-402074
-111912
957284
-394326
-185901
604297
619162
97732
-732677
481847
148292
791908
681410
828388
586622
139625
278497
-640192
-317147
-194049
-212434
-739328
-500050
-979822
645643
-472836
114291
594374
593135
-183467
149212
-808940
704621
106495
-203265
-481280
-289209
-584104
616452
-21885
897744
-235256
-229978
579153
-406869
-643356
-281222
871628
-283547
401631
-322421
504019
662303
177529
524197
307946
704694
-361512
-97681
297828
455022
-948470
488889
159643
158026
-714377
678363
868818
-298480
294815
-153068
-400737
-940441
616954
-821584
-347309
973599
-102806
-475681
-309949
-701175
201898
-805931
961128
-620574
718267
269074
-915880
-643245
-828608
381948
811778
-777077
-129163
-28580
380949
156461
-350217
249766
857981
944599
-903302
-542756
-995843
713653
-364340
-343152
687251
532855
181168
-622699
831680
-616935
-428629
792808
-237508
-710362
61881
-153388
-353607
233273
-771440
-541829
456197
99397
429591
-162854
-744143
-920626
-913088
-886162
-976028
-816390
-428917
-971870
897263
206743
-315021
584513
-260402
866147
961815
-428723
-750789
-466814
-635916
11703
-177176
425966
858316
469218
-340761
-913125
927389
-884565
186273
356980
-47419
442130
436354
39493
555969
460327
223103
-872949
488457
120366
333795
-826565
-295121
-926608
-960419
-333306
-355330
-711207
199880
8754
300497
-977296
-565280
158812
491923
93959
245687
419311
209394
-568041
-223709
-838026
874090
-787355
201468
430059
672972
-575429
557110
161429
544937
-109096
334865
-750184
-35703
374447
-83490
608967
663240
-883610
-382279
-36264
-860906
52441
-877452
631017
-853601
368235
50328
355793
800195
826619
517768
674285
-960736
-280764
104343
712237
143807
-338547
-126335
-311256
552357
-791471
-61439
-483346
582977
855071
-874380
246216
971461
-256659
-790048
-889445
795782
-667500
741572
942182
700736
-208101
297974
500931
-381482
-184258
175216
-342217
534978
-720442
-629981
-321215
-58989
243685
367529
-506632
452214
-693911
10022
35191
-838840
135643
-718594
-867379
878984
-508641
-756824
674766
-176140
984748
616947
-475404
-223353
-85079
-974474
395166
730663
200742
-947051
265641
480301
-577032
944426
-578688
666653
311954
-85320
118867
618044
924703
-845943
779205
60346
-564536
911826
-60670
-73176
-844999
-385905
750684
-860251
-768958
-724721
-83603
145964
-699194
-688437
-123374
501548
-635488
-857733
-18151
-212519
-913308
403161
-545867
398647
-682159
573001
16691
-757457
727058
-204105
302889
-837478
-292280
-757782
89346
-137278
-143686
-159971
2472
87357
115309
918869
-766680
416115
-769568
109947
-82337
-405055
252214
899512
382426
338906
302672
836560
-262447
620513
409560
754244
863057
136618
-449862
165946
299140
257859
408165
-611515
-879420
-735521
228515
123053
351836
-656177
41921
585157
759939
272354
-304897
-322399
867299
947318
-422888
249725
286224
879785
86284
-976224
500298
-504157
778021
363355
632462
-671842
-470700
-68399
586018
937466
320087
706598
-798056
-451399
-170350
553781
-107575
871572
138937
-347637
143926
834040
329965
11225
781358
907078
-739051
67581
786862
347234
91357
287160
843077
-130623
-349486
475539
197536
179814
-592861
-216447
117279
727227
-509849
319224
-724172
319802
-126996
168253
191374
-988060
820617
-664701
845981
150581
346525
627338
57659
607474
-305081
-155479
-45293
786277
-868320
-202216
-344346
-217806
-726678
853190
962009
-319538
-363257
79288
-592312
126895
-601489
-316484
-553304
271516
851770
638071
283457
672387
973371
129438
-177032
319895
-243224
880627
-72632
451695
-274853
882076
237971
-143172
-320140
893625
639022
-46817
746815
601030
633645
-616442
-319682
-958667
510453
78830
-275150
957149
-649655
-423380
595220
633802
-750994
568590
-236761
71975
-111516
520015
-47399
815853
-28290
677749
697929
-790319
-465424
-622212
-896695
-826402
330971
850121
774629
-35384
-766322
-545054
5949
744131
533776
730800
701280
884122
-692581
296499
517923
-443574
-134912
-718838
628401
753573
801178
-418998
569425
-227112
-741249
267353
-17431
-206672
645142
85875
-33074
-23888
-64005
-258446
940729
169674
196501
-53322
-86196
-269724
-322523
-384916
-385603
-15103
911583
-867680
541324
-223329
-586517
169725
-469756
-785339
750728
-900332
-12451
-990522
367022
970118
-197193
12163
55993
769733
988276
991988
-488713
929005
161661
707788
-124318
-924535
-561937
553160
-309451
52461
-461943
-397868
184782
-920620
378804
598266
249106
909048
812927
-167
-991285
-199524
9312
375738
-229406
812119
-612099
826587
581852
-623823
818574
-906862
-694819
-19765
800926
180864
55700
-761011
-265977
746250
291451
272080
-651619
-523768
351461
727185
-925503
-399434
636232
887425
600399
644948
-312100
-390289
20686
458494
-578171
408587
285080
-996319
784765
103654
-903181
-910055
-916111
897745
270810
139590
-863266
-995168
-114161
428185
276913
234221
904417
-371627
-38595
978915
228939
-402363
866339
-170662
-757415
-445761
439050
263271
-987267
860880
-328142
297814
864561
-543378
-598533
961380
-453432
-514643
859125
817379
624947
995859
822211
-489215
424043
99123
745006
328460
727497
-293589
307374
-43564
304048
173713
785775
546634
727953
224824
-190096
740686
85703
481763
38499
-49737
938386
439967
-88357
-515046
925324
-229233
-697668
550270
-233375
-875458
-938946
-809332
223666
806061
519128
-48837
-487529
-173498
907599
816520
-999786
693373
363153
728167
-81803
-826943
468852
-996101
654820
-492649
-45837
593206
947318
865806
-921841
872641
-363427
-619509
422910
403198
-494966
483965
593867
728701
290026
112994
-320137
802498
939496
-412538
619017
939711
-719165
-17830
667878
199032
155228
136729
202932
-189952
644081
-842906
-596747
591398
-977100
-518587
464038
-340527
-138096
-113052
-937329
366939
-629087
656538
95639
660939
-230468
775503
463437
-290973
-637036
82454
-351263
-356200
-935377
-683386
842832
219852
453344
45764
-970101
97425
202859
-566847
-311178
225759
-85434
-847140
885233
776471
39808
947905
143409
410722
604442
-760952
71661
-626026
-985450
-464903
83001
-622485
617551
731739
21316
682175
-951647
-135853
-97974
501698
909912
-68074
-400878
112770
365079
287944
-661471
-720356
440805
-776238
-943886
-519387
-828334
199524
891335
776109
438572
-37005
-849918
453123
498093
233084
830639
115643
-35178
-148046
-202182
13176
716102
699844
-485127
626013
-368231
113995
-261217
996848
-598061
77312
-723508
842744
301075
-667393
-676644
472741
532131
-785309
248850
-29298
177687
398933
-576175
-324221
-367984
-745537
791423
596839
106418
-410760
-389986
-177481
-710916
124888
-551469
-79147
-761117
187315
-82299
-359177
-735374
194193
-516433
565701
526801
-193077
38442
58931
21615
-712708
-970367
-800699
686225
-546542
-124919
-681760
-292078
-333497
915080
814340
255743
-474906
-363141
544827
649982
85391
-534320
888866
-727295
383382
-470312
-462668
-422426
13255
-896967
-895626
820179
141475
163306
-158207
428768
192939
41095
114992
646398
916176
433233
-645681
-417322
348312
-831341
838422
873407
-194481
383249
523389
890910
848929
412254
-836386
232310
941943
-299053
809885
-44803
-196020
914260
-224624
945456
77566
617170
374223
-729496
-341736
-510786
916902
-425560
922447
-728779
157119
270759
-560119
-4460
144165
245400
-621212
-332447
136309
-772283
-920193
299924
460028
-978251
-999130
269913
-23053
-195149
184172
752323
-249694
-738263
369493
-875472
-467758
-972244
-386258
-550856
-397804
-463811
-279634
759316
806949
160247
-245145
-48886
-594353
133644
618668
541957
361362
698475
-158120
-178611
720225
-157249
-908698
-302829
647602
275475
-550506
-602092
537213
818987
-477564
-930546
846744
136179
-481401
-551060
672369
238965
-791745
479317
-600789
-36890
-569569
-195141
-903246
-950902
-653185
458117
747574
188696
-720494
467798
-968553
-629192
-835032
679049
646283
-385537
-923044
183495
-566551
-400607
252950
-719808
735572
771549
-270868
407940
10513
-62613
-112743
409725
900498
317688
-785417
997253
366787
-438601
455369
114360
750095
734875
-417843
781542
-894318
-252874
460591
751966
361589
537548
-64540
795039
-863060
-811590
-924770
872513
959959
-195637
280453
-29528
741751
-832290
-619803
642248
485398
-405219
639501
-147816
156180
94869
966544
-93725
-170257
-451299
-312184
-64574
295827
-851593
-312609
-342584
685956
622852
-547546
822897
811263
-472316
695409
771222
332048
-24138
-258307
73798
143572
121891
-283954
-371031
716672
-644454
481154
-127148
450415
447698
779127
-719842
996399
-533057
215585
292226
-384650
902977
949642
-698694
525828
-597904
-875798
337091
-70219
819611
108312
-738172
-204527
850006
335626
939045
-28104
-948329
-431986
-311432
-592782
-950833
561421
857634
496866
340547
-862209
493265
807491
353377
-214509
-577159
256353
-264867
-275853
-217819
137229
-151651
-880729
-932991
-332040
227583
-671163
463433
77589
664464
402477
-950515
716136
970491
-261947
-876647
-980342
-700527
980988
516525
640021
-881222
9789
447511
472156
795280
870353
-271492
-469588
-405501
510690
667641
442848
629961
734651
-889192
-142456
-936512
574241
935133
727952
-23282
984618
444088
-52791
-277329
567442
-33132
22145
548429
-516608
-337834
667208
493181
-890323
139363
288461
980030
867872
818873
-425472
378561
486514
-982624
8522
221165
-871816
866067
284653
702426
801199
12605
-320856
785817
-543308
626353
-491512
-975866
-406780
530634
572563
76613
-807201
239770
-430207
-697524
-620867
858255
-717495
-752996
677127
-142966
625566
163641
-125590
-365913
-615195
2595
-499847
669459
-294980
-698648
-317937
384165
-912831
138756
10517
-404342
162891
603738
-873709
-264547
-319650
-680909
975224
250144
-378433
-645643
108398
-95927
-398638
-214475
761107
-773073
949167
-364483
-138985
-666029
638113
361169
-996570
-656867
662521
-314506
727298
749691
824251
-262186
-654652
-12859
-658448
-528360
722595
21903
-209269
697819
-727954
412299
-947825
380445
-683628
-346463
-834031
-922522
-119536
-884865
-287004
741480
-550893
-648892
102648
-547462
-305759
-234831
138032
-578462
-485141
-37717
159353
-139792
949424
500906
331849
672019
-477191
-877421
369837
-205145
534879
422012
-824700
851251
-924451
-658730
928730
-43986
-543594
-358275
-302507
-94486
-7166
800141
358052
687076
-434690
-503916
-891386
80170
458367
267968
940379
407791
-231126
272227
79809
291683
394807
-550354
-913462
-70315
871658
-738162
-219065
947207
-396892
-290335
-96780
59515
351391
600714
965029
-655776
400855
323080
-968700
966165
819165
-860086
46334
277532
407883
-13287
-314678
-823244
-741061
765132
468439
653746
-785223
554977
-416569
-913565
816816
364367
-966358
-580077
-925969
-63137
479438
425422
-462424
444467
769647
938431
-232454
800948
904596
-413289
940863
-49070
864243
348745
937643
-450436
525501
-803419
-685304
-6060
850328
-470527
-451084
-566241
-384091
-634269
798126
-350449
-214345
872158
586415
-734907
297580
-876010
709560
67226
-937579
-522894
-131826
967017
63817
-190964
-82054
-71941
-842220
-144412
477624
683282
52170
792320
-322779
-97502
-678207
226138
336257
-62297
591870
134383
587255
-622476
6540
173669
-357382
-695881
297659
-647822
371346
360080
-170716
-760481
327097
893102
48555
-754958
-178839
206336
100631
-701215
-110383
-847199
-908895
566838
55299
-587102
-207024
-608445
350602
-615155
525938
-62144
-237630
-467522
-888476
404988
-163403
409184
757167
-792057
-230736
-413549
-552537
-903640
-520448
496019
-658597
300714
-297646
442035
599499
591971
594836
690604
158809
-349866
-896498
951785
41690
454104
-663371
-432372
-608040
99000
100106
-496516
-496013
936704
912669
-738847
-855353
-318068
-152395
-407890
-221707
327157
-911872
119696
-372130
-209518
-438269
-772631
-617547
-843434
917973
541263
-193299
-978525
493047
848391
475580
829677
-583982
867540
-71324
516125
-628976
432664
452829
-716308
693818
597476
-34376
-458578
-810415
743918
868580
-722286
-136386
-503550
68197
425345
-276181
450651
581911
-358208
-8087
-611389
-336733
-515041
-762998
-861154
-685364
-346980
-993615
243312
-830855
-622591
-324025
621974
-338898
-630207
219449
626727
-88785
409035
370644
-220206
686750
-765743
276244
-245054
659603
-999937
-794404
241513
-358145
197509
630125
305123
682469
867127
443969
997105
-479853
450355
240416
-310708
827765
916392
-688734
-511133
-713816
530716
-884407
197400
-60249
486238
977194
-373500
720495
253438
381446
380097
253501
587043
-378390
895357
-215448
-748266
200479
-532980
-881139
-355553
-535875
-360992
-905198
704542
328301
922568
620933
639568
-588566
907118
170283
-472973
104518
-889967
-986736
81712
-263466
733760
-664851
-882020
113857
588651
705023
735467
484007
-510425
987202
-315515
-43405
-893937
328933
420721
-254928
423735
125262
-926628
346303
-253805
712941
757737
-346688
-116776
-715237
757830
-6742
-701972
-160458
729792
-968213
174691
847772
145644
-236658
552795
-118889
-752652
-957631
-131687
-68166
-1035
-25624
-739234
-580315
719448
684502
544947
792821
30804
-708859
505761
-211460
-55546
-611016
73304
-297716
382242
371332
541826
112033
403120
-283483
-40195
-451237
479859
-487401
429875
727208
-445032
-701813
-340959
553934
272563
-80192
973619
-7990
-395690
518566
-215170
635114
809708
-709409
-576346
-245839
-320425
496958
456446
-938183
-131710
-1729
173851
-728591
714789
-866345
-179827
194648
-353745
-749953
-78145
201224
-451765
580897
-244843
820798
-499295
-271225
-187192
105015
-752660
597639
-259871
-942952
888230
163783
-188791
-432195
-339259
-732346
-370377
529031
265926
803474
800441
-19285
937130
-379386
-824638
-416615
-129338
97218
784609
418897
-321885
-460235
239695
178820
268540
-947497
-716165
515881
650142
23964
572929
538371
-812253
-615862
-893824
-151512
-348207
-264201
-622481
917719
-460727
-822040
-101567
-523597
-201426
73796
59788
669236
-828987
-155604
88133
-150872
384161
-672172
-972052
-347299
-619669
-688216
-831418
-969528
335748
741512
568844
523495
-874351
675020
-628017
-222558
-589181
-250497
-304839
-49907
-72537
593595
426496
726038
-332610
-513717
395274
-161596
330680
-516594
687533
-285159
-188766
715482
367542
191565
-972735
536124
222038
363013
277636
-209119
-113492
403285
-534099
258492
-819273
-123279
-992006
-124111
826814
-64542
-530517
253310
-338505
136874
739593
-943232
975278
70273
-459825
662810
785114
351409
378291
152655
-457026
405557
-311221
765012
-231431
966415
-444107
655078
369700
21795
-86430
550428
898516
-78435
-573684
725329
857023
-104201
-21361
-481482
-967328
-281768
-424713
-992050
788505
115462
670760
573618
-533129
49051
-273727
9846
-545393
415053
-225142
223177
381468
330751
-121745
-248832
-647454
791826
-698405
-748939
-286610
-272089
976391
-429587
623710
-44971
88931
656383
673261
664219
664333
461765
-220319
335093
35383
246553
-615856
761657
-743602
-161248
176710
31256
-938072
-441823
-637993
-59816
309345
-285447
-267991
610940
-34385
445399
-661150
-57995
-984188
962561
897035
104744
618944
570295
-231038
283277
32060
548643
-381630
-932557
-204804
2514
829101
51594
841267
5810
-917150
903195
563987
-555142
-156621
-126669
159412
575388
-515729
-874973
20787
-176878
67032
36599
-214317
-35933
-858658
-595373
-465638
-89695
687904
566423
-541052
-693726
633866
254144
308789
462966
-694262
150055
-531225
-611411
53249
-967238
-166552
896629
-93906
992860
472017
390365
-882114
-507197
-786513
184919
529403
-829
-851014
670746
403798
-316652
-418949
91702
-750230
39999
397976
883637
-705857
-293236
346603
-400119
856819
815379
-11529
-89932
848141
821919
-193304
-245766
814779
-721288
-855401
932665
-228484
-641913
117584
-699082
357258
266570
971665
-238945
949919
-447285
852757
-800312
592715
250732
-916675
886858
957497
429928
-513261
814315
245306
475210
-275618
93447
297129
531079
847682
111907
809792
992281
44572
-418693
-649632
-837845
-117774
707626
428725
-146110
-531319
378643
406606
-678563
578332
-680
572170
661658
-113822
529666
91585
372918
343981
-663109
-151872
-931638
430338
-854744
599442
278019
257163
409233
270300
-698266
990540
620668
-536110
-127234
328294
892615
726656
796975
271258
133262
-881589
-150410
-867418
690582
-488753
18760
220247
602833
-608323
-435773
939724
239806
-367410
370062
385062
-767968
-351920
-357775
641265
918381
-56041
631805
539049
407849
-495430
-132658
300464
-768774
-335684
-428278
364488
-217272
421313
497071
-526691
932561
-484170
693557
535393
-92492
-742216
475117
-852687
-109625
-154822
532376
122407
493259
-825400
-236329
411639
118560
-604524
-49313
-473592
-99954
818030
826873
131273
-517655
-601405
-504240
265074
819908
992832
738383
752468
-491338
431939
287861
416171
689724
-237023
563485
-419902
608155
95860
702505
101413
270460
-533824
-486948
-610980
-138348
463740
-84572
761699
281769
-257699
-107029
764115
140896
388732
29188
-39196
381563
-232430
-286728
890225
-800491
-998868
306395
889233
-235890
-130120
-530669
-627736
965740
-828165
473678
236200
-361988
986731
625220
499664
450470
-459352
261363
-267762
282949
-845667
-503647
-576155
543066
525541
384650
-75371
-706889
-902078
-185147
-507379
-900946
-878752
-618146
-136836
-8872
-148815
235429
-43132
23020
-290893
-806933
661032
-304163
818288
160696
-853694
-641065
-577942
-121455
641885
-423608
374898
-934270
-880542
-99561
450380
44087
193550
548302
858941
686172
647357
980189
-931975
-489479
-28683
-80790
745951
928186
942230
-544943
-878748
603262
150894
939541
-236042
297200
-701525
186016
-824255
940361
762409
550643
-993910
881867
-548918
456471
-74047
644632
4773
-215107
330803
-347870
-234918
398829
162651
736400
-681962
-91399
664585
-739732
363659
785838
863530
-485448
725378
-372513
811753
-976147
813504
987498
964214
575913
538141
970305
457779
989223
426775
-616268
633855
-568452
168626
-35342
83678
933709
-636514
-753671
670109
-318475
154931
334694
-58207
-481411
120532
-194678
33142
-154091
432810
-155106
-130237
246314
-167608
-166024
-177774
-629467
-195719
-719995
-640245
-768945
-336262
993611
-337396
832365
-41731
746282
766073
321756
992612
436182
-996720
147542
-229125
-54927
666131
891407
750396
-300727
-262684
183206
544167
607079
-570481
-623441
-558945
251746
-252908
245336
531752
106848
476392
-804511
100459
-861004
-972147
-941273
885278
793927
380484
877889
230108
383764
25431
-999017
-671163
-308438
892391
-920767
390835
-370294
262439
-64998
-763215
691959
311561
-322160
-56296
-941348
923177
-524544
165501
399569
-329055
-734041
538565
-301201
-675313
423842
-507275
705171
301731
722834
88935
-672838
723818
417772
18724
616208
497005
-590442
-754087
-240556
344560
-517302
-548598
-343879
160539
395107
-285226
83715
870563
880275
-516717
-458492
-853766
-978153
240307
-529079
445690
733033
-823908
-252579
455866
265027
74583
179683
-317202
-906694
-204110
-820197
-497135
41804
-60753
847426
524502
390650
-496454
-314960
-214243
218321
768756
-343680
98596
-747961
197828
244830
-726114
-561865
715752
719577
-828833
891844
-533002
627034
156870
541581
-193283
839668
634888
602608
-980529
-862247
-355589
-41281
985179
-831087
-650631
-511275
-146046
135126
707046
-377291
791447
-194359
-125252
-10726
-949529
148635
427410
766223
-131788
598577
658066
335210
225611
-185065
-123210
-967673
-345397
-488322
634935
-325925
-350569
-720654
632794
-365391
-551741
982163
123335
302213
117289
-169619
924923
-91265
636023
-200329
898010
686494
948307
325419
452716
-183482
-76004
110782
-848273
-850394
925718
28518
-818066
-419680
540197
816870
254395
-810373
-903785
-112811
-175763
-455525
-130649
947572
846689
986640
-222047
771612
-104625
-586025
-428718
-206616
-899532
-480412
-881198
553185
336107
42799
-336034
487835
192406
-410316
-483648
374340
170004
-943451
191210
-575601
-753824
287426
311589
70414
831901
-819061
17986
678590
-832421
795939
450201
62954
-790087
-978518
856338
-689619
-458929
975141
863567
877179
17939
-472468
365013
-789655
117216
881366
584686
-712780
937915
-224105
-288380
-815909
-936680
-976792
254505
895222
-795852
-727510
573811
-628272
-931572
24011
434682
-721659
45494
291020
-411277
586566
266161
-547711
463745
-715900
-20178
-171243
-505555
-902962
-289877
-920870
-615742
-351963
-144974
95879
-167871
-81654
119088
-913367
-186432
323237
-640877
-612622
694965
-572448
411390
129647
-294106
-543116
-579333
294617
-956551
686828
746906
507195
970929
-273272
-664049
-534626
-176234
46075
-455495
208025
694112
399531
-696097
-473759
-682123
422992
-387126
131445
-253772
-28002
518824
-558807
399550
-69787
570840
-894556
387097
991507
400061
430547
678335
146967
-62259
649264
873695
273693
-885363
-302539
-680233
-340858
905486
-986121
-941328
-790611
-459880
-623451
632381
152995
507995
-621391
-875008
26818
-180198
524543
957031
-609358
629987
344128
-617852
30048
-225325
-939517
-822986
712417
709748
-949291
-13891
824385
-251830
305877
-516473
-346345
319756
-457801
-136955
859877
-81251
-504574
12871
-573257
-125965
137863
453562
693837
-337594
410592
-915521
-707608
-245280
-533373
322440
529395
-472889
499455
241811
-763142
550164
-772080
-938757
-701667
533797
-455230
-48011
-146447
86970
815035
-286570
-994282
-689540
726301
-567538
184495
-135836
886024
-121668
526570
296616
-37189
818962
-948664
429439
141401
580732
956551
-359144
-177457
-806592
-808981
50463
-745348
-510647
-415740
-200578
441343
437814
886392
256377
-848757
892111
566837
877544
-675427
-248669
-258293
-789403
629664
-731724
507214
-407525
-912762
558550
-978087
228640
139281
978464
869496
961824
-828128
-939485
12287
-573476
-450132
596548
225947
991211
34362
112339
247588
185605
4449
-185576
63149
329023
565756
804857
539620
195419
-926867
46833
787894
-839629
-394617
809808
389012
744664
788271
258507
706488
960144
319022
-281225
-613332
868891
-684678
612615
860101
349684
-275047
107688
-464711
729403
922113
598438
58425
487868
403294
-401955
-316713
476428
644878
-528820
636799
-749740
-719012
25810
994925
-930741
-715683
701412
-970598
603340
-579814
-583929
472230
-264491
-971315
332331
-914808
-246361
-559981
-379519
-516958
-637869
-781081
541467
849999
622214
-860488
-466715
98641
784390
4466
-264561
-965350
285454
761250
-970426
354714
-954433
730987
384116
648907
-848827
800187
121136
-113318
828873
-546533
-28125
-417488
-106514
592357
65555
255617
811276
-392978
105616
433489
-253466
638902
-467871
-469077
-356632
267569
-434426
928823
28819
-404852
283536
74386
-673865
-332349
-276707
-522692
-532162
844430
363991
-703289
-702104
-664135
-120776
191382
928222
944779
-553002
739497
-448200
552614
172986
298334
191516
705116
829257
834884
-27316
-605169
763706
-998497
-10021
47241
75890
316115
714893
799183
793423
-817270
643612
157413
-520558
941508
493279
358666
132890
421500
303444
579888
160997
855244
132502
-666017
153577
-675982
-960902
-17166
-841099
11783
377665
922607
13286
-632356
-30153
-910824
683759
-315260
888359
477182
-132530
531971
-365405
346912
473479
-872127
-294422
-393632
549374
-990979
-813744
-289629
864266
318759
44355
17843
642777
83453
-999324
801678
-904764
378342
724285
108523
745987
-305868
197699
429746
378872
86057
-93073
-753658
-381972
541523
593255
-908493
669397
-701168
-302125
218770
-692146
-115868
929142
-827881
-797109
-26504
189962
845668
-943051
190639
647346
-847815
-431019
371631
260708
-685033
-934238
-541594
744713
444635
544464
-348361
690977
-837508
-806838
284232
-746001
862559
583064
-48125
81329
890918
836007
10470
-936963
-961103
983967
253000
884566
-959085
-556362
531912
-806900
12619
-96457
453808
327586
-30694
912215
72299
-586060
456679
723939
-895083
619171
917101
389149
873170
779659
-27788
-174956
-139013
-136870
-338950
871458
-73832
-300052
855424
-820833
-415486
896340
-377194
-883574
-910561
635426
19969
543248
-36988
989275
455463
-964690
-596786
-87859
759249
-491868
-468689
676350
897281
-595520
456009
-130507
229525
-683004
732624
890575
-811547
-341208
-409477
-956123
-162041
175038
940217
460766
291464
-970344
96191
-688568
572905
-940798
-699293
28367
-905487
-296078
940509
853763
212054
-528181
530112
109335
-123700
-13879
978828
-894176
303117
711452
996400
491570
-629757
-413078
535448
208203
761961
475665
-331032
53424
505321
765160
364857
78225
824363
665565
-893408
918876
-630514
-952900
772639
581541
-481080
302750
-309125
395220
-711130
-330297
501044
591988
-618846
497443
83558
-248603
-915635
-380995
959601
846327
-905331
-371432
-100249
599991
-606273
-735392
-321784
-781911
930173
-215192
-863035
-700341
-168091
909604
881200
350829
212354
-427925
-253951
501225
241778
-752907
93212
622933
744537
-823231
-625670
828903
-204225
-666070
675229
-109556
-37502
-425021
-509566
356226
-160413
168651
574316
-230240
953459
711282
69419
-214632
620886
-49381
-863803
-166761
522694
-117754
-665536
-235528
129339
427677
-612596
-126125
604446
-238266
-297223
-599779
95665
-621994
290666
-941837
-47015
781100
414389
792573
-50249
-11295
-437667
-96790
-300014
631752
688578
-679129
-417629
824775
154111
-894935
-292979
488575
-130463
836361
-83748
256942
-289764
-479302
-981324
413013
-79081
114341
791020
-788416
172505
-255996
992685
-413106
-463423
-57565
575599
98910
845645
-724415
-269338
534222
-403543
313034
358997
750569
418099
-933982
239144
-712364
902379
-844605
544579
-387386
-323907
563255
-974373
597012
-322404
816647
808596
850101
-439349
801281
-563006
97229
-256285
-987407
-803861
-410640
-711822
-73199
-876419
-115364
-760165
482579
-364796
657934
548598
874348
945571
450976
-970258
490149
-936410
-294165
53403
-910783
-697153
731000
905865
-888557
581101
-533485
912724
-981905
563745
-343562
-969312
759884
245798
-681133
-313315
369380
203503
-73480
-148041
838708
-415546
-599444
713055
-469976
851533
742798
-979828
915123
-551367
73576
-995661
-248520
-195424
910204
-137077
-614324
-623281
-224354
-596229
940465
432085
-565540
700348
-322117
-246673
-612968
-952737
956831
313553
-100778
795539
898007
299779
508594
-571969
151311
251391
-551796
66433
700025
521780
70773
-548496
-673644
-19024
314428
-287968
357696
-909926
115804
298161
522159
550264
-1492
-799958
-696409
385541
-752695
-739578
-300906
146528
-944040
-402899
-553694
564554
25132
597617
-184055
473336
-335950
-484031
-4884
734823
-32527
321472
-284201
-718099
-966497
-926505
-628025
149308
371656
894135
-300429
-629837
-905824
3163
755705
-658518
263585
-545202
488010
319545
51899
934317
-115901
-922970
531933
700044
550367
-804017
-783988
-454518
930806
183486
866954
-353396
465387
900458
-279901
837363
49766
-908246
731497
749338
-538082
825674
-247500
-782378
-832845
-983916
-327579
655166
335630
724321
589482
-780272
801352
121415
919772
351718
317398
-864216
897201
248204
319270
764154
894808
-215344
664612
-385093
-377982
-285622
-293338
-646485
-536285
168580
-820812
216215
386203
-653656
232300
-941376
-998491
-432071
782945
590992
-212342
584296
-287593
-292571
-63987
-970196
-156787
-166787
278008
-837517
-402633
172816
-52860
-738021
787723
569159
-23643
-505615
922674
440072
662965
-898138
-343713
49168
-551794
888587
107792
-550284
-543484
-109264
-959292
244174
-524968
-246885
951604
411045
-217081
-205183
-755742
-939073
-42699
-158374
233744
904441
103605
21467
473599
-920038
515852
396272
520035
178817
498135
-823679
-772016
946342
-935092
335776
-603943
-478575
-773488
-563234
765600
-298456
189881
717204
-887411
972801
-487980
-643152
-966272
469321
198474
267472
373762
-697921
-711062
-152640
-617959
804790
-756368
902076
-16394
741767
-921603
211591
688108
-856694
-452633
-915835
-335269
-226120
-479069
-569669
475424
710812
-852466
588014
683613
-340446
944862
717341
-871125
143335
-15188
502637
445414
273750
-650003
827456
78540
-406371
729532
-937854
-664605
807930
273738
-976497
951236
821105
-892332
-384033
-405016
-371401
46298
-929592
-660589
193832
658423
-976977
853387
603284
740364
982263
-253381
-274824
484900
-807967
998927
834897
-980511
77467
-571475
749021
139613
-236079
556950
-586649
-212576
508186
-765545
-104908
-875848
-170560
523692
170450
-100151
863104
-635718
-441729
886128
-782332
-838445
626492
-800069
-91826
-648333
684831
100208
-649407
519727
119697
428060
948253
-131282
-432327
-287827
-574333
-18976
499598
933853
215479
-605310
-941995
-955081
918382
228456
-55232
781486
592738
503039
667613
810407
664595
294105
-989663
-427232
645772
695168
672977
996365
214895
-207327
424425
163147
661391
992098
875320
-912942
-26879
374917
-979089
-811400
769608
-921084
-766481
687989
307373
178288
469475
-99890
-318673
137088
-289483
-654079
-568808
-279146
-81310
-923037
-583978
-408334
-926672
630917
384340
497753
-205937
45731
489851
-330617
132790
-537029
-955700
153701
-348428
813908
232618
-114908
501897
-460010
-936621
-28628
440101
-255293
-891541
-849382
90628
-460348
-128528
-990683
-383385
287495
-399016
-310056
-81589
985325
-812303
712475
31055
677548
-618142
-836156
-859482
-573842
317546
-207909
-759934
-449837
677183
741963
90154
740563
-286665
-469745
-514731
-178206
-319127
575898
361446
552346
585216
978062
-160160
-813801
-331994
758252
-828476
-144297
470726
202579
-466750
852584
366424
-326231
-721258
-316031
465860
-481192
234133
143043
-739229
-675714
-116395
-25894
-145459
368875
795901
535415
-55228
157347
87760
-470012
135408
927601
-283812
803415
685852
-112288
-340883
156578
-909710
192367
9161
456715
866136
287904
-859317
331996
806712
374816
-524962
-932517
699103
358644
41590
-446356
-272481
-162510
-910942
672292
994837
176819
-797721
130245
104419
-81533
-66341
-209730
806179
592777
946848
896470
-214857
-43991
353184
-348721
-756088
493868
983275
-949376
-131316
-541687
-881892
-432214
816958
159698
121430
-455524
997189
210489
-783233
992026
-612693
-580953
122270
491726
337514
-944071
-718004
143693
648706
-771156
40163
-566151
184853
-606654
85128
428766
887215
68403
479391
-244102
526717
597500
323684
343674
-242803
-554886
888150
-245614
655603
-895083
-253589
-957091
-476036
868682
534635
861479
924611
816632
5171
573317
-954525
-954667
-992835
230328
-561320
92294
-340906
-674106
-839304
-861515
81793
687414
735985
-594524
31087
-506818
-149410
-80763
247568
-493808
24154
993979
-450898
548119
862660
-916264
409597
787271
900368
-585232
360587
945844
-539898
367752
176171
-101218
-539955
835266
224677
-379258
973751
-693531
-691845
709736
-288054
339243
-797083
562537
-741521
450485
-931272
282634
444463
-382170
-169248
307123
-298433
-759651
94393
-398065
-344883
-545021
-452222
115219
822732
723950
-985999
-717223
559216
238678
-96480
532966
545148
211676
242701
-742907
-449082
445619
819630
-190603
-103897
888359
-907969
-659434
-493811
-77217
647689
207757
163133
-257918
809693
818250
197062
-642530
-66532
19793
-918580
-52530
302571
640636
-813852
-793910
173602
731296
417766
-583697
988390
968685
861922
808019
-221919
-241975
696378
-129887
98591
-797433
792896
-253720
410324
-43972
488362
220016
-225722
-314576
577487
707747
705218
658908
-344784
7788
299543
-158636
213879
-526855
-427340
-368356
-110551
-438951
-399672
-248629
-630932
378410
509396
-934555
-751478
-392013
-731988
-958582
354267
678337
-2553
-157371
-101647
771725
528053
-524161
479472
233270
-865254
-865313
-758942
434290
-23948
454937
907436
548712
-913419
-203116
-890240
-313090
548255
-521171
-934681
57650
-455726
-686158
665637
-187713
-644739
19904
-509376
352708
862534
388977
124433
390586
864817
-396096
-376144
999563
-261408
-135085
433853
714644
-680149
341288
263355
-593568
-861829
373116
93342
686426
851945
158662
-255924
-603781
472505
-590287
208507
827766
429617
699132
180474
292151
88108
-695094
-317264
-47076
-91189
306593
-47513
647404
-828493
-613661
362047
-508641
727628
-374598
-102209
