347206
-272409
467780
244431
660068
350263
-199175
376076
-180015
-548961
-937699
-357889
672946
-310907
596683
-166470
-785843
-23516
789012
-491835
-872541
767881
-566064
-238561
28300
511892
495402
197104
-13338
-824922
-628940
-666132
-97330
838841
578299
-437263
189103
-620876
938814
-990913
-169836
-998886
-348802
-496891
-309792
-752119
336639
-95635
224365
125651
412531
351825
-106468
846468
-886737
921833
358359
608666
118936
-654979
783745
489997
-321111
-313586
328837
-742812
249151
-482061
-363688
187964
-472973
466476
189079
178226
969586
879288
426107
306224
-216347
-349528
-568126
-803816
-997704
325407
-957349
-884440
247239
401010
724226
-633825
746032
507970
856172
-575080
-805617
185009
-317892
443535
702949
318421
-368501
-770025
-215103
820578
408201
-245518
699866
-165692
-939295
-516482
484780
-507420
-320298
487077
817987
-277647
602637
65226
-876637
326862
431401
869395
-165168
287573
-705685
29215
-527419
-23576
-527250
-824470
-705156
104249
-594495
79741
-75173
813707
834223
-375308
-351986
894929
108210
-867206
-612491
787912
619871
-794504
-489735
222507
270722
-366371
-450631
-297877
-496976
384201
989697
-202661
-586584
-537723
773763
-113833
-362192
-931393
990416
43313
148349
-84758
-142981
-17428
539934
505034
-122500
-351857
637828
265010
-563945
257698
470506
-53679
-519795
-258772
579950
29575
443351
-917026
-586225
433047
-119687
-172808
895325
-345924
713359
-466868
-277316
703774
576446
871033
-380984
-566535
-146396
-841051
938499
731105
-192907
576326
-3885
243149
-165976
-533380
-810530
314230
207848
769421
-656196
-348801
852395
-242421
-915754
-267293
584772
979572
386784
298130
-487297
-890533
1904
-910851
980500
620920
-477386
-165896
779870
-538888
-434791
-413038
-962562
561324
830112
-128538
-972056
-980419
-814309
235793
789002
-470505
886992
641396
287075
971239
-625897
-128154
950810
760887
-830025
-536488
870354
171879
-447339
850854
-207201
75276
-315042
-427332
536388
250168
159630
573826
-188509
-10258
-554713
-160564
9323
-369021
-924772
-201676
160475
962221
-560280
-552451
933459
-186177
319395
884268
-425290
489371
-652220
-554936
-338750
-99558
-704082
454049
975718
-19124
-973284
512105
-768956
186347
85930
42536
-823912
531218
881972
185411
-837803
957200
983736
322672
919421
-576544
770221
852879
237280
89616
737146
811990
-421013
-915075
-742947
240237
-14633
-447028
-305715
-38915
533849
-278998
-526811
764893
907349
559120
-192572
-916564
90338
-310601
268848
252535
-353401
252584
-424793
-433981
676040
-654573
-581103
-86681
435044
-843957
-274691
-985970
-759031
-17637
254268
226336
535335
948553
-812580
69183
-330445
-339390
-165925
-423097
-780270
641503
-339660
310068
-669098
929189
-437397
-22499
181772
137810
543521
-142188
483238
962418
771131
-81719
-881539
-503560
-67688
-640570
478803
-813421
585767
14137
-864868
773188
-916681
-195313
-566203
-82605
381591
-346473
-441102
-958070
963596
-110200
971119
-473802
867302
152891
664008
410822
-989298
147245
373240
781834
-934475
491701
-721727
-2162
851132
757076
184417
436898
-228788
319549
210085
-145468
-875765
643883
771928
505827
-702591
-669175
547757
-738996
220625
518876
-212797
87927
-328234
-548790
-501251
-317531
598455
871989
-535698
663981
363690
-257425
-338182
214821
-500350
846235
-348282
270863
165784
861804
-874605
290020
505686
897323
-204154
803096
-771852
-656397
-935900
448774
862479
-148697
-463300
-465755
302513
35449
216714
-99032
-92562
681016
-435052
-728873
-576410
226766
485949
-76759
73001
-862333
-805896
-761216
999471
-680500
528805
505156
-783178
-675350
308251
-555029
-331747
372351
893745
-469268
-776346
-569555
64977
526167
465894
-718310
-572866
-626668
962707
-7918
-355541
-613704
-781152
-869592
309538
291850
-731925
503643
530635
-732454
823143
59439
772702
-960035
384090
80953
-515064
-947657
-546696
-621320
-416925
-323042
-190875
648053
-796875
-724981
929744
-369741
-351649
892450
622342
292811
-721254
841191
423220
588284
133040
691295
91927
-336326
958841
-84931
723114
731543
-44966
107203
-187505
439970
159546
265800
818651
742622
942758
-372224
390674
-854118
-97204
320417
-223858
551147
212867
-601517
-156042
491613
-760326
-732823
79897
372714
958473
-828177
-963612
917313
86892
759502
648856
-958075
-133295
-538649
481896
-973749
727151
300547
768874
669908
928323
159548
815791
-168882
-520036
-408068
-617735
692832
-9584
226223
184444
230091
493401
-735660
-397195
451873
-563837
-360807
369186
523055
-601305
18041
564981
265401
479393
46877
291652
206543
-652577
60525
-123549
-724254
-779928
-307759
106864
-299963
284174
489130
-607132
-725410
-284648
577312
504682
-791247
841653
-892514
660626
-722185
-253321
29812
800871
145375
-952148
365852
-589225
527246
-587272
702427
-266212
-239849
-237048
610239
35897
-16975
-697520
-857239
683062
586655
631891
-924070
861246
-652757
653243
365927
-444004
494895
473413
-783378
772711
-779908
246434
573581
365467
294287
-60568
776243
-178468
352161
478669
555320
-887688
-758379
165559
148210
224646
468040
290971
-92293
54695
-77138
-16362
-84060
270106
-363120
-718133
826102
-868226
755280
-957276
904485
975373
289158
478066
340840
-416555
-582502
117082
404977
769659
-404250
-39703
881971
-162628
-874144
30180
-937983
593896
-678849
-30275
-351410
244013
953363
564531
-485882
-409758
846399
-659780
-277983
601678
-617055
-373499
577051
672103
-895433
-82110
-744453
-477935
-965029
660525
-708277
-369278
-379179
-826306
468094
-253323
203875
530112
-659427
525026
-500164
-10836
-230961
-546802
-446305
283158
43441
-599907
623378
765458
-998229
-993678
-608041
578822
678426
-503474
-503288
933974
18591
-468317
594498
310315
162406
-784681
484009
-369501
-38003
-312116
-839389
302571
-787091
-339553
-708266
-18052
113646
-154570
-734894
-842913
245523
888484
922545
247294
894807
-685496
-173884
573233
-188970
322828
507207
829622
854512
101705
139936
16917
317024
-376055
647417
-720979
311829
808028
581593
524739
-531526
873328
-493313
582121
-281243
-228207
739208
964280
-339723
661753
211574
-444916
976257
-962311
-871684
-212714
360518
635523
-383092
215029
-262772
756844
-768055
-945749
-619211
879362
-666727
692619
687389
914866
217357
-844137
788193
724045
737984
-493050
-504163
477192
-528771
156114
138944
682803
711199
115200
720493
839515
902487
81010
475038
-480606
-703962
-787735
-723762
-472017
-733483
-342972
-592655
-400209
-650353
-905267
-485343
567005
-749403
-697150
291049
988581
-190200
786886
465772
281029
-57000
-395284
-36168
-345801
719916
-315675
-506287
622403
765335
968752
-858203
-938627
-818983
-581964
-410643
-552465
75064
-3298
47326
424711
91436
561984
-8284
342033
864834
-717236
330614
-325367
-930350
-203614
955663
12651
401102
-80506
666850
121018
603820
-839437
-256579
369155
-870686
-114782
430528
-689668
303255
-980115
-242133
-621681
16588
805194
803030
-891976
367177
-205254
450058
232011
77510
-219329
906644
147160
577058
862306
-840190
-21841
-218200
826661
-900823
-614381
987224
-157402
754774
-883462
727817
185302
-573130
31071
205187
184738
409390
-778226
-10068
212420
-670202
-642891
-992835
779856
589120
84675
-439473
495763
-768165
-862416
358069
-608354
115744
-860132
-781694
214921
-474513
-794471
-942481
-719739
-677933
785336
465563
-251062
-183594
-329251
933677
-774204
-107476
-76392
438216
222323
280718
445382
2178
-130163
-469944
562706
-634400
-238108
700290
723669
153538
-183967
863537
371845
-969046
-610976
577374
-911527
-330715
899442
873809
-865153
-351620
-309785
-194403
-417944
-83989
698121
505665
-645773
-79557
-213618
799609
922622
656220
-670335
485327
-978181
91558
185617
745488
-754905
-998350
609025
616941
-967395
998049
194315
-878922
-332666
93757
994888
-197818
742137
-314897
607779
-675807
601115
305900
829859
955342
-773657
-383760
754951
-851036
-727540
-915384
634292
-705721
176174
-180091
-960233
421270
-178441
648792
38210
-145835
646841
-767475
-24757
-685825
326282
-29869
116357
68418
655234
-275864
392612
256348
-969964
222470
211690
-743621
838711
-33359
-594656
-888830
51258
-960365
-594550
-772569
-140455
-554783
648702
681105
-905992
-313088
-464731
740850
-80563
510513
-944976
-754282
-519357
171381
314137
-864123
895518
-293252
392225
925554
929219
-396085
-818068
767930
570557
-412724
879100
-378186
-373088
-715451
-150754
486457
-270233
-502053
167562
-176225
184859
702831
-435376
-895704
213343
-380351
-649986
693986
791031
664151
829863
686548
-629101
222088
612102
-699883
826004
794034
-931954
396560
-618690
947147
-981626
8223
-768304
-132380
-505320
-38537
365568
662242
785239
-449574
365072
-650137
-345277
-421585
-30488
4737
-727600
-239458
-331112
-897737
-552910
39787
324352
-940809
