-317732
52968
500288
-591884
-849130
665481
-674098
212338
705601
13885
-970662
-914246
603457
244293
324514
944662
907874
-852474
27179
713147
-886499
-653854
-311544
-364306
926928
93082
375121
727892
-528916
365830
-766903
153353
-581202
733386
561470
-430331
398867
887372
782007
104467
-98744
811346
190222
-495287
55638
-485264
-550626
-36489
-337738
476554
-323343
-224236
822700
365114
411459
749628
-541805
-213421
477519
-70720
-847592
710617
-917368
-428793
444002
644102
140876
-157132
531474
-77118
947336
-567270
-265773
137558
-62557
789866
652294
386818
-246624
-685444
-136628
430034
90320
-313928
-204853
-498222
-564301
253342
288358
913219
-817378
440767
623835
-734746
-988027
67837
909357
152849
910705
440831
-924270
858041
873561
-190042
-4402
-188996
-400177
-352108
-802178
353199
-37552
61194
-216767
-947232
747267
578380
-445453
-817035
-168278
842905
-903817
14344
283671
720019
279599
295644
-212145
188956
-551508
-301440
-370214
-475777
-443400
-496653
334181
552199
314351
934005
-799909
512173
287204
162540
-426633
-929564
215308
-679367
648816
769855
-496401
-519462
612760
-400217
494882
-103570
-680199
-225519
-807926
107657
963437
-359433
806217
-406777
164790
-637183
96570
-501029
915017
-589080
-567025
-884892
923094
720179
277648
-503539
790616
-507044
-182906
439431
-737190
320694
919969
875571
920478
414851
-228000
-759721
-810669
-35925
347936
-847232
604642
154153
-254009
-230569
516971
842561
268403
431987
-746520
701378
547095
-823426
421557
-175257
-326965
212172
317699
490130
-348397
580510
-189177
-428428
456080
-268699
986424
-771920
-28420
-824246
192155
-680485
-671477
-203203
473669
74514
566229
-9361
-82926
-165369
-577374
170555
-463991
969722
347130
957566
-205536
-979836
169738
-887838
510294
821341
692673
-678883
-607087
148752
52418
-620664
376833
-976002
-444909
-431012
-656486
-116386
365785
817183
958129
-67987
-192178
-124797
766644
230448
-954242
-697347
200169
392888
-739782
994634
413052
429957
-893204
-76654
251297
799469
244464
644211
-51779
-703119
-976454
-674947
-679121
-421362
-105959
-335607
462253
-740174
-518424
420381
191839
289398
-704417
-41517
-480154
-658659
261136
720016
734230
521355
714649
147281
-48689
821446
-929373
-797392
620914
315091
846819
-430865
611973
870366
-105811
932853
-550996
788230
-402754
911257
-951944
78822
331638
239895
-631781
627221
-801622
-111934
968563
459515
-391919
702793
-19131
-677271
-149927
932180
-855826
-79299
-865212
765089
-764209
981607
-665777
847764
851973
228412
780616
-699024
16642
-622139
-787767
64698
456684
543871
-695407
824904
171092
-497028
-287031
139655
962487
321050
-157553
-56645
643780
692521
-124465
787954
-386779
10323
553043
-150988
-8070
887267
-303224
-156098
115678
-522608
144879
-867680
-144746
357112
197019
-688063
-99018
501613
-863160
-927927
-995416
-150191
211729
967072
-829141
-945825
-89573
814639
746696
785962
602592
-640084
-203715
155635
208929
788215
42901
905705
-367883
-841421
-616903
776996
-709101
238351
134108
487919
550288
-964911
-10469
687128
-892837
-5884
-463063
318892
-38813
-292204
373067
871614
-477565
119763
657576
-874973
479679
-546140
280662
-311393
-757925
-676438
-405688
-125808
-517859
-22591
-348812
-226959
-784241
785296
-739041
766048
820385
250491
453176
927549
-755394
990113
246441
205793
-302091
-380493
77407
220344
739270
-265018
345372
218949
188842
-373967
907557
430917
-50404
-498132
-694891
431737
479278
-43703
-795222
695037
-258408
-534262
461085
-438023
716229
-85740
-510474
960835
-95628
735967
166628
602282
-644526
-755966
-177374
-905257
-20984
-832003
313693
-832143
-205969
221249
598775
743627
723118
903884
175363
202395
-139819
380142
-102568
601774
845880
-641484
-836249
562108
272776
-346723
522943
-822852
-610757
-310430
779430
-255283
-66396
-397944
-160539
912621
-229946
-846847
-919522
564085
374403
679253
307711
97520
583137
-516926
-700086
-556682
863216
197346
-954909
709095
555862
-791158
271203
-171362
-137881
-205855
5786
251363
483716
-214784
996081
-582681
387272
-164458
-670061
-842675
-11304
-589583
721411
-636902
-910330
29121
460618
672808
512195
760533
-883875
375411
-42121
-838784
84505
-486260
-629941
-644292
342379
232179
149854
-651836
-516459
-366431
133380
-520378
50888
-479348
315164
380828
-322022
-696140
791246
-600612
-333042
880917
428509
-872424
553724
-59296
888109
669849
-683886
-154013
831066
400620
359728
-798876
756328
-297894
433303
-93819
50271
916845
539750
-816350
-603533
-409362
-295697
711632
971467
382281
-984509
762713
781669
-317551
643629
210178
-189974
197352
-849119
-301865
-132799
-533005
544123
-301734
867615
-96149
-100610
623943
605958
-667307
-469877
-343772
-750462
-930127
-160121
-353995
-339488
544182
-642364
-368022
-73537
-626873
-605309
-291868
55577
-961681
918310
865604
235671
-930809
-436262
-897129
-463814
-892139
-198863
-596199
11712
700528
-972257
-382331
-966779
-442133
273898
-717241
-372260
-886224
-71236
288252
657959
286401
920231
-415579
659529
-685079
292554
-284894
-646759
210863
-419290
588912
280054
144448
691784
816241
252310
-507079
-779958
-735979
-806551
-752215
-118309
-773330
-194348
-844412
-490571
433393
-730636
438194
-278355
927324
-275405
-358124
-488255
-615876
-43203
804299
99230
310039
15161
679940
-101050
-704785
-175612
-409266
-888544
-923303
83656
-668502
-659281
277105
-420716
222410
503775
384936
377999
-986796
-181671
647364
451399
539974
574687
-824006
-818151
-913569
-439882
138647
890730
659348
-551315
-94109
339288
347636
201107
-836325
938371
312564
-759627
22026
644062
-418907
-700870
-776654
803504
802906
608283
181502
816111
-573389
-171135
267510
966585
-596449
443504
-851566
-510017
-996379
287082
-619287
662970
735767
286605
2257
83403
-512288
165933
21773
800276
406307
-956201
444338
987400
-657071
667684
790903
-854165
275966
-27596
961947
702578
801270
229456
669162
-795179
-327041
817597
-305196
-323419
104678
75518
-660450
-159556
-637878
341807
923848
-150166
-492260
-54379
-349890
914047
-10580
-905553
901447
332349
762132
692349
478185
38098
-335247
440131
-259325
-533978
-330413
-590164
-329156
342546
-772567
365648
-980873
332111
-558834
-641323
-827445
-196712
700485
-903598
653123
-791775
42023
-696768
-877729
-968558
-602320
-976282
363792
-840188
716068
-158023
197910
-619180
-717893
938585
-153157
-48306
-651579
517687
-705760
-424146
-116665
-686632
907965
324501
-327955
-919480
-872211
-627470
-823078
780913
-419245
218946
-915855
-296973
250389
-518175
-273255
-385820
-358363
-557188
456157
839548
-176367
738265
778132
670477
-310041
-873448
188164
-15800
-297593
-928502
297568
-389629
396000
969614
-309109
523790
-657856
-132186
304702
-77101
-913240
388847
625926
337149
870672
-647329
951330
-487691
-204517
407486
-648144
619116
145751
-870012
289593
835711
-743459
-522244
-180089
-41052
-450746
-882521
569320
945255
-912908
-739789
469044
-570764
128025
-226255
352136
214785
-837409
-21938
-448066
-966737
330733
-496737
-454427
-873785
910750
-102570
745332
56500
27419
34924
-107789
283960
512680
712122
-757093
-938066
829601
812227
-992811
916694
-927563
476234
-654070
200463
-750022
698066
-584752
-587430
-323872
-32818
-554166
-993140
470445
-8592
-866924
381194
888839
878409
-562306
-83743
-86667
329905
-799784
-573987
42027
-556876
-512053
-128373
-744650
-504863
-211680
-672212
971371
134251
528252
-778651
-167684
943501
-366080
508444
-89318
79754
515305
-618873
-928838
648381
762322
960001
526790
-799985
-123742
-559878
529921
76474
-133865
-428053
519598
354082
443575
774949
849220
-768105
-897263
820590
366146
630990
-958061
-801538
574490
-324141
706906
-514829
755614
222211
-133701
826776
-129409
-371380
786777
-602620
-171364
-336966
-162498
-641443
739509
703637
-69495
259106
57719
-625921
34055
-93061
-394026
136792
-272471
972121
-232219
-230532
-829418
-657729
445327
877488
-172558
200940
99699
693742
27716
970290
-677638
-185508
-632330
150998
477527
205173
509555
217035
-91190
-559941
-523859
966530
-185861
510196
-126532
420114
-353012
600997
392234
414770
-629536
562816
757041
815792
440304
-415517
16731
-459998
-721776
-955553
-489708
-399414
-141060
-122038
751585
-663534
-916865
261140
553501
-8055
701200
-970359
-41526
-484662
539838
831943
935452
-813175
432940
327686
601596
803405
-109499
358636
619196
-669195
943119
-364073
-129193
-778657
-319626
381099
-178070
539314
-740939
-426485
875780
-657804
834655
429281
334142
535854
458923
-707384
-948809
-1240
-875442
986644
185586
557499
314329
-212819
360903
-795170
-854184
-19902
-464365
-911065
616025
406443
-689721
-703601
-212459
132210
835713
46603
705725
711493
388800
540379
140774
-277058
76233
-400304
15558
127425
598457
140117
114068
-215958
-302385
-571603
571224
-941483
-366773
717041
38616
168863
805977
-345360
-424695
-883745
-48960
362846
248466
-213248
-590551
-45810
-501755
798250
-505431
639019
-478809
570802
-761285
536749
-301774
837173
-323134
812295
-378786
374481
-759309
-807562
432999
-126081
909479
-528386
-957219
715455
126255
-381914
831711
-922706
980933
80176
-135953
-609619
-965634
362293
-811370
-471065
1312
-290178
-900263
240027
-753430
-202036
77199
-76564
-389742
698414
-702083
-149051
890852
730917
724869
800330
-797470
767650
515785
328786
-614265
347495
406081
-633332
-572329
-729872
-242950
-537963
632421
-54319
-9027
-366268
655503
90711
873760
902073
888675
-49041
-174491
-501067
-350628
123427
349882
-459776
-145657
74751
-659446
56874
-157600
856339
-614340
228136
203834
791741
594804
631506
-938131
-648147
-906457
694290
297534
84517
-671978
-46964
-824773
-798218
-144891
-936098
152741
680619
-437165
802114
-195955
912718
-657663
658389
-12532
-317108
-284737
829868
-460769
100923
58004
743065
-107336
-347193
374570
-45467
4661
468113
-351177
-697806
-447371
-23155
255231
-272143
178627
-889660
-208241
-668633
790959
354595
-866519
-404996
267312
-524181
-746607
-745221
158711
-31344
-915353
697942
-930422
142651
441007
-37758
795458
-184423
916775
-199882
-716310
-434403
102313
-163680
542443
-642456
564177
-278930
-532116
-644064
52438
-741158
710531
185919
-146153
-22158
661738
107240
232622
-179551
-924105
317269
-481609
-854527
-540080
959399
107716
-744622
-225025
24491
55497
58666
590089
-842191
894986
132531
-484647
459163
853601
-16762
815100
-93962
242080
525630
-908043
-904073
-496528
753696
203167
736095
-425856
279063
53363
92535
424537
513284
51933
-467748
768662
826909
556743
-175842
-114426
146831
-18032
-219440
-720638
497322
-760278
-867037
-519441
-945179
39002
722640
580452
130959
818567
-916076
-115346
21734
820019
458799
-699204
-126618
-448666
725333
-613335
603267
-742416
-844674
430176
814328
-20515
-684250
-38841
961453
96310
240521
458774
336032
373484
939333
390854
-587514
661972
-28694
543445
480539
55230
-571901
-497728
-124752
886899
-196932
748630
-561768
-471599
-864706
-958501
-214015
-709379
471675
-399687
270106
787425
561472
231558
-116265
-198008
-309668
-780234
-824524
-370335
610621
-412038
-708363
-418074
-868593
772176
637157
-440493
-725552
-487596
-553595
77517
-738966
-115363
605918
-603672
-73864
-608097
-313050
-602189
-7784
957056
-814764
-446313
188614
68971
355680
878947
288738
531157
-491389
-100641
-880882
-199752
481285
-749474
-427576
118442
-189967
-153128
630846
256439
924389
891880
-858924
530306
-711792
67213
922210
-24842
465024
-85575
-67786
650261
468113
-879173
-280769
-176207
999775
-992031
-645051
-491615
-92672
-525932
308634
-611387
-275406
881058
507055
534628
-272070
137901
-208933
-347682
29780
-67857
-817376
317989
999356
-895167
-706853
464380
19259
225361
114640
-512629
346189
833872
311164
345963
841841
666114
854349
-250831
-859819
162982
137782
-135224
44040
-355164
-600596
771970
782738
190471
-575712
-187482
-877387
-393088
-869494
-878031
-288255
-576346
586349
731005
649016
-299011
-781625
-4796
-465139
529540
-658833
-623299
195653
-804484
125871
335834
358498
-736348
-799390
-597462
-91511
-399986
-825493
-308774
790485
-401205
503744
913099
205707
634251
-964933
917453
-942096
621417
648457
706920
-677594
866833
-297876
-142733
396372
43292
233969
-407975
238808
-640161
927860
-402694
-376508
-871531
-156
531981
-271517
174352
-776793
-481032
773147
726952
-567934
-21146
361203
-532866
-103693
419108
-911449
-455236
126027
-589043
-588403
828152
268225
807969
-128556
-497807
-600006
-889749
-137967
-672147
-292442
485525
-543678
707402
17506
184805
-118246
240713
703773
-345100
-32335
-864161
633755
-671133
-397027
-469938
747975
-308476
74827
-125998
102482
486424
-297846
-629294
294392
573598
-127100
694387
683849
734933
-977761
-608593
220457
-521439
-901191
-762038
663367
-19437
478676
367139
635464
-553660
502978
269219
-224792
-894049
799281
-476818
-202524
-125893
397185
899958
-639470
-900662
-729336
654923
672936
143564
349309
356785
-121503
371548
748192
-901046
850110
847001
-663083
513476
-172437
815593
-119385
-536973
-738067
-616408
732246
37141
-510456
531526
560324
287020
-594367
-42492
186978
-233837
56846
457643
-578914
-270219
-398793
770396
-913434
479704
141944
834758
578658
-7947
681759
915575
-494471
-490678
731168
386144
-27651
993101
769736
-295406
30242
-740720
-763880
-409435
546300
-358247
548073
-266722
407917
-395081
-809080
829003
334701
-207872
599398
421267
-728169
-258658
256024
850490
733395
-62217
766065
-761077
447105
497232
625067
-580547
490333
394803
124048
-479426
654084
360168
111140
200384
-998080
-340787
933662
409837
264132
-875418
238840
-401168
-83290
-161762
-979901
188542
579580
276124
39031
312975
-786094
-194905
551899
661011
-697673
176966
-919536
792660
-428232
204512
-686766
-774148
-435320
424374
426236
-433400
-916413
359897
976438
347719
484480
215277
946552
-598810
-946486
966651
589732
633094
242774
-371237
-53932
456681
433859
-502034
117692
736186
674932
198157
528846
-753300
-597331
842081
-527448
-32651
266454
898788
533949
350041
258685
510387
-302240
-256835
-274337
-355688
144355
-220823
-389037
-265913
-587729
853738
362851
358339
310418
-203291
856306
-571891
-467105
531238
626266
-938259
777939
-971066
903822
-749510
-3716
170276
-850722
-469768
-479683
407964
-959382
218078
-848871
-233718
862390
295485
545459
-526648
-970429
957731
-672911
392422
316069
637508
-810869
172375
-934383
-277973
-296388
691883
-216232
-518449
720818
-312410
-267959
-282899
857866
-118680
247334
-621817
-710716
287953
596261
-559587
-945766
458650
735898
599694
932003
765470
557424
-740908
157892
-126507
896600
347023
-954132
962217
-930951
-250519
654100
-147182
231032
374918
540408
963074
-907981
398273
-155607
339353
776456
133678
-372694
372717
574091
-318459
-168634
309989
-718766
-236631
75458
838659
22461
-766651
-287848
-80939
580373
-241980
-118723
649423
507501
-464623
-497760
-261468
910295
-957353
-298395
-997687
440921
545999
341667
217377
-320324
968973
-409907
-746233
-349486
421460
563757
-68251
-815171
-360785
-229593
207290
-127435
482560
-873650
-547063
-759421
7628
-897641
748081
543006
-395400
-513387
453300
-352753
188219
455614
-911832
-265783
-202719
305546
413894
-233746
895640
667662
416768
317099
231418
-651484
501928
870633
118924
-290782
-256803
-398517
-164431
196135
-157938
843198
298494
-409857
386203
903095
76756
-160497
-449659
-735026
-704883
-361490
-808
92398
944056
-586914
858652
839696
-919253
275420
156795
312166
623936
-341277
182799
-257141
367941
925996
344342
-796490
122131
-813596
-953293
-579375
-223453
432910
-676281
853303
-727587
-125939
-881723
-432470
512571
117470
659929
456627
530556
518580
296323
611304
-206001
-546883
-76530
-582065
111840
-893732
160794
-520220
-967736
-494864
-316709
154395
-308460
-270002
575020
468087
-837092
898739
321390
-564679
-227200
439668
2851
-714630
-442863
-337220
741998
-912307
-818641
38320
698997
-24641
491437
-377534
393294
-396723
-271265
-445912
83058
-239001
59224
766349
915394
750764
-503654
490414
218851
-340746
389153
-459760
94576
-838048
979908
-902573
-552677
-462955
-239793
-810680
-375262
-58433
227641
-676265
916926
-280922
-53798
310220
322355
674937
864308
-594588
-564064
-76469
-828239
-648670
-325705
-331893
841744
893146
327362
230896
-566614
-578062
392849
-586706
-480635
840172
-49661
279573
-970508
575078
-778861
257134
898813
-861935
976212
-154985
448285
298567
-480048
312593
703980
-44112
-763876
875741
307218
-89581
-456152
148962
-196435
871211
-620142
236951
-706852
772707
650245
-187486
612879
-399416
-907914
642371
-824338
-686775
-100496
-925525
-548709
-124284
-80510
899576
-825717
439442
212168
878264
-604670
448293
754005
702548
-641289
-702147
-148491
162276
-830937
231367
-600773
-537788
4074
-950528
274727
-383048
-349944
366813
-740678
-174281
680039
158827
-99806
-868671
-965457
819685
-969095
-791173
259126
243074
-912909
654456
-308634
841096
357004
50077
-861051
-791487
-787647
-691987
439880
-388420
-229775
-556047
-338948
-955048
60906
311109
411765
320229
-863172
91804
-520945
37022
223134
-486401
-143294
254039
-277573
-884168
-502887
-190482
770289
188479
-349386
127292
-761444
-210437
335805
-549090
97576
-224315
62491
867802
219639
723544
912754
-719456
34652
324519
600773
171480
-583677
-920172
-791498
639457
-406572
65208
-106504
315855
181041
390609
-874627
-48671
-420912
-224012
-921379
-182355
565551
414427
268555
-336873
-809889
-668954
-469071
409750
-945411
-556317
690295
89242
768202
291067
-739279
-815476
370896
-530776
823982
964324
534433
-282522
280179
-284527
-891913
405553
666803
-312825
-818460
745424
504821
747092
159850
-226624
-589781
349962
104422
-58852
-240288
159011
384832
-549994
-751748
153033
741074
-491026
337558
111970
-21801
161540
76293
-487369
879018
-643528
228105
987105
762026
-105093
-325720
943566
-359669
-820899
690658
800182
-47522
-899124
150143
-943101
42025
909855
215911
-573144
-640139
464164
579890
-899066
973138
-82552
212904
-48664
-921012
-710803
463968
958007
-354330
-307928
945112
-592305
586979
-380608
-648739
-772690
-201507
-958082
-972509
750971
-857205
177634
807871
184821
87489
23781
611678
447350
-512056
191567
548285
-538918
-890985
-238812
412419
-811997
50386
-123614
-853990
696056
568458
-908879
-896249
155437
-289487
-544988
382748
509006
-503069
410239
259977
-360274
-412127
67847
824548
675362
-908372
436225
122712
-420428
-372208
-329004
40655
-263193
432185
-546927
-75189
-517429
329460
70821
-821373
-102083
161943
-717622
-946646
872456
-262609
436102
381462
234322
-153659
-358562
874049
434214
709286
698596
109576
800914
134820
-767713
-619514
762613
-96716
421141
-500581
-664532
874215
424231
-181961
203674
-504948
-3333
-898409
656995
279045
-845055
529451
-983565
591048
-89088
250757
-562612
552350
124806
871603
261635
-176599
-18822
62548
958222
213465
443035
720834
-883251
-135825
-779747
-547783
-261611
644485
270257
942063
-860464
-733077
-956347
796532
545969
-801401
325983
562404
789648
-763106
-186839
-772964
789244
937967
-901362
50879
-238632
79816
-886573
-280410
-706719
556462
-559577
-589970
-579363
-339323
-137752
159026
-694839
-867495
101089
-555302
-600572
144743
-758770
945398
343343
567213
507801
132990
804107
-679038
360027
593351
-741071
458665
-355770
20297
-461519
-242343
739887
-168238
-685881
-819690
241793
-265244
-159013
-895960
893783
146148
-763455
-5128
590846
-364026
-860385
832077
-418629
482958
399289
-910828
-384052
203395
-589865
975975
-203254
-330936
434640
440976
689362
973121
-801368
429248
-195117
-487248
609559
-953325
247508
-549455
-849284
141291
596694
-612738
-863837
187540
23236
-724222
19616
604608
758737
-581096
693781
-625316
622300
-896085
-649341
-580955
-227020
785300
860022
-537659
758420
-941347
891590
-436697
-428594
501148
-390022
818914
951694
-239306
-39795
548387
147956
96368
-264073
-828808
372146
755543
775801
130882
-825553
469582
505567
796748
573498
856227
-784207
-653523
641526
-924186
-191181
399946
-865532
-299592
963249
-294126
-798444
-426773
-475212
-846751
333922
484993
701637
-518122
-418639
-562437
-346929
953508
-806894
-571129
84389
-632447
898454
-410044
-835699
471951
-553817
-619906
818429
-912291
-544092
-372753
487655
-409624
327655
450904
296250
529212
-975870
821038
682461
358053
306031
384098
839931
887392
821661
-506999
840899
-985233
-78127
-74712
-617679
-179674
515245
-453378
-707724
961428
-73284
-889296
-950864
382624
-262049
536792
973000
-934394
-12305
269249
594818
11826
90287
277279
-630122
-603683
-338624
-790191
-716292
-516963
-297190
-875393
-502196
624683
49895
-119874
-554991
-434861
426748
-262715
-473434
-646537
-152010
-424297
736087
585942
-887506
709087
651548
100190
-21664
246366
-887984
-931378
-476355
-518105
-535061
185022
-308296
-251352
668059
394515
-126745
-834137
19198
923151
45990
464207
-511711
-527263
-798508
14856
-173800
49482
590560
-437713
-364577
703054
-728627
-713029
-196756
249709
533338
-84739
318331
-943018
397156
783271
242005
-911140
-468081
-89936
483376
405175
75927
-497427
328325
-878083
966781
816615
-405346
-831728
-168530
420854
217755
-577971
983142
853178
-874917
-745486
-859851
-71672
504224
673488
843589
-177445
730470
240745
-394175
-27526
329605
137745
882539
-187019
-457081
-41535
315554
871244
80383
282335
687858
675037
450607
-480672
95891
-331639
-58642
79032
-478461
66441
333546
-338311
994770
-162230
-664824
838359
660325
-934354
79103
-733850
38121
-591292
403895
-79341
221689
946814
879125
-462757
818057
-40493
819578
505914
-365457
270185
-974758
730434
938547
-33400
-190535
-539914
-966959
-856989
121775
-972190
-19218
456951
866169
-358894
522597
-54729
-92744
-439282
353980
-688850
481377
-424331
-742037
360501
112912
-923980
-679992
-67510
581935
-45449
-797326
607177
-315015
-858779
-426224
494451
-398693
-393183
637462
723082
-365373
-381756
180033
-499204
259350
-297370
446068
-833394
263348
-199953
-522244
-255275
375716
-264280
-894775
-511372
-188259
-574767
421118
-606325
379785
623793
-999149
-935231
765015
-425373
559220
-633679
181445
196682
-910597
816073
814926
269436
-683132
74276
972066
762936
240882
235414
-437017
718639
980139
938699
-545641
-914636
-572674
266100
-489402
848445
659775
890383
472238
660626
955153
237252
-764747
514372
603573
416699
-288946
692976
232771
-474020
-37588
549639
600257
-65523
312575
-158862
-830109
875558
-440223
-849971
814256
14136
-764607
-758418
-719765
-254009
-909973
940010
-363626
562265
600636
-408474
-200484
835890
-894102
-596911
252588
-183047
-903935
-514642
342933
58477
-965003
-56811
992955
347572
784328
-837155
223129
-655896
-687125
37385
358240
-451732
278968
638476
294260
368995
578485
930635
-68740
179121
-477840
730777
15011
-371941
-866134
-732402
445012
-770069
-247043
-212055
288408
-212045
731134
281363
-864474
515462
444208
358656
859566
757083
-603959
217806
-694649
675009
-143719
599612
44004
-565234
530246
975264
613887
-947595
706041
-371103
-319535
839907
-103504
-874524
-930163
649454
-86579
358246
-562592
-355445
-360392
-427065
-839984
-916184
931592
-980418
840900
-672368
237388
-853749
-997359
-906331
745863
46645
-471565
276109
21909
-857678
328515
-272051
-228780
-991021
-432145
667716
-865545
-362307
317170
47876
995939
754578
692431
-364453
-672488
852448
-280636
-740897
872030
-439737
-413264
109418
-293485
-410623
203088
-547623
636022
731524
728486
-342069
873846
57000
385880
-354935
65979
953736
-687219
200435
-408571
629951
-751690
-412632
384529
940742
222915
712042
793190
942280
971145
665219
-497457
-442119
-225363
209058
147258
977726
661436
-216720
709249
389921
441211
583094
-553079
-172909
-771841
512901
-219173
-459059
-286665
372256
-829108
-38354
959624
555421
-97612
182539
267462
-304423
124818
238607
-639204
627361
796488
135434
-163582
-56254
113159
-502147
727026
-177593
887775
168237
-594499
-665304
995328
-366340
847598
-223845
174602
-439068
-851590
345494
522579
-891967
-99085
-575034
290572
-831623
120544
-584611
406985
481340
-957250
203473
-383227
-120832
-852782
729932
377022
874245
-447661
264797
42481
-42160
599493
37809
591501
447090
813964
-233898
-991978
962374
-888404
530601
-929593
12512
955568
360980
180889
76112
776370
-412126
-442549
819120
791347
174225
-301712
938565
-95843
-924690
812810
456496
340107
-144710
-585665
-60401
893100
-994164
-613311
707064
-228062
-605289
669438
-116465
925313
739845
896047
880881
100824
76936
-43008
-122806
664810
514444
-303687
456156
-311331
394602
394721
592826
469912
207530
49322
-189982
-937180
463658
749618
955921
469494
-863693
662984
-758568
-468982
332421
124967
-543669
72265
21014
-662788
-826911
-902051
294204
50283
762759
-191352
746597
218915
497317
141198
-386365
90143
-388890
821166
-860536
421129
883986
603123
170747
839906
72616
307054
502890
314049
838073
-164690
-560985
-705597
907576
460029
-368385
-919335
557979
925820
130949
320737
-265532
-122455
-460348
-768215
-981257
153287
321928
-370146
-25547
461393
-949018
-141562
64516
221729
-301656
-862869
-471218
-798766
451180
-633145
36544
890196
-338742
-55881
350225
292874
24784
-91797
218694
-844267
-771060
953163
33278
-231408
-815053
52022
921880
506876
681876
-103668
-31731
732859
754771
-967216
-45413
-546885
-830085
483370
-345651
621096
850225
690893
511292
-488517
-364988
-138484
804358
659797
769719
23052
815530
998659
-23786
-151192
-232749
161162
900830
-310870
-331963
582706
585462
636306
315564
340232
669090
-729849
793347
839006
753522
-552305
460102
603747
-861412
-28607
-884770
-226400
832910
919588
-566604
602628
-57360
-751074
601287
918854
97734
-631463
80016
-1436
57668
748053
-418731
-356871
384359
896834
983361
53449
-833016
776708
-107546
920506
-775598
-647444
524252
-637009
323949
639482
136591
156859
559070
569988
-240514
-498291
818914
-639227
-579437
-83353
-270689
500579
915211
786979
248632
-503520
-569892
-367010
-606687
-586531
686439
-439703
-809824
-421107
-519197
-585421
-68551
-994945
-222430
-744602
644537
914161
412257
203607
484149
-828257
705317
303062
-467483
-874120
-780291
261828
626459
-865081
48807
-124909
-368601
478915
508082
24713
892384
194520
585010
-917440
773414
-934187
-502861
-295137
-929132
274710
-39739
715405
188871
-627482
-80988
-326981
-455738
-375672
976081
76779
-249792
-804211
-661393
-623333
-669291
387415
251758
-37891
-133670
-240161
986822
-241287
954360
571832
-158726
727773
637645
338413
-567364
708513
-386877
392898
423918
801994
765416
-657071
-524988
-690322
-32742
-548907
386457
717466
-353118
725065
-905867
-22408
112480
345892
939701
978810
-894270
926523
-262477
-939910
498354
578797
787864
135999
-82790
-779501
-155489
530333
613397
-731571
332326
378813
-388641
807339
688491
578617
-741569
74948
296083
-94686
-199987
390216
882906
912493
-263893
822607
891302
-158162
749129
-371175
-98072
247483
-792379
-310208
-616519
124831
-89708
227993
-344836
-476312
496423
987491
902502
-892219
794829
590993
686398
-946741
-334059
-17520
-41427
465954
-627304
-158522
378447
108804
-335915
269749
950642
-586787
898574
-147430
660697
-893805
542363
-955822
231027
-547346
272172
886191
-23658
-231406
873681
-121156
-123625
668510
-530164
-437227
721769
135778
545254
-319658
-398268
917950
521820
980179
26753
-814095
249928
-22605
-400882
148502
829966
-740185
254697
372328
-696007
-514277
824982
576165
-628086
-198676
-655242
-754405
680168
221134
914105
-849996
783907
635873
285782
329160
-683786
887515
247110
838035
867693
-726137
-976061
117621
251258
-376942
-733878
81223
-117127
520819
-546449
186867
-993458
-721468
-236969
-621544
79857
107790
-375949
-239976
-671076
-461845
-89971
-887170
-825972
-804189
441991
-509757
-916675
-310899
-671722
951019
-37036
-647782
68639
-785778
-24724
334761
295445
858150
-144420
748997
45016
-137878
-972472
808048
240579
107385
-84163
864630
867410
244761
-597215
-222561
357592
-423186
-26750
-200417
67058
56575
488684
395336
7594
-548352
747554
-923768
-334130
-277170
410994
961316
-419020
-733427
710312
625996
128695
737840
434044
-630727
-154775
-650120
-766097
-287365
594642
-363311
490074
-47766
213503
-536677
751817
-719440
519899
240501
675897
-472507
692149
423451
-396275
-641982
-853720
-985282
-680667
-272740
-718708
-970356
-646744
409987
767485
787300
779261
-387290
-862820
-986836
325345
731822
-350147
-184582
-315944
863357
278742
-564128
-856083
-201359
676374
819814
326134
368522
243264
929860
726541
389545
944578
-954126
-883195
-774131
-924481
-529939
635857
843005
-742639
415118
-544286
-605459
428282
781060
-873637
-921865
-403523
-189581
941492
875220
246292
-914592
-326139
-77335
905223
999995
-708813
148487
929854
-982272
-461969
874432
-936397
-345164
-899699
-860878
124898
736159
982127
382259
151276
-562159
776801
-420442
-781100
903165
-342307
-184622
-286416
-400815
-309403
959876
-315407
364458
-117459
-410184
364453
173729
738303
294307
191457
-723667
168738
255060
-68830
269039
394183
-943933
5197
376310
438327
-843527
814151
215127
-263969
-966949
118291
393725
-151571
831875
992910
539027
791751
-322497
-96515
-325708
267319
-732063
848021
5622
562244
39478
281956
-269018
-705462
-786875
-999979
688721
-730808
5219
65030
707519
161692
-120819
-77354
897724
-87768
-959063
291448
760661
872813
284358
299688
664563
961861
-796828
-661145
229180
-528890
-813125
-765199
-966646
226354
516757
-235664
520892
729883
-235642
209612
999075
769577
-725358
706594
-68732
153823
-370761
-171008
-933946
-329824
-879560
826716
-457012
404798
126403
-792449
366658
329576
-453594
-404162
800686
-266718
-169360
834041
959636
-652604
-401623
480527
-922722
362735
-309861
-923647
132311
-35219
782947
-936421
-881396
-587814
-107429
-815342
82363
13011
-988626
625352
-582192
137777
832903
784467
-532647
-620691
-619695
-731962
112592
210945
-897921
72228
558342
-299544
-447246
635621
-936810
242894
711974
195502
-792325
494921
259081
-673721
907108
-848349
-489062
-10530
164663
-477688
-385179
582472
660090
-552276
366939
-872558
-172966
747244
-604519
939627
-41812
-502440
11854
-483470
198017
564609
-847850
261208
-192498
864125
-543291
15177
359046
715790
341457
266153
867442
852395
-744377
32105
-625293
-129555
-385424
-965204
318170
981515
-837761
-854797
728759
-442279
-915171
-313054
55282
96684
203476
-746702
-338708
355627
514506
468794
219751
971216
-516029
-421204
687005
825429
844949
554447
677824
-899428
-413449
-947470
-28983
201128
-912673
-710814
182642
-750433
-565610
-88600
-192712
-480780
598347
862570
615904
-198177
-884132
-722805
-842551
630375
745990
377201
601590
-770039
955997
288595
-944611
800946
-156959
733214
901518
429593
785744
-127465
-369280
873072
161721
813363
-877361
596111
-275237
-70073
-884670
-676891
-207503
731234
124933
-91634
-991571
282382
-461260
754419
-340418
-859671
984380
-384421
428925
-960231
-583475
-728035
772983
-681957
701559
558727
190578
-667721
431799
-647702
-854359
554438
948410
-129596
-515635
-936261
193514
276862
794974
-681554
-814772
803403
600829
-276032
557822
-739589
-135702
542201
-124009
-706778
581971
292516
-434813
354953
610559
-733254
-86320
-198864
-400975
-654522
153435
-255333
899916
101844
615072
-615719
165583
-191414
661144
-39443
127032
846372
-236041
-272139
-429661
-678220
-11728
434637
863982
864264
727859
445953
156779
-706954
-199094
-232663
-440208
714586
568474
158818
-939936
-278092
903486
959981
823753
518557
-655739
-10665
-672858
-994596
949893
454175
851776
-286149
-817964
-577885
35632
170309
856752
-100386
34572
584611
-654433
-808650
877657
146473
-41312
-562551
-138942
-472838
596268
-78877
249070
499753
-118897
72822
18310
225364
-937843
345453
230768
-987950
-200373
82544
-274098
-18336
504659
761534
-848028
361411
-338852
186544
-53979
6715
377895
-176322
-846813
-663418
261128
14246
-136256
-142605
935369
-887186
-642852
-183529
185637
375458
-958165
247795
-279090
272604
259845
520538
-644853
985747
-497799
859807
747281
-345827
221217
-591571
840718
-832762
415144
218612
-9084
568332
555195
-747956
-417422
-581062
109439
-482053
-468247
466588
334419
717391
-157955
376254
-34814
562956
-351142
-774970
83494
4005
-789223
585695
-136188
958058
-760132
-914971
-633513
-919415
-747733
781631
299197
243184
349963
-145608
495228
932542
273331
-395333
-549512
805084
-928746
784908
522475
-86700
161161
-512340
-523744
810019
-287310
559750
-185976
-76532
145444
677836
-118475
385313
762866
248012
465898
-984867
29643
-234905
258317
-620394
619487
-246455
-687853
-107183
358213
-237364
-302099
429468
-452457
-779625
-657233
708705
-291964
-180977
518724
420727
-621227
-667252
-655806
524217
-989416
225720
-90470
773450
-526268
-624573
788583
503375
140523
46900
882982
-239990
800445
-804871
652828
158658
-42234
-649272
-411875
505309
-428896
-69107
214014
279141
749917
-267262
-300133
-871311
65486
44061
652907
76070
-730220
-437564
-150481
-256488
-62136
-361898
-753113
-921613
685002
-870131
-161603
485447
-675002
-508776
-355896
282764
-158047
232230
-211927
413058
-836877
-997913
-307802
913041
-265175
392066
-958271
800312
-563874
694637
-123619
-294093
-742928
725901
449420
194937
-635997
696307
273324
-950996
826177
-888279
534452
-848826
-397054
-821444
433939
444900
410786
-777988
-142043
573910
-775900
550156
486950
-41074
-57779
528680
-240763
378348
223316
635618
-915746
480389
361519
533674
-324675
725522
229981
948650
774527
56157
-939630
308978
207332
-336684
487534
-358729
-891785
-101680
-136716
-33827
-527771
87384
-483671
959180
-953691
458551
487859
-194454
-163102
-288825
-558836
-78847
-808437
802684
-545173
-133111
528206
684809
-184462
302732
-259034
-124091
-388291
948298
539225
-900757
-410431
647441
-2437
452854
-386387
469793
-459763
129942
428972
-413453
-411507
-83169
392094
425391
628006
833259
-653456
819569
635942
-198629
-313542
164148
-513820
501996
-533121
227146
-622096
78589
175444
917130
177832
765013
564570
-824605
217867
-821817
645189
758104
308125
74160
-655349
896618
990992
736745
322009
618997
570004
668554
438566
205946
-530075
-874977
-629907
-43895
627020
-163027
-816750
-995076
915562
358694
922054
93394
123707
486624
268789
-658427
664807
-86023
-900323
-27068
988138
-555671
-130450
979129
-818927
-808442
598126
751078
860112
36691
-42977
-669963
161715
327117
286142
-211265
-835911
469392
-206341
-920350
-171914
-284287
173044
951794
-797664
-558167
-706633
867143
355811
-606955
-159926
343948
-162626
709625
323077
18448
901183
-78798
-230475
761295
957894
726549
-908669
119609
53665
377474
908344
217755
-153135
-297998
297406
674952
417716
-529551
626746
620052
-87717
920114
487195
-731907
-686842
-672731
612042
150533
-963107
-64882
-831019
938076
856321
-61493
699371
814215
-334945
790703
-66177
718721
168176
-157834
-63524
-984959
544169
-766119
689994
-38116
-295669
316740
-418065
616614
236853
-930870
884708
550012
-603601
496749
-299456
-566708
-568133
-130474
-628632
-711812
808033
-929261
-897598
-526912
861442
36225
-808191
29618
878392
128285
44659
422560
362166
-265347
-615556
-933504
-948608
-33620
683110
288245
35510
567818
-161743
431909
64567
538801
865202
496434
-591673
-763431
784623
-783641
-692692
887025
-310553
-831251
-76750
-118744
198368
-198358
-990460
-756973
-775798
371706
-22320
-391354
438203
29072
575026
121313
-682683
-389464
-310870
155574
-957555
753697
-305625
907647
250131
102702
-855785
34753
319061
-548476
-78223
-991493
-379726
845028
-110236
818642
-353331
-100696
-938332
-129129
-728990
39348
479518
709213
-931581
54543
-169474
-614263
665080
519656
541311
707525
273352
-764315
615171
-476518
338387
759387
558236
-342553
-789090
-519987
-334045
-168816
-674960
555720
-350175
-28290
-544977
-288506
842581
-273966
750842
322098
-564753
819262
-623359
265773
-795002
-958279
-214571
746310
749246
-941220
981995
364417
-417737
320381
123804
-859501
977829
334715
-379488
-356216
-834102
-54447
-800497
-184276
917263
-345473
527219
759844
380561
278060
81942
815809
97322
458583
81582
302321
500305
867011
48630
249551
925792
30624
-386032
-491945
-648995
737772
-351446
-671167
72486
269066
-27382
238385
-785382
172121
-945891
-868119
826648
581328
891725
207209
-140612
-26334
23017
956711
-567751
-895401
259031
932554
971610
-692340
182104
897401
338285
796073
-594545
689291
533844
54009
-981876
-393670
-676925
-9258
844716
-462306
-837138
898825
-330425
989510
480153
-438701
196718
-660460
534966
-780265
-703750
967215
-675666
555282
899769
-704056
862943
81873
-806656
201227
-122055
-401200
-109483
-588211
652810
-91359
18119
975885
899384
-137165
-486422
-937755
-238340
183153
-948245
-758188
744453
248474
-418647
279419
468209
-122396
246633
792544
-567115
146402
-911513
-704173
-771725
-718168
497055
106220
-119368
-612428
518010
-466559
296214
-463871
-490674
195597
398964
22904
257843
-839377
-793943
309598
-597565
950511
-441929
-16211
229929
-973721
861393
-523438
818824
-705722
622965
907311
-409895
851240
-810858
-912840
-42540
69775
-525267
-524531
603216
770947
11598
-887458
-33456
-589438
135447
-775614
-428815
341504
533984
-26379
292015
-907946
957410
-478057
-881666
818803
-1494
937159
-886920
-378530
844469
-296814
-527291
-966389
-209654
430170
103386
265079
905639
-293398
36026
-82763
-180856
-997431
327799
954591
-773044
898984
296095
760940
-127395
-411891
852995
-169986
110053
971330
-351184
-891441
908488
-238103
-269970
752957
465083
202740
786568
-744571
-367091
-110046
520509
-461453
596556
-443465
455785
-584300
-440896
-216417
-629709
-213940
-317433
666387
-453000
555172
-745504
-600005
-614814
364550
-628676
34003
473109
-720189
795900
-796862
-967232
260982
405878
819336
516412
-961213
-290711
36920
-422666
-694155
593455
-966881
-278455
-847441
-183298
91837
-61380
499269
-241777
485621
54441
12719
885616
439627
-622732
-743060
-526371
850378
-463248
-730472
-946485
-430480
530511
459394
-611145
46923
498181
98145
-916158
-924485
403990
677298
-891366
-874465
829858
-74664
217372
-231522
-575395
975596
-745902
479047
-11686
-860287
-81327
365583
-603347
392302
215960
-66594
661831
269476
502926
192342
-271131
891781
-760736
-772950
-10075
-676893
-697435
-606085
-999595
-588800
-480550
830263
336537
736822
-401260
761142
712418
-147161
240188
-299269
-7448
-841139
-933686
389206
551164
282274
-677389
212995
-448251
825538
-594664
280619
717318
-355399
507669
-292757
-32292
810235
101158
-31887
-778566
620608
-201624
557971
357430
397116
319113
69847
-750045
-440699
770579
242507
-281838
836893
-368287
-730675
119166
-45675
482321
670916
-220138
887657
-48466
-502820
-467743
-540797
204423
499966
-730563
-694419
-531921
-509128
926189
266455
-951158
