818548
85915
162400
346776
504521
-470057
157902
-494982
173832
608715
-503021
108569
-32606
617333
-833773
638835
538896
-41387
772604
856207
246798
-237471
-645311
-954100
-409110
-740742
352839
159545
-58649
887960
-300209
-240102
-26126
862191
-893326
-521605
-607867
264576
-16587
565966
-126710
480393
-325466
840685
97725
-159239
479520
-363379
799375
252123
-507172
46173
-985348
-152483
92073
-394458
106776
-555089
765087
-951874
-667129
-535122
-191976
306745
-672932
-85302
785141
-280798
-820726
-231446
-714833
52565
-751054
-40298
-106750
346672
800464
-627231
983294
599838
624893
-523879
-353990
639545
323639
738083
-754913
-569586
-817006
-989826
-521460
-484135
-524948
286565
822611
-197879
-798737
607752
521324
-619462
-623695
806492
433103
-374748
-233807
-673648
971924
-433343
-300878
955218
-833506
-675986
-568661
-187495
963560
754979
-449412
-791354
-814608
-266418
-781179
-336067
249448
-306127
950499
72059
495995
-848238
-320190
17318
-467700
56115
-176191
965404
681367
590003
-708245
653291
-843341
-9123
608509
-676846
314892
-960153
135660
278451
794826
686248
487098
980219
-580170
705919
-355848
669278
-600208
-405350
-258663
895787
-253588
421147
-86895
278713
-522738
736915
244116
-841371
326917
535872
811921
483577
-473251
420429
806732
841641
460276
-57609
120092
255102
-371361
-392811
235321
48469
-686893
879473
-282253
-287101
-525878
459084
-391314
220535
-119769
521791
-500752
357494
258705
743364
516123
-414378
279235
328043
-930801
805985
-251529
875931
647625
-791253
-181678
-232284
463850
446961
374906
-300830
-504571
688014
-421358
213176
-599088
52765
-327740
9599
-726700
552492
-468611
-227452
-90015
790095
-484089
-573893
-624284
795147
754151
-555085
601131
-497379
-679154
248756
-288631
139168
-983528
-824781
-413872
391378
-125611
81558
79391
453032
-705266
480304
-494204
-33006
-510098
-220904
-480515
21292
551645
429471
-188614
-932445
855578
187102
862703
609728
632018
463834
-887651
952864
-287411
-176281
92032
-270938
-1062
678160
-879561
873328
-240282
199831
326359
54452
-319865
832156
-978554
170038
-388748
-459068
-808671
-837104
970403
2716
-769548
825981
-810182
-906846
435708
821836
556988
548058
774700
-730423
-628224
-133269
-1361
370715
-455109
119079
244042
304609
-681090
-429599
-640939
-954
-597444
-619493
-830917
13808
-78561
-639587
176705
-108159
363129
407157
-282179
552947
500312
-846471
374783
57300
701588
149482
326877
-926636
-983787
-674484
444079
-438896
444596
-311879
865714
763506
258522
-775226
-237449
661079
-394719
-68365
-325114
526721
292048
851591
-581438
-344823
258748
136384
-791877
-240941
289913
582906
816359
-8499
-267612
143236
64865
-251399
468752
-491056
309706
-86652
197066
175419
-323147
-544413
400194
439405
-883334
-994525
-628961
-208448
532196
663088
-356857
950758
-681736
901891
87142
-473612
-339050
-622946
-890707
-522692
368556
-158319
620545
-566580
590283
89297
-57635
-100012
-997356
-860570
-924594
-320502
-404982
475601
-881098
-288316
481076
-510058
503237
13272
-846970
-853620
-35970
-528706
-951729
-948829
-2317
-290779
-571774
106977
186530
796782
948658
-192926
-769798
538941
896372
172568
-561072
899016
311999
-485666
-421487
907017
989936
-302584
-381299
471011
187358
-878062
-515717
340388
-731681
448313
811683
-683410
499485
-190634
25812
927711
916343
-787658
724493
865001
19416
954695
403941
-84212
127262
842869
-185197
-560740
-642797
393316
-653723
-652862
-909269
-35021
818150
278090
86918
-697568
-381522
355237
750746
-569839
671828
250230
239527
-302361
177940
155869
-90019
-97568
20870
929398
-142873
-575190
-154815
984390
-732322
659989
-576351
-375119
53305
-230073
-27980
144037
734907
-209831
-577874
-178175
92602
40605
-822939
-156653
470766
848890
-906423
-289707
-453471
271517
866163
456511
-826051
-112968
385908
31076
311842
-768907
15465
579521
891083
439115
-795598
-55613
-790958
176422
-911577
943950
966592
-489450
-234226
59194
551155
-57164
902542
21921
-208275
996119
732215
338254
267635
598377
-205236
441585
-514592
-819328
-527339
797251
-588234
488127
376771
-697152
-72758
581173
247236
136285
-242405
335659
80234
-275813
846210
846008
783381
397364
-211157
685922
-580715
580569
682040
-848501
-81177
-50325
749876
713587
-608740
-764716
894260
-136079
-967466
-693974
-647953
409306
-391126
279289
-9521
856110
-584427
748074
191769
495808
-527739
37978
341815
-744359
-564658
-869342
941564
-145373
711228
623604
6127
-369950
-426722
-243997
-656364
-35462
-8713
-762104
828460
23822
-456078
-819494
-566873
152797
459796
423607
8907
875370
171680
-799324
371177
643942
238654
-287008
899583
673997
-156349
841147
-471376
-445122
464750
534751
184928
-961972
-709247
528565
2567
282041
766462
-168974
-694138
-689617
11533
-261010
463181
-528671
-837404
-527913
-653301
334277
-327237
717876
-21782
911418
-569132
-122199
585414
274519
-281053
-885963
829398
-816303
648789
14325
-778275
939542
-457110
224293
221583
-690649
-944681
527445
-380265
66852
-733565
-917085
538182
-570968
-444997
884881
763309
227767
602757
-258473
139184
-966376
619328
-275402
308144
-661725
-161364
137541
-478028
-512576
-848134
-256302
-573034
-305244
967992
648550
4107
-976690
175995
623842
90163
442430
706757
-371656
871462
-738240
-486776
634771
489527
-884019
-623703
-371289
-850395
995626
353310
457749
-666100
-808055
-404710
-144127
-320630
-252844
599572
106337
441913
567563
-245114
-553981
590874
930881
-930139
-318964
373311
776619
309381
244773
-961622
822605
-120457
527905
938586
255841
-843384
-911809
251466
509926
545941
585366
701872
-858769
-558761
-618758
-111613
-959190
487579
-669701
608374
-757535
-223681
199247
-826654
-153820
880284
546658
-377202
189664
-208570
-338824
12269
670974
-810919
-49145
-73186
-654303
39046
-821721
855624
-415013
763646
557495
-273782
-795116
938737
614606
-754305
426316
944905
854069
668782
-278776
53316
842129
567404
-66401
388786
-809798
-876738
-819784
-148622
135531
851190
40460
-913615
-221997
386158
125432
-43717
241781
710419
-280072
-200724
-563364
-75187
-261988
-948759
170508
-835672
996147
24577
833111
-282630
-922108
675240
-715226
11491
64026
-525024
134753
244242
326355
-729716
95432
-633186
-643330
873436
752972
482102
-170282
-5247
192520
549647
794029
629157
-525541
-467959
680399
644967
-303631
676546
-330457
-470520
-606084
-252564
-795281
-321310
758927
268746
153666
-106320
-487013
-519979
163965
608420
-153165
520635
481855
-400193
2736
-688427
594560
-804744
861220
388588
824414
-664322
920629
504812
980646
-383002
181357
-349811
146479
575273
397625
351198
-746037
156552
-380057
407630
-949769
132931
887651
214196
-258650
-265515
-265169
-776795
334292
737567
-465222
-71148
932824
-604002
-682561
757237
-268323
-761932
262049
-287678
-144934
-556594
362512
-998456
-981321
-239864
352743
-727358
916689
972687
680272
966921
105618
567923
181117
846969
-697593
915948
-929827
636700
653515
-395048
-434449
586338
950
-117009
343575
732628
121059
-394377
-555051
976126
49029
807462
977670
67708
-432402
330413
340351
-515714
303099
20623
-548794
-591283
-411455
632323
-744315
-109048
548270
-674142
-472348
201785
-69189
93204
-211878
931762
976196
-868304
664389
97255
-262680
-890662
73380
786349
916800
51050
-145943
-515602
-618538
-805593
-31316
684562
215030
419891
-906722
803575
52213
-651036
-305473
-399517
-325178
222180
802268
605634
-684616
-409610
537395
-708421
-277913
201784
388834
459407
311122
-537786
245755
227922
513264
-900188
712320
894727
-705781
-318997
579288
509250
-899107
672567
312825
153107
-978470
-992648
753591
-303647
229532
555859
-698014
544917
-853752
839382
836497
-131665
41165
225330
-672259
-647713
687545
573497
580209
200808
673309
292528
95534
967529
973532
-325178
476778
-925575
-652611
-210397
227532
-631081
-203045
-18877
65273
-973514
-463019
367260
571404
-316770
206641
407900
551565
-752194
-366770
879307
-399907
-679226
452804
-819698
521582
126113
472830
-382884
93641
446362
291938
-429581
520787
639327
360022
-251681
-991754
-843024
729442
73519
-816537
-733577
-559222
754867
-50347
647420
162766
-498782
895227
795996
-619475
-504680
-883230
833329
-324378
638352
-40559
-851549
-744533
-946919
594813
547406
-376499
115600
186732
983523
863919
194978
-859502
593361
-731503
-676038
859784
-290724
-921172
-190564
-643305
241595
310655
-748078
37591
691180
-252758
154361
524508
422864
-207287
-516051
571316
48180
-462969
166129
-404414
160532
-718272
782318
144054
-854354
-22704
284553
739008
245793
608516
598791
955069
687344
-591773
-688236
-71061
718882
-436313
966531
410061
310929
120891
-65431
-266207
913604
418519
-694892
-38216
955550
471237
557370
116082
752966
339688
-739865
898613
-683017
544689
637620
562777
153204
236410
517846
-159452
644637
829611
769488
363519
-606703
736018
-226420
704227
-143091
708149
-561981
-229488
126667
-256872
732297
82217
-785635
289667
-801702
967331
-370646
-541566
865943
-53662
-996878
503563
-490885
156327
-260028
-973040
996876
-615391
856571
766363
748128
-750132
502381
-478293
954096
-640711
-770144
-607885
129802
356524
135243
-137902
-561260
349608
-848235
-362961
316939
-218880
95473
182882
727458
98596
-313556
-763428
-745078
426417
-736467
-748202
811026
-879896
-981840
559154
-630028
520541
-919139
-675932
879831
-689283
-283817
9632
667242
851426
871731
-894019
201034
-976505
-256979
-482027
-195385
838494
700855
-467927
-62911
-612702
-231355
192012
813715
32178
443810
624741
152283
461971
183894
522255
-17488
264756
846324
-137658
575473
-437494
871975
242715
-586069
743705
348697
614966
767200
-908283
-867062
-428185
930211
833793
103888
-132700
-778909
872534
-940689
-965194
-95288
503122
659547
-943006
-34908
-156559
579249
947605
-891804
425572
-190054
683670
988079
-318080
-73616
-597990
-574375
-724920
-983025
-807176
-633202
-850086
-235360
-702992
983707
868528
164308
-795202
741061
223620
-760396
-354228
-273259
899151
-297234
691834
-257409
-717985
639438
-149212
707588
-550617
-465543
695666
131304
460841
-902324
556929
735922
-885349
749754
-897281
-735435
-485606
-600273
-751728
-617079
564036
-546930
-876018
-212345
-307325
-230245
514397
-408175
472522
206230
334417
754538
-154333
-814796
462126
295051
-280338
157792
-573645
-819498
255468
983285
916424
370120
733038
-980857
634685
-752568
-581130
882958
-369647
982907
-663973
-245664
-229438
28702
524092
-715042
620528
-3386
491189
-45055
-248849
-663145
140150
-786723
631906
859812
371069
-941739
-959686
-373463
-958455
956739
996657
774584
975882
631342
-977985
-605248
514299
-347631
-622342
850326
406705
148221
-120972
-69203
433179
-500444
927411
-75632
454502
-321438
261223
-405348
-108160
-106871
-545537
-737091
-48610
-505222
-110554
-7065
-548484
-113897
-232481
-572603
-482556
-210466
-177851
-968258
441903
199808
882069
-151392
-651972
-238904
779405
781208
260653
706816
-294425
-284846
-614622
966798
309807
277218
-140073
764270
540127
811318
-740953
-570427
-195748
-289436
315676
571772
137961
833120
-638695
960110
864862
803208
159918
746930
-348184
507946
-491974
-568780
289153
768680
-861964
994728
-516166
-476586
961526
793641
800633
-178547
557911
340759
-367230
816959
770332
437023
-472478
86008
8794
665483
-80873
370099
625593
-216011
173307
-214490
-469081
825123
-706544
38946
-743657
582609
-192375
-605621
577337
291459
-82206
538863
85099
-281574
-639685
-356991
-940815
-6915
-540033
829518
-569893
-12510
-84475
438901
-347028
834653
-191001
-721435
-381359
982307
64076
149561
807429
357532
-811494
-936229
-59860
-3869
-541849
-482523
-712411
375945
-943661
372689
-905629
-583346
-984302
-846444
409740
-524334
983074
839847
463156
-101401
278747
-883873
-266749
-912254
-605307
351893
-929947
458769
-498547
877482
-183700
-310041
941254
756440
686090
-600596
-726083
973680
775350
-669744
346369
869721
-253089
362067
-976723
-843350
837733
-993649
996498
300888
-95050
275245
417016
638201
362991
811709
-9907
433044
270477
491547
310526
-913224
-818495
251779
843217
867596
651184
-882867
841276
426534
-552610
187644
296255
194302
-450290
319532
350952
-612558
325884
347450
688331
-769167
-377306
105346
869035
985686
-82946
-140873
418729
-812470
-649326
-270745
-725694
-467821
981035
-882477
-600226
632219
-765344
-758951
58752
-317953
428694
-644993
876349
978404
674540
227301
-634154
423
-425250
-945824
231256
197444
159522
100290
183129
-923424
959418
-398142
-735894
-689909
331113
-461587
-157729
312148
-344063
242046
-55634
-109407
483096
-996882
572641
-88211
-641875
448989
-109808
-967336
-323711
256039
33087
251039
310215
-735657
-551517
-530263
364634
631612
-453687
324051
-766530
-189580
634143
564584
348834
-523587
-123269
-995230
718459
821098
-104636
201554
824216
-531996
-886658
-817659
916994
3535
-784994
-406718
-740427
248093
844322
569789
512437
-707195
-960474
-122930
924417
-414160
-798879
-842114
396261
835264
722470
-254905
-688323
-400799
-250135
-969865
-579702
645230
231690
-755486
-886766
345033
-573145
-969772
-651432
-358139
-376489
-391858
889955
-532168
-822070
402392
-239362
-782543
-720539
-314946
-196703
-519417
-157059
-800443
-684154
-434589
-55348
-372477
164613
694518
-342341
584911
339748
889350
829426
452983
234382
-743720
483211
582950
-101858
-893279
-808909
-211903
-425446
-630978
-809512
335192
-413521
-530050
-979754
389776
-49467
-136813
589334
266379
428599
-466015
893903
-406789
-771497
-448438
-821878
568251
-559089
-992453
21233
675294
-736172
-495557
258243
161970
-388836
449335
950068
185719
818358
-859445
-479090
-595164
-389495
-458844
794613
561039
404344
383947
-172583
-167057
917932
-278680
426155
-853565
272883
604277
714686
713794
611825
-264081
389087
875653
240362
-352670
37623
851527
-903335
-12310
37246
915023
128246
558156
-680141
738751
-900688
-885528
299789
503657
498419
-872794
-663401
416351
-151473
762754
562786
-878591
367031
277472
835204
-21145
-986610
224291
-145492
253753
871621
892131
105280
968287
-120179
-857475
883310
-991934
700682
-796832
746818
799994
-682359
46606
303650
816060
173813
640250
232411
-977660
403004
-204804
-856250
-229966
-927332
978954
748890
-913942
203244
-396603
339812
74865
-504473
-554909
43151
375348
-412383
-73540
383415
-711702
129629
130232
-911708
447270
-823162
391943
263330
350651
32193
-504260
372992
-564804
290937
516742
205230
363605
495696
-45880
449664
-301060
557517
-210525
773805
-946956
234567
-183044
428393
822184
743417
-188193
-889518
-126955
942039
-801225
-679685
-881124
590718
583646
469528
-377089
-920615
-157481
58107
370323
-640739
-736663
-266072
854957
217457
-816409
-446103
-225026
-26933
-672299
-171982
-792367
144658
-743590
-970183
-111926
68217
-859701
761120
10256
-660926
-918566
129132
929793
665081
-401341
-447296
744467
441179
610811
114789
800440
874149
848717
655397
91605
-967692
-790707
866580
5375
-463005
-305403
213009
681653
-48992
242826
-430274
-980775
383126
-669154
29481
722201
-587720
-841388
651994
-922639
-242728
-795303
821828
-801550
815508
-63384
998891
689656
-214667
654287
-218739
-182358
863580
-352160
823017
-599426
342438
36026
-917773
-706555
-721149
-348047
-687329
661977
-17200
342152
384177
395081
500765
36170
472442
-741964
240868
294269
-543513
56375
-769116
-544623
-253969
16218
-890337
527293
833860
973244
-824867
656877
-626182
517572
-307098
-543955
811017
-28246
107999
-876312
-366270
-909202
465840
-982093
485879
-33395
54078
-41680
224641
-705055
-747412
681129
351321
-516527
-863495
-902648
499692
-753832
624646
333551
-780588
799779
-9572
-406770
317350
683331
49275
128367
-344916
-842726
252055
288815
-751928
-282105
306723
733952
684500
-639199
-307729
-90859
-344253
-55140
-409731
-992933
428333
-273226
-895580
-71975
-27057
729066
-738424
192355
528844
252004
785586
-153806
-64666
-165139
974561
590419
-7865
226616
-120767
240208
944512
-814045
-25841
629011
-453244
666430
-461848
202503
-388710
128421
209571
-960377
855196
313991
-32352
-171862
43057
229224
-979507
-428100
-518773
806079
418095
416562
-359061
392656
6980
633075
-380729
886213
-126718
-436218
-927832
847441
-807207
-381075
513871
-269055
821429
-874840
859367
31000
-835217
714562
-655009
132432
-457301
388048
-638345
-436807
959949
-157118
-630729
378043
-740556
10211
-229302
266424
-356714
389969
152637
516568
953752
224806
364009
-853455
843731
-122120
-122510
665160
3041
-263144
-303841
167825
-548583
41150
-699744
-5883
-570803
-338089
557311
-610855
504794
926582
767188
764238
-63207
-462114
30662
580080
927856
-816702
96647
881607
408105
-539344
-971849
251835
338536
-94358
-83006
-658423
642499
613154
509402
-906084
-345697
809658
88034
83501
-528432
-354656
472647
976363
-428074
239835
740601
508719
777721
-228738
88798
705576
-45439
-814555
587183
-637335
-353898
615335
614501
984639
-479024
-468505
-673785
-836526
-855352
835617
-742609
-201048
645274
345425
882454
-883158
990769
355100
-906796
-437306
-405065
833806
-928587
-627344
-394933
160211
-921769
559628
345657
665415
922294
991759
280749
536794
976397
801725
-931712
-697388
965200
-787064
-861772
-777410
11889
783503
568016
-105658
900346
558784
-750558
993551
-878523
-155622
827356
-807110
217034
-567578
353102
295265
992051
-301241
-39320
914344
-309482
-758572
451138
-333085
-956847
519426
-30473
-991648
732363
107756
-769057
-255749
-108742
798960
638594
-208397
357743
888037
-214846
479221
-267586
-387491
672112
949448
44931
25213
244713
36982
723973
-794608
-48674
-585510
-553180
-597537
81405
-510026
921889
-949069
-501673
654252
158687
-270730
-601497
-950055
-471771
-962904
-158451
885973
925134
626703
365193
-342452
-760789
37304
-393005
284143
-937483
851709
-678876
786490
-942899
272451
-799021
-496078
674914
282385
-6104
596802
333316
492223
251054
-507997
-778507
649557
-458052
-250277
686654
383497
-364305
611787
10199
-999112
-730666
249411
38193
-123670
-466447
100711
-271961
-145322
-112800
-214860
-872872
88180
289063
802042
-629435
-717042
398844
703882
775182
-350103
-804116
996675
-700546
-262167
-253602
986108
-878670
382093
597894
131530
382982
867229
-619060
-578825
-256441
-85506
521886
471598
769172
-590914
-743262
896301
497267
545801
698343
867832
828760
97186
571713
603941
747084
767598
600616
-953463
-494570
-652987
-967356
-373239
729107
630539
758291
112088
497768
-860769
533263
-758674
53726
55149
712924
-177103
464235
969662
-280802
-38499
515463
-582460
-170668
344222
514727
-598956
-51838
261810
-831358
-451223
308348
-325928
-104209
340993
300834
-375103
-28469
59124
736985
-530702
198356
270248
-289376
-747919
-674604
-576452
74979
789631
-606790
794177
-248868
908673
-788283
580464
252895
726444
981509
-798943
-11746
-849850
-250165
-703399
-175777
645626
637594
-874943
-729478
-390875
184182
-992493
78424
-617463
277755
789049
-365381
603152
-787404
709598
392783
-394193
503775
-856086
-485520
715492
724379
767375
441935
705888
968433
-569811
856039
-281733
-273210
-319739
-636108
-635616
-194682
-365585
-26491
989500
-358078
-948068
-627963
919678
840981
6656
522830
-946423
-283746
-84388
-340616
-779971
59527
173865
935521
-216095
-58761
377456
-510207
-90329
807645
-654169
627939
-465565
26092
991831
-101181
831411
-373754
872328
820911
268168
924261
-807052
187846
765242
199605
-289325
818819
915859
626288
-521797
-864113
-314186
652068
-928592
469720
-406693
448865
959513
502979
256509
-694657
130917
790944
331436
122748
-310237
162847
748994
-437910
-16242
17162
-513649
176706
-794993
-748408
-623690
-84318
-929589
-707831
-458030
-451385
-571943
227784
-799318
-500535
-302497
-206010
948330
-342984
-703032
204839
-37641
427886
-4217
-706206
-449367
685546
456642
-700373
-752364
-559601
316789
-266013
617105
521796
-14420
993416
-562522
55992
-714415
-20552
604607
-286358
-792768
805290
213107
-95264
-400721
161437
561752
-103752
-633724
-475890
-675867
362059
-182095
-125234
47605
-725453
174394
295241
-285054
-508818
-970772
-667949
-987022
14809
-674533
-549543
-929200
-388948
429906
675407
324694
637138
480697
-462199
-458127
-920025
699239
-896375
-23777
-934486
-372264
300357
427573
445642
-824877
-524823
720189
349517
770419
-564866
840699
799648
-232814
853678
-185544
92653
-695866
-114744
703705
734041
-439337
28398
371178
-958641
566200
913052
-878665
265438
-983323
97559
330952
-355587
-602085
-241475
-909946
-426961
233703
810243
922556
4121
-754623
763255
-196232
12563
616932
618225
-894785
921067
-496520
808920
655108
64144
-162682
26286
105504
-596483
-60662
226839
668955
-43985
-675602
-93
600428
-277686
758432
690483
295353
-7865
500726
217908
996257
746103
-18837
-199976
-241334
-401905
-581751
-136119
-480838
-78270
-327199
-825731
985874
510119
200555
91378
913637
-860108
-681783
582592
95907
-357385
-417502
-303665
364929
-659070
-613183
-339718
333065
887544
878191
329321
633646
-140647
-870655
-607689
457448
-452406
256193
976610
469325
928994
-849122
455198
439113
351433
-453425
352749
491326
-135207
-64659
-412768
507408
517839
283567
-127663
858770
670385
532619
191834
557928
410809
-478845
191574
-729838
-349499
583886
727610
198096
-159922
704220
-332580
-230928
855099
-877383
-791816
206532
-330807
560934
-302143
533986
-503726
285090
41394
-985887
-431344
913731
872883
-760959
446350
64717
796970
-142841
585873
-11457
127321
-763627
-427572
-145069
434470
412507
-440849
-898111
-818422
-585751
-775493
-610237
620782
-106299
950698
-681362
-572313
-553028
603728
469081
-538914
-827616
382812
-666032
-588575
-170838
398686
-791605
686321
-15441
196938
-186358
220933
769367
668573
-344598
181873
-772277
-242709
363452
-358027
-18202
753216
-737246
875499
703913
-418607
-696815
-849115
-814880
772267
-388029
-642495
155078
-54060
-231069
984240
-655374
-22674
670561
329185
-825737
-515798
-449883
943631
-847225
205519
125503
-619502
962810
-511045
22472
-55392
-757830
285226
-179893
946084
866619
123292
-903032
-948261
-104441
-291061
-590756
-949364
654880
178175
-965124
999506
-844499
705438
328690
-670236
-810361
878808
-726606
-657586
84326
398898
-277087
47136
887853
745385
991745
-869977
30611
-188149
-923894
-102770
935144
-826926
-51030
-169298
-117986
358214
-118661
-463107
-463611
-83784
-463601
-308109
-378347
865090
21655
-188708
743897
295050
153707
-171777
-306052
876620
875360
-418199
622005
867104
-288176
-347384
-321046
-212070
549846
-385902
-38996
-501185
444800
843019
857030
-673862
-620088
-606581
242355
-83689
85310
864008
-218600
-893035
-324700
-474703
402016
829007
353520
-904037
705627
228880
-322236
327632
95983
389589
980248
774938
-822482
530094
-610965
138523
-971091
833836
-18459
