-231015
-618013
-944777
-446488
-815364
-647828
-600428
437592
304927
-89131
957282
-277804
409055
736787
-582650
-553094
857931
135227
967246
465108
853267
194081
-26647
-415972
-986374
768007
133234
711213
96591
776247
545410
865577
-841767
600633
-580912
-657130
952806
-181339
780462
257733
729530
737744
979930
138585
474531
-602720
585491
332461
532507
552736
-202431
385774
-253183
770923
969803
-239556
538929
103036
-528344
-364480
-120717
-982935
-498904
37516
617699
-79815
380387
570505
738846
160848
-171763
468375
-101408
-191833
-393040
-626877
205447
-807549
705585
-262047
745188
-496847
-876273
-507995
-725924
-906471
252449
813006
196566
724105
-551475
-924152
741171
-50379
113365
358869
869806
-506249
-70627
608651
654600
757611
77026
-446808
-434223
683986
-73685
771224
876438
-368101
-490823
621625
135053
-367095
-886371
409129
-273566
366078
222134
923001
90183
670659
998849
-168647
-379720
112214
-809778
-509914
605965
119596
-901264
260565
-122794
175763
813757
442984
-140251
-259928
214208
-263814
371971
723385
-642190
-492977
-643710
-528560
916153
82725
837519
138287
5725
-72299
-191054
4574
759055
429226
-883212
949277
919312
722753
68873
-981952
-16682
946080
193811
-202925
389063
-946440
537147
-396730
-210254
-90883
-673345
147557
416141
-317054
618998
332293
765671
456516
-529421
-228604
-615784
279525
775970
-856730
-291249
892758
-907453
-371938
615511
161421
-353889
-401171
107500
839922
395904
-503437
893483
-66950
99834
-316771
842167
426490
830786
258308
-890565
449783
-409400
875106
-93701
61180
-353498
290515
-659295
-577529
433786
49456
-684771
526334
677519
930741
-312246
-676371
-470431
795255
-836449
925473
-708183
-942967
-141477
391651
-259738
-299310
-181859
-428952
958998
-72424
-979169
-450402
-197318
-72870
610778
449184
-782355
951484
871656
651432
939
-813115
177765
-321542
-882375
865520
2088
-352805
660774
165639
-427332
952591
222673
431191
344242
962936
-868120
-837618
-466016
-909122
89959
-445184
-359524
892641
481947
-748746
341825
699592
-797263
213480
351023
203677
400366
-471212
882135
517991
-605693
-115778
-834814
-944920
-950139
-262146
-992329
272535
-830956
351914
235470
-699075
514297
769455
-608197
-395745
-675730
32279
-503104
806217
283533
838721
505808
486271
52201
-143169
-310053
-547433
385619
-427918
970558
779927
456305
-864257
835008
506166
-126402
842679
-221299
42643
194593
-985830
343568
-291111
783625
735372
313145
-892105
-232350
810042
914112
-948817
648763
419920
537454
-299036
-723250
-772599
153531
662370
-200517
124088
442296
-744213
259832
277303
761953
-866570
119982
-459346
176073
-685425
-445176
-480360
23465
-661551
-744989
-663390
-553656
22662
-853349
-639544
73846
795414
780376
-388700
-503622
-942874
-161299
649909
719496
638184
-226003
161792
893971
-966171
-560905
655924
-832741
559078
-803423
343332
873654
-248598
862972
-102882
89851
-882017
233728
536196
140646
380380
896652
-785509
175793
677027
-174209
672171
734153
664493
322080
453649
302676
-903924
-384559
196646
-870095
54537
-147430
-702836
-386386
49147
640496
-512733
800549
503468
384385
-109600
621452
-381887
-573404
-237903
998493
-676753
-23411
174286
-999726
802381
-153543
734428
466873
-831464
188077
-230451
-735387
803518
966195
-605482
-141946
-181236
-308318
471669
867912
-667822
958936
668461
835647
343321
-441139
457098
961435
-14543
-780805
959928
308705
195785
134213
308979
-1835
980671
43407
-534962
-850793
-768517
234587
-586180
-964999
200782
-191662
-106944
-980454
500021
-635276
887459
832199
-676340
555919
667846
666982
-885221
124943
628417
100236
344138
588344
-591060
-460077
-277443
717920
538088
-296773
-238673
-996874
-147565
-7189
237714
266255
27813
-561505
-925407
920869
-541958
574614
-714407
-654500
406813
-390746
901419
74658
-723764
-983802
-800400
904653
116434
543739
492997
525375
-916339
-784447
243295
621750
-81219
-995379
624877
771216
-2567
-137410
37470
-974755
301086
112063
946114
759128
-313323
-768293
-895373
-906511
-159039
-993954
168148
117198
-977756
367749
21850
138679
-88513
-485154
-335946
-4851
-269600
907349
-383101
649181
911971
-758225
420397
-90597
104366
-542134
-65352
-594549
569930
-119238
-835421
-743393
112469
-730793
-649904
953431
-724747
518244
70628
-702502
-114007
-907522
436177
797481
-392676
-899770
-207370
337725
-992421
409529
-13095
919550
651305
-592699
-171047
-244329
-134832
763601
161122
-564902
-355638
325702
-308295
756832
594909
41802
710262
870162
-439954
-219110
-832341
446039
-126632
603837
243519
480693
704068
-963852
-181583
711647
445678
805323
631197
96982
-787377
-539851
852653
77792
-776250
13775
512890
-131887
-660524
-795405
-375056
934385
246397
-664794
804547
806443
116096
972207
252482
989465
576043
-504000
470157
280110
-467851
-711426
-8244
977827
-906104
-377047
74809
-693480
83102
-72538
384312
306852
941237
-102798
-825035
-719287
101798
-200091
-784902
-651806
135116
-980356
-845363
-748788
991851
407119
-759324
567894
903120
710834
-151997
-564732
999408
839760
-586906
-906696
-537288
487903
-600176
545815
-584635
784137
-147333
-643399
-318661
27632
-362685
783137
827542
-147587
-868670
-37343
-127942
-714032
213869
-136091
693087
454546
-568198
596206
165379
279806
-968526
164787
119565
-555431
258091
582278
932473
657915
128093
-652163
442051
980760
-295562
-876611
8392
341754
906527
-164067
-805834
-962144
798591
66225
-676176
12459
930134
-983089
-532996
-638064
613118
632384
641742
644592
-202830
-238693
-910840
-944740
-656416
-978368
713176
471678
-630531
155227
452437
73908
278617
-539172
-584339
185143
296762
-390172
223000
95352
676054
546824
-892189
606187
563736
-425184
968124
176853
-792801
609865
-178556
4370
-628828
-89396
59631
-285243
-67763
-227193
-813566
301707
928034
638871
-624386
206651
-900301
-208724
-608207
396462
401104
614794
-508187
77158
161618
-400375
-316656
-274647
174441
-348533
902206
381641
-738668
-276351
-613990
-367496
634254
445642
347261
-433509
-781552
533695
868198
-853518
172566
-756188
353133
272266
35088
744927
-331273
-563808
359720
160540
513350
-478663
760166
-803306
246690
-65394
-151838
148896
-683754
109494
872546
-297743
741999
506800
-852101
89260
-926710
-633653
-377045
941488
-487171
795521
-814700
865963
67787
220388
610889
736514
656580
-29391
-102946
169930
491946
-342781
366624
-261364
591825
-785215
887533
908072
324280
760078
-389671
66279
266877
-241772
-844462
340167
124576
-221506
281655
637405
-425985
466955
503368
641802
-312657
114256
378315
-656078
-915135
-724631
513852
576812
-67412
-119524
-684553
-475587
95262
-797021
-567515
-580459
963058
42814
485820
229934
801043
641359
-429900
-74382
-580148
851756
-436977
-6133
318711
-933610
-364331
-993947
180646
-986017
-650024
265512
-710647
863828
-157677
221941
-255696
157770
746355
839566
360750
-821161
-740894
323807
221654
744927
-446259
22696
386286
123842
948314
806139
-24403
-488663
-199994
-705693
-422273
435675
-699639
758374
449659
-349663
23885
739012
-485835
866208
-39047
258469
23978
-292693
98034
-615272
-113853
357141
708536
-892200
102068
-737724
130497
-511646
386118
78811
-705508
-638285
590148
94498
-343977
-832126
-469828
-43616
926248
979832
606721
-49868
718843
-879114
-183661
-320205
379355
840318
387102
-522611
-774955
-726751
834531
933581
-618951
-63401
-804144
511547
424953
581975
-409643
719445
943690
-819496
-186057
-400287
-651621
344116
556097
-725374
323947
162818
224759
42789
283704
-958902
722585
-336941
881416
109687
140448
-893540
382936
-25021
-959960
763986
911578
-764103
275532
336531
817873
865889
55975
761562
-953608
869919
-638725
-605229
214034
917372
-330602
-462019
80190
894157
580771
-636106
935256
303355
26953
816671
-586959
-832599
923132
795977
142380
963172
559962
53958
-800931
-164507
-609512
-983059
-298618
446464
778504
-252225
316382
-860222
142547
-469584
-942850
811945
68398
137341
706102
-350832
501235
641357
952523
-471812
458028
-634436
-304410
381159
-838460
837971
344331
721503
-108072
543401
-443004
282417
560342
258378
-271120
338846
-993847
-954738
478624
148700
-424321
535775
-39355
644077
-326885
-333254
-706755
-825650
-691897
-754233
-297462
766132
-388669
398128
147290
-227128
236099
-508380
-505625
-871974
-964980
51371
410444
595363
-690251
-860677
-65792
-684098
-815414
-587168
464603
-239734
948607
-574753
-595657
-378278
91994
-302412
-203928
400098
-56645
498611
166229
554687
-103261
-686482
-672441
-867163
-194861
-178066
-739136
-159840
873305
671308
-564477
-816946
810632
369732
-501043
995218
782564
963560
-244516
731171
-611194
159827
-647107
480800
857415
148966
-119103
-199231
-352424
-952874
-644544
544316
-639356
-316985
677154
165784
504949
938018
-994056
378254
609326
-558532
561309
419957
811200
-939735
415175
593764
-976176
-829342
324934
-587370
330485
677828
893431
187899
-173207
-225672
988669
474369
-178546
-655875
18685
182099
27140
-304162
-652117
-467911
-366144
-646173
910344
-756819
-204704
471652
663139
-393505
531917
78313
-799742
555742
248972
525193
968372
-420543
203020
861803
767357
-970188
-363870
756026
504182
457585
-899850
-477133
-360317
127291
218705
-12434
659381
852562
341394
569724
-904257
-863311
41375
758882
-256815
-426708
-162805
-56557
-870967
-913833
-531364
-902595
-334376
671656
959208
-567020
701469
-404662
-810994
205651
-947078
-710844
728518
-307395
416448
-52777
680172
75828
-200216
21566
-354449
-104473
158256
686927
-345591
901441
-739781
491605
-155116
-610748
577773
313520
-513343
-756604
-14824
-554135
-323623
-313356
41203
-134617
892296
94126
154540
620813
786732
-429013
-431965
466903
646816
367819
-511531
-707633
-736654
646725
979294
-82244
548165
-760488
-590639
-606952
-371235
987134
706569
115423
-769470
-308256
561288
-93093
378389
-397509
772291
270684
696618
-73169
-108504
483349
497819
459532
-49748
144634
-172649
438721
437001
90697
85445
416295
-991547
-366390
655808
-582185
26659
-715428
-595052
-266773
399995
-364522
424971
-38717
542386
-196640
563774
314677
-925957
260391
-758492
-34460
-256260
739327
-574929
693992
-116039
252422
132713
-679038
-656881
-781843
737258
-648427
-148232
393065
-230612
878427
677637
174336
-388347
77632
809815
-963376
-961086
352201
-160016
602689
-333123
-85972
-136920
-91615
879568
606820
-352288
-695362
300812
531673
557061
-566476
852636
900180
-348318
589893
-748248
503450
-17043
21140
381876
-339406
-804524
993530
738227
-994709
-969847
777141
357492
-129862
379830
-975631
784166
-757091
-67245
663733
849730
580467
968372
150541
112140
525432
584066
-35224
425612
-764253
-445332
677365
739198
537626
-301495
121074
-801780
-106019
114603
936447
-100727
144757
713588
-743236
-985106
93417
-718866
799061
336327
213889
462793
186057
-205644
431165
-663402
906497
-43403
920664
-128728
-617792
-843590
425941
-940428
895608
-36434
-241923
16682
161786
652059
-868716
98232
-448668
276042
-188181
-191904
290937
905237
89231
89997
241563
-696881
-447210
-572380
97476
983955
-235782
3972
-59448
-315119
875245
322760
-158708
301185
382333
-263101
-735250
-859590
753582
426537
792470
884866
-475232
-656199
160908
336588
151898
-548156
241824
-758872
541841
-516613
-455752
-905370
-88993
641724
-921415
675225
-354304
19137
-639894
-479060
-658103
201398
822125
724231
938298
-913126
864642
691879
513411
657112
576745
-961821
-999088
-262348
374768
152811
189496
-383408
393940
-268663
99980
938188
-174033
-989014
579912
-95447
686212
-774393
923691
-953682
-253453
-734412
247716
-431329
989819
186013
-344454
854461
-122108
-831043
511572
-545364
-792863
512485
192288
581905
-334704
-618216
-801504
-940765
113121
298476
997424
939089
309463
577335
-156359
-4325
802943
-232668
41993
-450510
32920
-710291
118162
22739
475723
773709
-122801
-646386
942666
-611229
-191750
-850197
901257
-999462
731708
-433448
-617678
930205
-374212
495443
228681
-376789
434531
-461857
-799454
-721828
533819
-996511
45504
-424188
-447021
-921577
-134479
671141
101163
-658756
444849
978362
-305142
387515
-632867
503109
537318
-731611
503647
269026
-165058
885969
199230
460730
381412
-572090
-916060
-184057
-33946
-715513
94115
-500127
-712024
-860382
75685
-159045
-781958
941207
-487904
319205
-717550
956946
297567
-22691
344460
664700
-519583
-118223
933090
984064
-849198
-231969
870033
350033
-771240
251445
777943
-687299
-932613
-256003
-402812
161502
243870
-114836
301121
-680445
726120
519163
-739238
-761785
-161632
-456788
-804840
-864066
520522
539621
800635
-999062
-578602
733724
985003
-427799
-498245
855036
922234
-269485
106480
700177
43216
173868
-555827
640405
-664631
688044
-474432
636491
-992401
-748312
155654
-731639
-510097
994022
-188427
-314936
-870044
-667905
-775316
930592
-666967
-353918
664315
-681964
218283
-833930
-826929
140517
-103415
279552
-159307
939802
-546581
284867
580206
-211211
-27089
-894226
-574721
-19490
-642538
580934
248871
-152634
574956
-939556
532431
704912
-607461
757116
635503
-274427
-596802
299818
43609
621482
465888
216680
-238002
-637527
-503769
602692
-697726
-50349
-112441
882481
738440
860470
988256
-836282
-159021
-654282
744652
-910151
193085
319608
-849707
-274485
24519
-457167
-517369
-339978
268406
-114171
959840
-687986
-492689
425728
528695
269310
788201
-975075
-127999
-909525
-25423
759561
972957
-286984
620030
961212
-123266
-538992
-693071
-378614
-449142
500014
940994
-298848
-774471
-34487
243985
-291840
625535
-487610
593990
585375
-175595
-898699
11103
-646901
370611
-200697
-621975
-757388
-110221
352602
-997828
-137265
-934383
622203
-176054
-57648
-916789
130876
563739
-365931
-369111
504733
335222
-143581
-529754
-420794
564580
-904219
91597
158569
681156
916003
259871
-307741
-730899
-369518
491562
-352873
-126906
-618659
999729
-124733
244076
-934654
-502531
-931978
7699
-419319
198898
-428563
214750
829788
-923830
-450029
-313794
-453584
129178
-749215
-357803
-779225
409355
-676647
-863223
-330775
15612
-594121
299707
-492826
53006
-827199
-111485
52734
48069
-867409
118081
545539
-799387
-874221
-873781
399512
-302784
340970
229299
-226613
890942
915506
319803
20119
-833710
962001
240895
575646
-714647
377672
-755129
300965
783551
544579
808140
-163444
717380
-303345
889291
-234551
-170754
7371
-689013
29860
133150
-562794
-570628
830367
778176
658671
-396247
669118
574177
923557
-310764
740467
885557
930132
316113
-829091
307803
560984
471875
91354
105562
280015
927911
-177058
976670
817201
588391
-194085
-175428
899379
835776
957723
-663415
-734853
788090
-885239
923819
-608158
783879
497995
-684601
-526886
238462
-799045
-596755
-445426
-628135
711049
-884442
843741
-197598
221121
123755
-269688
-955938
100424
-452487
632454
906340
372085
531832
742116
329808
868417
-992738
117897
983178
931082
509740
767056
429076
825139
-759830
-332462
-973906
-356584
222112
-602041
-645535
337670
-758301
156868
-441209
365455
887181
-397147
-534122
-565306
-764693
-627782
806779
767139
-885667
136587
635556
-878404
-745517
618734
-947323
764223
385790
481754
589361
625961
-850709
615455
-730623
371404
-986586
-376158
-290926
-744886
780711
267865
620569
667891
870718
-913553
-897416
-893976
-541334
909364
873164
-427001
45950
508720
-305404
300434
127454
-252727
64656
-486757
-770973
-345983
-860797
-621682
-730528
-591419
749722
-717113
32423
-541205
-461999
-186866
726660
-841430
-518976
597378
-754983
-416391
703403
-296317
-507027
576566
276683
538924
85286
971279
-160643
-787261
-281448
904014
-274018
-52421
-441970
-134814
325898
-172497
273767
75620
110390
-693810
534415
648391
119325
261075
806961
600349
-141548
-948022
-816042
-438146
-244338
-323069
-861580
-967655
-784145
223707
-996377
55212
436446
-277824
-40775
-837572
669756
517256
27615
-4346
-655242
-698618
-928727
455148
-392427
605688
103539
726898
-133237
-89501
327247
725215
-37522
511205
-712931
718140
-811864
-574510
750485
-596009
649197
754109
459204
85642
-523715
-581571
248071
-853959
935685
-724315
141695
-719558
-422933
212968
735591
184641
-181344
-160871
-88462
685419
749629
-761216
410634
-287894
749990
697704
-569754
938127
-876807
-819269
-657883
772390
934841
801322
-141969
-588874
-780250
-893898
-442833
-844566
-618213
698863
-564123
-41145
-88170
-828533
-856505
730487
10597
55034
415906
-239775
293818
-173460
472332
43808
-475757
902579
-18066
-352564
-916691
324052
-580175
-981850
125373
277857
-570724
345123
383959
-13556
500558
765747
-314694
936435
-275398
597137
-892098
-131902
327623
118499
923132
-256471
878724
216950
570069
351056
-739243
-905689
253634
242691
-258252
336944
-433258
161573
355094
692116
-560570
784371
37239
823390
-229186
-462204
589136
456120
-525769
-686263
53256
-417867
181835
-619121
700633
104967
124408
579356
-678084
-305523
-69588
-417327
-211211
-815955
825365
530537
520989
-607893
-307890
-123917
-915778
131540
-339547
121461
-45071
431267
659258
-455936
-112614
-866512
-142198
940643
-284378
-960363
-678479
-583746
144604
445930
995611
466520
-859594
-73978
-950807
-70804
110068
874558
-540268
-368944
-733336
151842
507139
-649113
-716619
-832408
472349
238311
598859
131606
782376
-513756
265095
-359823
-573113
980717
-320185
-251592
-603029
824419
-805662
-607419
290939
-665255
318603
340132
263941
-571330
214690
723673
59727
481355
-124485
-433134
832242
158897
-265542
304591
-602793
-666684
-563803
-820418
-180439
701292
-180241
246449
682009
499575
994857
-921021
323993
-810805
-528440
-385068
-476060
790164
955065
787881
-781166
169754
511554
278562
-348891
-612932
845428
-516649
545965
-420114
787942
943172
-86797
-775862
-877247
732764
925431
-57487
-20787
607439
-557913
-25931
686418
766081
163265
-842022
-618987
687205
948143
-663923
475085
-833024
505832
-13361
445538
-843060
373707
290966
-359708
-80328
870852
-571766
-137157
-215946
-347627
-14403
-483182
-422197
928111
496031
-814758
-629802
-529900
871661
-863721
633365
-970362
-482708
320569
977781
-146630
-204346
-855243
-640799
782293
590295
-483858
156000
-118740
156435
-924329
-247889
584669
-61485
536166
-762959
924113
-947017
-185156
852224
549014
87
-777578
-980887
-128253
-641299
652479
-98615
-124006
-26952
-120834
729364
768702
23923
-911435
550995
-385782
-395293
-293005
495479
761142
-217334
-752411
345811
721182
783756
582852
645295
836739
-602304
497518
385753
397783
719940
404866
-730471
-921359
57345
170915
-45365
-969608
-949919
-316002
799095
74004
-227437
350089
688223
377271
-942917
183701
138413
-160250
431291
-515777
-439068
215046
-932925
-793774
51784
-535229
703745
-562464
862554
423685
842403
-867917
502326
-100253
302998
-543040
-69860
353079
140959
-270766
-572917
913522
-920678
-884695
290793
-863594
299007
-570795
-23843
-269703
-86572
537090
945343
-19496
743317
-2874
445275
447061
434663
307829
-129255
277066
439912
-626929
-823187
-257090
-169969
106953
-904011
970990
836187
-476927
884512
915509
-361621
175304
-948085
937386
604509
28073
-332318
-482063
-434838
-386976
498441
-691522
610151
-56284
755540
44814
-748456
-373715
-678121
691457
-644
-501308
-565633
829387
605645
-469644
800377
441831
53429
684889
357340
691808
-139808
409255
629193
-535299
-562673
-703125
-17361
2490
-90101
-518920
310968
-479950
424796
66508
564864
676341
692793
886743
367797
-307852
-614566
802165
-478465
991080
-667480
-678088
432910
385950
-993200
-209750
77758
-133007
-800496
-293049
331694
-363168
3826
-685667
639323
913726
-204587
-49709
-566225
-779791
-983202
998639
896550
709591
885382
264347
-598261
-729185
66511
-76725
-738105
399032
245187
694805
-215018
251988
-514946
862740
-881020
-315441
-430309
450675
321392
573518
765008
-39285
487244
-439580
911006
921019
-219371
927804
919658
-322821
637395
805039
941526
-960866
-924146
8037
-37591
-662251
-592932
-792405
-967446
192050
459583
-482391
54790
578564
202169
624482
29238
-476439
198000
-205755
484276
-314757
354666
395281
-393739
-864705
323085
-474081
-187526
-39521
-669043
-246000
-387
-593188
762037
962022
-255438
-830895
-830383
-222884
361156
629201
294726
-584054
207764
-503106
-959573
-762999
20455
238427
31246
-495269
923671
-614088
900012
-470069
-478793
223096
55851
333682
-816425
386809
-912319
183189
793621
849719
145210
-461818
-981176
314828
315299
379980
-55972
-389976
795927
-848208
106918
836354
-611207
-872627
74781
420040
-367896
-1549
805953
-467884
528383
-672841
755213
-415767
660841
938788
971043
748523
121976
764663
598241
-732814
-697156
617066
582015
618144
-2955
-473958
-771833
-207029
-322165
335086
-370675
66629
462460
704107
-513331
-905436
-297442
-707379
-373320
-769060
-380220
-618108
-184826
-719379
-679320
-213784
-970857
442657
-449121
627385
709843
-146276
244450
291857
-528133
-758505
817900
-299966
34467
-504266
-964880
663793
562364
497580
367899
-950968
592144
-929544
-658347
-781176
-698603
-38567
-399283
116572
242055
-78603
902789
271198
-635947
-546333
-101418
-926104
307391
-856968
365754
779259
-615473
183653
-520708
418994
679388
-485588
82786
241751
-988008
-549315
290783
604136
-478859
632437
822960
-177461
-406130
-576324
939111
835925
345074
841899
107122
709128
-704434
-994296
783024
602958
-851264
148777
382216
-466737
-667570
861509
952258
-988182
-624079
35044
253569
-612087
485729
-455648
992049
-993130
-823211
815009
-170590
-229341
-761315
-231480
-393417
583759
-389581
713706
292886
-94014
719410
75910
-491057
868147
-775313
891159
-598590
-442883
752667
-646332
-431064
-871413
388712
822506
-483499
-125559
-633142
-491450
-118688
-456353
-676442
710722
314306
-437757
-520758
920890
-853998
89662
634596
438889
995648
354006
-485201
-495410
222152
-260514
-604251
623563
296604
-851584
