839201
-525787
-955187
951978
962825
-547240
-755215
986851
677454
191338
833255
370243
884512
-820711
743802
-343951
568569
-799287
-10887
45042
968021
167880
256238
264881
388369
123248
802461
813812
851512
847672
747412
690713
-678116
792226
642691
-715291
-755014
887477
-728440
922440
78814
-895186
292683
-36674
-715896
36484
619375
852673
237197
-391512
-102285
205218
776368
-846048
-529901
164737
277201
-727441
-21451
128712
-879770
-274039
-180575
-557885
-481814
-537885
-273175
-236828
-650408
-1615
-314388
428406
103200
978295
-608269
387304
14779
-988894
239977
-748024
-380406
-862309
457194
-604038
-708357
927294
560700
568845
-800148
-460752
-302443
-679917
265209
516982
-237801
783396
979098
489024
-453433
-671311
-512592
232180
757096
590608
210474
-851173
-22089
-774747
-840067
-782113
-522771
-220472
-644421
934424
175491
-352777
861717
-263810
-783933
-938432
275439
-86376
-618349
-459352
-569395
143850
-675957
-590297
-367127
-129389
-261608
120282
-897210
-504512
-289111
313265
-355685
688801
538518
-195751
906689
-984254
583778
-737733
950171
-240732
-90510
811887
495459
125557
873456
-229102
-960820
-744894
311546
-530214
398957
635590
-120511
-968170
-493800
617882
152112
-391009
-886631
863002
922256
-242315
551802
460774
561935
458490
476521
145712
720758
426691
904981
-369753
238577
400439
755804
112032
-828663
794985
367139
482883
-735230
-233904
118472
144260
-202074
624673
-237859
950039
-766337
-124489
813041
-844081
633197
364843
616693
195131
-176668
93214
-659158
-455910
-480096
-754178
174337
758481
646262
-69859
-129487
817599
-274875
-762349
300482
-10104
3748
-581046
-865845
801675
-956374
-103703
751714
-722710
771808
564754
-566790
405004
-70404
-950097
-399866
752929
143117
-59023
-702982
663021
186799
471355
421502
-166940
-598504
-707986
-349341
126621
-470334
951141
-883484
533414
-629906
-749328
335089
-586280
146969
86802
-308989
-81223
-348445
124221
-676220
581152
174124
-76085
334080
-682760
864892
631099
980262
51690
102454
401763
884751
503950
693778
-464591
-369430
-776557
-513451
-252913
756858
-143356
-2240
91946
270364
-855272
-821253
961376
63505
-169697
85596
387286
-588546
-740280
-688800
745535
-423039
-823908
376633
-442778
227783
-520914
958986
112533
983037
652763
647943
-386394
876207
-865508
360694
633064
-8864
-641547
-274990
-738500
-496818
-96242
-777125
566687
734062
308471
-46027
-854485
568192
265173
891051
-854848
441265
267684
-297625
-330953
746770
-338640
781581
729807
-685877
429523
-656588
-809671
564016
704107
823394
-444849
-937440
-451596
-183349
-434258
452162
39527
-867571
186224
-652002
86402
331739
916190
-648425
222790
-938658
792840
-509527
-236283
-538113
-762757
425078
-756533
967050
739201
672991
-689538
929531
237006
-985431
752925
792158
-922871
-698672
-391191
-357128
753491
648336
-224698
-60286
996335
861704
-728547
912524
-786721
494243
973866
-993882
984717
-262417
-531994
-778041
-837339
-288526
-810991
901862
-615535
-500529
831393
621472
-485960
584317
413629
-408830
885645
-977562
234043
639135
670774
-990656
-421151
667108
871049
-149698
579632
-915673
-655455
553498
-909554
-670739
-708920
-441548
-448779
-546259
269927
-259770
-644397
654392
239701
-813005
275863
753742
771313
-310509
-655088
656958
-288070
578955
296093
-617297
588299
874942
-950189
459347
-274757
629444
543675
69789
182941
634121
399050
474022
-807427
950271
927764
462500
-309500
-716633
116891
930202
-529637
-607246
683943
-758325
82246
-971145
898633
794176
607810
194725
-823121
196109
69667
-773309
-344545
794910
856135
-800870
-135302
39076
833251
-736252
-486903
-974176
-785982
-559139
488325
-95481
-275772
-394784
-165280
194592
-2030
-481337
436267
-919785
-452482
334900
874391
-844672
-470375
-948731
351437
599292
-722039
-993108
394202
-865905
-793978
-741100
173171
-960727
-477352
686269
-934902
-263333
-872870
553423
641186
-148641
-841362
-524094
-954050
156608
-5431
482218
236824
542088
-182883
111214
697416
346743
162484
48853
-53966
440445
55745
-659765
574541
261768
-400865
-252289
301042
121784
-566020
366140
858451
-438890
-80438
499636
412469
78200
975542
458420
-765193
-29889
-59363
471632
-487801
757755
-417155
-790385
104497
745330
258468
-949469
185775
-685787
-609233
-239685
575981
-10098
508027
-122978
-888314
942008
-756838
970137
-496882
162724
469773
915587
-759077
445314
374007
-524269
-584575
-685357
947363
-72376
-927602
-469792
137239
176895
-724462
-604293
227427
461313
-290080
618194
-778372
-714099
-391904
729655
162924
-280218
671662
406086
-310082
-825221
-431191
-840310
-909634
-190267
605005
464374
285465
-979571
779018
232827
-51946
851416
763036
-914707
28311
-961427
-519000
-744263
499887
190921
873931
721515
476823
-517974
451170
-360253
201809
122831
-954168
891727
297611
-385358
-948583
387978
424376
656422
-147649
-290160
676852
-368632
942668
-375094
-517216
705703
-289801
511095
744277
191200
766833
244163
-617879
640763
-34323
858945
-877211
-583154
-501309
324598
539678
-455476
216325
-162711
159166
267742
-774733
-416458
-75836
77619
293382
-398984
708988
236050
225922
-808229
-58248
936122
702867
-313971
127322
469699
930193
509444
110462
-104130
368388
233251
312716
867079
-442151
-147606
-588398
774174
689684
570769
41916
914952
-845689
966080
-7430
447693
-432904
-298443
-316258
793019
-106671
625495
729140
-403804
-688476
-143538
-934106
-758284
-634095
176356
137586
734294
-590393
-549698
601373
-32543
302697
-987025
-258369
-7620
583745
783547
-92669
738056
749627
899902
185748
-683278
-398541
869491
-890260
494789
494986
838881
-909016
806510
-304658
-843121
-951774
61248
333235
185812
-204458
742843
636114
-603086
-289700
-61190
-590111
451931
931191
993634
235477
-161478
731690
-14896
-261577
-82563
301826
339883
-213072
411567
-165329
-718086
250447
-74344
-911576
945790
82535
-863350
7038
-584230
322462
802580
-841388
-41424
-800507
-131087
897386
-390617
-679157
828577
-396983
556321
-332902
-665294
-458576
405522
252144
843251
-254595
-960929
254817
580076
-679014
-494737
-494268
-590590
-548948
588267
-453940
458090
-995964
868523
260670
-837351
-172902
460163
31562
-275516
-930454
352405
-446940
-327437
-91274
220159
7269
450150
-374319
-740588
293400
371086
-701516
-451784
-48838
-380530
53480
456894
28881
504533
45160
574942
-37377
49196
443464
-776708
211845
-729438
683456
-756593
-4954
753002
595813
548107
-574435
-495462
-231735
432834
954688
393946
692247
248088
-234968
990731
796305
716194
-389799
-150216
173087
639082
-645683
-781753
214024
316940
267443
-342512
540233
-520712
-71950
223689
-277304
923097
-23310
-681492
471203
402256
-176954
-760532
-164911
-222266
633415
-472665
-974179
-601554
-481934
822127
-885360
128268
-328089
287727
-232650
26228
505974
981374
-656832
-226583
-361139
883402
252706
566911
107090
975402
490007
-916220
-706090
-38790
486036
116956
200678
-678875
894691
-165907
-151540
920513
232539
366527
742639
347179
-505206
-585451
-365094
262144
440778
-859120
243517
783947
-85702
882378
667348
-832997
449289
-225562
-857595
-60704
-141782
-563685
900507
-655746
553272
101184
-334621
447962
935278
513840
368474
167817
-119634
111113
-485004
375160
525663
149902
-362697
-33560
290783
880821
-249613
-794920
763199
-582265
-627916
212488
192173
-485511
-848217
-949609
-49195
-947711
-605355
-495923
153474
60024
952039
88751
-426137
320513
-743432
454230
-568375
-228436
-170611
957288
921466
466693
-76272
212248
347513
674115
417329
110712
-908151
789413
-676801
284023
-696098
-525017
334414
254707
-472728
729059
758785
680747
-210917
710823
-230502
362947
31336
26066
-182824
462962
797630
646566
420250
719096
113258
-656023
-68656
-539229
-981908
-651328
571484
-890059
-861916
894683
393965
-558014
-630335
-271622
696694
-103062
-542563
455478
-422316
246520
166301
347183
-390534
-802364
-626752
426643
660599
-829122
73208
80848
889974
-813534
424825
-178683
-352762
442917
169990
-781279
552859
308074
-886596
-53177
750060
-516931
675202
446754
380008
-867362
-97769
957693
379158
-931469
304875
988625
-733832
678123
415268
926767
849002
-511525
7614
738976
-325058
-567561
-439707
322180
875357
730283
540902
428216
38356
654306
-624961
-211584
-862625
-949760
-764831
517384
-817122
137400
475076
562037
205932
-220050
550662
472101
-541927
-34071
398868
-692926
454405
-593519
-953951
-870654
-161079
-393658
451527
-285722
-663375
-7571
-857507
374981
-353266
-482468
-836604
-215890
-432227
-601434
-698507
-249348
535967
776569
-687312
-258101
-443481
863350
-786001
14592
-170721
612867
321666
-716317
-980652
367716
-586971
-141730
974059
864557
572548
-689317
-143015
715041
685665
503720
-767427
849062
-712171
-199653
-752373
-410677
550999
783594
-634108
863688
-474508
-77589
727038
-260508
937003
-443684
-647642
258669
-160001
-628293
-373615
253029
229977
-399557
117585
-197476
-88873
974570
-482435
-403209
478289
-249862
-554148
766119
550486
-306520
-644559
101484
-522927
-278666
-34829
2566
643745
-307792
742059
580748
248525
-905583
-160584
-911477
-533876
465801
341553
696101
-933756
-540863
-501376
-22629
-566293
16190
574163
911996
766328
-979986
678115
316813
-286505
-966444
-581703
190568
-245110
383469
-806866
-601366
-924323
935194
979382
324202
-970390
-181202
412726
-504266
-715401
-245722
-808165
-649156
213416
-309540
328216
647123
706650
-97622
559118
472977
-77607
237233
-210210
635888
270789
208088
-173544
-974322
-408444
19591
-575687
-332767
-45216
-596305
991435
-15605
222493
404160
480129
507093
-841562
671964
857937
371854
-637577
186152
18976
-930928
-911470
-421906
542050
10924
815327
-668160
-353189
86115
539928
473268
111794
-868517
-507142
536107
-201283
447643
939803
-209849
-567963
162295
-805689
912167
-330612
-647250
584131
-472675
724604
946555
713478
-256420
-984373
802008
321674
557678
-187068
137001
889518
459743
-776884
429446
-66989
334910
560930
425870
-128983
-640354
-126487
-189181
149798
305550
973115
344110
217717
-357498
696860
-198153
169827
421464
-251598
-116695
-834957
-235971
-314688
486717
-678294
498244
-376282
-788776
-42013
-153166
640670
890999
-818257
201600
316868
52760
561246
-809620
863580
-288956
495931
836694
-944846
-286353
-520805
752014
515495
649023
173477
-736104
-467673
338521
27926
217640
-174762
349632
-284116
448956
560856
673872
-704211
201526
564870
-522468
-596875
-118262
530293
964372
72118
393872
-324585
-431951
230565
-269431
281696
709761
-517417
-202809
358784
656061
61088
891112
-5419
-910987
108752
819819
438645
824637
268774
-499
498508
564563
-798973
63378
-957905
-395848
945116
572389
-431477
17234
-33739
243939
585283
-803175
974509
-133021
906587
-542908
664170
265371
-886848
-274743
156483
107734
-185730
-734766
-72448
-747085
-910129
-803674
252417
588379
760890
453444
-348243
802986
-942404
-403128
375374
-373880
614106
-658366
870060
199389
-461540
844568
-933633
-554953
-698341
730537
710419
-585188
-544206
-133099
522546
270065
132136
-549902
522980
222007
-353575
-224603
-189614
-592685
-771159
462143
-789700
-713563
-940985
585675
-87442
673122
927310
-217383
-127490
-534231
-372816
-61123
-89183
-71156
-330586
-378764
343657
125208
488137
-133798
-604728
-379727
316301
918253
842281
962726
-306350
-347333
-629959
-77509
-885190
-419659
208929
-826175
-833985
-878514
846948
-906675
-95897
-280542
-440906
531288
658336
469912
-539868
-672251
-908853
803789
452958
579285
-330009
848231
-800442
986292
766484
-958162
949018
-539867
-305494
-680942
382625
-190684
-100600
-408447
-16858
65416
-286961
-169911
158741
617142
549548
717836
148430
207883
187748
608562
535633
278895
412350
-11410
-141820
-917659
-163179
57738
-931367
-396696
99577
-982349
63438
794083
-663290
-553938
-396601
236110
37615
586541
-698474
750655
-583370
460267
367796
966178
178103
-483774
174060
-634150
-875213
-290307
644745
537138
698283
-497075
619479
-464896
560664
688113
138408
-339760
705764
-798154
-545677
-957527
-352092
57723
278584
685524
-355737
580110
436178
60894
40376
-196026
27071
-781522
320200
-798869
-415672
444987
-89176
-770927
-17875
-390893
-268001
-398396
144211
-707338
-710284
-717381
-47097
995480
-515535
407227
-962048
132374
-535051
316536
-182103
109213
-103355
-745926
-829894
937022
58048
197177
-844500
-621753
398308
-260171
823235
-690869
-31097
-194640
-81762
700902
406964
-937551
993564
696680
-654932
-53533
692159
-170466
-646307
730112
961908
-181357
46648
-220196
927856
943294
33879
-902038
880315
-908074
295139
-964185
-529826
-306553
-224356
-706591
2579
744547
98769
920818
445449
-494268
983267
439012
-797588
-671665
-614521
894571
157870
-260827
624683
119777
557816
-328670
899582
485672
-385377
-66540
583634
-505062
25387
-121227
-469247
495561
572221
306397
788971
-425201
50944
-112261
-504383
-503608
393472
-521116
935405
595884
-192781
-679117
490455
965089
60056
115137
84866
-382128
786467
-15553
-896457
-598910
917907
687178
-103972
-56706
-434050
426781
-561145
-861830
-266822
-772175
-287030
784122
115565
208587
-719487
-490963
687471
-784082
-895080
-505310
-463199
595376
-540221
596858
-289488
544645
-785271
-503021
-470908
-681727
-101930
-553001
-994550
794098
390293
-428599
220879
829148
-290429
954058
-943027
422541
738179
172538
-368872
-981308
681575
-681401
-765389
786496
-186711
-228588
381871
273069
-631730
-907617
-182286
-417000
-410637
346806
-98726
487433
793805
-93276
281531
184098
478126
-497590
13245
-812303
-543533
70218
610239
-805354
-757244
-758634
-786661
924331
-440035
-552050
710827
373255
219363
92698
-353677
587633
185081
464037
-829367
774444
-189158
71907
261877
-395353
978632
-456592
788745
456757
45818
-198010
644454
502285
872209
254692
696932
-885036
496058
910271
-960705
-943977
-641780
750123
429278
577583
-157180
-924400
165216
-972100
539637
335849
802345
-649521
-592245
64222
-44874
-613614
607630
-256129
843144
-346553
545862
487597
-844268
418071
-257711
852664
533036
-761653
762934
572332
-705630
-878846
322454
723648
698738
-834727
799249
-136047
-806826
338886
-800199
995519
689365
-392443
59741
-355509
-6056
-332630
388363
-162913
320818
-65776
-675316
476550
-647705
66973
329214
885331
305320
92148
457662
599691
213302
-219885
323339
-87960
-54611
122588
775993
138563
-538527
975795
134082
-849163
-416649
-806178
-204671
577295
-138807
-816309
-585618
-817990
117916
-260934
658561
470211
806040
-12226
355541
111360
-920078
-186798
-288950
293225
593318
-965611
-794736
-461294
156977
981257
677270
618450
957051
-188649
769288
-459598
5174
-435384
-882304
866367
-251693
-467922
-951623
866223
271145
706938
336433
77184
-305288
-308026
-811457
-225366
505177
-100407
-932142
98494
-66017
-726877
637201
-909041
-745621
314470
709409
-788570
-874179
478696
-248168
130996
-956689
-130471
-2638
-208381
401607
45740
-342158
-327249
-247323
994275
749936
447389
-313751
938479
-777977
-808575
-161928
-710118
289920
772055
-436995
-72880
863014
-182615
-758410
572423
28815
-632588
51119
780648
498408
94431
-349824
-504230
886050
-948217
541511
-456109
-275465
-705813
-461834
-525530
741577
224415
-587051
963600
415841
251021
-746518
-294240
23075
-183513
632881
-113911
633872
874472
-541488
-337313
-758116
509631
-556666
740293
-395939
93511
-763937
-509889
145295
777574
34002
869830
-928240
572169
-655700
813338
-203417
-242751
776938
-787576
-991730
-969581
-81816
31346
-153094
-448935
917435
-519223
-574464
-624054
143465
-332580
885577
586800
-592287
-510362
-319690
-356224
-20251
825605
-578651
-986249
695435
-506890
585920
-960265
-693553
-617498
-203016
-916616
-405073
-194745
-886197
513111
836601
-39291
-935825
754035
441487
-510288
-870019
-415048
157133
-984442
-828249
564846
-494804
-147938
-791379
484946
-322333
-370029
498697
-626899
123081
84616
-587163
429529
467119
209822
512913
-937955
-984924
626717
575157
851677
-412574
639332
605712
-971087
-870956
735694
-386135
286177
751252
-214384
-148977
-743552
637679
59645
741394
-684655
689616
240091
-311553
-187303
-675294
101284
-757775
791826
-688895
755139
853871
-673818
381855
429027
-822141
969281
68359
783571
998195
197404
519264
-387941
-516419
270516
397676
334604
526965
35354
-605752
268359
350700
-916136
-491551
-960854
-103438
-166844
140431
138787
-375019
451537
-106074
-521148
777719
-724219
907880
955578
-754939
-23761
739149
-756745
-826358
258412
-144685
-342777
-471072
-747010
991828
-944108
288345
-613924
324252
-360956
-530060
832701
-321810
366502
-334144
818621
-494711
290838
270157
399215
769691
47876
674996
677570
3453
920058
-346191
-257399
-836687
-172548
-998987
18629
484675
-470058
271619
476503
-414165
-440037
862579
910087
199008
-667482
742787
877198
699021
-591357
695819
-795690
699482
-34024
603526
469172
-986149
278521
146742
17305
198579
800551
759907
361893
-371998
760920
-619479
-887323
-709138
652141
589180
-123303
-787896
451758
-213217
411112
784277
-470431
288310
483298
-61787
-15871
687608
-362306
950105
291133
-893135
963957
-430346
253607
-18739
768234
54158
-258832
130126
682160
-497913
510648
794838
-207050
162788
384017
669647
374893
-164225
-543571
-213996
-379948
-14002
-925686
-896651
924212
58443
790958
-438095
8547
82090
-331230
-27496
651745
922378
953766
419978
-23465
-305067
-449896
-341305
197021
-939248
-546468
989971
223541
837549
659617
-401567
-326676
-883955
384438
293376
102044
458752
396726
26255
-482806
187683
588160
525742
-730227
-743070
-501755
921518
-820693
-547990
341496
155842
146943
891601
814538
-656037
952353
-731931
-666067
175894
-894382
993551
774327
-221058
-890405
158765
-927682
211640
-382484
469044
-762106
134711
-343274
826055
-339548
-73501
-917016
158697
-151983
-737709
610708
-810487
418134
-242350
-918887
232672
101614
-966534
500741
435548
209360
606359
429098
-16313
-614699
538694
-857549
-542381
-249667
-240032
926664
-11773
894680
-416610
-185719
-444869
509889
-102734
713829
-642094
159558
324536
-452581
-422308
-917814
-371467
810364
183801
-338001
311104
-380652
871360
-82537
-951554
-144954
302764
587140
-2502
760384
-662528
757467
687047
325700
652146
-729564
-860019
-792724
780326
37247
921106
-861768
-803195
245642
-314349
-225503
327829
314184
-415140
-488371
976184
895964
130978
847543
-186574
179425
-297411
-883810
-233436
700087
876574
104037
457553
563621
-570263
109698
834057
-430282
316975
614383
606966
238081
752615
803771
-516278
-561735
-421733
811552
752450
163127
-676820
728634
59091
454159
576176
872518
-366417
-721236
988708
400148
978852
865282
-495816
436405
428902
-66079
-453898
262959
503640
863078
-122659
110605
101158
-370044
-85624
584881
68222
492644
396432
-179328
-344230
719613
-450695
714862
173771
-874520
587379
807355
-595755
576087
207502
-616903
441369
711686
819502
-129729
-354393
-634397
-866771
-850754
-771319
10571
259852
329840
640528
-825772
-85279
-291251
666872
-688848
529421
-677358
-969236
-921275
-962497
204536
-795794
624883
11890
-391548
200970
-780608
-8451
-357661
931078
-188950
512610
-423315
176654
645840
-274068
405336
-343589
985785
-264825
-703062
-839988
649896
5687
826884
961049
-464892
-850474
991814
-386166
-812971
196349
-181959
811913
-791761
426493
12883
-572369
-581958
655222
-641291
229092
167831
-64605
-594254
-186330
661327
811082
470082
647111
-453744
767020
807124
-803848
-227293
634008
-842800
307815
783534
-850987
921650
970564
345363
-260310
782476
553603
-833817
-204642
981235
-415775
-549420
-660056
813318
618411
275339
-780937
-567919
-63334
-969856
902163
-416223
-423599
669182
-609099
-227447
-558111
-975092
-70246
749705
808442
78768
671354
779005
-575869
-588957
561481
977734
-422774
-643161
958969
161451
-192581
-701088
-25232
-574170
574252
193832
-142089
-489082
223976
-239926
94696
800378
-570744
485597
-427069
-128855
510505
502686
-379151
318947
-418547
-707798
97951
5584
-296754
-340568
-16682
280472
16271
-57714
-558077
823691
241199
416692
-750480
-184549
-389477
107432
326369
834500
867506
-578936
634878
-703239
906662
-792192
167906
417166
710494
788755
-263888
-708053
-919043
834064
297531
-215797
-506505
-719151
-935325
509767
223136
-493401
333457
-535666
923291
582977
279785
-466186
-309592
-393846
-631686
-442086
27219
-996809
-145325
-66120
-789000
-977420
-648954
921494
811336
87158
-786559
892293
-78778
510973
-323504
414717
791822
-258829
-75516
14957
247770
-742060
479292
171061
840918
-240923
704875
-468674
365231
-926811
89240
-607550
-923620
943915
326330
-712620
966496
677376
-791126
777831
-235466
-577684
670124
685756
933289
-653381
100473
725110
87790
-975043
-259933
-664440
-717103
-780642
506621
-876185
-21565
211496
-344859
-656334
284685
744382
-263883
361065
688297
-937554
648446
654792
739823
857321
432623
-495643
-720364
102746
-809888
-787076
449366
290586
938035
-462844
315543
-321899
-127284
598441
-102540
-620663
722257
875896
590833
-622603
-780438
-124483
-878221
-44321
-763418
810076
18125
885028
464868
-242052
742349
-102510
262305
-978016
-999764
452418
-765091
449603
-256996
-827057
986759
-941454
-148955
-140525
656988
748505
238812
379244
624400
-170355
756642
843962
705162
878422
-200360
941744
688497
817766
826772
153364
-424286
569120
-949146
838019
591104
-948909
290437
826013
500694
-966560
998957
487453
-908013
-149999
-653073
748975
-401495
585740
128219
-777095
-584616
-115139
-933133
-879454
-236718
-133493
-937711
-548222
-315727
889061
605143
259987
458180
655998
98006
49284
707090
-611558
-124703
207783
-578118
-125747
-304764
-486131
724255
42163
-737156
-677241
-372097
391064
-454335
43288
-724076
-387468
163834
39206
479040
226123
490985
-836687
115184
96128
423301
-426637
-247874
-478694
622648
-540785
-90251
-502056
666999
331631
372198
-637766
845501
96452
404397
-891655
419212
-967700
499409
964877
75588
775334
-422592
-760578
-185460
-943552
465545
-694475
-780239
-419272
401653
643062
154092
-846221
-835632
-223261
-387006
74117
274684
-720008
-594252
-353119
-357774
-748752
743333
-953377
-640406
162544
-921076
859004
127421
154513
634338
704830
393935
-551123
761278
-140521
-245598
981040
440208
-843945
624101
-405700
-690166
788469
371040
-77172
-137415
-354277
202821
268333
292604
845048
519582
35937
891671
879177
-801519
970596
738180
325902
125108
372518
30732
-480958
821395
-207991
378522
-424204
-226952
-181270
-268149
-602851
413030
41686
-814382
-215930
964515
48203
429793
167335
-683464
-277603
12382
836119
758335
-95947
715295
956816
-125351
453475
282718
999757
-174008
-686551
-481201
-352613
105459
897321
223183
878508
-283949
955035
-724344
-870919
-3279
-538725
-86849
-38765
509478
-657056
-871431
826015
65341
140952
662134
-176325
-954995
377428
-219510
-80346
-169097
-936792
-80589
656896
-623343
438210
-695718
482116
335531
527466
360624
-948419
482501
636280
-819338
-520779
-902446
93813
440456
607033
436757
569026
433048
-497902
-290022
95181
325773
-245017
-527391
-893737
674638
303513
-830528
-405951
-39591
-453871
-967742
264691
-971755
367790
-207843
388869
419371
-725343
25149
600033
-246122
122704
-306154
-805666
-270263
-869397
763360
-837215
-367299
-526663
257966
958475
228321
730576
-935262
-97041
34089
-765790
497008
994498
-219660
529267
259188
-191415
-102944
-948655
-802546
-683573
-673998
222604
916461
79881
-654693
-389694
274216
75045
-259090
37575
237830
373611
510913
-504204
332086
-260766
-773629
396824
642194
260461
631035
139202
254958
-588626
-331532
-485855
219960
565525
-434509
417414
881952
-108507
-359983
798412
971375
-14675
-591282
245590
-939631
149628
-716835
298200
-476761
794079
793996
855325
-466687
-979633
252149
-824494
280828
-116816
314708
-464215
294558
983176
49931
-485482
548701
615422
931933
430652
-493085
-428051
229063
-521711
557275
637782
723880
617645
-212591
-992956
-84156
310648
801123
-290160
165973
-665564
-269793
-581879
-490058
-988965
301306
824650
-453179
-404137
807826
596753
110382
356526
212175
42314
-212822
719091
614264
-983759
-802621
171538
654023
921260
-210818
-558569
928304
705027
752079
729427
-585134
-81948
-936138
145074
336174
-426195
156110
-362521
-601546
702932
233342
-793720
299684
-656276
562806
-488141
386038
-650017
-769051
301
-633775
-571671
-828162
-979753
-650412
-38979
-538322
-722108
-333952
-786243
-992681
80915
131809
-928819
-774011
-532018
-355014
382099
105461
43441
85031
-661197
249721
-615285
-317473
-187473
-103426
-931436
162511
127523
68865
528736
555852
240704
548983
905441
-798275
-989339
-816668
-132227
-775582
-809349
948689
356228
-738167
-825323
824210
-93180
556777
-70329
950262
-358193
268474
199983
26522
951002
-987491
923097
-980435
175021
50619
88431
-296243
-393529
-670865
-747260
-488088
-469140
-736599
-304756
398634
-512180
-114104
347322
844048
147730
522000
668257
-945451
78776
-402072
-995189
720584
866402
204794
-252894
817403
217304
-329798
836969
-607676
720822
-74600
96082
-672708
254535
348822
-160795
785396
612224
534450
184030
-899957
-579655
-468648
944092
568076
-946649
612349
622626
132128
-789724
627437
-147288
-923323
-167770
599818
894081
-950467
-729980
731050
-558142
990842
-343551
537941
-681866
910984
-113237
157339
696380
-501014
-308212
-119591
-400970
112134
411762
-456879
-319791
465114
-844531
-697166
-402759
-634255
930271
449954
-557577
-237499
49771
-663497
-187966
319791
-932448
253893
310633
-275999
-208167
628767
-365015
678596
-213895
-668635
-822418
477894
211775
-223388
-409973
-376464
319733
270236
-911351
475203
573071
-314109
840948
503341
-864155
-716630
-734159
185616
-380126
77876
-494593
-312573
-668231
816040
411428
123603
444807
-953587
-197801
-769089
-622221
-20219
708805
589554
756394
-701168
-786910
76127
569069
-698260
-448671
142139
-12368
-607724
-354520
123477
-324353
-88678
-690907
295521
989199
-185499
982948
-679033
-369460
394376
444571
-924654
440790
-753231
-693742
818570
226551
-984937
408123
-17056
-686105
621214
-940930
882964
922955
-389601
25103
-89414
2676
670583
-965938
678323
-418096
-656844
-26156
-428897
157657
-43208
-107930
788197
-648832
-663359
863544
791959
-416590
-830198
610528
809962
-815135
18651
-207095
-501239
-360136
-148024
-618275
-437182
462376
406828
473405
-534949
77411
507468
-856626
659316
850624
117219
-769582
8280
-925989
122489
-203523
-574821
459130
-339979
-782863
-957460
-170177
827666
852502
14689
-153684
-354593
513451
486181
497384
895176
-951002
-40241
302004
522404
424811
-620586
29871
568186
-961271
-119506
-314596
-730852
888774
-240584
391637
-314749
184595
-149233
345272
401733
-106693
-824905
229398
-254192
189784
-924287
391216
-296766
561894
-111401
-401590
610893
848358
900414
133296
273168
-720172
-836834
-158646
-681442
43661
526758
-412294
-67565
-713827
979344
617686
470769
-169890
-37043
-127498
723417
138052
-898101
-530775
-672164
-822387
860441
31070
739508
-250961
629480
350401
-402604
529894
-516304
870565
809722
-353137
-288082
-871721
690525
-761324
-284014
-377041
-475150
-304671
-759356
995620
525439
203601
-131879
248855
-658347
-29979
718080
-330511
147634
578521
700559
-112858
-672441
330039
-762458
-75044
-140067
-278761
-204480
-330346
368103
507439
-202066
58627
746116
513920
681586
-729034
-790751
922230
-733415
734688
125831
134706
-16457
467484
-895273
-298377
-863028
252361
-719857
837532
-860498
-392297
167571
-622955
532659
-972497
98284
-671821
-302842
-533614
835618
495093
525013
581734
9013
206599
852700
218262
128828
-880716
-47050
-745341
253991
936494
722143
358718
-361884
859116
-388921
-81740
696647
-249418
525964
-135782
127627
58622
-108279
-774089
386801
588880
-307703
222419
83973
-782690
-195848
-907015
423910
-343148
311248
-447262
-223863
-735803
-192603
-969873
-799309
-470461
388846
-161193
-611345
999926
757068
-914699
-249493
283031
-50480
878135
-658347
841242
-895955
728454
430121
-203657
-49127
-485907
13654
755026
-392921
-562437
-588123
918327
-9699
188014
-817476
797698
218142
-616785
-672763
-393012
222023
-284108
-393087
-20909
-198806
357420
-737878
750714
235555
-396225
591955
339600
-667771
22076
-864058
283102
536170
149597
38128
-856751
587160
450005
-938425
-422539
-361981
-755900
-624841
856162
-372685
-297603
-536851
849339
418290
70062
-171571
-780516
-572518
90551
970198
663037
694327
562153
2637
-973445
-415771
138580
309658
-879602
-711824
-652215
-736352
875337
797791
-674777
-547203
-564190
-430676
-172043
-708029
196639
530354
-244879
45978
-51357
825183
874407
168127
-747335
-35042
138325
915703
-340716
-299522
-81661
-314160
284707
-943082
995498
405106
-654906
-656717
668755
-779569
-858926
993978
-326772
-423116
-436699
501186
-131144
759941
31539
623977
-194082
980183
449160
-319675
148310
701825
645283
-713365
617527
-695433
-12886
-464134
-9593
-728179
-407216
-14095
676928
-62121
329188
345682
158310
470263
339659
831539
-952854
902961
332724
-83997
662902
-635737
-460021
-531180
-655554
989140
149145
492757
690964
-205572
779392
308491
98995
-233494
844358
-910598
38327
-562859
75307
-284746
375020
-595505
-939065
-466670
874758
400595
-635132
921905
303556
697592
-162092
-33543
-938145
377887
435277
-593699
367027
-415578
899058
57991
378850
678450
-633519
-522155
-555045
-789161
-432753
483283
-352020
642555
-801464
-977000
-952950
-740529
-443670
921809
660067
-78802
843714
-36378
-381210
-318379
930080
-319354
-940492
365357
86947
426535
949780
-13995
-515475
328629
-335545
-148993
806475
109411
61846
-626278
-407307
709827
-983724
-208771
732827
-936674
50701
-710844
985136
-289232
210355
828849
674391
829146
-489531
604470
-490209
-430023
-30173
596739
996513
-80394
-417256
-518963
-751765
247199
332044
-945291
-643390
-606110
-571569
-50697
-896284
-555292
740533
836543
-491965
-208766
-874301
-506830
502002
336055
-677982
176392
165200
-167512
-219138
674992
402465
750689
271730
398978
-329705
854474
880015
-81470
101673
212059
-26761
458283
605949
401671
-592414
709666
846379
-851881
546209
-645587
-60647
671908
-152417
-558645
7963
169602
617748
-826838
-997911
-601391
848155
404555
-850702
119884
-196468
-180407
-25642
-316453
738123
-923969
895606
-288638
534315
501555
-886968
941901
211220
959411
-909980
-242571
-686176
29373
-570663
161408
470728
437300
-668990
88475
610463
-666901
487085
458617
737655
636383
-421499
-458814
-544024
552860
224734
-805902
628891
120339
-94540
163205
-378106
18493
105106
833115
-22096
195126
-409457
291728
-775501
19880
-546864
695228
-542821
-215854
-216297
-932358
117245
-729213
526259
-145100
907171
-895240
396087
-636854
657620
-379180
-442755
286510
741160
462705
-550285
-636947
-518802
554821
-803832
459102
-250053
-213289
-249171
-25553
806592
203965
-330326
-736229
988111
453377
-668587
105356
724165
857673
960256
631336
962433
356342
994482
620052
977162
-448274
-93439
718322
-985569
356277
-918626
-504371
-88902
-722458
954732
661045
64254
-294440
-364509
-129155
909526
305166
134617
897637
-241457
466030
2993
-517293
323702
-36751
-885958
286134
-680410
-891476
-93815
-703248
-339749
812747
-984927
-325318
169023
-903552
170312
-919879
-626009
125043
741167
438245
830604
-623342
-690910
740130
681824
443707
637766
-559634
-90264
-359241
-76926
-766562
604008
37117
519573
923599
145641
-574242
-779650
805892
-761496
-764576
-519426
407528
-668127
650886
487649
-294136
-224071
228815
-855892
-393467
605473
-546801
-653338
287297
896906
984429
727663
-193358
-374813
-349263
40080
-770805
687854
-440348
-847207
-166506
-14589
-626856
-360614
223915
-391431
119960
-368557
-59558
-229154
-880908
646306
546776
347908
790415
-846692
-46619
-756387
-500029
-759323
-859481
-515601
968341
-52839
109587
-380923
987242
338783
-693070
-453106
491576
140425
532305
864720
779811
-243780
-526711
-100230
387663
413731
670616
506756
60037
217392
-145337
-149548
370700
808044
94065
870671
-951279
234584
-644930
-982939
-818255
464658
-363861
-831014
-196560
-56931
-284119
-704985
-916506
-751815
-840265
863305
4405
-366976
-236925
-607932
-953245
-566310
898824
106792
651082
-246514
957244
21782
-438470
51309
-107547
-389749
-714107
247523
-372687
-532361
-287820
263452
-363375
515621
-793479
352506
810637
-709985
600692
970372
-846680
-394904
-396604
-83605
-2835
-349849
350086
-104012
756944
1168
649475
714188
-977051
-788996
-234503
-84598
-178744
51390
-837075
448570
519029
-124894
-287979
-844346
-609274
-81457
508161
-798637
208559
108852
-828266
361879
713949
-224869
-721726
-288887
425283
628360
607101
182226
-370473
256576
-103586
-347523
467581
661911
567880
-711164
-286700
730806
737407
-767671
-394089
-550572
-612016
-3362
367971
896145
198001
-423470
4996
369736
938410
-281055
-855134
-783317
430058
570150
845044
37159
