-783020
63862
666354
893367
-257575
-617536
34412
-460815
-176028
413011
900509
-156641
-805242
842437
-712397
118421
-428827
-646073
-786334
-494859
-348331
700326
611943
-505407
93023
142252
877738
-663959
346957
506772
-149693
563937
-429367
-483340
457304
313059
-100875
-508285
852245
723098
904727
752753
-433544
-900515
595190
-145940
217906
-833638
207987
431573
-328497
859657
131898
-716554
-645750
-775080
425699
-768013
-439038
-227345
738759
411269
-663408
-690608
927930
793896
622452
-172946
-714390
474697
-449849
-809663
227449
116608
-710178
-177362
970668
507729
-10999
178655
-60699
660504
38312
-928801
943951
392562
-703881
369649
624550
-142918
-857696
363309
-731650
-521104
672702
-803721
-727208
295154
23334
-441597
-230150
573485
-251260
997300
-309908
38562
-180063
-339240
-453709
808938
839416
485592
469442
-122273
556791
413392
-729711
852911
-216959
894840
-290007
-74655
258148
-21657
404242
-69151
174623
677034
-773997
-802044
-764564
-4147
771441
-15824
-6848
-538467
-977262
813090
122293
-430971
622028
-38291
-945379
91469
839437
611413
-495139
-890275
464323
287902
-995435
-825684
-786753
262713
152659
617489
-806438
-672718
294523
-580435
-474762
529959
415419
-703321
-485865
-591430
-241788
-463127
-778341
880506
105903
843688
-157785
160524
-64844
-318349
-228064
440018
-208623
-763741
-272081
-204058
-589425
-58833
-941345
563235
-441345
-747783
890517
853178
-328217
-584245
383137
-912799
-287566
897272
-504228
470647
-565855
-282568
351153
540048
-438881
-806633
-299428
496276
-124982
472508
-63707
666395
708768
664213
-537664
-880657
-394621
-479009
682578
164035
-226791
573094
17213
444992
988849
-599651
532194
-298717
-702379
-972035
-828071
-268234
-254603
523082
-728186
306516
716449
-27614
-197209
-408533
-555106
739085
-742139
-846339
403297
-279802
-726996
-991325
241190
955583
172711
-985602
528676
-810077
459391
517525
-409727
-8416
-781192
-112106
19550
-609263
619661
764948
913820
891476
71464
630269
-136139
874256
-778265
308756
613340
-520403
462417
16636
199795
735422
25312
-559015
691004
-801978
-544617
219680
-612054
914775
-262795
-21781
-93641
-43987
866114
925909
346751
485775
690856
260571
377250
-237680
-109161
-758889
-363425
112575
549867
-750086
592173
12284
266551
-208033
-252294
-708138
232953
-561291
-510115
688336
658390
-122169
603111
-604406
856050
-490531
351608
722164
-564623
-301641
207938
-873767
958930
-414813
-111447
-150231
-173702
525129
962344
-623835
775043
554516
388449
41594
-653517
-863846
333457
579436
-425136
823342
267772
-766747
-298828
-129118
-371152
-442778
380352
980457
-720615
815730
-321185
487323
941963
-362255
-927490
-169484
487514
-101192
-644355
449858
274973
-869312
4373
-336578
172282
350857
-200424
-494262
-69707
374441
-670921
-801935
607694
30252
68948
-763458
587475
-550701
-783001
866860
-734972
-104186
354183
-793009
533559
426694
37508
21073
-674498
393153
-529070
600476
523841
475304
-736103
-303878
-173840
63474
201861
756454
-562086
530940
954519
-954392
-438808
23466
-717849
-851334
472765
-500850
-984474
737794
394965
369710
944785
-71476
-203597
-17707
949597
121905
-624555
-579474
-277620
899287
895831
-13722
-404592
-278010
-950249
797269
-521557
-512334
328209
-567038
-466725
889401
456428
-184574
-961933
-70807
314577
-946407
-333014
-290459
423303
-388229
638065
-780294
594064
587662
341612
969510
-991812
-936009
868796
904019
50270
-535797
-373991
100022
-738528
104452
587688
589682
537414
-879038
479083
-6158
-63611
517150
923035
-749035
570744
-409979
-39494
-5953
201792
-401429
213753
-204144
-813767
-444636
-234635
-805579
-380644
-365840
-901561
669627
98364
-275551
-230352
359837
828901
-642665
-50482
366315
-521702
-571399
-639843
414687
945751
-716808
665653
516494
-126787
-373841
-489459
-924995
224730
724294
-129139
410963
-720342
636226
605385
-100985
-729614
703825
-431359
368750
-571727
338290
-271413
-742826
695626
678105
623490
-826077
-893295
983647
588611
-947544
-733162
254263
568951
140051
880423
-920509
215057
105152
803786
-914083
-483885
-916557
722144
-878500
-17541
992531
825325
551101
361281
-746403
-110610
-910133
-489229
-414985
767973
-865740
-241061
874679
-882093
-652450
927135
-615255
601814
496085
524797
482236
575577
-260147
-412613
379362
-174229
103503
462806
-452085
225003
-554736
-459555
50327
996365
901726
303925
-114245
991593
814696
470770
759566
948957
-770291
634244
-933137
-422741
561378
-548391
-820928
57463
976406
661308
-366961
-283741
-751305
-987600
542030
352199
475206
-910056
-422799
920471
-369610
627529
916836
-467885
-68546
-197410
-476292
-253850
-726640
-716727
-304894
-496931
917518
-238030
80328
478895
213579
259400
-463642
189984
-79292
169397
906243
169403
181798
448273
-478399
-342996
538218
98803
-422525
-831393
-273668
-505690
-299277
657786
296900
224432
-596065
570260
507706
99042
-926672
425223
861012
153657
-95882
74590
-586944
440476
-735426
333765
-390127
-829183
-496833
791672
619091
24769
-551325
157308
-876428
26150
325915
-150096
520461
-973362
-492311
-182640
251070
-88375
-612380
-241225
-989334
-539052
-816003
871678
614605
88115
-53732
-972339
-471409
210843
361426
138464
381661
864594
-69865
751
-110637
378811
-841941
12935
-595039
483974
862839
925422
510613
-629472
-257218
-238318
282153
130402
520457
292819
591351
704455
164497
205955
-207430
-889236
233617
321162
321608
-404957
-540375
-296732
-540363
389761
704020
349000
-231428
862079
-638065
173534
346052
-775226
98955
-143336
-404697
841738
618347
877456
-27861
138804
170275
-436511
-156742
-665228
769445
635829
-554464
3062
-43010
767145
598106
416616
-529588
-942258
-193624
-825569
406743
574949
-963491
768679
-251518
382562
993453
847438
-760774
-411245
689175
857573
-533789
-338686
-3624
636486
224804
839635
971258
-5752
475463
-583206
997311
-567548
-816061
595416
849069
-345649
653159
-344556
-171217
59902
-769607
-134707
-171420
-21125
-752146
-177968
-173687
-512919
410788
-484513
-655347
876999
176802
341030
513485
-598395
180664
484743
395853
-343873
901538
393164
88580
-914524
-11421
-62352
-260172
-358263
593093
568611
701640
823486
-566097
-469781
-197640
-318242
352252
628673
168839
-236961
-855840
513493
-359962
320962
-145478
-846477
722568
-964814
638267
118420
-308687
539805
-488416
779893
625281
500163
-282459
-634891
-858100
-689367
933720
843540
-865882
-632377
-626242
-63521
49381
726011
-434848
-781780
-510950
-290687
731713
129089
-969726
-413766
282612
752842
-378580
-79121
-128738
312733
-539317
382846
92626
-914036
-116991
810167
-548927
24909
-879201
-615208
-131551
-745082
-247584
242208
191397
801798
-31782
756550
-979983
457269
-534138
751730
-413643
-503863
-662037
868970
-751021
-40616
-210152
120241
-727883
250531
-496913
364743
336495
386097
174910
787569
-588994
295710
-827640
279455
550628
-75223
-478337
-257975
-273426
489882
-501426
-253409
-52850
-35564
-501679
533507
460573
-163716
402476
709552
795669
-807676
-170207
-932215
442855
332881
432529
-220650
-281023
-392562
-433082
129983
903149
-260721
-590562
453776
664057
-68899
-804199
-609370
-579018
-305625
137222
368132
658812
635543
-98361
119385
-528173
-695886
-171064
-732505
-503561
658730
-664719
939294
-8390
767810
-281356
710587
-624752
285563
-159430
-721604
-975159
250008
732173
688898
-818892
927974
-920472
-397909
-377651
216750
970223
-718840
-147707
-128138
400545
324121
175977
-770519
591616
672416
888211
926898
611710
-120179
694708
-669647
-409592
-930045
615916
430979
-651648
640758
-319014
-919475
329656
-137905
-991502
409185
464186
-369152
-374066
434409
-87991
478228
-693730
-687447
-197652
482248
-457965
-606036
154663
-569754
-679139
-233628
310068
-984432
96726
900476
-914476
-287358
331454
-566124
-646600
-987560
-485599
683056
-125465
-477100
92240
-661279
153749
718175
773130
-934243
196403
-920600
-621690
998751
561648
-79654
-607286
-283689
350592
-286424
482683
-339341
-270855
-420592
-438865
-185331
292051
892590
248546
645451
905030
762948
328506
-220436
-714152
-579254
118286
439597
-861079
-108584
505354
335324
-29184
883665
334074
-467536
-195990
726789
248775
-845398
-559636
-268542
-184738
169510
310867
376397
984179
-397083
268986
232724
-751633
174015
-4328
576874
953580
281520
997620
71865
-278884
-863460
963282
-773531
471865
-65903
-889867
-194062
466562
-85856
-467273
-284663
68746
-26908
446796
884008
-857399
-242338
260405
-873221
360579
-470610
359504
608947
703406
-644824
185820
656985
636696
183440
-271150
-642189
319981
-307869
-415719
-208155
626229
-305586
597784
92791
608559
-869490
808129
-322696
103602
254924
-438688
246204
-987415
821717
372983
373165
-648894
-267513
-17889
-945489
87663
-832069
711497
-275641
351371
-559653
82170
-328649
132479
666451
463197
-241293
-639135
60980
851499
969424
191491
659627
-353272
-704908
-85450
208040
541297
-72864
29756
-85721
-699700
380863
646767
282411
435374
-265570
450343
146871
458789
-198287
587219
-459041
473065
-280303
-792590
-63739
478405
-431724
997242
329903
-462301
188732
-10471
184428
483825
904080
-607533
25121
-168785
422223
939401
131515
-196914
586168
-586074
-761540
-679403
864269
385331
779387
-334018
-27451
-679655
-860954
692247
-472245
75308
170651
96031
72549
-499447
633731
-738720
490083
-181842
745106
394162
210626
-229774
-774624
-367151
-290373
356891
435935
-704206
770817
674395
-383609
635086
59726
-604223
-698933
-967726
-283877
-559887
724522
243879
515422
-104828
-660091
-412030
395725
973641
-150749
-114193
-208201
-405644
-720032
-997576
364583
-494656
-364727
-925791
862236
-928793
-629996
633053
745603
-13605
268138
-194672
382173
569205
-162397
-901704
-990682
-437876
342175
524741
457296
682085
-887290
-146979
655725
-38038
738828
-552477
556319
-981204
-550052
-79098
-475859
85221
-4888
-613624
156429
365116
-980572
-97968
-648489
287567
707360
733684
-143229
-455038
831981
-133910
107087
174155
-609170
-435618
-143761
-496459
417403
-488036
465504
156231
-40512
21822
175028
409436
942724
699169
-505343
-62165
-914455
651087
-697050
-895027
-446882
-345539
392541
-739522
-611855
-750689
-194560
-779874
115402
912527
394281
506233
-523091
-749480
-990226
894313
-237515
475278
50544
721973
-502901
-774429
131409
-560177
924741
626067
377658
-989715
277153
680609
-884741
830272
-664930
507800
-909251
-276785
757112
-103810
-56658
-127486
-191283
-662378
-621254
285627
-411857
-611479
179939
350628
863799
-769518
72601
-639103
-543947
-795991
-199279
-619206
830076
-821622
-608921
107229
858988
-493661
-62499
-805943
-985862
28251
-82727
771251
924441
860615
-356236
-266842
-801764
22510
-981216
-213620
411032
198723
-862993
274830
429206
209608
635728
885260
413618
-563552
-733947
243694
-385174
-342867
-649077
-526187
163472
288424
-332129
177610
-683326
585144
-51140
-758885
445758
592625
-25727
643995
-384865
-6943
-569626
-973834
-808220
-432618
300996
620986
776991
-63277
506246
190608
373171
772299
-565699
987998
-570569
-214776
-538189
592903
-926352
129683
-229487
-609677
-285174
719374
-368562
-839416
311999
605712
804579
927134
-401232
-765047
953300
-209451
-197665
254295
-588465
-420675
-808982
917781
769934
564190
690079
-795765
552188
-880490
-10540
-986001
712414
63108
143682
-517073
453431
858508
-797699
-915131
-980908
514300
690581
823671
441433
-710651
-941376
394732
79898
-139040
-350973
491434
440286
-159954
409214
210219
-595765
99293
414454
956424
218804
-596087
970423
-68783
467022
114105
414144
-79548
-27387
616445
5321
-8295
130744
-304099
-184624
-427823
-14749
-126000
966909
-934852
734960
-384064
556583
175246
455982
-34204
-614536
860218
-934911
799918
816642
283893
-796169
787064
-784890
670853
-98831
629254
-408695
873782
245699
596627
-134514
-623557
-707473
680862
-51380
277779
-445138
-84471
342927
-710178
531466
-100491
465068
-12552
865306
850532
-152335
930396
650450
-335694
214288
854282
-548630
429398
525135
352539
58652
-883561
226321
-695649
713066
-908194
-319206
-994407
772669
629415
283372
-672469
-455056
-373701
-382647
-923591
525809
-917579
63857
391114
932954
911523
321509
583404
-424172
-464203
437685
27199
965196
-37181
-620262
23847
79259
606060
328198
-207676
697866
-991008
-202083
470535
638407
-918711
798067
-816650
-292412
-584580
-740240
-766604
-502159
323617
624511
-569206
235139
-53980
-985802
810968
481818
451884
-161833
447013
-585297
217905
-529141
493962
-176036
799057
-713715
-478170
808050
84203
992366
446456
165492
790433
629807
873080
-794148
889567
-893524
-296307
213184
730988
134488
-551678
-322993
148686
-740710
-841176
-399430
97457
605837
15273
-684638
-923304
-490766
139327
875754
-204480
661158
683803
879723
653524
130258
45215
443956
-239935
-81705
649808
-350369
24771
-646499
862815
-244242
487989
-688863
432766
-363325
-429573
591590
237245
667885
197427
-747483
983247
274123
-238248
122574
149876
557272
-216269
-166322
436994
-562746
963937
-517792
881210
-275999
400503
531018
373633
-574726
884519
236448
181033
372507
547585
-386202
-990818
-881988
-794612
246428
785898
402815
498945
769144
-323063
-739304
-108283
826814
817968
675449
-339509
254962
-887297
-375572
737171
993913
348429
137674
524931
-277938
562948
409449
958510
-256019
-218044
506095
357779
-208862
624108
563167
-962435
410005
-34018
536511
179149
642920
797208
-929135
469733
615176
746315
-869776
-129863
859018
-245348
-392693
852931
-896919
744982
377861
-174857
307929
-212691
-216348
-948091
569265
-710253
409689
-639597
913855
-27144
-602032
323860
938838
934480
-496992
581757
731687
-426126
51489
346862
-679812
181713
-783001
-820795
936366
-175693
-967864
-960554
-430712
409997
-135411
877217
-802694
648242
929127
766571
937990
338816
-873027
851844
-688329
-475058
175703
-749491
-540579
678712
832266
-808892
-747415
-116245
537970
-427227
-934532
754970
-248021
-998167
-420724
-215885
-958720
148564
-805888
-94131
25781
-608582
-445889
-45092
-842011
-507900
-706277
-715037
-656056
-394605
-190095
519648
-144096
269327
198359
-311830
460435
450944
571925
-1595
-976283
637394
-246626
-224304
639228
332651
559812
680508
-518786
753924
-413623
506996
-854659
140488
-538097
-696669
632589
-244373
-411706
976533
361022
398199
496180
-783075
-332474
-305461
-94905
-872039
-854518
-522980
126367
-830800
-885587
879742
-55104
753642
212392
-495292
434149
693606
-741369
-979475
200601
-596027
161013
662505
-292696
-206399
-581869
295598
-229866
779153
-306203
-733686
996079
361324
-39147
-98826
489285
106336
378194
-384349
275536
492608
-504608
-779569
246249
707784
-274860
-319603
401390
-16229
-299077
-398009
387745
861937
-735505
-904951
-344462
-317374
390648
425672
-538221
-915555
691986
-542143
445769
-347161
359032
-64947
759175
-262775
550704
34710
-770167
-953904
255142
476082
753880
980282
-843521
155270
-35947
-142597
757261
-648202
-280661
-978245
-553153
374878
-295618
837496
-199451
166162
921941
-507465
624020
367709
145374
-16949
-697239
-95451
720276
853466
939259
950110
899562
194401
426192
653442
174682
582672
-191289
-861265
-559926
-434029
-509467
159414
-412273
-62619
-465709
292110
-225124
334841
-541729
-303183
827377
-917709
-935475
-27249
65342
-632713
877300
-214382
-779247
816559
-264273
-879686
10959
-838081
773756
-814359
744591
-417533
-675624
-815336
148438
-185090
344079
736166
752292
878370
28275
-472832
213211
486547
223985
40587
568839
288510
-986663
-365820
655798
890637
419799
876551
707195
-844474
996866
-281847
-682555
770622
-96205
-937965
-646912
228171
-753300
501527
-956919
590779
237692
795373
469148
-734033
-677460
-317642
752515
546525
722946
321353
-164965
736283
955534
-509168
626920
375332
-632617
334114
530858
-635752
-947733
848303
-865131
-43938
910339
-512043
-815767
-842962
989484
-772685
747817
227176
-977313
216965
493144
-654772
899324
245658
891753
622269
-432989
-273212
358552
-477455
217621
-14529
897877
585004
-680415
428735
949252
-628148
277038
-915880
327915
187376
-427922
512149
344414
-438438
739464
92231
788738
762151
-690805
281882
-892622
-791481
-472461
999132
830789
94551
-274081
189340
617096
943541
-825190
514973
528544
-505605
-56293
477795
-133752
-779256
561916
-805837
408120
-866007
706312
-247466
-304445
445775
844765
-515707
207926
-846040
766175
315305
-637520
-706286
314437
-806732
388266
-959644
382609
5361
983897
557419
-479666
512440
-948186
464041
-9766
-81937
684786
-447850
112226
92906
-313857
-181462
845440
381699
-735688
690205
865993
472239
844166
632168
-212457
-793355
925883
-898021
-600086
314148
-857665
782523
-680491
-873769
339941
-160157
638672
391756
-696116
-371095
-690181
988670
181055
422045
81576
867199
-759418
-72985
248898
-495105
-382780
114890
977134
-538615
-252942
-235323
-331969
-327060
-133344
67945
987089
8992
-149533
-693403
135224
-809592
146441
-226105
582165
450326
402801
891984
438995
-416144
314029
-479429
-548945
554611
447587
699953
-940494
-935194
-185157
-963361
-473808
561901
-198683
194224
-765159
667974
-737831
-778071
-323035
112637
-471473
812190
303046
674968
-413916
-114790
125294
988885
-222806
-435712
-427259
-908778
84860
23796
645834
-467554
-276252
705340
-402748
538592
741980
123445
100492
-456704
-682332
335333
-788730
-420163
557263
-111765
692474
-914211
-299575
-4481
760758
286509
880730
-113949
275394
-342077
450340
848135
-250854
-464801
-128069
-605021
67645
595679
-899681
664898
134270
842299
-211658
-765238
-614405
106011
570096
-403135
685849
127358
485101
378322
213148
-814475
-626159
-26094
472035
-745430
859957
-252571
-87506
310297
-404436
661640
845497
467495
-943382
-86858
63174
-843063
-421961
-802556
999237
366382
-567794
-615168
-527607
-997698
-18302
-841759
129661
-533201
536563
-657192
-347676
910405
316715
-875641
-835026
176672
-128212
77469
-513032
467353
-260892
-667535
-65153
-204273
245607
998022
-47335
823647
-804535
-48098
190029
-372328
336734
662422
-370026
-681569
820664
759636
-214770
357227
-897557
437555
267631
419158
561915
432606
-404170
-566297
-489926
82798
901056
249183
415264
-164098
-955091
-339130
-166077
-2426
-515483
29389
949477
674547
657061
286210
336969
-712965
604642
157632
-953330
-610128
-485142
-850886
827428
782489
568273
389342
215094
-835898
823046
725169
246901
724101
-25649
-337836
-439997
19260
323035
393927
-983166
807553
-576685
966311
482099
-919624
252521
-180933
-632588
-142837
976700
-585917
247036
-508443
-436802
74463
-725954
-868529
-536195
489141
-704426
-713150
214309
542475
-989050
-811341
-795361
-429047
207920
527675
964881
224755
335228
-611805
191066
-182674
-531428
-556413
636394
-164016
300750
613094
250068
-452215
-895350
813266
622249
-621304
944737
-913947
867837
-759690
-627096
82146
782786
-616146
270806
987426
-45192
-521275
515100
-80312
703481
-149672
307884
-105453
667655
776456
338134
304049
-387560
-361117
-82858
862508
186669
21792
675774
-191083
400489
620510
-105029
268326
860821
267875
-649529
643607
651729
621277
631032
-393463
-899998
146132
526226
803484
996460
-165891
-301970
664114
-389435
-963837
-31838
223006
-324953
885304
85514
861716
-92904
-238713
-329367
-692415
-618203
565604
575912
-757383
-166522
926384
886224
-514793
547661
517256
91744
647664
-336613
-382030
451147
-340153
452080
-850824
-676040
-937355
-814660
292123
285651
-139613
177427
-628836
-277897
-915477
132452
392736
-607892
514249
-41661
968020
756867
791818
894404
643091
-722976
442064
160346
368768
89727
823734
986739
-459127
-516419
438818
-309950
-192459
501463
-124610
-900336
-212887
735778
277091
158278
-542119
361614
-709270
850618
753723
804980
-191043
721743
561846
-399226
616146
204937
-122202
58209
-634717
-753434
-852064
-810983
-766696
-311191
-327402
672122
378860
480140
173585
-745750
579804
960698
990028
-143105
118976
-552091
-781491
409706
-701474
972233
214686
107483
693975
-223468
708257
310121
981469
-413945
-631670
-653248
-167379
-483734
-464231
65926
205076
208367
-261952
-416065
-311494
911633
-161815
-731690
872330
-171787
125206
-8694
276122
343715
-598988
574648
315947
615698
-317870
9922
-607771
-609613
-679958
-626302
-23558
-311628
-279550
809064
204639
256220
-125011
-590286
-535414
613037
-6351
153093
524669
831835
421404
396999
-339953
-453391
-611695
936170
890324
-210683
510817
206271
-594985
-807053
-783808
-202755
-416665
-463765
170944
559777
224607
891395
368840
-570755
147614
-756171
-161040
612201
856866
832609
-234707
381535
664444
-813303
-221467
-675510
-266694
166839
-739341
-376370
956157
771477
829901
-638829
964425
-953907
158417
-452241
-417672
-670639
-892465
806936
-779245
476376
-763819
368369
720205
75141
-19430
577071
-92250
745863
-41395
-427807
932561
737139
-103316
-334134
-96023
157343
289497
-139867
-71180
119397
221305
-106756
165491
-620278
441003
747819
-290917
548539
554755
-70161
24914
790937
-701792
-254881
-133923
278778
-677810
773828
24641
280795
-653979
-42799
17934
242705
623067
921912
-599952
-87437
-217956
328868
-968040
-996651
-777889
197451
-616928
663115
-54730
92156
211653
-499975
-978006
-763433
-709039
-679798
-18313
157039
598980
303877
-69134
-376380
-415329
276887
580821
602606
-480409
203888
524517
-80360
-883549
-693439
-751493
-851588
-690090
-529381
345864
-307017
-866267
-708867
785139
345386
-208841
807134
581954
82120
-872665
-436360
-760841
726316
867517
170025
-650064
-547812
-553088
930757
-945207
-33496
134645
579310
886144
251097
885871
-865349
399509
-804219
-394730
-254628
-111235
-260997
36506
-326097
-915611
827665
-518963
666343
-90215
-391627
-770018
148944
-665312
-902501
-681031
-315376
-450312
-234118
-384619
-395519
732386
750027
-816209
618530
1123
-930339
753181
-599369
-734557
-641550
146003
154208
97453
-817491
828112
181842
-989826
-690852
-151815
-80041
-82479
78168
-931097
252210
175667
-612127
936835
725355
153755
-447785
-670164
-113860
-697759
-486373
-495331
303365
-416711
-742151
703996
-151267
-383700
-150001
-997060
713753
32508
831053
-104405
42683
-859799
743781
962642
57723
-178052
-968455
-690068
997616
-580582
-753234
722971
573173
-201018
-947193
-540688
101224
-433566
-36018
-595412
149724
221832
-891416
998457
838132
-41417
-998603
551885
991092
832450
-552520
33774
972651
-808740
-3584
30374
13209
27961
340306
10825
447380
587073
-266205
20552
-613945
-213397
479865
487279
353038
-556153
891868
-497239
665679
-999549
-498782
503811
-40966
-497385
55696
-49874
-664935
503176
983901
-692284
694437
-19684
338090
-292354
-991723
-321605
718471
455657
-734532
-547734
-523791
-348477
238869
956074
-861198
-408094
-600080
-969331
94668
-934401
-968880
595886
569411
-9845
-901500
-374894
940281
-566435
-871718
924181
-258719
822720
-95503
-920630
-469635
-87226
-242234
-751164
-631569
23235
-298898
-155360
674758
939972
-199287
813561
-468123
200634
844230
626545
266234
875350
222431
-164356
-134495
320932
460751
-194215
754497
589033
-270034
-504222
411753
634463
-424851
942118
-452763
332916
-809047
-84332
-643850
-107944
760308
-969092
-167973
-438979
844469
363905
761656
688699
-9550
27889
564049
-787120
863534
-570447
533812
324285
235338
288309
-86682
965305
784088
-674930
599768
-640763
-732812
-852996
692154
-541859
62672
-951696
350198
-177020
-920788
-817775
384001
923682
546130
145657
612380
-463420
-826455
176428
-250540
-962921
605981
-716728
361364
-158681
571581
-725318
-193376
355669
-400248
-593609
714906
-133060
-446604
407059
325082
616069
455364
-324721
-560952
534576
-142495
823050
458258
-596366
-31294
70638
-59786
142252
-752935
689675
179331
853047
972947
-459305
-305634
544528
-184622
500990
-99804
415130
907382
-384898
-717930
-539223
-977839
607152
-923155
477525
-717569
-484106
12101
139936
-661057
-529642
543571
307649
540996
-516215
-550100
788062
-826541
629232
641109
-853594
-830073
-664526
690934
-14694
836465
-408870
-599565
743846
206233
-317495
-795377
228394
-710343
-718531
-294081
-427912
-202637
718020
712025
136306
-811622
255595
-556045
729375
739380
-106144
517436
912840
-476912
158544
-940755
-306984
494019
750180
678322
330483
-658690
-921244
74329
547543
-238738
278952
-224063
50919
560421
481856
623008
-642216
199875
335033
494090
388254
-409373
938045
117628
-669993
-168100
-364937
-757153
354989
793608
-697907
-951996
287626
-947727
726326
-381891
-606417
805082
692438
941127
-433656
-28610
-282937
617264
-468189
-801082
240271
-110405
398794
-424697
-616316
-212953
165931
-678271
904676
495939
153630
-460262
738787
-491382
-666654
-959121
-443378
620972
-906848
-717052
-760920
-513264
-911971
931519
-572138
-345626
-97092
144926
-728363
434720
343844
511909
-675686
-257362
-912789
-292001
529686
253143
29729
434361
-250919
-816641
974100
-512133
-308023
-692555
-471253
248600
928418
-378100
531548
-832503
108636
619578
-900984
536499
-726049
1925
-318576
-454411
-563356
-974732
-942503
-239041
-232093
-855291
468958
-702408
397852
-501313
731954
-853067
-317954
706053
-365199
374024
-986503
163548
-377377
941915
785449
-845829
-890588
-105916
773750
-791571
-569417
-952299
210354
112008
-406710
646998
137276
-349213
-592044
905183
-204504
876915
-797225
-806653
-624399
934729
-659719
57647
640782
-24918
-568330
654279
-861370
54294
596194
924079
208466
705607
-181837
-17785
914036
248747
29916
124389
-639246
623206
-228613
498031
-726007
179344
403214
69489
56258
605989
262837
431860
540718
603118
-510493
181499
-421800
-78823
-164222
-283169
975472
-568028
-359090
183938
-862421
459074
-833848
-948386
-292180
196069
176004
68575
-180725
947391
-433395
93268
126735
969819
-837243
-817008
575808
425595
614852
116526
28713
-895642
-701975
606913
25536
133804
-676256
1008
565777
-35346
-815055
703356
-576272
-648902
754971
131548
547167
-69026
-799877
-633558
-121635
-233272
459710
-994901
-263453
622468
-811908
-687645
48062
802945
428882
-923226
907304
726908
683688
-67161
-139289
-992569
933848
-573512
-27914
-881207
-870156
395814
-530109
884815
-472638
-982942
-184211
-272515
-616500
694155
494214
843211
699254
-769239
465678
887347
-456883
-486260
690291
972000
-409485
597594
698907
-725798
-469567
-440382
-718366
-535720
-13894
253720
-416927
115950
-350466
52965
764
176897
70023
816554
904383
453524
510708
398597
296734
209962
629358
-237588
97308
-827525
276153
-212402
-855526
866668
-614808
843381
-859131
-84375
-597002
-577497
379906
389105
676224
962980
-494946
-674242
15944
505819
502655
-914033
322372
407038
539491
-166920
-194366
-163775
-956959
-565009
598638
140349
-392533
-125210
927948
-248059
-258543
-686860
-404678
-117673
228765
-1680
304831
-391329
-612575
-18945
-428350
-107521
306813
587595
-601702
-190532
673562
720671
-783495
213053
-446250
22139
-950723
-403209
457131
647916
737141
-935402
-477295
665089
-183461
264163
978229
411861
-853511
206993
-589819
451320
815665
-202393
-567625
-612685
690086
739188
974910
-911616
-451344
648472
809055
-234838
-138476
-637196
787302
-89198
-40404
244433
-441283
-303264
309031
81422
-638176
-874431
-654415
-659948
537431
-507926
547046
947613
943395
362711
-254781
-624231
750026
-564695
-885043
724935
-476311
-336386
373406
-667256
428776
-765070
-304452
216077
145732
655144
-539491
704449
-648120
769540
-214129
-286295
895110
131456
53758
432541
623531
-399197
380154
566925
963515
-874628
942695
713540
-439322
-942348
438475
84368
-278734
-188120
417112
-849959
46810
-887341
366119
-807458
767804
826628
896992
-880316
596168
-317138
-166611
491277
814319
887147
-76182
437849
-512050
-696029
4774
-548536
-570656
-52532
-834997
-9978
5120
603478
-925611
726386
-584642
491501
876428
462169
604161
242546
654712
371965
69174
551703
491649
-334659
-765436
-674963
-843382
-951118
-787816
80436
486732
-299866
384407
-508495
151598
813752
438974
316602
-196227
-555907
-79920
-121837
-829521
335439
-630336
-953093
-202392
973825
289453
-547681
345789
-641374
-995979
-162562
23968
-761414
162475
180586
-712531
374659
-738978
774201
-925207
645430
-734295
226391
459181
704679
-457007
-737047
-851228
463074
141116
-680748
-201488
510781
-633841
596121
484605
655613
-951561
-169606
-985761
-947540
667832
38208
-708953
-169693
-781207
-421484
-795034
-520185
-647284
-720241
-874755
-381578
506151
584426
-676899
-950857
847379
-528127
512217
-11505
-208874
-689271
-500725
157286
906850
983881
-187101
955290
-185726
-172862
-992250
-517894
865346
-701203
312413
-915861
-122687
517379
-436045
230030
797139
-310800
848453
303289
-726375
-828447
352432
-878996
-356573
-135351
109500
434553
175379
608776
-408161
82229
592656
404738
37518
-593070
-768125
45268
-110963
-902779
344066
-798550
-818639
-778622
718830
-254683
451409
515968
434517
299861
-180744
708143
471414
-828312
829148
-885159
36337
-61353
549395
-788284
-452577
-858767
293945
-859922
545971
-668537
-452991
777847
376732
436047
875069
-279203
637497
-943571
-57824
356326
-198254
-606416
-127707
-763737
693446
691549
944406
164860
863237
773553
279701
-100426
-287800
-170905
111291
259623
-29671
-594765
399702
-483701
-263301
946712
-705854
-886570
382758
-830786
-165773
20254
-774356
776403
-623420
27391
-830013
248873
263654
863434
-59578
208060
28293
-196341
-18387
-692006
703234
693813
137090
-185476
-46564
-892582
219760
-646863
-376283
956459
-700151
-82137
-930111
682607
87078
-95884
-297139
312722
-319481
79442
-659888
-149493
-671685
603767
-286060
268737
-188174
742234
-927604
793440
-949773
775631
487253
187317
-409845
-559312
294735
809915
-206174
918453
766374
93675
-163684
836263
-223718
923395
-259621
479144
236116
420899
-441415
576229
-728595
-113100
179996
-14654
-844363
991822
-272421
-771966
785262
-222193
-996336
272514
965124
-406181
713202
259859
-596266
-492972
178312
-829892
600704
-985372
-993630
-623014
938023
-253250
856130
174139
-832352
-585285
-249632
-560946
301615
930364
424400
457253
922186
-848021
685287
707447
-70214
688952
-20040
-105090
-717229
-306838
-845231
-313495
200191
333081
-143387
-199106
347710
-137016
177880
285733
609735
34010
-540129
777384
448725
210240
-783563
-249660
140603
640838
-792407
62789
792817
892880
-229765
-277397
581832
750196
617513
864603
-556642
772282
-448892
643550
105363
407722
-555557
-546927
-729295
622324
738806
880441
-343666
-801324
657824
-894941
408917
874262
-144601
-450481
515099
62992
612309
307916
-44128
-617456
-969482
-462297
-867260
648032
-597694
-423902
420314
-46586
-780352
-474324
-638865
-335909
-21251
-368159
-713585
-282446
-487719
-57250
-83769
-829895
47809
-674853
-955634
903209
-125333
559466
-33799
-513025
-132619
922074
-130481
-102101
-540223
2259
-454069
-137917
578358
966245
815497
798006
-508079
-823369
-537903
470670
-191527
-251487
-811776
320755
691264
104456
490860
-260928
429604
535226
-357719
-695729
94692
608482
-208754
962073
530555
660766
-140028
990332
-336975
405903
-147586
-758617
372147
-332089
-960611
864068
-155457
-498513
334738
653016
250000
522963
-26230
-58737
-372581
-535371
680336
-942978
999856
-677384
-638707
94547
931099
152540
56620
461654
-186694
916592
451985
476332
322495
-695601
717716
-305358
-27689
757105
-441291
816854
-741409
893448
469870
508592
416410
-556361
-550145
-956171
-91731
-869809
-899149
-91875
-547193
-537855
-997328
-616094
614686
59293
845560
-572008
-24116
297545
904325
-701621
601945
622040
-6979
-425745
379144
551731
-608891
637736
445178
860979
146328
-138412
-695382
596184
-94583
212888
726375
6269
-878988
-820818
468415
-876315
-436912
83101
182978
-591352
511094
-841138
706193
415418
-542759
308138
37458
450262
882393
-583398
1993
-726498
-945662
-552830
-865520
200666
308759
-560901
-203151
-785824
651987
-476776
220446
772999
-297594
-311139
896685
265495
771963
79662
674143
283056
238524
380336
-301526
695765
-311527
735932
146027
-429135
-847466
-851981
-155632
-793128
-404810
-21151
407539
903950
417948
-795613
-881875
69934
-272388
338572
-157067
430018
-972568
-260383
-304488
799395
819280
-630345
82451
57803
749991
780925
-246432
-561537
516857
899596
9329
669392
-952385
853697
876264
-357194
-167455
283802
-453245
-749507
488190
-335119
320428
-784199
-996548
-836640
645820
-969116
-97022
-658669
830279
-277743
-289013
-87271
780061
-539023
-306346
-466371
-100559
-789489
-566776
908771
879903
-519160
762467
756166
123646
-404988
39968
670401
-154494
-471843
-664719
-834067
-256041
-661267
-670706
-610222
-630382
232273
-268890
-800104
954530
442097
112626
734591
903075
806281
-731781
-197485
-983209
-298556
-288715
896695
182284
-526248
652860
-694070
68765
-307172
976331
914271
220986
-688388
-919796
964945
-349654
-590502
-645278
19964
641771
85832
219861
596301
-472071
-667514
330892
-568997
-861233
599111
233519
-844441
-699445
944805
-947747
482840
-581444
705113
788770
487322
-602059
765101
401592
618927
-923288
481796
583871
-272942
891295
938594
747023
533065
24425
-33117
129365
552355
299370
-539744
983359
438137
-940633
216877
593696
-640077
161681
645949
842764
580238
351062
631534
67559
749004
396634
-530850
367930
473347
950947
-48200
-799595
842241
-109607
947428
375306
914819
-85689
-495329
467174
-786320
-35073
450532
651818
24295
-332592
245513
384219
829090
-108538
226982
409327
-757476
-141485
-523115
991528
-744851
-53964
359457
728496
-103017
-688743
928902
-260777
201651
876330
-885471
116470
-209360
-380800
-416357
4320
584128
-965826
-343863
-391577
-298418
901651
992642
-469329
-206887
219624
939999
35638
-921861
-583117
27165
-666712
362920
-613378
-938216
-740098
-302120
990686
-874
899531
867015
113655
16000
-342346
732855
599643
661975
316983
633817
-681889
925406
-664601
-780238
918048
-133929
12875
137671
-193931
-951488
215810
222953
75678
549098
-414128
462301
610883
-154226
-839820
601568
844901
-940289
468583
-41445
75711
-873763
-308590
-324646
788212
-991608
-690829
-893677
933799
-355429
-673915
851846
510642
338961
-10484
-683289
387473
-794674
539664
-536849
754424
-874464
925452
365306
-28689
-914369
-33126
-183789
-854658
-564543
774767
221054
-438306
-533823
896408
-650095
-525430
-794421
-543771
-591632
-149850
-217686
-739787
-639208
-878725
249730
-322497
508749
455056
-782833
971900
209480
-657297
897351
-425214
314015
982983
541660
-869774
-871676
977117
904993
349379
-461189
-628831
245786
-111283
-154261
451365
344946
254108
-698485
-872740
514322
-337693
-751465
-235948
339810
757284
-780892
556978
729183
428588
899682
626534
-996627
213696
609516
545034
343922
737841
522151
248915
87219
-939038
620084
-666996
-50321
-534177
784370
-705376
719932
-914115
-578116
234254
-251808
-329580
998306
-911998
-572297
-782587
644980
-843114
646001
544661
783420
649375
-241644
392936
194409
-897722
130776
-283440
351193
-782006
-222478
-28723
