655421
-268253
264051
-778098
-716192
396374
655784
621577
323083
899057
-178703
-59674
-38854
921900
-871437
-233333
253879
537259
-568036
-490419
-592515
-827517
-790956
354019
131014
468111
560997
-89511
-459167
164150
93833
-803747
895897
-642116
-581845
-820295
754258
-926062
801282
77341
972996
-377421
-982334
-65858
-455522
-853770
700809
798358
683490
-867227
-692062
-909026
-694744
-483018
444994
436271
985093
5991
-653240
-474075
-829860
440593
-277821
-933963
798478
140334
-754257
552735
214273
-952975
-369925
187269
-330396
-352258
-878590
214083
-206028
822220
12440
-522538
954993
320379
-431564
-739751
837361
-986571
696520
822454
19420
-956720
-651621
189561
483874
70559
255599
282351
-789108
501342
-164914
425166
548368
465161
-387565
-782029
-887097
-266155
432054
-93124
-443935
-555506
384338
-488942
764874
952774
-228693
602235
966204
-532173
424688
-14376
-488893
773068
-824815
994981
-156374
430784
277331
54519
-67874
-887584
-520316
-519507
577578
92120
-301535
690482
825966
-869481
-402643
-617970
-424986
981695
-106912
-660113
934469
664396
942122
900672
-867778
366809
-113705
-356671
139877
61481
-361690
983503
-507735
915642
38021
424391
-971943
517706
904885
605636
-390175
-396650
296117
-564210
-266131
893475
-182180
308883
875169
710909
648771
809637
375304
590892
710309
507527
-42299
-403397
-849145
-902423
658085
-210834
-918921
-849651
-295193
119101
574740
-267135
-363194
479625
-661500
246632
-917025
634618
682422
-183156
528092
-499758
-874273
403261
-788849
774498
212897
586455
365390
-76795
93982
-676910
519809
244837
-579332
177893
-965997
-498252
328243
-261190
620849
-97017
471675
-742345
-617393
810176
504287
-534418
444793
186708
282427
-27115
686951
408155
-623855
898102
182653
589043
484557
-451958
-487752
-421462
-128867
-967943
823376
291801
209951
857379
793550
-461807
-403812
414398
441176
-932137
672053
823784
878039
176340
-710634
322831
-636952
571793
-704284
-950002
-20053
-328138
948101
-837400
-739095
432658
-289358
-226847
-988804
581776
-194789
834572
-126423
-984839
691951
-332874
-446646
-711861
-918476
994531
-643998
753577
818314
-765959
-70083
-892321
556872
292965
679473
852589
342964
-340581
-475550
291064
-177980
-214644
-276278
532662
558509
-265082
114438
-636281
-430510
988015
-621119
-738560
-344860
-67765
-450420
-263336
-73235
-94417
-509759
-254921
139624
420158
-147242
-303504
-286877
-467770
-450915
-943914
191650
73535
347150
-986331
858891
-929129
546332
417400
-194210
-339231
781120
375280
-351216
-840000
636721
303924
92236
-813700
-959412
-981000
91884
-469170
-235920
-768492
950989
616838
-71996
-335889
-850932
477089
-279803
340719
-449376
-932653
354388
-590485
-861781
-99280
826916
-55990
561490
608035
-680711
-789727
768036
956010
514198
-139729
-857690
554787
-120728
234195
-914384
643352
465703
-963396
260190
-606294
-299284
409258
870796
420914
-250024
-578580
488262
-895636
-169064
626482
5084
-342149
-429509
-433426
-734114
-110220
-223153
-966079
-154210
-708955
-105808
-11899
845832
773465
-777705
931448
416816
687999
968053
-322995
-918295
-331232
-913737
952501
-910318
-163760
-626079
577944
-59396
204857
204426
945689
862708
774917
-487738
-871407
-335303
289110
-837485
510488
580155
56708
-501412
425986
-169828
-279116
357434
-753013
-591118
325486
-76007
-509413
994255
10257
-556912
-916063
846497
-182991
661882
-212899
-978135
-133693
-267210
884574
-358776
245053
-986834
305921
-465838
-824319
-183591
-885683
232390
314998
540304
-937439
-964119
-102263
-690451
-555236
-776777
233543
-64649
-782522
-756201
378439
-698585
-909704
-804552
963298
-122603
-782687
-170396
610187
-898114
470828
-144761
-884947
-223251
389402
-709265
593159
503719
523125
-91844
44023
585686
-55963
941760
895236
388801
-835017
128778
-675848
-617539
372577
702592
-316123
462873
898040
-352826
-659730
-884647
476779
950457
-782760
-52393
-194304
-667707
724357
-804903
-376971
317515
698816
-853847
-774330
-257162
731840
169708
-315402
627075
-441491
-150418
-244147
-117339
232043
-871571
-414747
915921
591303
-516708
-436905
931573
-401354
-960127
882030
-184114
-12519
-312275
148179
-288163
-117178
771209
-970648
-418362
917362
-744977
324477
649202
424731
-990926
276277
983240
-141344
-967871
-134099
-909301
-839441
451154
-993380
751863
934447
-430285
683436
-466908
-390411
565465
348978
597070
-746810
-502843
-691093
136012
-731635
-661741
717651
-814273
-406718
42127
834930
-981988
51202
111206
-998748
909859
143336
-132846
-999442
303895
-681692
-992822
55757
-747245
-423106
-260808
-214153
186483
-695343
-865175
-216447
-442153
-368018
92460
693860
-99652
430719
411510
86076
-975999
-546364
-78995
-957987
504839
-967790
-956734
414697
175547
-89579
415256
-520559
228730
422434
535199
481485
999328
-725609
-732668
185811
-420952
-597843
969364
136896
34140
61824
-169245
934489
-507457
-757736
20564
-483456
-304099
941569
-441442
-799260
973780
-398176
615438
149326
512246
30693
628768
-259025
-546873
163967
-777541
-547545
438358
-510209
638266
-982594
-108051
607630
154303
926089
-330546
985058
860577
161997
-772678
-118859
678541
-76776
-177291
-762902
123965
-203511
-161077
-260598
945816
-648832
770095
574583
92144
-776778
-261450
314604
-324323
-823092
804396
-686057
-805686
-303656
921573
348618
-377567
-408974
333675
-516990
753024
560998
364151
431564
-515778
-813141
668662
608187
-16651
-492416
-652412
-70836
-141248
-882317
-496253
950897
-659095
242297
265500
16583
419205
69895
330526
613520
766239
252099
-37863
-611328
843126
-704188
-128318
596149
856810
-764168
27712
-658968
-577308
-303626
949219
406041
203958
-703193
-664796
-937290
-585509
-161048
-986394
-244603
-918752
279106
771980
500454
-650999
102506
113973
-884761
-645396
-923891
-496089
-802270
-628078
375594
793879
-771269
611426
-178409
-430236
-965883
517965
-481018
440159
-278078
-184211
775364
-215367
230280
-385685
-201761
985678
-304436
-922655
757657
-803983
-573654
-139838
309990
-458415
214767
386100
45497
412497
758022
-578909
206376
986754
-967484
-972034
-443483
-933366
545932
75500
506793
-732146
891290
282157
52487
121569
896472
850726
107246
-407965
928072
-135097
-211947
-645583
725066
-901958
-103997
-60168
484143
941501
-647672
242165
-637409
558704
228919
-604893
586671
785436
-538258
132603
-139064
968536
400457
-247775
250692
-547057
873795
147164
-696331
-18959
739200
-768260
845944
-472748
-413843
571009
-374705
482161
-489159
-890563
423661
-136831
351602
786252
-578127
-419479
-818641
-991456
-634044
-356899
141147
226893
-388364
-458396
979118
862328
-5453
852913
9491
298217
-166047
-251309
529958
-320103
275943
-883885
-749094
901238
598276
-238253
-989325
21936
624917
362278
-191813
-953210
942799
-10454
-944666
-691245
632648
196482
535648
-755717
738086
514766
-893389
-267367
367678
116103
-969151
-798370
864794
560808
-118473
140736
676923
132433
41974
275198
894181
52649
-702867
519097
-585074
105321
565887
-642275
-905133
621222
-333520
727515
-182297
-797873
971798
-444212
716893
-921592
288422
84571
194511
319272
286201
59305
-119921
-832272
-799960
-442999
300162
242014
832200
194342
-705337
-870667
-286561
-290410
234654
-720675
67315
329522
900547
733795
57036
-281750
935923
28834
274039
652816
107243
-437540
-262614
-698247
881732
-976413
361058
-238190
-808685
561099
318812
491478
-196887
151011
-314181
97777
280344
399258
807367
-485002
678584
-125319
844520
579130
-391524
-98445
-702621
-455602
930389
571418
-802786
37631
-866122
-65400
339385
-984391
-41813
-299557
-222580
149503
-738458
-903768
-359020
64656
247243
326800
-837568
-472413
-273942
969799
42585
-595359
-155520
-112896
983772
452956
788660
-718849
997355
719049
852570
-805432
-243320
986448
129169
-903935
-997943
-912645
-203492
-220522
236859
58051
-124290
877839
-877294
-877047
204638
-714862
-349460
930697
-745063
693126
-664663
99418
-419770
-680892
-447627
-631111
-399740
-450272
-912062
-547171
-255703
-155382
-560724
873466
-59317
-558666
960822
737192
220812
197680
-204757
-903479
75518
-82051
-780525
-719844
203088
-129984
-789148
458026
-436859
-453810
-442557
143371
-134701
109817
512261
465559
659545
600200
918388
-596159
-555183
-642336
-722693
385501
-201002
-761872
122693
-980190
435808
917936
-883668
-488674
-164115
-664193
-208518
-961028
205823
2335
496998
768965
548525
-945560
-87664
-586176
164257
-575403
879383
-176198
-975204
797771
227644
-530386
-844566
504951
855116
-45567
743079
-22192
-25756
178886
-104256
90576
690212
731629
426384
-518306
770602
-367793
484029
267599
-598829
32554
322040
313508
446378
-513703
738105
325761
310099
762902
123531
-462258
-767485
278965
-957308
-912369
-766602
785772
65439
207642
-35343
961184
-701782
-345131
692812
724602
136563
463413
-643191
-379409
-268988
-242019
653146
-946948
-928512
99524
-460651
809594
-574716
849449
572495
548815
-612809
805011
-172220
-570116
892642
61179
-784345
-41919
-731179
180313
-80736
-432961
835182
-387925
-708359
-28256
-924512
-351550
592336
-193499
406431
245481
-140447
477919
-654995
398902
287513
-229711
248351
-139993
-680896
635542
-334983
146884
-934575
-442341
-791938
-718919
515740
-523117
461394
-564996
43923
296575
47080
335564
-731682
122569
984015
860655
929070
390445
106136
-211378
-131636
451141
-812476
-844124
-778571
435875
15884
-459467
71417
680902
687418
136843
-761440
895481
417924
754301
-627636
-120683
-810696
416287
-824109
236385
-248149
-555790
-641047
-264135
-695136
-711978
-873690
411001
76645
-5326
-137859
264169
150551
83571
-299956
-833566
624105
771461
847337
311523
-91697
-914104
207003
-673774
840198
579367
205544
-970498
-4347
381436
265887
747504
825646
624840
-516631
-869490
912863
-390321
541511
-10493
604354
-596348
-746324
-245096
487224
-46280
-78661
111328
-274819
-231325
-577150
633484
-145428
629853
959711
-305231
209220
165255
-275728
-795127
-453310
990159
952378
-627664
614999
-564254
-497154
527862
45425
-955643
-482632
-350222
-551990
-228956
404683
935234
724765
-673978
46561
-550055
94698
469412
-916571
949271
99265
-956860
-355960
-691516
208395
368312
-486643
755085
358471
-534266
-872580
-26531
-98519
-369733
-498670
946906
-325375
18699
-403316
122636
789744
-998633
57869
514508
-672610
-895570
964454
422088
573842
-952117
371359
-326894
-908977
-984602
-18409
299418
383710
494949
54503
-257819
960684
181924
715650
-137836
812192
-783020
-190930
-513183
235679
405755
609453
25422
407122
-332679
-460070
734513
-228249
-495616
156600
-654407
-447733
-472041
18700
-356710
-456643
-999710
942709
927068
495239
-2788
-330752
455923
-820865
-615102
-681914
991328
-398122
127156
-521856
837558
-467089
-912404
-137020
940033
-245082
402910
674545
526670
907295
-168855
872263
-540439
359105
-109038
102852
902462
-108748
45560
829530
-613509
-957228
-501222
842414
-778092
-116323
-839500
-786765
485556
287657
-308620
323113
820568
-221023
-813908
760601
533895
589003
435145
60564
496297
-733710
-67174
955859
625395
823789
58710
527857
-284959
-895730
357387
101532
-852958
856166
-56054
-631050
-260158
104447
-417814
-774603
-607897
273566
548510
-787330
-947458
734603
973271
586437
323605
408416
-352999
-180098
674706
579828
-224240
300101
403616
834471
-172043
-881344
938741
-814656
220189
-914217
-958491
-835865
-545267
-218648
268582
36920
6749
660686
-689515
-444741
873356
-636973
-710139
846627
949465
613467
255043
-403535
-566631
-70251
-823707
209130
-770151
579909
43600
57807
698566
-17659
243152
-81245
68124
284661
82890
522858
-933988
-648528
-440223
72762
-987843
-129738
628021
885514
233290
917883
732141
182754
531349
-12817
779220
964719
916933
955513
173848
-853219
535421
-782553
204589
233987
199789
-552260
-847259
-732088
732402
235632
790771
798414
587105
-649453
-128824
599262
220810
-500804
484776
-545901
-582922
216917
636854
948428
-795901
416073
913146
-878968
371585
86994
-732187
-92994
304442
472403
-859007
-495770
920144
-706266
-227858
652545
529367
-437087
450959
116471
-86540
-677866
-284267
-865731
-178669
-799491
-411631
238410
417426
-774778
186837
621526
641296
99983
742558
12880
-813023
-989629
919887
491419
482774
-939121
995649
402917
-645386
-232209
55462
883981
330704
-493580
451
-755837
-171445
716185
-621567
649886
916694
-33197
-111705
334119
192026
-924868
-44356
-166679
175116
-301799
846201
362093
-291427
766088
-146489
-808654
826967
-150841
594264
-818420
616950
-350275
-934439
-52347
156146
66013
191817
984701
-217803
570251
634587
-301110
-462947
-477119
-966991
729079
-401986
-11347
-437601
773130
686855
-591400
135222
-604573
-825312
988733
-413226
-998345
-162108
-818963
-816765
-545159
-169237
-751203
402495
986909
314810
-405688
971610
-902994
-835438
606196
-204103
-298384
-870923
-171094
-569306
-272909
817560
-6906
-499780
504414
401695
635442
899842
576384
624175
-513385
578039
-537934
-332347
761275
-83092
498416
-989929
-680598
485325
324881
-86285
456934
421888
78277
63130
-782215
779893
192207
46692
-789413
919298
-135749
203682
-580482
-631335
-394623
-945041
-731494
-818240
679135
-244878
759800
-858800
422775
521074
58108
-78809
531145
377511
-593484
-143974
-708775
863451
-722086
369503
-73420
-504300
149396
-881213
542392
359984
-961916
-593358
-436334
-542397
-224693
169043
-487438
43814
350804
-808303
798936
110603
-667103
221711
-368323
391006
-857098
-837178
-231483
-450582
18848
59743
-587131
296763
-570755
339449
792463
578642
458236
334854
-61375
496321
741496
502291
953924
-483197
-328666
-533514
560618
-977862
-341817
359554
132742
-8919
-418736
764419
-617913
-275833
927241
150604
273586
-53911
-789654
686455
-757149
-360408
25904
-964686
-781767
-515861
370168
156859
980461
111664
-340850
934385
628468
330484
-599129
189085
352623
59055
-451362
-514636
-949865
129903
-750217
-567778
854071
-822976
582826
127656
123113
793173
-185889
365965
-567236
840015
401279
-349002
-675846
-228553
807857
-695385
883112
-532994
-761001
511580
797491
-360130
-299335
150113
698925
249303
635478
749061
-620794
885261
-818717
-766724
-937715
764110
360933
185398
557282
-824957
-448637
990047
-984942
952642
-358956
-660788
-275911
-551099
-356173
-392799
-84092
-117173
-881219
-286602
522698
-180554
863512
221623
-931251
498989
-29317
-552045
384250
151966
-318768
446535
-83925
-957835
-368067
-526643
-782791
183296
-536597
-767733
135938
104448
-428520
860028
553350
215308
-532772
-530743
-901866
-413990
182655
620832
405456
46167
-157545
474205
-454844
813138
922161
929407
-34896
-396608
375941
881180
-354442
-992126
-645463
-137233
191170
-182059
95035
-672892
922389
666516
-812865
475738
-118177
-345636
944996
-20042
240374
127650
-399211
-354171
-826183
443245
-879966
-281027
256382
-957806
-351621
-778514
-354413
-975680
-897334
291145
-967806
-542797
-846088
223365
275144
248948
550473
197533
-84537
737609
-326729
797286
-608027
-381734
-222757
632347
745917
378033
-721824
919734
-178723
-601790
-361293
-922341
-559595
287086
-700854
85992
311406
-598188
-622864
343601
-140984
-468951
-433035
-865840
779997
-882562
331694
-304541
855047
-995036
-507255
-752981
-376769
269988
879367
-630853
-351979
-842457
-711119
469298
-444246
-72412
546958
-3841
-785326
846104
-917850
526081
-752084
-540713
-130319
106933
-9663
436647
241093
-229667
554085
-427214
465793
409132
-422249
958538
656151
200982
228525
535518
570130
876546
693061
859012
345844
-751185
-213400
-107199
244974
1274
-261095
327125
-472645
-13179
786413
397036
-906246
-223251
-166318
334847
547083
-612233
907634
12875
796899
-514615
-28588
453050
686367
-800063
-11433
256497
-923517
-318372
115509
422327
-69557
902109
-684872
-824583
-96617
54033
502543
430738
-959146
288955
-172226
-865392
-934296
661457
469456
612788
-950777
377090
-374338
846122
862475
597075
299171
548842
797012
-712262
-194662
873495
-30633
920848
295822
899811
822956
610951
-924772
-273661
-335017
577771
-842924
-294162
-133274
-15149
-159553
-67569
-353693
-690097
-454782
-304470
686993
170881
-458348
549468
-232045
840823
98309
-435033
-871439
903648
-561538
97929
824495
734285
-2261
647451
345235
72967
-626211
-989783
-349262
-469134
-283944
517464
515717
556504
-550106
-837977
866407
-4888
-142446
553400
-834008
399206
102867
-66052
240029
-798824
498916
368590
-895177
937378
-533481
929319
671662
464258
576769
16896
-462775
950559
27114
187963
-518576
743171
-294573
997142
299674
155321
-840836
166081
-849567
16718
-280520
-683574
-584076
822347
250375
655953
-976477
-250710
24542
-871653
-313333
491062
-942335
-641671
-44681
634435
375226
492545
584993
-597660
-319492
-933583
-854490
385935
-936442
445184
-458744
-777277
-388736
-308311
239442
330745
8116
655366
153092
-741510
311318
176615
7780
-664140
304962
694448
826922
362627
-947224
-217759
-2938
428003
-725215
-417945
830343
-44707
-351528
975853
-658772
-287969
421037
-117516
-65246
-967699
574174
-825805
363046
-417711
829561
-483863
-159221
140879
692753
848560
476739
-2286
543007
303660
-639659
595784
-914100
357403
23786
-639314
939459
-145872
315980
-412070
-170019
657208
299962
-748982
-460308
-765285
-716681
-886135
-591089
646366
-303845
-761528
-837498
536934
379351
855255
385493
-143910
-147031
-71500
-840251
213310
-475716
-754350
-429287
548070
-393663
-489829
-597802
922317
98102
232180
579525
-601937
483198
-880783
-367221
766517
-766918
41691
412882
-70763
280163
575385
-533829
-340486
430640
851665
515604
-716392
-219835
675354
496919
304449
921005
-932368
-147482
-472659
-422197
254717
-550342
675906
-513104
-970817
-926032
970095
-851600
-293252
736612
-618517
748439
149494
310720
28602
-275122
776892
688116
-844482
628556
203719
-560873
-591280
-120927
936047
713170
-199923
-996322
-434313
327418
-418518
820405
777076
-742613
-692699
806259
-668644
-722605
954659
38104
-985994
-663858
-213457
163500
646862
815145
888379
423754
503260
-956103
52310
-293021
-516976
461031
586052
-580930
174200
-613872
-577251
739888
713546
4231
560292
490622
261618
867594
296881
592974
-855012
251540
-368922
-841005
587682
417621
322496
234544
232766
210875
-341703
-263975
254772
710607
443005
737797
171637
29056
-843133
-654164
415185
-420384
-914277
128731
583848
646016
-380648
-154535
513609
916234
-561561
658598
167773
69518
817593
-244546
-512862
140089
989999
719904
-649037
-351705
-544071
605736
-641098
898934
343533
530539
-72010
500400
876376
-656826
-919984
962100
471905
663864
608116
-908743
-490671
121724
-992510
-52232
-219679
175263
-982715
-402086
930718
-495576
738004
920716
-775672
-911033
-430989
-319742
694704
-72087
-420808
38236
-541548
507182
-461365
-665173
850356
-381348
-703073
322261
-717485
905043
413518
-208155
26767
421008
739613
807089
-403729
756899
-594998
-473012
-738677
-856994
-552296
-514348
-768027
16715
165910
926677
944628
745102
-35087
-596921
252283
503549
-262093
102639
-877800
34834
-575100
-595284
-60123
838418
196561
966644
259426
-63826
773732
855697
-306927
-821266
-617315
-45604
-678259
-169611
440048
-446286
847104
-394042
-519609
791732
-648941
445304
-805189
603343
-51148
-67282
-294019
71053
967553
130881
475769
-92570
-30701
-327670
-125927
-771276
608505
-352195
-915579
-698423
-173460
-532894
255973
148281
297495
-303979
701996
144599
301979
-817614
-63670
653039
627691
131141
256381
-423457
-936141
962363
647597
-968589
93244
123366
-61158
-937458
795696
812915
-708733
404200
-539280
-624312
705778
287260
-157206
-38250
-564460
-859711
657772
-862465
284888
-40249
-680078
-778783
-387211
947613
352359
869170
-475844
416218
831532
-828248
447630
-75224
295119
-613529
-12682
90814
-800614
278586
-504986
-339894
654274
-799209
947366
-502932
162542
-617095
-362643
-179686
-479560
922245
780065
-159638
-856538
-607146
-212025
495821
-737977
312132
-87961
-906445
483885
-640331
18332
-220997
-253860
-994351
869818
-54474
284236
-635169
605633
-61491
-434377
552998
435578
728166
935904
-927066
-451521
-543657
995180
-671456
296706
-861359
-278602
-915319
634463
-16578
396813
-453498
76978
-119302
-93829
-904691
659701
652311
-899041
529518
-402163
385195
894350
-796531
-676296
-540027
756468
759282
-811862
692371
832216
-263382
-851286
827395
65162
445421
966037
786561
530102
600500
-230018
-73085
-852999
846961
807613
53172
942270
467314
-294517
-956772
-3169
303321
428424
-108819
506790
752128
351154
263258
511409
539293
-44372
343625
-724090
104343
171020
341073
-450237
137056
127634
-920136
-262445
897617
6780
-115444
744577
-185608
937729
686847
-718295
-356789
730076
278537
946532
158499
-830283
453322
-89374
520872
-283420
-577965
60164
672208
765661
336075
-223450
-63320
-322852
326314
-926264
804782
406178
-188708
702399
-587043
695848
446975
227350
633577
133821
509055
-723213
-136103
-212408
-776681
-977605
-42691
676642
-66978
-521819
-606779
355057
538346
-934571
120717
-125580
-158020
-942603
551569
-831707
-868867
356351
574472
-57575
58749
987430
-361727
-494276
214779
-728150
639546
-276166
-451362
-496558
511426
-228043
-474163
-531265
-551402
458860
-53084
-158180
-186084
-514739
-92751
934634
359682
749229
992032
-88749
917523
-876835
-732399
491994
65590
326351
479423
703864
832076
-305799
975714
471621
418035
-475649
975064
-70539
296309
-499100
398196
744908
959761
-654888
-413273
-226324
-169626
493977
-291690
-809944
243205
-299658
101307
160727
-176493
368909
-347279
889098
-304741
-867857
592961
-472666
-173656
568675
998956
-755621
-906974
974019
173841
389335
-525081
-427963
134242
-565321
-82851
720970
208356
747523
214946
916667
937579
-541849
-382992
38886
618879
440515
-592206
-728401
329612
103054
-596258
-77427
630389
230087
-508752
629344
474467
-415726
603363
-351693
973610
-921719
220345
107852
-487039
-862507
-171179
721317
885017
-956233
637983
822596
-498081
-745009
-138519
-879203
695506
269276
-607603
25118
-627671
-203861
947692
-997282
-973774
-561061
632063
500694
23214
235425
-851000
-3177
313707
369345
-895326
826668
506839
-66504
547985
391855
-22737
185968
214451
479182
440959
-924068
599980
136465
345208
992377
-838417
717538
-211484
-890726
720256
-185258
-451786
352319
-684565
571428
-412257
-535564
-431749
901451
833782
-327075
728118
340621
606422
276103
-267524
-416316
-537930
946927
-937134
903030
-977142
662846
39494
368067
655223
201078
85604
-556262
310353
-194140
258481
858567
-841822
573916
429995
-254078
-961648
998247
-352628
872135
-328829
-624510
212755
-722408
651593
945231
-138723
-886337
892158
-75856
-983308
915016
-413011
56187
283083
-757788
-742736
-631314
-314050
567617
174547
944431
426183
332726
518347
-143822
-921352
556699
-145576
-273980
428834
525596
101511
-358412
803189
-246896
-413181
-335534
-133233
-521024
588610
-116541
-606008
-824401
939646
677075
-582189
-803090
-954239
103761
764527
220309
48192
190710
-446966
-433462
-953112
-368317
-876763
-98688
357703
552071
-573092
-540786
-806341
-769904
212318
-219521
-105438
-920915
259455
-516829
-37456
653448
-341230
-97810
330523
76582
99101
376285
-819658
-136373
-403407
228535
-945664
149628
795073
-898776
781312
918311
2537
139015
470382
429445
598229
664041
659542
-189454
-555480
-445896
-110369
703976
37275
852176
357423
696046
-245634
-312054
-227373
853467
-935770
-47030
-282906
-339176
-818496
-228569
810453
976578
-127345
591764
894889
875193
-269222
365270
304638
-670993
29311
-35821
139554
473831
518283
-970815
177806
-444442
881362
-464771
-748397
-364273
223175
24231
-510806
287406
977201
206288
948231
-841295
977719
758684
-864717
-149626
350448
-969829
-274433
-918774
395441
-969796
-589767
-575248
-5616
549788
898583
-487334
578973
76389
68225
460334
611618
319829
-903939
-165207
-655941
-414745
-877801
-678740
791544
-929571
-520034
769263
829114
-384751
-380364
179561
-354580
345203
260787
-959139
375408
671021
-534387
-630209
220808
-635804
-117542
-200220
440585
950683
-739886
52202
270511
-643825
886996
614571
-58569
-990806
935832
-267025
-920376
-584203
-497763
908738
31046
121874
88298
676467
-532923
-650915
717328
842485
-979895
-817059
-787725
240913
-452863
94734
-959307
987722
45416
-699193
39924
-684073
-343017
-73081
930498
598414
-63887
866329
-668612
15738
-717875
-166374
-75525
313172
955500
-987228
-10361
-577424
-638143
-293034
-734939
-618038
-110093
-522663
622876
437044
572071
663570
424766
-382514
964378
-535311
-66586
-378640
391609
-136089
-780226
-672278
-269760
-448837
343460
12366
384789
-732066
-674463
340289
-719294
315177
762865
-357436
-977858
-972074
24527
-87950
-494737
-352598
-650906
-922667
-689028
773860
-305180
-724651
-761451
628234
-103290
630158
-507855
116484
957880
222385
667647
301339
-765250
52436
569273
-439712
-607276
849980
875465
-844411
-507457
897608
-816485
517070
-190342
-311221
-835528
158752
-233888
-524556
-67388
460933
-249206
171162
89167
647504
-198681
581312
-236013
-240802
-196303
-568366
-939463
38448
484071
629810
598737
876796
479789
474201
-967615
972332
371809
-784099
489402
-818534
-95320
653874
340219
670793
-870682
-727169
131725
-119888
443993
-779109
-472385
-754689
802204
291603
4510
-394099
723237
65047
644349
207307
-305143
243085
84103
-825354
-282714
116488
-853022
-910905
332389
636380
-729438
-762932
290253
610782
907861
419572
883614
39586
-700317
327606
260478
-172701
572918
62682
-881099
-422572
668583
842138
642476
312932
49445
-662668
-443983
-866453
-488022
273303
250036
-341044
362399
-417576
-704665
632961
-180507
585589
243743
-272647
5161
127356
766940
304844
-545039
27417
-867858
-972121
-909901
-748956
-394693
758682
-906819
-752218
71613
142627
-414885
627630
276175
97093
-99067
-473790
756050
-736669
108635
-948615
896293
928128
636975
140035
-344519
-357865
-732609
-577580
946979
-277648
449838
-920879
-249768
539937
-669835
355540
298619
-576653
603323
-629769
565975
-811563
997862
-157851
285531
-101206
368360
41580
162126
-523006
92965
58419
-594879
-270061
-801546
60603
372074
-534155
483024
319053
188198
-67139
398175
938430
-527202
728341
293970
771417
-848313
-102708
-858352
717663
85729
-860491
-440188
-628741
38304
928172
412840
-799571
-594834
-494195
258849
-189712
235744
457303
870891
-392182
923149
353914
926872
111346
-713225
325046
49776
-240427
53386
-656255
-469011
205074
241037
-327363
-77263
-673234
-187853
482549
-301974
850451
410720
-889135
-949120
815887
-383330
309729
-373826
852415
-232969
-502936
-539768
-309821
850978
-612896
801526
-862248
712150
-148699
-102674
-234464
195047
428315
970611
-563916
-899048
-106653
-237150
-86901
-624105
460876
-236451
786616
571742
-185571
602502
-811589
-875842
-771325
-959174
-108810
-274260
-498942
581370
-423282
-111838
382895
-285529
-399688
-765804
611797
365849
429243
40112
336459
865327
141065
-770194
-371823
-945837
-394298
-910947
-182287
-607683
660795
632143
994820
849207
756301
-776505
890033
-352510
-50765
-608909
-771141
525954
279254
611755
-759576
879566
845951
852221
245414
275194
-107667
-418127
140521
-966603
-188321
768698
-912439
417381
857751
-94726
809699
518546
-462583
804518
367752
-706282
-971987
257784
-58792
-22751
648876
170068
-496798
-71871
-218177
-256374
-192305
-372226
-404153
-946892
902968
488180
-365018
43489
521578
446662
-187813
609139
-135958
-330063
-485587
-326259
-811517
51830
-521741
556235
345548
-493728
-185981
-713244
483521
-537106
456825
986723
391024
-761352
-269651
-801282
-133578
326196
-748173
-230610
-185624
-113191
812879
-664047
-666529
-374935
945093
197513
295003
-540495
871255
483486
511336
-650487
39721
-143116
-144214
853741
143640
-660693
-683365
-399535
-673971
707659
-160887
56379
906377
705536
-617426
-841796
-525075
196951
45014
-712197
532904
378485
-87132
477996
-424002
-792130
937501
-552748
691357
448837
-203234
-268923
-694280
652552
-415183
449361
991859
-98547
-950175
-682112
-390889
-111061
374267
-484512
-405526
756842
-326308
69400
-46208
718706
357203
-513305
97190
-729929
964692
673189
-522058
902193
-879560
-830702
351029
-82794
-99624
656749
-430242
485194
106109
-438384
-613354
155935
-120496
-4243
-955126
-746229
511246
-360651
-989388
-815062
708749
-35596
903644
65951
451100
834
336023
415791
-325978
813965
317983
-205537
983263
-330989
711670
-116362
-674240
-718573
-631168
431869
-156957
-244522
-412196
722548
751236
-367322
976320
262482
272027
986932
447420
-19225
-48664
351064
-953274
-597565
-648103
382749
818227
25920
196713
136209
820384
179976
805221
532053
-936386
-869020
813480
-567554
562850
-343477
187924
-849347
-620930
-60840
-216669
-644610
-798359
-944643
-657679
649061
36133
293658
124
82859
696093
352022
-534392
514319
-622058
662321
-349472
-801675
-157704
-544252
730379
-94089
-413271
543858
338357
-850421
-799620
-473719
-699768
-420549
465441
83564
-65159
667082
138922
277163
316143
-824946
-429180
-683733
257914
-733088
668289
723522
781232
-953769
385843
-568241
-755443
-771861
-112492
974936
134050
474238
518793
-527594
623817
719173
-1313
924049
-701376
-535872
7612
233465
-868790
-853467
-489373
447354
-678412
81447
763621
579503
348360
431910
303024
129592
478141
-311133
561351
722698
-82994
-551141
697633
-948944
923097
216426
-476537
546913
-64401
522151
470962
234223
986279
-521426
-532312
-882511
-374892
-21684
564843
-53304
-940237
328463
-473801
408123
-239628
829223
-462285
-761488
-481910
-900935
961211
435097
-452075
658844
486153
-528978
-124731
-990384
-982066
810868
531767
488897
45091
518045
967471
512779
635534
-407421
-508905
200376
539276
-449142
-471161
-934526
958982
289211
894698
-503304
527724
-587213
-404238
488935
847884
143687
147778
334037
614709
-976953
343653
632644
833916
-124581
121540
-120994
-606536
89011
-608215
-971002
681591
-117120
229375
220866
433738
758214
286341
392719
47425
181038
889416
-424851
593826
-514823
-935917
441710
628864
211861
-224254
243573
234909
-880601
-123784
68824
-5181
997757
947830
388284
86768
-660386
417283
-231641
222495
-353343
989225
-343768
-595129
275566
-951049
452297
-543397
938367
-972555
-949572
-576456
-908471
492139
-947593
303390
-732115
295981
-461701
-612716
-827803
607123
382104
-830047
554952
-229612
256722
894567
-812330
-974920
117061
-165672
-985695
773294
239200
289871
822246
-308504
746475
760613
-281058
796904
-815844
-189529
289042
-763436
-886139
556928
532545
-347840
944212
704742
-740718
326316
874696
814235
-903297
131418
708802
-715626
156498
-174137
118703
170804
-400844
-642098
-539325
-578598
49399
-792850
-817986
768342
-995946
-633830
-421188
293096
-397266
-307326
-149976
-864721
344834
-205764
840021
604117
-879449
714716
418352
-782745
-153867
127153
-498370
-997369
953017
620333
173436
-447827
978236
634112
-26425
27634
841262
155589
-204025
845316
521760
374788
138412
-875506
-932539
988436
-740227
412296
-217328
-900206
16413
-96777
814511
-565235
120479
-339356
561918
622109
-336725
514934
242442
836712
-932894
220677
470823
40682
-751690
312085
-803729
44286
157401
718031
-580927
-704187
842526
-513465
-715751
-897701
898832
66921
-797907
-84755
970145
-983397
350010
90623
-322753
-88072
-287268
340523
-573138
955174
177235
-506031
175850
-351943
534651
424161
960143
730922
-531554
117544
448953
-112480
413357
291479
374056
697606
393778
272888
-235473
595872
-811868
-265329
612475
538142
825295
-710278
-549930
-461974
630246
-123068
-506801
-192520
370901
669050
455538
-94448
93210
415680
-363526
561656
-466777
-914573
-550824
946581
376906
823232
644187
-229316
96119
-591287
-633445
284252
143385
979031
-177607
-31321
-731247
272464
506706
898999
-850605
999906
-293522
520297
668955
-837985
-574151
-237836
577696
62323
-676180
-889081
147751
-227003
-942501
-475343
-403772
701686
295341
692348
-889601
661897
-23401
253784
640928
798993
-777537
909682
71456
729169
808680
220852
729074
-484842
-258851
398029
-322826
166998
-839808
-745130
-770679
-515987
-634211
377073
257010
-576711
901730
853239
-875026
197071
545587
-764627
-141032
-477815
489158
-500104
-678822
711621
-590423
392635
440789
-781743
-386514
169863
-266584
354636
-432109
410591
-478366
-271916
665461
-249045
212097
-968750
-871972
-530893
-545461
-970243
-677654
-420487
226828
867933
-185113
-914204
-609882
-695956
-414308
-288704
-984335
-4731
-896070
456454
213527
-282583
-373683
946943
-927947
194208
357533
-406313
922292
22993
344643
134389
54243
472671
603497
508783
502429
925843
-911704
-270743
793775
-96817
-184947
-816107
207228
400745
-104811
222893
-603986
-880
-320653
609541
716538
305665
556483
788592
-500128
-85985
-617722
-577836
937009
726922
556553
-8748
199593
160049
-499966
-297979
85892
-411670
431278
-120333
491514
-753670
63560
-301258
647076
958750
921635
-956911
-42130
-399018
652630
-325593
906647
209112
-537002
-593481
-876873
-154723
-171317
-939864
-427801
-614764
51388
771792
545286
551423
-526188
-368823
-860247
905091
510844
631267
-848580
-425596
-669992
798497
-466847
-748357
841586
491023
-147374
494215
-834570
-240727
-296673
-371571
165792
-173546
473707
994476
-113410
-954095
-620289
937979
817698
924998
489401
-708490
-443826
629154
-803400
-932982
260421
-651979
-358577
590429
-853483
174576
842073
988103
-334401
-305302
482318
-168970
453971
-814356
459459
-380237
12099
-66834
-385762
898690
-20928
-6050
836669
-203231
-81053
326069
88279
475122
-44777
284879
542140
-784357
632901
-816438
806073
779418
358139
648145
767521
-976262
-657157
249839
-145232
796815
435484
-685773
-583423
-552418
247393
30816
-653728
-773536
-975235
-817060
23234
-56288
509010
-888488
-581167
-535767
396392
960974
-320124
29292
-855464
-514051
-191290
502676
-865907
-423769
526414
-523063
826070
-618818
-726249
261553
-304591
-309672
709136
942803
721144
-944593
-830733
745910
-761652
192501
-310378
747358
304014
108456
-788410
-299595
69429
-108533
729698
213966
377416
-461592
-283359
511510
114639
-756945
988448
-59292
-375763
-737802
-797740
319647
-47473
911396
262449
-326329
966804
431717
-580420
-794849
-375782
109202
952510
928232
-782343
-835900
-371363
287087
55567
-641665
-498948
-567017
-103257
217694
944494
-988619
460749
932941
-47910
-915015
-804861
154350
404632
147666
65746
-332919
821337
32550
-901202
-759083
237702
-276984
350120
190211
-348752
567777
354312
279886
-145136
-590121
638222
355917
-157137
-465036
-426390
-212644
-453654
-965642
-279703
498436
-880656
-84564
-347214
523977
-936898
718533
-808942
884440
-248918
-710144
-874644
988784
12873
475476
178995
664122
43253
-466694
-55993
898117
-56814
-417771
254033
786049
117193
827644
-426596
663539
862003
293702
161975
981347
-790862
814761
505323
-727760
533293
696382
-843321
-715625
986238
-717964
-726841
-890
757512
452154
-336768
-199235
985461
607239
-301119
-71354
-810533
952915
-285306
306661
780559
288099
-29800
642561
-418200
-867826
623907
-209061
946935
129230
63179
480228
-174389
219859
764603
-188151
501895
-962239
810960
259407
489916
-525809
-939828
475376
-918570
-240946
-595978
-729103
-288032
118717
577559
-507473
-593185
-452242
-864913
-11384
-320067
758995
779555
-373133
-111776
-157266
-892905
713836
-937407
871699
-474315
564488
909460
-663356
-176105
399376
-189165
-115933
-125248
-107735
643122
278774
163163
-644911
-602509
-259279
-152383
-195694
288480
-17296
792923
968413
-258302
572478
-404720
629923
-584789
-297624
343759
-522196
-425926
869444
-957708
-516466
-793913
-133812
882910
16922
750256
-242338
909188
393377
-963565
72350
748467
-566073
813072
-403917
238234
101551
578788
31156
69964
-679515
-396367
665245
950409
18845
-632380
294168
496650
-58306
163611
538942
425228
369699
-594870
308138
-613379
-844615
-934201
-704192
548763
-897765
368159
297229
-463838
181230
893313
774396
-717219
472100
-194448
352745
792586
409186
17989
742994
-571970
385609
37161
924680
-672697
-799228
463622
752532
570472
868753
60669
957093
-975862
126469
-747099
572901
228704
621060
-129871
764867
-197710
-236559
539263
85071
-764459
-655186
-562185
-971874
754000
455805
771120
-817970
-158586
-191719
-893290
168718
9054
570333
-78751
-420474
439085
981919
-463382
463223
108387
-210480
36123
-662909
-589421
906253
-898043
212870
-330306
641221
-702060
-94765
986035
-264244
-66638
740034
-808440
-295518
922064
32975
512763
-971227
-798308
-478183
599106
122941
101343
38191
104860
637962
-498587
-786754
-572519
537537
-449662
-161939
443790
-347704
-949070
-886516
-706484
-651129
18720
-720450
84627
952082
-980416
276188
-343437
941648
-690838
-830674
970422
-489146
-308856
569528
633796
792487
-392282
-261345
430449
109132
-48098
857931
-353331
502240
-304009
-909541
-845465
-253078
-796057
-551949
95793
222664
-272398
-819580
174745
-252814
456608
831309
-311166
765770
-999366
-340745
-723376
-308222
-771217
910420
-515735
-163498
-350925
914714
945635
600977
772644
-407697
103216
-531365
-317237
257752
215558
-113294
705803
-688649
-890630
-566596
-508229
284115
180591
948380
115423
869425
714149
116058
-471320
990774
807837
-242537
901194
-707898
593966
-449732
-793185
539600
-848756
979460
-868097
254461
-551905
-185334
-487788
663654
701373
-781985
975005
810743
-348580
-533224
94858
832011
-584845
-789719
701435
-870696
326340
-769886
-879923
134176
-12422
-978730
426278
-418457
-428461
633094
-878857
-277217
612554
-746954
977244
-939351
67713
-510544
724303
-230914
-292529
699308
-420171
358891
-833916
674687
190901
-418761
884969
-107664
-289456
211308
122451
-169378
-654517
-889972
-148107
771762
-308428
423432
404856
-187284
-853785
17409
65763
-876541
78058
-866525
-387085
-197639
-97438
320386
-498331
482391
-320723
-332247
157078
870179
248993
42046
-237485
959537
-746646
884966
-209841
-401162
994995
642052
-629401
-313434
65484
775455
499282
211699
-207136
-434956
335158
870923
-301480
948073
-326717
601082
268459
174952
83473
947737
842706
-759449
817915
91698
282597
-419571
51235
535952
-534605
841394
-865211
-539611
483446
-494612
146956
-451071
-719157
-353763
760628
73708
211282
95785
-55370
909803
43858
617914
510885
-687684
-207134
-405643
-739948
-364429
-165091
-922033
727269
-882495
-341603
-221497
653458
123792
-380103
788247
584181
-896658
-706365
-268864
-347729
-425521
377374
-587102
648187
-411344
508684
-407183
-501542
-447459
-789270
-990657
-135142
3596
-396300
124910
639168
438609
202878
366437
556115
861275
-855061
209572
-14934
-235164
-2181
-430754
-131821
291454
300383
520450
865933
-322244
933349
514119
266412
442032
-893065
764871
994574
-682334
774214
-140569
321263
-622086
984341
-39570
816524
187218
-673134
372639
48493
-528194
-417789
-966442
236643
580030
-397195
-895179
-128517
903188
625272
-262584
-419056
558620
-748465
847356
652
-641530
612227
-4775
-323863
386441
854656
997400
764355
838997
-42170
580879
26215
284696
-46483
-925293
756503
535728
-891735
-6855
115758
-288930
97967
987241
-385742
-276762
-275344
195202
-718142
-23808
42558
282510
334662
-345216
-722266
-989201
-958776
-867610
-991802
805580
971387
-33971
386458
-2399
-749275
-660026
72308
-992773
875703
180574
373
-8540
891645
-901661
-21299
-494098
-178422
703358
701104
103437
-320451
-256338
-614054
-985789
398446
-336319
-974990
439671
-203929
-966791
245250
-232542
-762
-368292
765059
249964
-28317
-162633
257191
-152615
-982059
-742437
838846
909586
-644097
-182454
-584512
177482
-479096
-883408
-719082
200453
-139746
-333135
214664
-741300
330547
239675
698371
-873382
272885
-56379
-105924
-727878
575329
-340865
522086
-452988
496503
-220723
394398
514444
36841
233243
424030
392745
-949211
839519
-429774
-428307
956111
-148855
772146
-183635
518011
-13190
75065
-151443
-773516
-226564
-24824
499369
717058
869252
771492
292387
-471613
293578
839399
-975111
-927146
233796
539333
109696
-532962
-36637
-497560
-482172
-197119
72667
89521
-241009
923813
-138334
575357
441823
848477
-349579
-709620
-925039
423858
265556
574330
140915
134808
345822
-566699
663195
-360601
-727301
688084
-287746
506495
227417
821951
973534
-809221
-675610
-508639
-6340
397057
580882
752652
320869
-557452
328008
-237308
-708975
978430
53073
-634014
402287
-681372
940317
-456799
453437
286138
-23497
116631
925538
249202
-195285
-362208
-244303
-967869
-540258
-270769
-777089
-215868
220592
216571
-818811
-198526
-30777
502059
244023
-702770
-735250
535048
-724340
317823
901035
677948
636452
841351
-778851
89889
127488
197652
-793480
53025
-553146
11235
690817
202551
43367
-849442
931782
266278
-65309
152374
-517152
115880
953849
452072
-382062
197871
749302
-117311
-267081
-975038
-799488
-366047
702910
836965
-524697
924059
-73147
602792
121710
133374
-344183
568565
-855392
-653366
-228885
187975
-502808
-297103
-545747
431884
855272
-62898
-452236
809120
-610827
165702
6991
-861525
-951609
739911
-836563
-751096
-626137
866348
-914131
-150833
790406
12723
-548041
-87884
-853904
107776
-519320
-709296
454410
251796
478680
951603
954693
932934
383487
809965
-129965
931251
619084
259208
96953
-373926
397683
145344
-634015
561121
394249
-260151
427468
480118
589017
217874
-507160
-959025
-870011
-361064
148752
-389330
-70359
-396838
862466
-591679
-445235
817159
-658746
938252
627123
211289
869502
246207
-529503
-33546
872282
868181
-888202
-761734
429301
506048
-21885
-143231
-13835
-432869
-925358
479006
-391893
-795368
-882059
756859
-184698
47583
-639979
-322232
455904
-85214
-505073
797159
-146963
-877950
8448
-277461
368258
478945
688994
240539
347126
800792
478806
-223574
306840
-543080
633196
-706996
24052
707838
772011
632160
912471
889953
389019
-272227
-62465
749040
405541
-606561
-336175
900469
-809403
516862
-977482
199045
-760600
390776
-322010
928394
-368685
-974885
729186
-889880
-198458
36026
-432959
-565263
329031
591094
-857425
101041
223253
-944955
-9007
-387729
-217182
928528
-638690
-811641
-678034
25135
-911172
-487436
-458003
-888653
711610
-218602
502124
-610401
-290208
-866562
-585285
-561022
-756441
216257
475004
-189399
650994
-195966
-598306
793570
905075
624948
848616
-103933
-762782
-368566
-175405
-401471
-180206
146562
623665
-91378
659126
-834339
19969
370736
-52940
-477907
760335
656852
-344469
-824951
-904171
-100909
391306
570834
709692
42300
-625133
-888615
-164130
-720058
736334
-315515
176010
973552
315919
-999395
-427919
-864288
147167
-804255
44335
-193707
-638593
-935697
-822972
308467
-413604
937364
-34681
241928
-887588
61149
-858981
503719
-368017
850711
-453981
6850
962097
381889
286793
698430
-933626
-537198
671982
382294
-536592
-755938
518007
610575
-560192
-437659
-583132
-198785
-373355
-406104
-890318
213041
-468741
75002
-545031
-356328
-863849
-404012
-852609
-231866
-553301
-306590
774985
-591204
-924701
61777
-892775
-858326
524580
779208
523968
987988
-976731
41974
598563
-536922
604315
-984570
264294
-769041
-390674
373977
444001
140586
-551022
898971
784258
-414870
-505041
931650
353264
-58341
-374941
128248
350455
-299641
-809975
457681
-157966
714605
236888
-633999
702593
260158
407976
301156
723236
12291
316586
-12470
243250
925913
-638494
-312749
66498
-189515
-413778
-149244
395615
81182
-217594
-251122
-977160
407466
877126
373295
-892176
-932849
-169024
-50142
781757
-932137
315860
484349
328022
-276165
-214496
51258
736126
-897910
-961213
-20624
-971998
-599707
666628
94501
210778
-747150
945258
-393607
334032
-272337
355271
356872
-864872
232397
-269833
-757047
299548
561143
192812
81304
629006
-491329
-434347
-42973
232507
351158
-991715
-31367
453248
-952928
948010
481251
-552634
614637
-424248
658145
867487
-478991
-735463
201518
248673
619808
-441610
383802
-147795
288557
626756
-848248
-150301
-180433
233057
-521296
328239
798710
435732
-439255
149868
444018
529379
-396885
491090
477388
-915634
938456
92024
-339882
596600
-40489
181128
861137
-838971
-570200
480945
-280581
813603
-666851
-992025
440358
-515098
-142326
-740075
717959
336379
588164
516669
-227889
-851091
-333464
-783872
678288
269651
707219
155675
354018
645675
-752301
-985865
242274
207211
195263
103411
368240
625064
-415645
-912341
438667
-82495
-904366
-120976
402407
-46691
138950
120365
-710312
-272886
-362967
61800
-123977
303569
277929
-445689
-426780
-14852
709986
927238
-369178
957686
941374
873096
164896
136636
-23493
-466864
-238300
560863
-379205
-799634
-521633
-283570
79391
880774
669739
-781660
1139
959428
-54546
638173
21228
821478
-58258
-700843
-624212
514962
284305
-914226
442200
915127
-956541
383573
788223
208356
-479791
-235271
741492
281909
-674409
-637714
482275
-196041
78716
-438335
-315267
-251545
-219994
685873
-292117
725460
324045
729111
546938
-734214
-971733
922726
780749
312573
-991501
222948
227699
-948041
-393479
15921
260315
126730
780650
1807
-591362
-893759
364093
890913
-89800
-557191
-547422
594934
191264
232585
280806
899148
-41955
-395150
628258
-495018
-129363
656526
-572293
-348615
-30902
-563793
874334
-803204
-511833
-519146
212718
748483
607584
-6633
-249711
-983779
99609
-885618
907135
-990191
-442809
-640287
604743
748455
592298
-114452
647603
-449658
490399
275860
55324
-638965
-67614
483032
12421
901485
919240
-113246
-901719
-592593
367608
310999
-844111
-24808
-695634
-93821
-8586
403975
20561
-101452
413784
577752
258262
18526
326207
-149440
904075
-26191
400902
394473
-750331
-543774
755509
182055
939259
-232071
83540
858499
654684
181821
-734095
22291
-507181
-578206
997483
-202815
327973
-11104
-798841
-651467
887445
614944
926286
145707
-366530
252492
996267
-462456
-773700
397169
932018
-524030
853396
687527
658025
792654
-544544
-258436
651152
-889861
923385
917058
132431
-583796
-661149
129913
213390
666825
-881191
414550
-984642
-993746
29493
941644
151962
662963
194136
148228
-799493
420437
-454603
-867475
896407
-601208
820052
554432
-808555
-724493
-704004
842598
-614354
-780620
759655
518078
-364415
-901494
-352010
848975
765332
-233200
263524
780690
-226945
-706983
722334
925017
955981
-83530
73245
-843513
-663094
618642
-710988
-766688
-982567
-890936
787745
-791121
-615429
-916260
-948523
-229782
-696879
811132
-711705
-61294
909639
-63714
-212319
674970
703087
-948795
455660
-523859
-655778
177993
-598843
-699797
-905537
474403
-543310
-568631
93044
-254297
-335318
110478
-145233
-547574
319357
239338
-463833
370834
-990444
-160712
181966
-702148
777994
91604
234138
-434325
-233426
-62776
-383120
-777767
413366
-38897
400227
814523
261306
494690
288925
717997
926060
-618031
-536301
-409258
492447
318467
43169
-188196
-442195
579336
-817363
-432639
-581377
364604
-134787
-803383
-543792
-900649
-237708
222782
36575
379173
445016
-550060
-659724
-154757
-735537
601583
-660067
553389
319579
-734008
935359
783279
-143265
427805
101745
899904
-760392
659550
479239
-577754
-773089
897862
786851
92125
-905522
-756942
191476
-143229
465841
-771950
-764056
-89143
-322009
-423780
756100
-57545
-822198
-903968
-504156
497381
-637975
-568798
280660
218760
859007
-617596
118663
-901385
-958046
-402098
-479138
-731134
-504237
-692288
360991
-409758
-449230
-447534
447014
-983389
-219483
682958
-72532
458509
-740822
-316433
-599037
-563020
-220400
-103192
934362
141625
328010
215021
-639615
187017
597426
479049
285633
639381
-923050
806495
908247
-427286
-885794
269238
162957
-335023
821704
-390029
-318412
-397779
-707072
609056
-939271
-447894
-707378
-538307
-10913
72223
358501
-76552
-786153
-313489
-861531
-425767
873528
735895
-946718
159160
375276
-869768
-34345
283523
-297053
79861
-447240
865905
744839
-625537
-524125
-573574
-23316
-231197
-964519
37414
320910
-671896
499107
-690004
400327
-142392
233445
614175
544119
371914
-811592
417647
107809
-758310
-423194
-516915
-628077
542462
766608
74870
-377677
-680633
-59225
-632839
-306169
416650
