800844
780094
-50704
172174
654747
-711308
-497412
-66339
824660
512791
-689255
2829
-650791
-680482
17258
-508432
-87269
-596333
216398
684348
-394401
638189
911693
839811
857050
-323494
626466
-580131
-939431
787734
657344
861413
567827
-393361
33587
222574
-104668
536176
-843766
-280009
48966
-533020
722821
398176
-213501
-259921
889745
699230
143746
106143
383577
749346
-255669
295269
589156
-398620
971776
215622
21250
-967656
3356
-321406
893758
-428817
285233
-72656
793757
-819435
-536481
949991
-99443
512486
-583029
-376623
-89338
203470
363457
-199594
-97301
-492798
906549
-713724
-743453
-349120
581546
845704
252261
553321
61326
-726490
585665
-935319
-47896
479422
-364136
-762663
-593234
-570380
-582098
-129715
-620389
318459
-617229
-203418
941837
293433
-999949
305293
-906162
-97250
812496
-999613
189027
-930958
-348733
-229428
914747
903529
-676108
-23928
-822962
909558
40753
129143
388980
676617
366480
795746
-893763
784383
-333969
-514152
102842
48802
282431
44678
-657766
282482
-650029
-563927
-814768
-837534
-563540
374259
-768491
87728
-855169
-853745
-8744
-531277
122328
168295
-621719
-836920
-702563
767261
839698
663918
563007
945936
448301
-770963
-568217
-448858
277840
714215
595821
620075
-3303
945793
-943853
181929
-891742
-507392
-443812
-660232
580337
-298980
-513977
-428407
169743
608351
739889
548025
771432
-962674
315285
611130
701244
-121708
557065
149545
107330
988849
700687
-614831
703063
296508
-994757
-300241
242300
-938609
881689
350559
-446001
-562123
690327
-865664
138897
-823650
-294071
-691360
784702
-554182
856665
556133
-516856
171950
167262
-815613
-949759
-275674
333933
157571
-286825
34620
542741
-583763
-668873
547984
115997
573428
609376
-2315
-76014
-836625
435562
-385687
-702289
-425541
-209337
3641
-116901
-424636
449459
-260236
-868503
932603
911715
298759
-883010
961957
-976915
450923
119528
-263740
-514458
-337732
152498
-183330
-789748
-731506
-609903
819628
266179
314084
983003
-298259
928397
-719286
276201
-280941
284355
-840700
294424
-266186
-100936
425921
-333584
-189221
-275320
-216593
-227265
-252234
-765671
892263
484026
-280128
-445469
-363477
536542
-235216
-94982
926640
-415588
-828804
240723
-432586
-127062
169119
-151871
-850862
888179
-867516
-691561
182603
-133702
207503
-391477
532714
-981718
333204
-683879
-208983
-919031
-449550
-316720
564996
270323
237812
-798481
-193136
-997405
106537
-266497
-412993
277734
974226
154422
-849329
143345
-997449
-700190
31524
-864965
-391751
-785874
1333
815753
-177350
-465953
834036
-844147
-149832
-374947
-763177
400619
308333
801819
-329059
-453855
-996662
477805
-451259
109875
-788692
135749
-612392
-814466
-709830
-461720
328880
-707279
-161909
-639597
-572243
446341
-425471
429090
262094
397180
963137
96129
553033
-186696
721182
789857
-786077
29515
591676
-115136
575661
595014
-637331
-875599
-295112
-426023
260150
92497
-240488
550321
630778
-911609
843043
-531131
-551206
-729201
915211
23324
699889
177304
-579497
663026
-726567
973537
-523670
994615
763393
-309747
24130
355069
575117
-400210
-49918
937786
-275809
654971
-488237
984342
-252532
271276
534662
-621754
359667
377704
-152885
808462
648504
-237674
-168214
348392
939630
252290
11417
-786937
225826
487747
-792322
-10781
-822000
231808
-655713
753117
831599
294369
690903
-444211
-50660
-797334
-459869
696808
473942
-925207
-924947
-166391
452497
-77831
-357929
101000
684495
473857
-550608
624124
-273854
460810
837188
951973
-51443
-955135
-58808
126557
276673
285479
-120326
108271
-420152
-429423
664061
529189
-226757
-795808
225996
-752815
-721015
301049
80794
731482
-776783
722865
-167518
907713
196722
281875
531837
922869
-257316
369024
874841
691242
413889
-183967
-182202
-309439
-898488
697473
798833
-318639
-731951
462894
-789451
41292
667086
436545
288478
946071
-262406
-630729
677553
-39188
-907864
-489965
-131476
288859
791910
-599640
211727
-465406
769384
86568
-774165
183273
902601
43634
873835
-995888
-258893
672667
-314527
9156
135561
-103978
-949552
-197354
-667433
338926
-251284
70161
708198
-573731
-969027
800334
-63696
-100503
89192
-271786
299858
-699081
262808
69242
387487
488644
-747486
290088
-467722
-873652
294201
273385
799016
979674
-717460
-65424
-124304
-667012
737223
208263
671915
-514061
-721576
380112
-87792
-690603
180446
848512
208895
-730362
-423275
-491248
-429443
839534
577994
958045
328177
830509
248132
860455
956858
-457668
133839
755873
-477994
416380
-309551
397703
749369
-572329
-394035
421283
-86390
-115610
-198605
825818
193788
981841
674330
-597318
-748521
-748945
-88565
-177964
-909412
-510571
-219919
418766
-680063
-971787
279220
-723206
-429455
-586941
-967333
92552
829440
-276884
-509746
578808
150788
96220
91
-935603
980610
801486
890216
174398
783327
564546
577080
-965195
815601
-511485
-143158
906190
-22056
636923
324955
297882
665136
-395825
574677
-764319
17234
607345
328233
-153326
-669540
818488
-574519
481249
-85293
425572
545647
-104684
227057
435863
-930286
10384
408
646794
45189
-183992
-864691
902032
-277802
113254
538954
-952848
-588864
204090
-348673
985813
439772
668562
593158
-231996
-484765
923619
-413509
-59283
404867
501199
-633712
-49487
-603485
593346
-613625
-533771
-396271
386784
-886977
648919
-797208
-751668
550950
-75010
361586
89903
-27858
772723
-706007
623470
758535
733765
292031
351693
-498231
807267
275311
88261
-252017
-319823
-410541
114272
630691
-14026
-292383
-982934
452203
311347
403850
565226
-39735
606642
813559
-488786
-468369
175144
601118
503774
-52133
895112
127243
-293598
628877
-580726
-941906
-869355
-773459
333405
218907
-25475
-986418
808366
-911204
644273
-205660
-203586
661339
-753458
-892240
65189
811769
68026
-328170
625327
579241
203462
-199529
180359
-292765
748338
75471
834479
-545261
-295653
-746247
-487167
-165008
-519705
846239
-946102
454820
859821
862265
543616
504094
-343396
-659970
165432
-96853
-552209
-769379
-285085
515817
-97549
-659758
95058
-894087
140713
-724583
-186851
-110949
350888
-352372
343791
-944766
-98619
856625
-109773
381676
702863
-55874
-163505
562683
-193610
-619889
66777
462995
-279859
-767792
-633859
167933
-537170
81057
-316251
365281
421299
778808
471194
-437988
-945776
-715657
451063
405112
-68029
-205147
460347
833352
-348522
-649427
215028
-645660
294700
-948477
917024
-898911
-568366
-16200
564085
151776
216009
930226
-680292
678839
11282
3458
44120
-567420
-217734
-484686
-5407
-163510
-200343
-554344
-758398
731628
240510
701949
564980
891988
-947478
-219993
-753673
347222
-168470
-836649
448312
263165
147151
12396
-585059
-636840
-57378
-265350
-958002
953904
738108
86118
-613516
-479627
601432
381077
356864
-598911
826733
598466
-867284
67242
300415
697697
-40770
352938
-522297
205557
-299840
309234
368908
-851529
-427601
-483941
160868
-12659
-120781
-896511
721991
-78783
-942608
460099
-992665
-556123
980472
608768
824955
337336
-990144
651688
-64198
-857427
-281071
-763783
840270
678159
589155
-682027
-116284
-710686
627208
-747376
-562214
-800393
-231317
598654
186948
647902
702143
-91062
-430881
759536
-630964
-423546
-796588
-650492
-814778
-971634
686844
-804922
680054
-377354
-662348
-601017
-141137
-822078
-922858
-551983
-504105
-39141
-262668
-876897
213483
175118
-677290
982167
-226229
509658
630068
-524086
-581405
-800813
-764551
-212369
-224358
-561138
137139
-39136
-532771
-176017
155943
-852718
446629
493595
-453734
-694509
671517
-376591
-246491
-832588
584269
490841
-709485
-202249
-334042
-386775
-220083
439730
-877118
-590015
915644
-458522
-390827
-848907
329109
384815
-410045
-533752
-654321
57184
290231
501623
204467
-263140
-4783
750734
42351
-333266
-625858
795861
-165853
958411
286701
124662
-243838
952660
737888
536080
392389
860771
946066
308033
-597752
-444762
459126
731357
940054
-950920
-802395
-714267
106265
487837
787356
-689269
-775304
-217427
-938536
267048
449307
-564393
62908
-716546
-605982
-650392
408117
150181
-697733
146004
-313740
694657
6775
-367675
2689
409023
187564
-538186
140380
127618
-489105
337985
413351
617160
-174179
200706
927891
50518
983279
989356
-682435
432586
-575038
380473
716040
-181019
730081
124156
969162
-967652
-729840
-344578
727005
276936
287747
-270307
-314042
-524689
191508
826339
602929
702403
164324
16279
319562
990146
-783016
247453
40663
-799738
236808
358228
632848
661771
-261300
348888
-519248
-531219
-526956
-550087
-498871
-256795
105335
-771867
-979860
-606918
-42173
-293901
-131607
-850666
-467563
-528678
851738
696761
487601
171300
686906
704586
-581248
-272431
904849
655561
-914204
537696
317331
-175503
-113416
798083
293278
359628
-752004
794408
-897168
353332
-977459
-877027
746414
-19632
-170928
-385193
129703
361509
86129
-18560
58270
-426270
-847261
-254824
-721685
-428508
472745
-816837
-772948
558542
720860
544384
-616962
-392556
342466
676317
967072
590463
470724
-930096
-56206
493265
-807123
-309792
-526367
21950
305015
603337
-616542
-608856
-415224
441729
-35126
-262484
-813095
243190
309009
659650
426354
536061
218192
147214
80444
601231
754658
-577090
277547
721730
-986628
-251729
791635
-42833
-758464
984513
647375
-284830
6462
-47611
-681494
389921
343533
-96717
-168351
-691593
640800
18554
551598
-50192
-321796
-22049
-514132
896396
-874835
566313
497627
879823
989223
-224826
601553
-997405
523445
393187
-40238
764982
377699
-392864
-519849
-615840
559526
-201342
774081
-96941
701941
-394270
211467
342741
624284
-236936
-707452
-697512
741016
-221583
-801116
866181
-655271
696511
746003
-666048
-528316
347555
-663453
995130
-259258
296309
760112
-881560
903446
-759737
-497399
462972
38921
-723319
-633970
-259138
-117588
577497
-916398
-493304
-659440
-623849
-190816
-918425
154568
8068
947757
499298
-295421
693759
833250
176263
41314
-830203
171393
782057
466107
-68496
900497
369552
171767
-596903
-167477
-789312
-320221
198554
-48450
562191
-223950
35153
-931114
116611
411305
-121930
198187
-434127
886139
145943
-934830
-409282
-160298
898421
766982
881017
-931783
-61626
663073
534324
869879
563570
-96124
41646
966667
736399
252334
-353554
-65047
-796116
-791364
711004
239037
-722477
-172385
-349659
155593
-974199
216214
41732
171745
281385
632450
-988553
179805
399431
892464
248022
-662195
555537
-217654
-792317
119106
686222
249329
85772
422621
-498337
732219
-642427
-294453
940855
-931424
944585
-781623
-103809
-405074
373971
-78007
811141
-584297
-906263
92525
-951848
-894815
-727670
447584
997649
520353
785390
553185
-697302
993073
-327709
988920
242402
758064
411540
744065
490282
769114
-550389
431136
837690
-605804
649514
-266119
-10878
23484
655874
-199738
439188
749612
892787
487341
854797
-834883
-65076
852446
685470
-279687
405631
988168
-286614
-922079
977088
955788
835985
388627
699853
326266
157741
-850536
-242598
-4570
-456340
-593085
729312
532782
430400
385185
-666957
-130413
134797
-774170
-643073
-10406
-609053
291852
-157961
-923584
-987835
-752331
-935416
-274448
-674409
-958329
-318661
-838425
430299
-618808
487842
-411961
-469344
-754757
583470
74316
-347841
312781
-392902
-917441
-302034
-59859
-47854
832763
165972
309074
-177644
556919
-399074
664396
633336
-386908
912065
697920
338644
-762345
739592
-980017
-600769
169890
-598825
887074
757930
-68169
-867684
341399
-993853
-215524
-345821
-386755
-132965
352146
553387
819182
184908
-280641
128256
-992736
-723723
729183
671660
909613
-657726
583725
607533
680918
821381
347124
700901
-779388
-482986
-897925
-892315
-725057
33907
-759999
616342
40055
24478
-729479
653301
891513
622667
206688
710695
-192425
926047
-161050
-185160
-797677
-431868
-513501
-888064
-89593
-929776
719470
-408676
891605
66594
-707776
-887784
583608
-605700
-780099
858551
428207
-540097
474893
-531738
484382
745415
-878438
375894
368081
328250
86589
-824344
254296
925540
-9504
456620
-506328
476996
568557
404079
547220
288026
995403
438825
-645381
-712373
551042
938228
-318073
770943
796779
-889866
-769154
271671
-421604
715228
17086
-300041
91122
-614833
-971792
-822289
-439177
282505
-896750
551320
-260875
-403078
28315
-692319
-998999
-424465
595708
996404
-985641
950328
-715970
565401
888555
-34042
336344
685333
76092
567190
-42996
654489
282418
974090
-645553
-626460
-640744
-617344
-448749
-79921
665162
-345498
-528601
-595714
251425
499714
-288032
252426
-924752
-692325
248829
-910393
-741998
532860
655009
-853443
-501182
-8648
831891
574911
-441458
-211106
229399
840960
-237017
583847
-785500
122240
966503
-234248
-957681
631664
420254
-486282
-964050
-328322
-986569
-252082
924104
-911320
55593
172933
-821712
313596
-294207
833297
460154
204611
-175352
292044
-220479
383190
-919062
-991081
224150
-156078
592767
438651
966162
559269
-795598
-991520
190933
624656
-477801
226883
-703667
-464369
974801
-779563
-375689
30394
393370
-197400
-656010
-900838
-364104
804144
303773
460545
96188
-916706
-156265
177126
-907787
-932115
-978953
684980
506536
987210
244249
710938
995691
-564819
335593
-482111
662065
631927
53521
636866
852365
677833
-332741
245734
-519568
11250
344897
116328
-184606
-351330
-423127
911582
-268036
420608
88708
-175822
488493
109756
-490842
-4972
96965
753407
-294034
92655
-811412
-958441
610545
850654
673487
-335935
487519
525851
-658103
-845222
-228415
-177671
166029
-883519
938658
981423
-234848
-484470
893005
497116
936139
-18288
-678707
424632
-908533
-169548
-580340
188432
-416141
125626
-718913
-227552
167185
891632
-376899
-159329
-444303
-889380
-633479
-102406
-734601
138107
719924
431428
254588
658581
412850
-980261
-825889
305855
516856
-889750
-712434
838150
534882
-620966
-331399
954542
567467
252460
80167
848554
-975093
-752648
740186
-351991
88024
-704118
-241371
454546
193477
24028
-407348
-86600
-544545
847241
-428019
868306
866980
-253907
174160
383836
-143657
461727
221985
-608775
840761
890586
-654234
408227
143046
425934
256781
167953
673286
-3034
815962
-238691
292849
-425409
-784145
-513674
598620
-191493
399726
-945926
-344253
971708
922381
-477273
-282200
96541
906563
574144
-441733
128547
965369
-600973
19132
-688866
807255
-837822
737069
64036
330131
410354
-938998
146093
-828337
353851
720685
-612481
840177
319304
196026
239903
373379
851773
211610
295759
-625501
929411
-607701
-718939
503554
-49433
409609
468922
349595
-571259
780057
156850
-409081
517125
-779115
921051
-72521
-718113
67143
99143
635739
-212172
486662
475915
-892869
-317313
-284182
480510
-465540
927429
-223731
-91041
856839
168569
190021
360392
-880865
-400371
-170686
468731
28371
-390630
-374420
619290
-873505
-153535
540340
53974
128352
-392517
-846884
-235910
395311
639778
-759995
502443
-677535
-44177
-17048
-143075
-116748
759222
765885
-259910
-72210
-44094
-899518
46925
555536
-70203
-484345
-416094
539167
141235
-796804
665662
987701
743536
-280364
116052
-648981
-127248
880142
746331
-487470
-879853
248773
-165004
75971
-768276
691922
959223
990946
457806
-300687
-81264
-586288
-200205
965661
969248
729592
-518684
-446847
268759
622552
-243651
-65579
610253
-500115
654057
-273696
-149096
-473192
-393554
-402765
39339
-273407
846008
874335
802564
-922269
566257
761787
-931323
24062
-538901
-12587
437774
260895
-46926
407022
-9514
434391
960176
-740755
56943
-283475
193666
-332805
216410
-152278
393500
-932686
374531
999946
-335451
-586130
-273461
-489443
-711795
-470897
-411712
854462
-709111
-343034
-121476
-248012
644380
-683702
-987118
-402546
723320
3369
-968155
683495
262615
88788
-599981
-543720
755984
616430
304003
149483
683745
-321467
149429
-651706
92404
875968
-141149
380609
-594930
447140
235070
-304040
-895894
-886407
447949
748486
-570109
460832
-654060
-846789
-535799
-622215
836706
726816
466574
-763275
-816905
222557
853156
487098
-627960
536901
-834369
521469
885195
258035
397436
-255954
-361356
802507
-808814
873714
-501533
-704708
987308
946416
-956222
-582801
407247
-610282
-429590
871448
-232496
-592884
598263
-765923
-356158
781359
456634
-503003
268457
828674
-966102
434088
350143
919093
-307877
-252422
-336861
330767
-449915
-145675
204481
48552
149618
191789
-5033
193396
608989
-597786
583115
-820602
-726339
-649382
-413485
871925
-415305
230357
653283
-958671
727355
-78261
870003
761253
-644173
220145
680346
47951
967724
-656516
-621282
-482191
197810
583200
566361
-652573
-225012
-438672
540823
-616023
-36458
123937
-436625
237204
474555
149891
109128
-940750
-619753
-237589
-899421
-892398
684151
970583
868855
-960023
190727
549201
87929
158451
892685
466647
676260
90495
49846
242621
437922
824835
803949
-21255
-791189
-232509
-897319
-227813
-995306
577237
922079
113823
636487
-697674
876235
737067
-590072
560385
707649
-721217
600363
-101624
827984
-311709
-943174
720669
-845063
733087
-188837
204784
-24293
-750916
29619
-220344
227829
238431
547147
330511
-989382
551842
-92252
932697
-334336
-455765
-764978
-458102
-718699
-355050
-897717
988951
-76267
702646
-112674
-248283
-609064
-55847
-527615
-454126
-322761
283548
750659
652947
532633
-219723
-567398
-239538
-981292
979749
-909027
-970674
531591
-1279
962023
-802746
542957
-802956
-260847
824259
-158006
-158564
813209
765728
-455918
-299466
-482556
-64982
644687
-10171
480893
-678075
-726623
231551
974872
806011
-988172
-592526
-433527
-969464
-612777
-342554
-940138
918814
656168
-978115
-883933
199125
-781071
-144779
23383
60923
696658
-163409
-173349
-759261
537125
344095
175758
181811
-666076
-343350
503737
-392698
888202
478609
-586687
900031
886083
-20214
930568
-726695
637233
990430
-807882
293401
-987686
-691814
-507475
-768756
163408
515908
292168
-139935
-647502
-881182
100805
889624
462914
-723438
71435
796839
-66787
-424828
-595859
-178585
-946220
-182546
-278555
939864
797241
-347988
-786831
434473
-357558
-594712
-272126
-345243
-286526
220399
-113999
876883
-263693
-821831
-263052
88805
-703013
837753
-21571
759902
-885685
-950137
556740
47528
-374964
960881
868944
-321184
-221665
-409612
-381320
-424425
242401
-168151
-989952
884844
237137
-262078
-460400
950612
958321
425602
827494
-305373
603771
-435559
783433
900759
-597806
-238138
660660
-483491
-188274
217400
564038
436762
178281
432981
-884422
956616
-976631
-265742
-467809
265770
566108
-457761
150613
-196756
280162
690214
-246145
238483
115815
-418651
933111
-280414
145791
716543
-379656
547985
-521595
-718996
-935507
290131
498404
628531
-273107
-323315
61512
-157529
-366699
84881
576730
165492
-649350
142837
707732
501264
946081
-12107
191477
-300064
-773625
-692709
281286
-840515
26878
-572924
876029
647222
975061
-645566
928226
-960446
644566
426630
668086
-628542
-896685
-270403
213929
-263384
814478
-209342
902109
-834872
933495
609840
666392
879576
-402267
-142131
-420488
-175891
165161
860798
-16406
-807962
-712127
-140377
839260
-737067
214058
767486
-697512
-141377
194116
970574
230081
297431
-299830
-555991
-965953
-485352
234668
936156
-320224
168163
545995
-653832
47739
-856273
204037
627251
-32164
-630802
488048
951431
-438764
775921
-188946
-599504
-961146
-974889
-832018
-658658
-116266
362099
-688085
-886185
-340471
12086
-442176
-306424
526734
792493
-370268
-793490
-39344
-824274
-447322
-991606
-680546
756716
635645
287291
-874086
123692
238722
-312850
-100387
-950225
87647
-61533
-925113
255629
279810
-41378
-382273
591725
72437
277257
-396189
630262
970834
-869456
422755
-399435
-662946
-616590
-223708
-110267
-608196
95746
-353551
-972552
-616964
-227637
151141
621759
459514
-949247
671535
-452840
-10780
746422
802790
-730970
-294956
-579484
860756
777481
697774
-535434
407743
668607
-404890
-169503
-730829
-67835
213907
45463
821898
605712
-858791
-531653
633160
-475754
240711
-215700
-853996
-299776
-164946
817539
247384
824274
563961
50173
-906696
-730996
470690
954060
-953515
168463
-581375
454228
-162930
13735
-715275
106242
945900
498633
-848295
767798
104344
-707086
-763855
-262497
-182839
476856
521804
-36835
-822921
-643143
-219296
424464
-818869
-655336
-525363
-725565
-386331
945327
-771506
-339845
113790
-352881
-885618
950860
660855
-600892
57102
606755
897741
208807
374552
2084
501722
610697
739588
-681118
87552
261391
282047
264632
618249
-937249
-310905
799380
-592584
163732
-926185
21085
109059
-697691
681240
-777152
-50571
795623
-826292
-389717
-805269
230811
-782962
-907529
-560383
591590
94556
941339
202287
-165857
-739779
-710161
-904466
542268
554471
713783
605020
-756434
513163
-987565
407298
586979
33521
-483643
889289
-285240
-260794
-161283
-489617
-87085
449001
-294886
-856275
666039
-202414
-416658
257629
892142
-475319
-540085
-273716
-215098
-250245
-178182
-672830
-695774
-464399
932190
-452208
-951236
944626
955091
635743
-21854
-528553
525031
692907
210653
-636252
-796711
-876433
812749
-91596
-732707
478788
705990
-149365
-263584
598131
375317
196332
-675585
-839782
946088
146234
-512611
-749687
681836
-580422
-201895
730600
-635797
-246805
366342
342350
224643
-108627
35256
-564704
255121
238545
-441136
67870
-853052
-173843
-453343
852939
676793
283074
451070
52109
-520594
775485
212327
-574507
-78281
699716
-324193
-396446
-880706
473912
-665847
-516502
-772893
700496
825848
451751
-408132
-138897
887047
846990
-900352
-554090
-85141
-753403
272067
461517
-900465
-51141
-255410
550605
-999033
223996
326090
213295
649490
-752192
-86989
-674704
-148637
32306
799209
185516
515804
-973684
-113988
341652
478067
477880
-797246
365113
324869
-697598
811024
-760272
-451001
83091
701245
-351465
-968051
-554166
-800860
-967083
669831
525231
246213
319321
773040
-840776
644617
-375598
191530
443826
809918
-292666
470142
-304071
-951015
-51792
-826191
-748260
-686679
498679
-445858
-875656
738407
103142
207436
439651
751678
239385
885486
950818
272303
555316
476048
-481484
-125364
249087
-322260
-480747
873490
869271
963079
683407
-423396
433221
-620664
-374411
-618572
-446854
-122671
-305250
-948176
431472
-180905
790231
-465386
-973470
229881
-713708
265916
115366
-762891
-461781
-329318
713158
56735
545319
-37755
734475
-935429
-164266
603746
-972350
-480859
-819651
460872
-101522
-194061
842300
451624
683269
-462950
503448
114741
356145
293678
649355
382676
-476441
935648
-351409
638926
-827244
186810
-690393
885915
-756455
854926
-151840
978021
919498
683894
581766
947149
-796966
762115
408020
101512
-431947
250320
-446864
-748678
787370
-943417
366063
143515
350262
15418
-473810
873821
-48935
174782
512747
123822
-638408
822354
9736
-394863
677280
857896
-416843
596777
541790
-835078
543926
744825
927038
-48055
-153663
-504910
-797736
399473
-253587
989635
456057
-887525
133150
-193682
127893
659341
-319861
-921043
-165878
-807115
202780
195715
-984762
-787485
800852
692519
-929589
-615991
289295
612201
-451069
-166780
357025
-524032
785166
-796638
-28941
987431
602835
717472
977065
58891
829948
110214
865209
-42160
-230446
-454652
36798
603677
-261767
-760423
-200609
-246528
-547907
-399757
-554010
-477495
-15748
735286
-865294
533183
-431494
491732
-990849
-646329
695094
-19789
-658899
297928
-302317
-681834
-643181
-472370
428381
-777972
485471
-802066
-232624
-477731
801612
505610
-238153
-398998
-740918
213941
201246
-294928
736446
-814503
-559642
871152
718681
8864
362883
727832
362536
57976
-291957
703638
-644096
405727
-978197
-287277
933357
450184
-65249
418828
648119
702127
941098
449731
207737
-297056
-949267
466819
916885
251979
-828109
653330
437476
-387751
524482
156156
621114
-112636
-116012
-16350
945341
592032
-312713
-698756
-2242
-290909
13968
-68885
-840725
948719
-650058
807395
650846
-708961
257125
-141417
-6016
307858
-674599
-89132
-440164
-502708
-435802
997313
109542
-911321
153468
-269345
-23956
-962544
714306
-78615
629488
-598408
222630
-372755
110684
-763403
558361
269959
-814684
908303
77354
836162
-800658
-665521
-305256
193326
642337
20146
-895806
-797827
517438
-331607
-800514
-373020
-242927
352955
357635
733117
390411
71940
-345498
19899
473533
877132
647145
-415784
-886272
205505
854176
-700956
113808
-68470
-864794
313150
266009
-170049
-493524
-91654
850098
-389329
110520
367535
279064
310006
994515
-963864
-337040
352150
769254
-946629
-575910
-576245
73270
897623
-699114
-279586
-518161
-585385
925919
-663985
-286340
39726
267546
-151133
-647124
-466446
678818
-140647
441900
528915
470024
-447580
-103550
-250913
862426
-109035
-214777
-474614
-756885
-445524
-421243
-332795
-21769
652027
-435172
279118
-627559
46668
693733
-701641
382684
-592608
338086
-349771
256259
690962
183783
-64923
-449686
-374317
-536008
-979662
178103
360443
-230575
40529
-748592
554649
565915
-505477
-890876
-855329
161729
87356
796699
726557
-633526
-830861
-226775
-939794
-532501
-844091
-532401
805585
-193862
723859
496547
989922
-341064
-953139
-384395
122929
-932801
793709
-516629
-163375
-165763
-265221
-608727
-599849
229302
-499602
-455177
-608969
587755
-658478
-882412
954229
-489339
-109187
-985565
-21839
46722
-517965
-216254
852861
-794106
-719708
842782
-135170
-672846
-541614
987759
-605646
-747906
-528870
230979
86332
205909
622253
486484
-564789
-877350
-968693
-173758
710405
-627171
-56170
664634
-116509
834644
679069
861652
-118634
-838896
-354603
-265774
-633002
-74310
-422992
231829
252844
35395
219587
647199
287490
690718
-121823
-626179
-103373
-499570
860306
331838
-376920
891613
-841920
-666515
-735559
101911
998119
147932
-63445
677188
9584
817921
838292
654981
-447853
-794710
-419330
129155
437119
833515
-835450
-343294
480713
452040
-652577
-641110
825862
244050
-140680
686167
-424112
482401
577779
-266031
815886
842221
835880
814005
-9847
-227566
491193
999737
-409645
329484
654717
142503
534775
-764613
-728342
-28107
-931099
-563792
628599
549615
888249
976023
908506
714111
220072
-232175
400277
795961
-749774
-21944
-470071
-933889
-179723
-634191
880117
810430
138244
371309
810166
728599
-299207
464883
-128899
-764433
700270
142759
207460
769172
578968
-163941
318786
467217
-187919
227292
181327
-967847
995117
-418396
828114
-754658
559661
-641958
-688546
-620063
-276149
-808430
-809634
862096
562880
-999468
590694
-736328
465415
-538205
-500760
165684
604555
706700
-65144
183523
-457241
-746359
-349261
354840
480934
832066
386993
476050
-586331
215106
721393
973330
573149
-967153
-646734
-703000
-775582
-456367
-840905
787298
-455834
749790
-949030
-990420
-788415
-449790
175265
816140
-743090
-889880
-337
-200331
-636238
650402
-845491
844696
482467
541502
320746
896137
-243392
42139
869467
-670243
74986
-777267
-373243
299404
-233634
-214147
86701
310533
-464358
137672
320113
-252773
687882
-504622
-436633
944792
-394501
563031
-255539
-30739
213432
-101030
-186043
-304101
-559528
-865298
-407964
197080
176841
-538498
526838
-748173
-315765
-846406
551231
450602
-60552
-362068
-238866
475090
775604
-918753
-777683
463486
-423375
-214315
408278
182124
-651285
-847262
-848615
562148
51709
-34657
-741954
492181
100045
-149918
-310739
-723114
311584
-783902
-471287
995820
-630307
-920056
446421
309141
-282123
-792446
-215769
-506520
-711198
6548
956967
-134572
792234
365244
-952449
-859052
517982
-801063
703096
-430309
164280
961143
-938129
-735675
-188776
-248867
-458788
-877192
-32769
69926
-881373
336925
149870
565049
-353935
867747
772604
430296
-638773
-938595
-563156
-681807
-73167
-770923
683437
-25615
-629974
201419
173322
-926879
771111
-662398
-965737
832982
-398073
-154512
-415885
143140
-31703
551346
-786935
86924
-111729
362936
-348027
534336
230682
-575424
-35368
591910
-514019
401477
910104
412815
630554
593541
-612801
-999420
-205040
560522
-926299
-433930
898125
-892035
-600948
-499948
-46546
-16833
643192
921751
-465487
856257
8675
422784
219192
660648
-42880
-550126
-914777
921753
-958216
-428795
323229
951888
984020
-46217
545428
-628781
-45637
-659613
931741
28064
-93542
829865
136030
305510
-670084
-910516
-711324
973108
-988766
-176811
829365
19910
-754027
48556
-319443
203093
498431
-234219
124845
540215
336987
-551926
492103
321006
401857
37530
692225
-643781
377918
623966
384283
-715624
453830
-479687
589886
783747
-390203
878563
756855
-378968
-298249
586219
640942
-52275
-365225
-678501
-849182
-866794
87280
275663
673421
-575734
723737
165524
745273
125594
-796947
437498
481813
580972
61463
-133904
865348
-484707
386409
455234
-700961
996207
333796
-944106
-382762
-964453
642114
-741820
-16728
-723111
-420321
134090
-589905
666960
-590247
-916484
-908774
-866510
249040
836499
259084
452094
273996
-259104
33066
-664541
606993
-101586
-149248
-6599
-646353
149792
-10393
687443
205686
606846
722990
-152200
865026
-293738
124689
-555296
840353
534785
-888337
-749894
618301
-797110
-616404
-132659
-960612
642681
-680566
313385
-616423
352500
648844
990570
-749086
-500405
-16029
-395439
649388
973579
-707997
-144926
580424
-985007
702874
445450
-278745
-172437
890155
-438392
-637653
-998182
-188286
980648
-795292
195310
-152011
-755904
-162009
167423
557482
221569
-480077
206325
212138
-229163
705921
-803891
375399
355308
-830313
667402
-789619
750112
682396
913256
195561
-596349
-259182
85715
-34741
103165
87533
776973
83813
292241
-27717
931802
536338
810275
99225
93819
31843
619149
-699856
-756019
-610015
-993936
-559910
765385
361373
-390223
432787
571755
-640112
115182
485010
555450
518834
-774172
-358836
-515908
328993
728698
-738935
-587194
20938
233348
-655393
-442724
43623
443832
651096
-924535
62981
951240
-680553
452966
957305
-240463
218351
318677
369314
-348863
-109568
729203
766319
-624558
284652
285152
-398730
925817
769245
930264
654514
-969691
-656931
-324548
263658
-312323
232728
-692720
-868492
-116176
-617254
194490
-164937
-297807
-352545
-207633
461730
865806
-888956
-168956
-483057
1477
-439753
-716739
376919
844900
568414
978190
770716
337658
908453
425230
367968
-748479
-899319
-368375
-60802
333410
-61094
70707
-782767
321653
-734804
52297
-976155
-87348
844665
485576
-221542
955709
-683380
295401
-42814
-123132
578663
-665896
-278233
147076
-687706
-507517
-515266
-779254
917713
852702
-527732
-981606
-515673
411466
351804
423234
-517827
569038
-255114
-252630
-378666
-231269
660023
-534002
-745693
-561520
-578293
-429072
733882
378893
447796
312545
712998
-830438
-540380
-974709
-337955
-55645
-753963
-420243
-202943
-281695
-401849
281384
-870229
949956
-295383
-388055
518993
449504
359315
-859674
-781765
19337
-393676
-527458
457818
28031
43470
191699
-593076
-508735
-495756
-880079
-339172
-36135
-854788
322873
908220
-608750
902631
-294724
109556
-499218
986661
239328
-549263
-308722
851273
969731
-859219
210588
-889944
-640983
-770076
-283619
-168441
687743
744413
875030
-120558
-848664
-633705
383686
-728743
27124
-652450
-583530
-650004
-744231
-192279
-747373
-38954
917277
-246590
-52294
156605
204148
638985
7877
173878
779767
-781536
283935
-861217
-551611
-999685
-29657
-863869
744729
-154627
15573
896065
211668
-600742
-832678
-761209
-253192
-416208
-411212
2577
391513
-158584
963624
308790
594826
-88671
-534606
-201027
-449686
473272
972852
-669920
691736
256786
-531137
-859876
257102
439207
-723744
1830
-715421
291829
-102106
496248
691087
65217
735040
-562106
649009
-676173
440472
40522
165244
404095
-650688
-239931
-684576
-185293
559043
-134261
-712022
531894
195819
979715
-211321
664683
-880161
-954219
103889
-603905
47611
388469
687924
945506
-115284
379011
10722
-380245
816905
-340269
-56417
257377
700253
-891173
-338528
-950435
-131104
-23103
-135728
-572061
842636
152251
959833
38454
131965
-251488
-296863
251804
-205707
807027
647899
841904
195495
335823
787410
-919789
-285167
-201869
-300033
-468263
457862
643550
789115
158115
752377
-549414
207680
-378727
427483
-928048
49213
270118
