-379940
112261
828454
872523
-424216
-97921
344537
469818
610093
705841
-560697
710851
722250
316370
808728
-532089
-8605
400974
-687058
155587
93561
913926
312772
-95486
649091
292418
64439
-588825
-230799
912714
981593
389262
24975
810046
261784
600760
-287876
-393679
70577
-677783
-687839
509880
-966933
-965590
-173751
841796
-497678
817645
242769
-184736
-26769
-663671
-270811
-713997
240844
-621721
578422
-694717
-210546
-652378
-782004
-228953
736884
242971
-418908
-1333
-156270
293217
604988
914308
615435
917150
424187
648503
951560
-749564
490298
-546118
-931920
-266934
269146
41312
69396
998335
327315
-689761
-623386
-94263
-384477
166068
253359
-166481
937115
-9758
-923510
-481793
988910
-79779
811425
593898
-165472
426859
511047
-741286
75361
462607
-490850
-434342
916489
-422769
298725
185634
618543
-631879
183969
-54142
-321639
560583
851595
293884
-273349
104953
-872598
-336234
-904805
-796107
181974
-915895
124114
-6602
678003
958642
-579743
189050
-782645
495619
-348343
-273494
-938723
-431855
303737
360003
753780
-77720
728124
-62251
868138
-593516
-501668
719733
700368
224983
-175314
827771
888750
-80118
-968336
70723
3987
155778
-935879
-318010
114419
-515621
871040
331775
979998
-477304
-941719
-958726
90842
362018
401277
-155378
-715702
129401
782371
-847564
535885
-719298
872169
236253
505686
-303145
64024
394436
616737
95688
-534841
-379277
-748534
-470720
302713
365886
13659
173753
-302340
-6344
696449
-244059
34931
-212709
-882041
-563792
631913
-597743
565609
414283
-445306
101494
694986
-573138
-662253
200672
123717
401772
-404893
-259546
-502540
60266
361177
-251074
589547
-336110
-885189
-396795
837643
-187528
596862
534092
568414
-368207
-678618
686373
68002
953296
-911370
-366389
367579
-356676
735105
62565
70187
-927148
-736764
-806096
474625
-141656
-65642
972085
918611
-704465
-278989
508157
-40575
-164177
-888638
-202933
648295
708225
-668841
216708
-659982
-347458
-96919
408020
-394163
-8288
-958370
973416
635037
776736
35980
-294777
849589
299217
-100872
324213
-842440
833487
296298
-923829
-870979
-982691
584329
88446
-146868
695692
885514
-498573
403917
-783327
718135
743935
-130785
-378784
151955
475052
612928
193586
448468
247965
-29679
-515552
953189
-180090
783665
-147684
-855877
941226
-314198
440421
-982604
-185176
457730
601726
903270
-689138
297417
788784
-187711
-298666
-994544
-469576
-554732
-125329
151640
597224
-650277
-235432
-209191
798191
-987467
761131
-717361
965722
-418960
-933697
-181962
-274836
-992471
503841
-834416
-975074
-681336
623315
626652
-778067
934178
-75931
-989284
-253534
625403
-983827
276890
-929329
-109156
-571470
667895
240568
193099
-541297
38759
205632
-780166
321398
171354
-199126
387702
989392
526038
395231
493232
691623
420157
811896
314938
46808
-966171
249115
970878
-955454
995582
596280
-939281
272472
666952
-48436
701003
334846
-807868
-105899
793550
230891
-900267
-986617
-447712
271087
-185742
939990
260479
-659705
335221
-246290
-968082
-244623
-434394
346857
802186
-400564
-404028
773063
-356018
-408447
369343
-295298
864025
36295
656267
565027
-628860
848399
-540872
-835310
79289
-441138
-821927
631578
829949
-7669
571568
90428
332627
-93212
844139
364546
662165
-590256
-288598
464351
9180
307374
237414
653163
898928
-393243
-642135
762952
643052
-985869
327979
-985809
862530
787108
-821119
-58182
-654031
-643045
-426604
-824082
349286
-855037
266346
-318087
51751
110484
-953542
-286084
520229
-242139
-821734
-470591
-934765
415680
-817429
964163
-977564
-459564
727115
665488
-445432
55093
679680
-582903
-157800
858562
358916
188170
-784484
932312
364088
564803
-922726
-369566
-753284
129025
740918
-706825
842942
261147
51036
-978793
790556
116272
436888
973128
80434
459325
-486436
-192452
124813
68132
862642
-195507
485229
-295158
-336946
-155856
893012
-121429
-223544
257099
-556626
-146270
887534
-309909
982756
628451
-16734
825697
-110403
-965698
846905
-319847
150575
283792
-346720
-768992
-256883
166844
38557
867930
-765024
-98802
-327577
720205
606040
335477
-435651
499051
-785952
340805
-243850
-342577
-805465
-356316
347515
-822710
-727866
-669219
-997014
161732
-634917
849891
841886
515658
133683
-504835
746667
876800
662010
-214777
744730
896987
686421
-582848
617192
292461
752630
-818460
-208488
966679
522346
547663
-375898
716881
-808654
971617
894172
-536519
-697603
897158
625213
-332519
747049
467099
-816861
-119268
962264
929806
-242468
624274
-284971
-497739
521260
-598550
-80586
138451
693911
-327956
319992
-514577
-361277
-157662
-966915
262825
-440781
-775568
234441
-546610
-312087
536839
-649452
-686874
-795681
-902404
780225
-612541
-21672
742489
-682736
735860
366763
32294
-761879
-111978
433744
157536
-973527
127655
829580
346466
613078
-531698
-811197
646164
731128
-251978
870596
-34432
201412
-441491
-497593
551960
-128365
-293274
649557
-348140
94186
-372115
-605652
411450
-636255
761111
-556256
-398134
-350867
877489
759402
-324394
5143
588982
-977928
-381779
-942716
-789125
-735616
788412
-41102
-865020
-246021
-839690
-306511
256387
712271
565125
963114
361827
-783016
57299
989712
-388668
-531251
-646544
-627557
-87507
-44677
21576
-210019
-285275
697183
795125
-696294
719256
-586655
-639010
930131
-322270
-850599
-110971
-187290
-96619
49339
506200
-840233
-238391
71324
-877120
-876564
288309
180180
-886853
899642
648929
-533396
-727916
-438579
421928
293661
351403
-863348
-9156
146527
-559642
-289901
559872
-198651
-359770
-762398
-49250
529259
50312
854132
-421403
-443488
-986101
340207
627837
-863220
463643
-83855
316960
576791
-184213
-34112
-956606
87871
527310
465322
-618468
-121288
601975
372377
-974762
-957667
-917525
585111
-156318
-277295
822713
794433
-748036
-126975
648565
-169439
429537
662464
-829232
57374
799244
634411
973520
116203
211201
-210694
-917910
254596
877178
609401
-280082
-741290
-511888
-678108
631087
-486649
-635775
713562
-901539
207908
-563733
921174
2340
-311769
-205801
-349095
518793
-776264
-686632
689561
281110
-887389
323971
254630
228815
-464828
-956065
310906
789768
921114
-79694
-490314
-820177
408418
-168421
810910
921769
195805
524472
-979770
-596288
960739
941405
406053
-351030
-264397
-943043
-832238
-40661
-629675
857323
-759551
-517063
181294
495079
711752
716467
539015
22658
506235
460128
942964
-984080
639952
351382
-152501
450861
273150
-956697
-24667
293381
-552984
-63929
234785
853069
585042
970389
910027
752804
-70272
-719649
610127
170177
-236711
-208579
-334744
-524959
-492113
-795729
497699
-985879
664400
440662
-969959
304351
-207957
-122459
-244788
-934807
-79155
730545
358574
367861
-333384
-406641
220929
-748343
-436253
130956
-995540
493475
411307
614588
-336348
-825404
-593992
328909
-350363
-86105
533180
-852665
-71983
197579
587997
-41942
-498071
-619960
835600
257142
-554767
-243556
-12314
803808
-875696
654302
-602834
345234
905959
-39086
-523810
910420
-545611
887497
525007
118041
-937907
931016
-553051
-288270
-155090
980130
-140935
772928
177708
-552938
-269015
679638
-172897
-433415
-63221
272336
323029
924465
76144
447334
578767
473311
-207432
484726
-565776
268758
395146
-111387
156255
-79848
-993346
218348
-148832
-546396
930079
696079
-566267
-210856
469006
611442
236207
-800009
291079
-936691
-233424
-772143
335646
-910395
-847678
-588211
536940
731090
885101
-670492
215815
-680675
598267
-389040
207939
-245479
531113
214593
972870
-617720
668197
902949
-921642
-898070
-307908
547365
713372
928299
747356
4450
991608
-486069
232308
327254
-396463
384631
739043
-859524
115720
624144
-530016
-668466
943469
-931750
-57505
151407
-177228
-526393
-634000
-204358
-144112
-965803
-301410
-65754
-863873
390683
-518390
849499
318981
-771034
-146051
310589
-257103
-913743
-362158
346435
470888
-623115
486911
-413393
-998972
956896
-81858
944498
-974854
860637
95904
-152082
-665757
461904
643561
190131
496101
-657850
-875623
632229
732834
-394012
481728
51814
-165046
-664324
-637597
577852
-578066
246
-75714
892823
377131
-588803
-520570
378160
-631907
397572
322657
-606761
258209
-581439
241158
592453
880465
-115282
-217416
376566
226869
-93039
8794
-40297
512950
-509479
-988484
-652096
-173802
-626080
925757
248133
374166
-149957
140955
-248703
261240
620385
-870543
629334
17957
452115
-977428
-723835
870676
263731
868618
751141
-851551
-348799
127706
375319
558163
-863500
-664979
71113
-372978
-653462
419017
453220
-279542
344773
-298648
-905376
-805185
842308
-154078
456056
462692
-24621
85389
-519351
-572506
107962
-243186
-701831
-628308
-374568
-950691
-479859
276633
177016
895461
-165204
313516
-769519
905909
940538
-422981
324926
393758
297478
-330302
-904890
392102
-135486
937418
-761976
-679430
400110
213403
405960
880759
640897
-486079
-362427
939067
-114386
263005
988377
405756
-460362
165392
301216
374434
-521092
531697
280343
-580554
-891284
-394732
813204
406194
274966
908315
-201704
-860520
845732
36320
-539950
245842
-750277
866011
126601
890621
-620069
764174
829687
265545
27178
818064
-328700
566816
-16545
972517
-58750
462364
504213
-778408
881810
612929
-173140
695014
19123
-898174
603328
817419
-758693
449060
-146262
-298643
-305099
103462
-432632
821503
-5918
-52701
585676
-176231
-787156
-387146
-358168
-115855
-820330
625288
-143339
120920
87652
-639126
342512
-30539
973804
-830628
-335525
-7074
-728802
-732198
-189656
-487495
716863
664083
213863
-588236
-232456
781231
-766734
761627
-271470
818942
-414604
-58625
-568204
227229
825520
-388534
-147484
-317819
732386
940169
43055
74898
-90371
16858
244270
574105
-990216
515469
841908
-179872
-972027
558770
-515789
241837
970534
251756
23067
-796200
13382
751598
-977258
598778
-307028
-545462
-173994
-481508
66004
678523
200673
-201611
618691
-756272
873288
-471680
260587
117557
-897576
270371
-366975
944333
-909501
-339001
503102
-425290
902836
473636
826466
-74097
677436
-160152
-322500
700178
-561374
370473
-845285
264633
888965
220720
-56845
89638
-980891
-438154
333367
892397
90167
-406047
9953
192592
864325
642979
136924
954824
-696023
-359975
-470466
-793187
-886339
-644000
132716
791097
195848
810217
491275
634474
180690
645990
-100893
69655
-133291
842262
-840708
-114182
-595892
492659
-221785
494276
-913388
788169
-313133
950937
431147
823791
905761
735125
-536184
-564706
941939
-422523
-208706
74654
-631426
987143
-115129
859849
621617
-934439
505839
-479277
135216
-627453
-637015
294509
258366
-232907
-212833
-963419
-738632
-126220
824750
-51764
-175284
255897
-227973
-269524
-8979
235843
165771
-67041
813321
957066
-992387
-818106
944208
-107515
-958257
565824
-41954
547582
-913454
-906738
920130
-550469
387771
178496
216625
-825063
215077
477994
48718
39826
-573771
873434
-704278
198256
-396090
286744
-565901
769682
-780298
-752580
726747
-772684
-570686
670954
119802
-528942
236778
-922153
-981361
323324
-828891
938769
772856
558881
117264
-10520
733819
-667660
-532526
-217464
372167
-106296
-344030
667890
-908041
259880
-45367
-473941
29562
174336
-226521
-243692
401652
202794
-572738
-478547
673852
664040
-400699
692491
-12637
-229589
631259
-239781
-670709
-251477
749700
-936890
80864
-782827
-154354
-546970
110877
501616
-879081
202837
-238504
75552
728896
791058
-750113
-497625
-452635
651540
705169
-25372
-827007
379021
-361333
-227705
71511
626031
542707
-297230
-613751
871999
451294
-864052
935109
-467843
-646879
-219246
-14813
463999
-717631
106107
-333165
43866
-818342
-604269
-165077
-568454
-101894
382289
-916914
-396725
-643084
-743920
982296
-4416
28375
53806
-378386
-428919
756577
7863
-556921
207870
143811
-621812
740027
496933
158942
-274786
-39069
441312
831321
627766
-514823
-987021
-976504
320101
-555474
-78397
-297610
-472388
524878
59307
-216307
507173
-945110
812068
-439021
-323496
-616851
-682445
684367
-173771
525425
-171822
204417
265452
-674890
-636641
990666
286041
804671
821987
-86193
-710152
834966
-62697
609950
-720509
858906
-687661
-192896
383784
371647
590797
-109044
426537
402865
451935
-896959
786015
769491
787409
-387756
294916
-384414
816661
-439633
-59304
-819980
-448967
-773263
984691
-626981
140544
-725461
-792016
-922153
884489
-512524
936753
-803172
294580
320537
568475
-114623
-788508
-4988
-711759
663427
98053
-925744
432918
-114539
-313500
-272167
501048
-496839
288200
-558257
-316819
839234
-331519
-332128
-787748
809025
-57589
-579763
886872
-173100
-92286
823625
23728
-797706
144161
-407797
87671
355654
587215
375913
19081
-314733
450169
-548002
570729
-863331
179831
71776
-360170
-531970
513520
323011
-692736
-818000
990883
-480484
991025
-66706
-60246
877897
760194
847468
701522
-216078
-950238
-154318
376125
137433
-798664
-36661
-486654
220417
648607
963516
672415
219336
-899816
-147755
-708889
-259985
320276
804632
-936975
627540
986632
-946092
-852944
977657
-12798
86811
855554
-252604
-65721
557075
531318
-15959
-597243
-92558
-878527
-395907
870782
-365180
824510
519389
-401665
496924
-261276
-301480
-650831
29836
438535
669446
-165533
501560
296985
-178902
555469
444042
-201245
-457329
-469148
-345692
290067
465131
-788618
-178615
-550829
-385860
728828
-429355
218233
599609
205465
42743
118998
803801
-460333
857722
-497680
-111164
-112443
940856
-441719
722025
442415
855267
-456878
-2116
299308
341878
540555
830161
996186
-169378
295291
-792432
652008
744463
-178292
380835
-684892
-960059
-19556
520574
82684
-900559
324375
622351
957164
826695
-488813
-155279
767550
69469
-433255
209965
-75265
109868
-792151
-775957
-548255
748405
-945797
-552069
-420973
349495
-344501
-768966
93958
477208
611869
409066
517149
-407687
-70360
-400167
-308245
-745986
-777816
-351082
-919291
-266629
493640
848259
802840
-939615
58224
-272426
170253
266073
-48382
621999
14478
5821
-930071
593505
-644684
-274571
824539
449274
-797364
436408
-141660
719786
-971279
787980
-680382
-279524
-958006
-458198
369395
-877297
275174
-136965
970962
78013
-76580
29186
805588
-906328
-704741
-242795
715671
309737
763027
785601
-96759
-881658
-488971
-272220
567617
-286335
-835812
-574044
-566549
-807091
-786064
-246930
-86614
-744070
294873
-717220
-621367
-429954
145815
-650405
648059
-930765
378782
453647
-837093
674041
-789148
878579
-16222
973879
664179
887020
-907779
-824793
-385200
659838
-111127
-221012
-914206
322325
-28103
-700270
-924606
885284
-444339
370267
-831937
-65705
940314
313879
283890
588373
383114
-337328
42019
546022
-663288
252871
424601
320491
226750
88779
207511
318971
263987
822311
-21192
-847140
-398702
64603
475186
573196
364334
550580
458479
919995
-79153
626543
-145710
-138840
-59578
-861821
-550468
-676464
-199148
491552
869559
137565
-255577
294159
-541945
971173
-617063
665566
290143
646925
487876
-731049
799786
-910826
333555
274971
662371
-302112
-174449
120849
-382117
746399
-252608
472173
-392442
687815
610353
57091
-988650
-588796
-451357
880909
548769
293066
175067
-993177
264238
558005
672390
-445619
204930
160266
-176667
4715
249440
-843113
-720314
-88190
-145224
105237
-967341
472659
-148365
-219949
-55169
459194
-532135
-444817
-483715
-520784
-33613
64928
-639875
-484844
-642006
535193
-478021
622233
93197
-805631
-823387
-701873
354635
-53
302842
-395926
156835
582529
515885
-988390
-312235
548544
484269
539401
-671405
-570900
-1406
-203540
-15717
514879
275677
950671
-420193
635802
-534173
-62199
170994
-12194
-439967
-735809
182176
-263353
-437682
-463190
736595
865161
140885
-106571
447689
-343231
-94961
-864546
-794688
-610692
674855
-466093
-181592
-326552
330368
802692
-811673
-393956
753363
-231865
-758154
-780811
705936
412840
206996
-734031
677031
-610829
2617
-760651
-74018
-260788
-895491
-933134
632641
552199
-276365
-462320
687653
-71053
-73011
362507
462855
745397
-964045
-206777
548089
-775717
399267
301452
-7582
641113
520641
-301646
53953
-272363
-35676
-269016
116808
966942
-29666
-957211
-293847
74843
-890345
-661207
-372958
-166709
-123526
-685306
762239
803463
677202
225093
548860
713158
-981685
96948
937442
417583
-601601
-70140
58696
919041
628214
-887351
-353323
-407462
-156366
763485
-440521
813968
806275
265633
-111190
915931
604427
515853
-250778
-519100
830548
-488540
-715638
507749
736554
833222
220907
754870
-69830
158348
172453
328570
-911793
-768851
247610
716422
-656202
894287
-691040
187432
657772
-131560
1399
464047
-865928
890210
379977
738499
406062
-870802
-780601
236609
-359341
-496239
-255642
-622787
-663017
965266
-867918
267154
123614
304535
-404277
211822
535685
843333
-71756
879483
737620
237204
66914
395391
-894357
-931687
-140563
-760284
958523
-760586
978216
364585
-631387
-802386
-398806
9273
-298625
345553
386486
38359
310818
518569
-694488
-565569
-176896
-98764
646254
-641212
-255432
-425503
-761730
-517812
811701
305185
877579
917345
373499
-262984
-842940
332022
-23569
-864724
-303394
345045
-667110
297801
-645683
34265
-356647
740804
-927376
954172
259372
-621863
-611397
-917525
279373
-965144
-558737
-976059
-390647
-320466
-493871
-578946
984720
-616292
-661601
358218
120725
-504541
-309761
-902845
-369265
386845
442201
-36374
-315354
796519
997892
328000
537322
-929485
282172
-203306
-551348
670775
-120830
728026
705632
320434
751967
-685015
999968
-741904
-263960
984687
-358196
74439
342904
762529
569899
-966858
859685
-799366
419988
301885
164260
-895366
98404
162151
432634
-364274
232667
-285195
432420
681319
-614420
-688411
409345
-908788
632023
161311
-593802
631991
419407
142238
616678
-938789
-783324
-40419
823740
786575
-7276
683425
987209
-587288
-14690
151469
-482654
-916287
-686381
949981
-280561
546286
-335214
-848141
227605
50366
-536551
-363051
141579
-904528
798261
547777
727463
217668
-309986
344140
278879
-93310
-696279
102619
-306735
296446
-213957
-319526
709158
771354
831943
-773496
855067
-854438
-823515
-425494
691849
-158729
-273634
-80547
891638
189815
556403
33216
285287
354664
-419008
12750
-427668
271006
-643111
851211
-822304
-339389
-46170
-129038
957057
739874
551436
666215
511227
383379
892720
366294
528941
-930796
940801
220789
-89525
-332834
-859758
-197887
856981
696646
835329
142268
51309
-583680
-844983
623641
687327
-488093
474852
865024
172518
-571318
-264014
129575
-831445
-712579
-204211
679783
670801
-311491
46077
199742
-242287
-13123
-579469
668189
654043
-439227
-529699
511024
-742582
-694371
-346709
308728
-278050
-191692
-67632
-590723
320215
-592781
-725700
-507267
-164099
10286
622308
4457
297708
-581903
-315760
-31491
106606
730317
-831750
864319
-282807
-411218
532507
-628764
149555
-997192
882260
406974
-691562
-464450
-284298
30388
343858
648070
439665
-335927
-944711
713966
156806
-108809
-275748
-220887
895649
-978040
197210
-420112
-9530
-696184
-689796
158720
-831866
27398
747502
700642
398634
-102943
703450
280894
-695969
-988113
816444
19733
42276
160302
-332197
-518059
824376
-276908
-804093
-18819
614284
-79840
760295
509932
-57879
-42495
-910180
932591
261321
-599976
91311
429455
427423
-161188
130097
-173943
735870
-166453
-893050
-960099
-154565
923395
59634
887711
83697
727437
-630348
-91928
-549471
-434441
889253
-935188
485719
649548
574745
-572161
-392948
664565
-639570
868373
-935411
451741
297828
492012
-709447
-572075
-681931
-973578
261472
-574980
-933677
-893093
-651586
125958
994619
432112
-146605
-635730
-659817
303925
-70170
-770564
368737
-584451
878984
-56518
-156611
-513965
-391954
203819
-645592
-327365
-344441
652237
-835353
-53888
-919839
-517283
-27465
341634
-92263
38859
448541
256152
-835183
443160
-311737
18212
807430
28446
-677864
-262741
257882
690874
152809
136866
-365645
996198
622901
242402
200016
977310
915037
855576
629546
-920316
-198312
709708
-437599
774223
51342
470138
-186918
-500118
-273710
-22101
943042
414553
996112
750472
-557001
-681752
-512269
700882
-990879
640540
-162253
-356523
636738
-539352
885879
-163246
-562042
800916
-307671
-932496
880601
494017
777212
-556999
268240
-171447
913140
-918679
328436
-360571
59221
271478
-946019
55332
21950
-503019
373580
509681
-802138
382702
150221
35610
-973821
-213042
496259
912059
623713
934217
712975
-683959
-998280
593575
810059
778932
-963425
78298
-392515
949715
159620
935922
-410857
-781160
207399
-356875
274173
-770652
140107
-352248
739030
337969
-969546
-110749
-626421
-943367
676210
869838
968693
299922
804054
681667
615963
805775
275241
426022
584707
311816
-495680
-807809
261531
663940
-871888
850675
882781
335512
-506201
156954
564861
633906
804707
303891
-28125
835161
-806859
345454
891795
869351
215292
860487
169272
19345
542153
-214765
-174880
-182607
-788744
-590174
-870791
-284424
-397982
390740
-620484
-269870
241414
-737703
-934358
735214
419251
630504
369120
223957
-65606
-659006
59118
127535
686449
-49088
-3114
-98260
-188602
-833842
921086
-646449
-48607
-253795
170945
162650
156031
300154
878227
758050
-309106
-742257
-511821
932308
-479960
-446178
667521
939292
-815675
36641
163248
118719
377635
-777635
-753746
64083
173277
243140
965824
984676
409298
886909
-661773
-639309
-366886
509172
523341
789146
-190675
401568
547195
500219
659311
-964626
432527
-820650
-410803
100048
-881358
-226478
-863312
281890
892242
514323
504256
-861505
-421594
-322467
381636
-455770
-337792
-209067
-568862
435
151625
64253
-490394
-325035
-146601
318932
-923468
-599407
-180850
735844
-564032
-748323
915194
25165
351725
-966165
798688
488413
315726
690929
2736
-180019
829425
581142
497515
211060
-874629
-840277
-998007
-443490
160158
153618
620764
669765
828584
-525838
-11303
905117
-125244
807848
640960
310724
-940476
556154
-664111
411249
589990
-865424
-100339
-94285
825506
902397
725697
654930
483539
223211
-134010
608911
382934
-132016
-834580
-456908
-978398
786185
-787143
850186
-739654
201554
755302
135102
9402
396261
-554174
68926
-47586
-218285
-519826
-457597
-83709
379836
448119
-258204
282233
173816
-603274
-234229
-602974
262716
-625319
779961
-869300
-459898
-676947
-847698
-673714
-464090
-997513
-413367
737465
757790
721735
-253134
154051
-832440
815792
-893536
-50724
-704034
-351132
865567
675803
-903013
-392637
-41965
270803
4089
723806
667830
-733195
-901513
447791
-602494
-361410
770844
-450192
-35123
-693246
-447704
551510
-955782
-689915
273244
-208915
464136
440805
-393123
570601
-609920
-97156
-780531
-744353
-421354
-683544
-136989
536681
587259
867101
260487
255089
-866094
358975
-297121
-468588
997565
-526278
81220
-37559
-219524
633516
-486050
-175305
943601
787195
615780
407737
228000
-777343
-21663
618081
125501
197806
873729
704147
514263
-263261
240827
101522
-396161
-498686
-643390
-262255
860289
59490
269157
857853
533212
-649623
-179706
-686312
983893
334245
138384
927494
121439
-245836
335231
-650561
-23179
-686433
967521
-897679
511374
841249
806469
25636
-422013
47296
-872842
181827
548610
-516232
919573
408898
543259
188730
266751
76470
539107
-912956
390159
523000
421290
-471457
450494
-457272
282707
-214276
-107832
-740473
99291
-140312
-638151
-389335
-299064
-831682
636302
278924
215614
763460
-539249
-235776
-752772
-619676
-826878
790487
569054
439873
-133043
108161
526918
-742884
-368840
-51793
-214341
-918347
490936
-931635
-132622
-616896
-672107
966669
242792
-310257
-422666
943729
-141939
-786365
222652
-926325
977096
683404
-162101
-775677
-936273
11022
-985190
632781
-549106
-118233
-259058
977813
138883
372102
-73980
924542
453756
-583044
992908
-678867
-199940
-679199
-712198
-957149
10544
-134863
986580
868606
78773
209232
942281
55868
-107364
-219820
280192
-43637
791203
295002
-410856
-757903
-823231
330086
-780091
315652
-297812
145930
240194
-844056
562886
233102
-522922
-637055
553903
-235119
-594203
-435554
630018
-607623
-566948
-291210
601609
-624667
764659
-505756
155514
44850
450608
-53284
-660148
-960248
188813
-483379
369839
408723
832274
-927974
-445348
72468
-772029
-882463
-694431
-294951
-519517
859473
469931
-113720
-576082
99948
278657
-143029
808739
-119734
232304
573397
374511
-612183
-381753
-174881
334533
-41901
-135129
-476654
474720
-765291
932069
306993
-693264
-513280
-620539
-465293
-395743
-314970
239757
84741
-455498
-290313
971021
-31579
809635
249678
825392
618374
-870057
57696
191770
504455
445513
810017
-670427
-219954
-231884
194444
303392
-757165
429153
235460
549829
735889
722180
929290
-729404
-673563
-385680
510353
411178
158823
-779960
382199
-872757
-970325
-368124
952636
648049
-238180
10331
-160181
-733725
-544156
-350164
-404152
235890
417952
790293
-460719
660787
219446
774742
210616
-44665
496921
139906
225931
823359
754226
-263716
234537
-86952
-43676
-383264
40292
-14001
248612
-7072
-365953
-989568
-996742
473866
-723293
-540898
-876299
-127444
694993
541654
-337152
-765727
202440
882294
-990986
-586944
-162372
505936
552962
-936442
329295
307188
-200157
-436169
-779764
756167
180567
260529
-257835
-570821
-746544
376213
-560388
-743285
-149921
-283680
-284183
-26219
588876
-589191
-484566
-748277
-354917
717875
-865983
-345902
-869070
-28355
-839966
683893
35204
489329
-8919
835047
-946840
211317
591214
233728
-528154
-666622
662908
-274698
709592
-897481
-17982
-440330
-181161
697835
533451
-592285
-891356
-951116
-340561
-246272
766759
-206544
407826
897690
765102
567860
581582
-199695
57189
-427337
-364648
110350
783981
-773435
-655923
-744174
-440056
-993016
-18871
-730465
-890496
963147
-170794
-71656
660982
-637344
336059
769626
-588459
995498
-476646
-821700
-211046
931180
-924011
-445945
499040
657572
354360
-443771
-769766
989713
666579
-985786
-783723
-989345
-729959
-223779
-982360
251170
45757
-872856
214317
874963
55489
-124702
-762381
-608453
-355076
-350840
-612955
168278
-172540
175999
99458
-96551
730054
-401502
-438979
84414
154727
-208745
74126
-178694
-194530
290404
-168038
75511
-933375
-150398
-673319
112382
-23253
540999
-12655
-967765
-583704
224964
-576217
61221
874124
-189172
-770501
-298416
986828
328958
605034
716881
927456
-833946
-198705
82183
-42690
875421
903489
762780
165825
-264550
-161709
232450
585053
164973
-655168
-438200
-294029
332177
-405965
122268
-442859
17819
-816512
-568736
828647
-587012
132849
815474
741946
-262118
532355
669401
-96064
-666351
-248416
861246
-790930
-344928
624026
374896
390523
-537684
-392655
-24425
627290
-47822
537375
-666739
-715646
-868590
455529
-158505
149229
639018
272760
-22124
-947995
-594392
-206651
793952
143490
-674296
463353
-952574
-340646
-785064
908673
-131575
-129992
532698
-756680
-739469
995015
-149334
236106
622304
802844
-226519
955565
-912802
-95109
411094
-71307
-945880
50111
-798547
31996
102117
-392939
825346
-103932
750552
-848951
-640580
797979
-189596
-425643
706651
678829
444365
239348
922149
704896
234363
-227185
-58998
-143333
-424342
714483
-187769
-337144
-380626
-776675
591550
-326506
273437
793003
705490
-624447
-599936
530836
271622
-849384
681885
631043
948595
-507712
-794601
655245
-828883
649765
-105407
-906734
354661
-871045
-133919
-704338
-14378
441739
-989855
797854
-895405
-370481
-978821
696145
303014
294616
489147
8504
670170
889212
-460661
-58209
-960173
-778776
-427166
988423
-286487
-221767
643668
-115370
-572002
-461740
-22104
782659
-332784
843978
-921680
652839
285717
-911534
450693
390312
-282015
471872
86457
-979001
-233512
-424397
29503
-563343
-535185
568843
378449
-495357
790067
951283
-506935
-496421
-270484
-863268
388209
157514
-325007
-633895
-59828
342209
-789917
18493
-4952
495800
106959
-554260
-113888
824945
917613
972569
845944
-315900
-451828
-124553
120757
12987
-555711
-500795
517630
-765645
-549513
-989305
-262065
180003
-852573
-873856
-662483
-177579
-507750
277689
-835370
-297667
-703819
159678
-801867
403140
605418
84245
228085
523031
56813
74028
-792870
604985
949476
327887
-382028
-606236
827093
-864398
-371880
-722420
-853703
366055
457584
-706275
492199
795101
116146
984450
72789
280777
-313218
368971
-559546
-115085
-227889
-954128
969161
-999805
568903
25973
74223
776033
-369042
23699
103920
248930
417463
-68987
384533
-954417
208593
530830
411638
-333824
824556
-96163
-538724
-59298
-111714
534066
-778522
575069
-96964
-338067
-540016
675147
-292195
-570856
675343
-723292
455118
-250434
-947259
-913925
773265
156661
335006
190727
-912327
-280462
236311
296267
-749632
-352051
962443
-925076
551787
-576281
15627
-559928
957785
237105
-984859
-139179
899039
-524875
-464032
-393157
-95731
-788690
-116449
-640613
-39124
-63708
-554538
-265860
-907047
780469
924868
-819373
-499993
161178
476894
-249624
809128
439337
-174700
360914
863056
840928
800987
820840
78032
816128
-318339
-22929
-708747
217629
583914
195523
428940
-532535
554910
-610185
403758
-999629
123956
496711
780841
48824
677339
-719153
-789999
154233
31223
-980871
-406431
856524
380043
-543376
697451
181029
-722536
-224517
-2843
-40875
752554
288410
-823246
336468
-516068
605694
803934
-961159
995509
207691
-960787
119465
-295598
820054
-831712
-618259
-899099
-621710
535974
132125
-602581
-870458
-11351
777462
-413833
-313900
-41509
-136369
461584
955648
822757
214138
244057
999511
-449395
727989
605205
-645461
766831
600714
562230
806044
-279822
-733368
626098
-111534
-351627
727000
266757
-815654
-140875
664176
-686111
847774
441638
-99944
-466127
-599872
763687
995457
-644225
586444
209594
599833
585955
760200
327822
191159
-885262
94652
-208128
676969
-99304
512051
943602
-473206
-599483
-408026
-746207
667274
-223679
112918
331449
90210
-39308
-226913
990266
494565
173216
753953
490022
528991
340396
-300384
128824
-73650
-540184
-543355
-882492
-425445
551297
-90619
-748476
-548007
-578569
-804875
-21213
-178052
-212901
232581
-510779
563420
-654502
820671
-346370
306191
-406243
-356105
-199245
766973
-602153
-709223
295964
738243
-9606
-575212
-335407
450211
-118567
-217899
-975235
-567270
691483
-723711
-115277
-887087
-528586
863511
-65139
258514
96091
424083
-178066
441590
244753
475564
-252220
838511
-880541
548536
605484
-482694
839313
-98552
-744451
-170293
326236
-79858
-720083
-792331
702244
-695317
-359601
393726
-419027
525123
506640
52388
388633
-558500
-689099
-515277
865583
132836
926313
110336
-391601
-325908
-51154
-272142
-777373
-445671
245165
-938060
455778
500715
-108352
-217987
-579144
171566
-10318
-876900
476249
630082
516827
-942779
155204
23466
109609
-456163
464967
420511
28560
330550
-446654
-45127
-559115
161746
628966
389732
889604
851594
944062
134769
913535
399839
-364517
-194818
-818148
56340
976749
171534
179440
452997
-198385
-303733
510219
956820
719734
-380172
-499344
184701
-959662
529217
-484750
-406315
-515910
-43864
755431
-886945
-654133
645035
964650
-710072
-220197
878184
689768
415286
-316634
871620
-528375
-339886
43154
651066
-886889
844770
-652667
623330
801589
-932934
-756843
-697755
251768
-716504
831463
767018
-122819
-684448
-276847
-367389
-571392
69021
-722355
-606743
358950
57449
-728559
48717
-527266
-45193
-79663
-55640
614922
963491
-404574
728033
808260
-57240
351362
609849
9827
594520
912095
-738406
878016
743557
-971389
-244804
-940892
-248235
387808
-512284
820786
665453
-119027
179735
-277099
152414
-771548
195636
-892779
148789
-860004
722143
112279
-264578
450176
-79461
678183
-198463
-469612
-311991
-603944
-557518
-50397
-725928
-813961
-21786
29268
-754853
729979
-582925
-267136
550765
-917472
613838
-269501
-194570
-233748
-41049
-998934
-126527
-892260
-858938
-404384
220019
-123515
-954209
-859442
-445333
-152671
-329054
242676
243386
113429
-807722
517458
299468
170493
-453274
544616
-99528
-36198
-722521
-548764
46330
891317
181736
851761
-342432
-859313
852827
531042
-751573
993889
-873342
468447
-129626
-827551
609005
425041
19779
-720049
-332283
-736836
393381
-140004
780623
-307152
-969512
-672652
-762537
-69039
291150
-485058
382198
-662520
-593741
-436066
-810760
63828
-295379
-957934
-405130
-46951
-964045
-278472
-578505
-93671
-106022
-969500
-668631
913757
-689548
-914
-823079
703833
859082
957544
-603319
889571
-715109
-365856
-179469
576042
149087
-797271
913522
555347
-233337
-897239
-380826
471285
-855172
214044
-575667
-819217
935573
-154171
87112
-170450
-123670
418482
-256693
186783
-582432
-79772
-109385
-723350
-122229
287296
-833779
162663
921441
-13247
-261296
70527
189482
-347774
-374126
956145
-245012
245048
427429
-100184
-540908
851763
80600
-605335
-302408
-832288
224215
573922
586194
967523
-239296
-996238
-112250
651320
-719588
765522
-61384
-553367
-71815
-139944
433386
666889
930584
-377132
-680885
-443543
-420987
74103
801506
-993558
973920
-739402
858205
54519
-344737
-444203
222231
879479
-870281
-191575
847001
-109577
-187812
-265249
-458257
92601
-499727
480359
539234
428458
-659585
-27380
95347
-729002
595489
414463
-172544
-825499
-511435
-371038
-819057
-537516
-110440
-960852
517004
544824
-405055
-260765
424302
-275336
547661
271303
615088
-640152
-993946
-843169
452449
-493672
637190
-8317
934787
977606
964304
30133
-751396
559792
-555405
76060
734294
-66839
705023
915237
395646
-405417
954386
-87351
-860594
-450670
651885
563709
273995
199545
-164988
-110918
559394
-158934
45913
11842
347394
-316897
-996475
282180
-339292
967829
-687687
-90687
527621
-243091
985373
261914
690071
690396
177150
85716
-715022
131535
998366
-575616
680866
650250
988093
-45139
-150205
-176896
843943
-590812
664171
-110144
421031
11565
572960
424556
-706255
-766332
392385
-393941
142981
-79995
362969
128354
-818082
53039
-181251
359069
-861246
103727
-509396
-862880
528112
-828531
787371
516204
126331
-362835
-660692
-29727
46354
-996521
860130
-532616
15045
433090
891941
308790
666759
284325
914850
-190261
-795671
277818
938094
-613752
-669144
-243158
745317
-530389
860570
-764080
-393268
388681
-592610
-605898
-95115
533721
31268
244194
-496006
-922379
247674
-635876
-454994
-737282
797215
-563053
571509
463973
721272
486358
-726288
925602
-235825
-788195
-688151
95032
-31352
-942834
564643
-170783
-706913
-828626
-782102
-299523
-434523
122784
-765802
596745
-633023
-261807
674366
614651
102318
-780628
877370
-100468
-343681
448878
-636496
-622409
-64765
-362783
-696808
699410
-150978
-384958
-205559
817671
-327792
-640916
-353112
-34705
-469541
-135214
665773
95936
987570
899972
-307319
-645453
-361836
-632953
969199
740482
-413581
846568
-359986
242739
295445
3519
620330
-769320
640736
923523
930091
-510242
-461436
-275468
-692572
210773
83616
-45684
-823932
614076
819103
841841
-289988
806673
741813
402693
-838781
-620023
769740
-869582
-879541
-643841
976987
-239527
598898
272431
763992
219228
503112
404728
142750
433202
894486
681315
-842267
-798087
-107913
241349
156230
68155
-144575
-24668
-90004
565437
-217996
-348192
-31870
-56776
31786
-262130
73642
152245
94030
50628
912718
-307073
-676941
676710
912156
826171
81437
54906
259372
-24078
-263780
417105
177836
628308
-341546
-665935
-303538
513880
309397
606459
79316
-908600
-741733
-952554
34624
290053
-214684
-891734
-557703
879346
158894
-644985
-427727
481954
-968276
-515571
308124
113161
539335
-432504
-910917
-724446
984602
266919
903862
-356945
600984
-399676
-843066
-89619
-793217
236251
1781
-534950
283698
-963595
755104
-930987
-855329
-802599
948360
303566
-447584
-479367
-214480
-415859
5062
-906357
697303
-455604
-338860
786386
-180049
-354259
53305
-276187
288797
-345711
324137
445732
564670
530920
-318018
-433549
995971
965681
-397144
751075
-965307
-252472
948476
983054
-948906
-499109
-496314
-163386
85033
508749
-69742
-217665
-946855
591398
-431280
-126904
-762861
622026
596909
525936
-723686
-78954
-28333
840984
-548034
653650
-592566
-552063
619330
10291
-800989
654024
757819
-852514
637077
808913
-351622
-859237
-354473
733411
649513
575785
-484255
702658
167182
84466
-424247
404321
-293509
-827338
-69743
-17194
93708
901924
-176211
545675
555574
231224
993612
174903
-758486
-807378
-171073
999334
-659891
-533996
808247
-11513
-393232
-546227
-278102
-743720
-970443
237644
958938
196740
-677891
-465309
-398940
28601
-292647
531318
-988594
801062
433241
-164804
346736
-11185
-933581
340347
-836282
-692066
532970
-7355
-692733
873079
458649
-884487
-138435
-934584
-430713
583463
-678303
-401156
-178894
-719366
795584
143216
-184675
-603356
-828183
522679
927962
-816777
323740
361203
18419
-329524
-649983
84839
-989177
-486265
392773
543793
506381
700041
416871
-34970
815555
-721564
30447
-615159
861900
352144
-16314
-316994
632778
-220731
826222
-551897
175914
998039
970783
103876
-818738
294523
-534922
199682
964999
-184904
-715479
975823
328831
677295
519615
-164788
377335
-63514
800242
192890
214922
-169312
577731
76821
-817169
-438584
759827
815610
340686
586049
-736287
-483401
584088
-765505
620475
765351
529019
-914447
-34968
494018
-99351
249553
469840
-770520
-73153
-10546
64692
-695818
925940
-135066
497072
140862
695622
74803
-782318
878454
636219
977510
694063
-23095
563559
957777
493505
147647
-807728
113980
-87003
721291
199533
878030
215308
-899818
127583
-314853
-670338
-945570
674602
394355
-641388
600542
-740712
855685
-258597
954911
-69513
-40914
833364
-433294
-63404
527427
543611
-499846
485203
37115
647802
677476
-848905
-439202
398766
350628
-561172
-385926
450810
566411
299221
780473
620841
-26177
174828
979454
-425635
434117
835138
315768
389027
-234376
-725146
222391
332331
211450
-250183
-124059
711605
-764980
913057
359406
912496
-935849
920205
311262
414780
-640968
925336
-134410
925443
224557
-353937
546284
-801621
820891
525737
-227256
255007
360874
-911488
-355966
-873502
-636634
866425
458830
574817
-383758
-665229
286421
-148737
-752173
-354173
-236241
-688021
-433969
-924980
726760
-74936
-999644
-407651
-149494
224913
238412
-603211
423293
59303
922527
-803964
-685690
283401
-715451
-41656
409899
-352084
-175231
-131271
-777268
441012
203500
509154
-707726
451328
-845019
56034
763307
-278988
131054
490067
646076
131411
-917584
-503418
-643677
320829
-106628
779616
-619869
-184102
975653
-305558
-900702
-739799
652787
509198
-91883
-522445
-622074
130850
918568
581427
-359997
-789158
32754
-205016
266876
-203939
515997
-602070
-713873
162073
529341
-631457
658655
885664
689372
-447973
665279
-930497
367925
640932
-236055
467224
901133
-583269
-23579
-190750
-105713
354348
940100
-187146
-64226
-419897
23696
968528
375087
-709429
-235411
-108916
-311498
50716
-946844
-782158
419260
711812
-896495
108631
-736161
768785
178135
631764
409716
942080
98988
310849
-641189
-924591
-879902
253099
429757
-939803
-934048
-634469
-359700
89649
-665941
-984613
380221
98648
-93528
-931278
-850637
-40371
-713436
568623
-328560
-609930
-322746
-64720
-841146
855390
-432956
568571
797470
666032
-120581
-843720
741441
-483
409379
171198
59715
475332
536729
700016
-435019
870788
715403
945202
-30565
-378126
-986076
118799
581503
-699512
-312578
-747057
-309441
364677
188223
-150587
220066
755268
-582016
17535
421299
297403
173816
162739
-703080
-416805
-666063
356636
-941473
870666
56651
-376492
741454
-227946
-431290
-289111
393928
-417366
829688
-24569
-116877
-482890
228375
573682
881787
-583402
-576905
101853
-828135
-158921
-880613
593165
-861518
293204
-244097
-564598
876399
89840
792038
934927
-39494
-151312
-441566
-298041
620742
127144
412848
14670
709779
242536
990102
-407099
759646
218477
-833418
641433
635075
-410323
-256715
806941
430757
-137327
400105
569239
-844123
-843992
-995360
-967725
245849
796679
967203
-793646
-354633
-474364
-91686
-733892
652781
-678838
280779
362559
563698
270881
955461
323344
-510643
-877958
-35223
-875568
-288280
708062
931373
-857524
-429265
331478
711716
-273388
487486
716356
-241112
-266666
513035
-273910
-60311
-841599
251727
848004
-575490
-95493
-830835
705289
-732934
732864
-23831
-777474
56208
465526
-655432
-979016
589958
56289
729047
521331
198766
-700219
-147192
-89519
26394
-659706
-373163
785282
73628
-860129
-488628
-986683
-701728
763099
861321
-277218
-332395
-969514
-571929
-65329
763350
404241
157198
-180442
-130234
501766
-159458
-540276
-441945
-430412
981056
756822
-130630
-166137
-332698
895764
174157
294140
681046
-752215
434011
-807582
-738897
732284
955517
-877577
-544934
-376878
-847091
-116862
557794
916260
-712622
-285009
-264183
157145
-783243
576360
616870
-225187
-854053
597925
-468366
15318
-568212
198937
-88918
605945
-506924
-407872
853731
927088
-215454
-885167
659372
-259937
-762743
-885563
363186
-609833
-2424
-79021
-693574
284954
635971
42244
-557901
852729
-381397
-941032
-372459
-235449
656893
159176
779870
-911320
-641888
-309049
694626
-148812
283080
548357
-221725
-932375
663190
-562353
-192311
900447
-447916
-829126
-709387
549661
91854
-402960
-165386
-272176
639285
276714
-419448
-742112
335682
208094
22439
-7425
-632731
-197691
81255
-274619
493261
-224119
576570
-223660
-675763
-645155
-156034
987427
-207508
651655
887874
344577
822529
-821513
-105763
-85618
-224472
728852
642207
-585188
5565
-777241
-327300
-658754
430853
695140
333821
798123
-502552
-584924
-476496
990710
190958
-899927
-232951
515195
-545082
611015
502622
247410
262670
390495
-408014
85199
568983
486224
999582
-655490
215075
641788
-240677
-779360
864548
432023
-438113
295401
127163
895709
93523
624612
-689216
617027
615321
501742
717100
-617630
16937
-827982
993386
-480442
419429
256055
910054
-988586
-658747
479037
497639
-659165
823547
-287286
982624
-417131
-66646
847171
-985108
495241
142571
142056
390949
-763906
-233333
701734
853121
-618013
203476
570221
-235643
-779588
742239
-242258
-260029
161668
-986203
-349975
173082
-644949
-870939
-329279
-304114
952608
383435
-321491
-464523
-683212
-474320
-449630
812029
668251
692426
202978
904345
-540908
-95289
757466
-158920
-891814
327686
605438
-671401
69925
-636820
68570
-768408
-623023
718595
404675
-267971
847656
-924604
427915
800264
458831
-893576
-664259
775619
-367896
-113888
587648
-699645
-421463
-209374
-795300
37630
695337
962166
878711
803524
289852
484149
-867878
-640223
847329
200692
-408630
-775694
-80713
996046
-43664
-233057
-928559
-615750
-432794
530272
-509325
-97052
305891
122780
789060
-106461
423136
-632403
684165
627836
405228
379502
590002
283938
183025
-120147
-231914
315148
239631
-384585
-484160
831001
-160278
435127
827047
796058
-797931
898488
-819692
-230724
428760
-329016
672225
-265349
793764
461284
628190
216899
828882
312355
-155265
234109
-308144
-565264
-481953
874882
314590
286134
190029
-445780
901550
705869
-614779
-258729
140995
-787732
-462672
343065
-889245
-282363
-887659
539516
388621
784566
-725834
182384
245849
902356
-600717
74731
214711
244019
-691161
906567
678755
-173113
781448
-6655
-886980
-28524
547566
-985431
-322655
932788
-244159
818340
-854945
293170
161405
-744189
-989194
273746
795327
399427
58311
-930508
-418189
-695840
971849
-18905
378891
186559
-774887
687731
93126
903869
-485382
-125426
-102787
-372361
846051
-555222
-357792
-476605
-622435
398050
-658265
-477380
-308781
503140
-221569
-297975
-223115
-426242
-898548
835197
-356750
-316737
-860644
-384901
664359
518248
801659
889472
205979
-105216
793341
720597
769359
-309447
-651765
615409
135331
-9556
-861197
512897
-611507
-519462
-964483
79713
983679
-186051
781739
-239436
387707
883191
-404240
-969043
-433546
-264883
-353943
-769188
-746635
-552285
-879716
459345
342500
913625
179941
111858
-395822
528177
-272734
739510
-481379
-133930
252406
-92885
346609
287924
986828
330287
-898128
768566
-909149
489580
651757
-313388
520537
-781790
421730
-833406
-550977
675095
-385691
-430692
134439
956810
-517068
-685620
68667
87110
842557
795934
-173381
-638823
-337996
-920975
268292
-991388
366949
255120
338900
468822
23685
429751
-41599
-324559
-883638
-521062
-106348
538092
-354468
342675
213187
259842
911983
-652375
216651
-605085
-337994
-714682
482026
-495438
-918748
-691355
-134260
-256744
-612330
-865968
-248132
754619
389153
-909233
223441
-587162
520518
-818159
88279
636881
-339221
981932
174973
306311
324607
-611841
-433847
236589
-264216
782805
631505
397790
-931878
113530
902353
-850625
422175
-231907
-107369
809845
-97874
644499
564464
-708722
735267
-212096
-295884
255785
-30254
792396
-107334
630525
774328
-932362
-63164
98934
-544203
502990
-664478
191582
285794
967028
-410629
353917
80557
-508276
503292
-497269
259818
-604078
-687424
-838056
-959579
877041
-546777
775689
-335055
157340
31473
634692
-50265
924139
265217
-275938
991777
-797948
822996
-552426
705043
-841482
639156
-9164
-874455
-771473
-655248
206103
-279748
848044
708835
980070
-756035
-978589
-857986
-715613
898452
-404763
-939925
-436603
752577
91549
-801911
-297688
15688
463306
426374
7465
665359
249370
455039
370401
407889
94194
-638764
533434
322721
-294012
-260464
-957027
-445968
-551630
-976958
-202003
-530219
-834943
82385
-631767
-239706
142460
-68369
-487130
-765991
129720
215182
249697
-406975
-358444
-742839
-741616
890927
712200
628785
298815
-193606
990021
-167752
-870886
-303991
571785
-827913
250041
-979845
-804870
-951962
-510063
-639813
130423
-141829
120482
-727117
789803
633352
-493108
-80478
-151466
756589
512548
490090
-986251
770932
381016
725950
399717
-320169
-467657
389737
512080
-338543
-914255
83865
-166455
335787
104020
28676
383825
593958
388864
-485752
-547872
-490655
-212869
-758070
-857303
294024
161453
-8769
50612
-325999
-518679
64362
-555067
862338
-209689
844650
-457832
322654
234387
-945752
984112
320133
138113
-182343
-344081
-757868
846334
-960257
836091
235197
-446008
-711782
744543
341123
-469851
887240
-364854
691603
-121529
685759
-634396
359793
-249880
-189463
222130
540431
-344813
764299
-136915
889575
818547
-152804
209707
-43341
664854
865627
198792
511187
905370
34882
-253617
-540638
323101
-509075
800485
853251
-621835
-564369
544853
256636
-878611
910458
-383572
-128491
-279005
838559
-588060
376182
602858
275026
265757
421404
-877779
-524537
-621937
787075
-658911
576856
298261
-753541
-388262
-955356
-294179
934840
-464430
-493694
788091
-86265
-58063
332943
-829629
63327
243401
-213200
934837
964396
-374642
-653224
340577
-771785
621803
-393666
649620
744024
81797
-972317
531099
422887
604540
-170640
669347
-783722
-125995
-624832
-848883
409575
-118526
939208
-676690
823412
272151
-506319
-113262
-484449
280482
-178425
-520054
905840
168352
820524
-865945
-209846
-573143
783675
-465823
508655
811359
-934724
-68458
415898
-105363
-399111
632176
768642
-23943
783294
178217
857532
722502
501527
680944
-5348
995209
-432319
510204
275690
389257
990151
181530
-442392
810674
315585
347762
-762469
99260
881940
746187
-89381
947216
-322271
-673483
-158148
278618
958693
-389507
-745326
741987
788711
-887795
464488
290237
793149
-540860
285446
-639170
969345
-438864
750087
959495
742666
-692305
770169
58251
655457
-992300
-842489
537396
753888
68130
484611
-568384
394647
-673537
710234
353340
-63043
964908
95326
-274333
-922887
-440186
-984096
870263
18955
301350
-768907
-11700
862486
981181
-52206
605152
-711125
-282037
-336597
944332
-274337
-179086
481728
-520450
889044
-33662
-88834
283690
292802
-378600
-362970
-770242
-413692
732357
-44575
-336579
-707829
-28670
-466316
311126
-727321
-235222
-700575
-864835
-254041
247220
740318
34834
965183
-596280
-20834
-309154
224634
-539106
170397
113678
427233
-918437
-602632
-279966
-297037
34398
-50208
289271
-233246
905218
952693
58926
-123452
-513623
-629949
149227
251156
-330523
284393
997115
916698
24711
31949
881881
428431
-988885
-427274
-346935
-527991
743124
766743
899242
824687
-835890
-380725
-472350
198509
569068
816922
965264
474286
769615
24189
-649167
-744009
394241
500061
507147
-936282
-215547
504262
980416
809164
-463790
862296
237595
-452675
-564978
890660
19334
-821855
657403
-81424
-997168
821514
537851
-469517
20022
106919
-652596
-14715
-418796
-882982
-990526
-67963
-626990
403715
-567902
880158
467433
216551
384419
447848
25715
920630
310144
-736691
-532046
745166
-846031
487289
923312
811372
-594136
926144
632885
943716
-543374
-347093
50634
-195969
638193
631839
-78951
647667
-436124
294060
51382
-4026
174217
-481186
-787475
-441364
966663
238240
-520735
276807
501550
-52780
21972
655520
-565492
-54717
466891
-159627
-128573
99776
-215911
328054
752683
834724
-867916
390875
466562
53134
38542
-969562
-652807
-910077
26412
521411
-391262
238937
-919953
-424600
-522823
-440688
852207
978728
506532
-125821
634247
941041
819463
101138
-218586
-309111
-799086
565504
-981058
953597
400227
-848973
344472
-133211
204161
-616987
-102773
551355
-527063
923640
72766
81675
162577
152813
657075
639754
712125
509282
618482
218657
-616540
252728
159698
-797078
-646134
941113
-106188
-445220
506616
-87245
-491623
-93158
63782
852849
773632
-732057
-764138
-329141
819298
-291200
-405502
-107937
790475
757076
-955124
447550
396830
757001
-43169
15311
-24342
340292
-731961
-864644
543215
-378095
-923532
-562973
176686
583084
349782
685063
-510074
-586437
537912
-736443
-318494
773775
-65583
-499196
-517426
528916
392868
-726952
285991
437744
720598
-317180
194745
-322571
698132
-829598
-982280
966171
-694241
560936
-411924
-617773
997963
764762
965311
347744
449824
-544763
761308
-12264
-281205
-557186
-238490
653212
-56381
244084
182127
-663514
517133
-531882
774231
237730
150939
-31025
915160
-150930
139378
932881
-184760
445137
493816
403316
827364
491779
168077
792675
-160477
-382099
-752089
-399170
605637
-33294
43645
-632854
-380082
987264
611231
802045
-676250
128363
-729837
-902020
-633908
421102
66956
-718749
-729829
-793667
-785869
85411
651471
707948
-511273
478835
199726
656805
271510
-960752
-725295
519421
-359921
880342
-513873
683725
-752512
106045
670988
858719
-91910
994739
-12919
178253
-907281
353174
-400645
159675
634426
-130474
366009
848558
954938
17480
556505
-556336
-503686
-243769
-899532
767825
-204520
-624826
287245
435559
-744484
773373
119283
-496996
-120582
-209729
-638277
787508
-214990
348804
-34239
-122271
-298022
565116
-962596
-663597
-565358
403414
-815039
-610421
-579107
741467
-166756
-82792
-502303
-66287
-314968
293178
308887
972278
-271263
564403
745651
848020
-932593
-374932
-361709
-570870
-587425
423302
777935
378337
-698969
-520088
-56548
-661564
-183684
378094
741850
1277
767674
-837257
-257256
-399083
79952
240441
534630
764985
-466381
-156483
737263
262356
-592081
482913
110376
-524673
-892020
748668
-95543
-479444
171969
-317609
898894
473000
162304
-157655
811437
978620
-779561
553286
-20103
988114
716030
722641
-410970
-204019
-36918
-876340
-439034
496701
-32823
-701772
-240943
375097
781142
869433
850424
889122
618100
-245120
-590322
-209932
437272
-691429
-736932
-400425
150917
-925495
-421806
371357
627791
558092
359470
343821
280733
948501
-860198
-756186
-927840
-299232
740516
39337
-1003
-500428
-585567
-219862
-630996
-735143
-330741
987105
19737
78938
-222827
-542992
387510
40242
56583
-461574
114747
634778
909784
-257462
192870
269253
-913642
-526398
217753
-773840
-282583
289914
-73071
-542067
-670749
925926
-42495
-256316
-293937
326510
8542
375323
313615
-971722
-545740
-909213
-514713
841770
131029
541871
-619804
-754224
176649
-710021
-11686
-630482
559233
74672
-156879
-223014
300833
560538
-933101
-772239
-981529
-603850
-846314
-24023
139835
-140251
-697514
-851624
-764929
616102
-823345
-310668
706889
-338058
-468899
-162082
-796187
-88702
83694
380462
201277
-927993
749981
-239491
146680
-406898
537496
-552488
-846360
604395
-324727
-827889
-999455
-171040
148088
140380
688709
450575
288757
923781
66676
465412
-386888
-226435
-872646
144214
611483
-668832
-944489
-304823
711631
256788
-232816
461611
-982703
913864
-945287
554794
-638624
-791647
159188
36650
-619536
159734
865610
528553
-699886
554319
-20873
588871
478100
-954197
54283
-908789
-180632
181638
235425
-569150
512806
290937
126027
224436
-452275
893212
-313953
-434978
807076
-259240
-880184
-831549
-50887
279005
205101
329578
-561262
70711
-141870
-261148
-374971
837258
-672278
-896872
883061
382006
-805660
-297572
-436357
429766
133279
-923552
-279298
-740694
300885
268427
-847483
986932
833450
959594
-272309
953266
-871956
676805
232270
333146
6383
671008
-596143
864513
-590140
28887
701771
-262417
132016
584831
-880412
326356
-712741
-316768
-243878
420538
-240320
476824
679845
-939436
-254749
832363
-952504
-421300
791956
-224812
-468034
920001
-548008
764236
253147
458376
435244
657004
322888
845104
-314110
24659
-417313
817906
-390511
-297725
144262
-103252
385508
900384
-682714
-854813
377207
997131
-794248
-877543
829493
-746751
-298842
621449
28437
233124
541449
480429
-2640
-205404
-61196
-567397
-548401
-738308
-722293
137490
286352
-139606
-44605
895841
562670
-900343
-207411
-51823
-999960
109876
93365
377248
107007
299118
499706
-63500
552367
-799137
-442052
-419197
433988
-900603
-938768
-568653
-106007
37
-136050
345593
261730
141658
-516918
-451919
-997948
438478
-556078
564723
538135
236512
-487100
538176
-653613
606266
-84577
453395
-94617
-584871
-610106
-542250
-384008
-52158
38554
-950020
47240
99787
-518673
941234
-900176
345278
286826
361555
-513065
769909
909637
-511013
208386
-646442
-946290
-253479
590071
-433390
-715303
936459
-827125
200121
389853
78259
615250
779747
536010
-768758
-272411
-425437
-718778
774830
674351
-237451
716063
774175
-892173
2888
135729
-405238
-227203
45365
83750
981184
398924
137460
-272295
-11005
704071
12402
-74547
876946
-787478
-684694
-44795
827773
-904947
-508786
-940985
-177358
65777
-659762
-402529
-259872
102788
-686466
-485698
210615
316422
650032
805377
-910781
-304603
-110873
-929598
-905680
-973414
-201893
83316
730658
810509
-991231
607603
-976969
-675925
-437193
850805
-580872
54022
909820
241771
-880201
-749943
839243
-140073
352845
-847224
374229
-436541
469199
24261
-631164
558418
719658
257963
628820
813979
284550
-573074
-102706
15207
-762565
-93937
-377190
-739534
230139
185618
-888729
649267
-760361
-978910
-108962
-640562
-728852
-269720
219365
623993
-116943
-406406
-812548
-647745
617855
-443711
910673
337513
814252
539493
151491
98802
966419
-951216
-885992
-796146
-45152
-263182
-535680
-815014
922436
-424409
834254
-837925
-403318
-274708
-478487
-132170
455573
740879
-508177
-661371
-665527
-320724
-309115
952329
235565
-398443
289841
49817
-858950
-558669
-851382
-892531
-509884
-737374
-688677
444964
-555
-224356
629950
-78119
351236
464204
83956
947918
-810505
605470
-184252
645068
346349
307572
983697
680822
986848
-325419
633151
222413
276139
-77009
-727771
417190
364322
-579153
524659
854439
-316526
835983
299402
682919
-388374
-70648
-395200
962862
-606444
688757
910780
-416949
294226
-273472
-771881
-359425
-965900
-788184
-678603
-979052
-113602
954548
243361
-837464
-122462
515591
579727
-758140
936438
104385
-903701
-380088
-59632
395701
-697169
551994
-674947
-92369
514856
-281391
-403613
425636
301660
890614
-847836
529779
-468812
-813736
741595
-147414
-792788
-372008
-192867
450573
-209471
684672
-33837
-629744
926533
-97399
474642
-977169
522514
-584991
418533
825345
967003
743586
-267025
481859
-537806
329363
-92506
763855
219977
59659
293633
751166
245923
35228
-396249
453135
663221
410885
-96292
-546250
95557
869872
-175994
22089
-227527
-701353
44921
-705014
-286344
-536547
-879670
-319341
-792961
-146694
-837483
-330767
-817331
70012
-566913
402646
-870330
726721
153811
375594
-238051
757563
-171272
-574831
168447
732437
-121080
-735996
602308
702927
286093
-625220
-998427
-668986
-330234
-284770
-205532
-209904
395890
1507
643403
558407
670740
826072
-371581
-896173
228717
-241910
830548
-617472
-866317
-407503
-859910
-37588
17667
308538
-305152
896587
572542
-702845
599513
-141365
-328064
601087
189650
341702
-683683
984118
-868202
712207
-14375
775201
270614
-343636
601272
899033
-239808
-170011
-342878
-409260
212517
-209194
183237
352608
753218
-799097
-338854
-551935
-902510
-766312
-254779
697004
92324
417157
298090
-718026
-241142
614407
-733909
-109343
326613
251716
-334143
-402774
908081
-732871
-503741
-331727
97119
153382
259013
-690364
944188
-557751
662245
697406
-356847
-676610
-854530
-259357
-442921
-109309
-562354
649404
-692152
735737
931378
66706
350144
-802531
957364
-323244
449186
-376780
273983
357267
-109650
770243
-974461
987469
-76376
284552
-702896
-132188
726802
959349
-434783
-630045
-717261
-289313
110599
-160181
601379
548246
-510777
909227
283982
-579400
-24067
-365875
-381930
-66704
310882
-932744
556517
-415135
424523
-553133
-644893
450063
-565664
278731
-265385
-268560
-853457
-538583
-309211
-288240
-168628
-26471
422448
941971
813348
23827
490216
-697430
-66946
-225802
-276829
908987
408323
341242
-157717
-280795
408498
-601200
304070
-166979
-154333
659177
-716917
280003
-62092
17698
-988557
84451
479115
-297767
796212
-689513
675762
218659
-747543
489109
-757515
742674
791680
175539
-483129
-485149
84526
925195
856093
926810
-355601
264590
-674391
948469
-902389
171277
607646
-619306
-548720
-454447
398393
-537276
630005
-122493
164957
426216
187994
-159282
-355125
440452
-670173
-112640
183125
-878494
-937101
699997
-363643
147426
625192
-507550
74235
-730410
757041
399845
-781941
854652
-428879
825705
-764655
22402
-628742
633738
485126
-998737
-488755
-349918
427479
699239
490800
-927647
139691
820627
-40286
-677184
942134
22613
-977187
-421509
-829961
648005
70941
244274
917596
-172019
-355882
-864346
-317367
215240
961360
-82022
-762359
-667382
-448284
722767
-666119
62961
-627151
761360
-237800
863649
833714
901892
684276
-206573
-775293
626410
816041
-752480
-795100
986080
895525
275842
230354
813120
-896178
874473
948775
-213545
89712
910135
704434
327354
-757248
-743850
50121
-423366
319111
422970
-662007
-918689
286619
-828293
983203
-29105
-34865
-792091
-402696
-218824
-544570
-197796
-232744
-649045
-921955
997610
-835925
-818132
872082
-887151
-31676
-38206
-977016
-327242
-710852
-734264
-71092
339269
-157630
-751981
-237761
180364
-670670
-951143
352072
-687468
19753
-682794
-479558
617057
98382
-24127
-580739
865639
326828
-502693
863248
490903
-320824
735330
603753
647500
-302876
626738
-679742
-13728
892475
249166
-674459
-265155
497185
87780
915209
826516
136638
267281
-860952
-843610
584487
-340509
773448
-317131
635364
-807292
-451493
-37809
-309985
-588245
-546906
369191
-852915
-943153
16691
-155791
683586
336949
830482
576060
-413885
-843978
-689096
-916700
243802
-773887
909816
-619560
493394
-951137
-463170
77881
-291646
-689723
760751
-656283
-497014
-690742
305909
193001
-278987
759004
-437808
-131902
815852
578883
712308
499437
-84168
542789
75497
501948
698811
386401
585248
-57387
612514
495063
323054
105908
543927
859885
-816212
-747720
-829838
944539
-404002
-326852
-746204
901908
866150
-25190
660912
-571659
842909
476764
-992776
555216
-23799
-76943
98005
-948303
-574996
-203184
438099
-989748
739430
50613
505315
62483
-843480
49242
-77632
-659691
301522
92530
-715152
897521
765678
-461356
799429
631828
513455
460341
-939831
356363
-62896
-932606
-88421
913306
-9548
-990416
965004
415456
-193600
403102
425708
-454170
-546286
-68977
608313
-389765
980265
-469320
-49456
281787
623211
235392
179308
388889
774037
-21263
20716
287492
-560923
80885
-356146
376182
148280
555434
289488
-861269
565019
254491
554188
-628582
-342407
-20104
-82752
111308
910919
-474439
721543
891184
56242
-327913
172971
-320548
907479
-647721
-931660
681516
331016
89057
-30993
770094
-830059
612862
146275
318222
168295
-564237
456953
-266687
690254
11140
104732
-652154
991036
-978020
459155
901955
-452458
180697
793139
603784
852784
-33890
-716765
760263
318389
-648424
441778
-350596
440633
-589216
-580503
610575
-976355
565773
-71204
191941
-998465
-614251
925255
691790
396890
29987
-960365
387926
51967
498791
289881
599509
-320513
83019
203292
-467729
-950872
486528
-707467
367517
838105
734311
-983079
278737
-854906
-563582
-110688
-831260
-997809
818108
360681
-996274
-796143
285936
695516
600747
-684078
735152
-11328
367889
233942
-721448
-32602
913430
361572
-829310
-554300
410700
657218
-261767
-221783
495323
-527456
-204862
-225941
-382361
231557
663372
-213621
233748
481479
-852940
237475
685337
432996
-67010
286083
748918
-331858
-725245
116807
902085
-446693
-915796
815514
914880
-745106
-738787
325579
912113
-553
-896204
407435
471991
-101065
-818507
-910371
-869509
844865
-123992
364239
326344
23069
-398286
11681
-543936
534704
-702237
-795019
-797154
-427481
321788
-895070
125826
405993
920444
40705
660887
-818343
-633716
572999
181104
-529919
-19567
-346906
369016
161927
-257276
499507
6792
618733
-136254
-666864
-358199
465460
344817
97865
164
642581
302847
203010
-784901
-375365
307940
340926
-969372
228384
-618369
691515
410041
-252084
264514
-408856
217997
-755054
244239
-412988
406874
986963
-913481
-586335
605695
-49735
-253198
-752504
-584275
-908382
345362
415889
734200
-351792
-381101
949299
272844
926840
290225
303472
155223
671857
-5013
-434737
-580228
-740500
156408
637769
-495554
-599354
-775219
911321
-612391
-688700
-675014
993305
261566
71788
-759200
677292
163407
586162
93181
-102394
-765630
712080
-153095
507214
638920
-862870
-189314
-205858
808987
805673
359406
-771242
-934828
-484186
866528
-430381
-83539
-908691
-519060
304070
-597391
-194074
297374
664176
877714
538174
341467
41121
124336
-565353
938727
358706
-853273
-214368
-134081
785647
-77237
676606
-420212
-268251
482279
939195
-39492
547452
-544992
-172965
-882929
371469
-81656
-401989
-324461
320954
403937
972913
-14870
281651
511087
-673404
-677229
-364578
-238756
-738502
994128
-92029
47131
-139953
-306383
969894
-463347
273406
-298358
-981069
212601
662151
566383
667610
-510815
683454
39079
407530
-718535
714618
-271516
685402
687531
713615
-32947
198618
-959790
289825
834040
-198545
551323
828168
709426
-401546
-311785
-596957
-431653
224868
676450
269990
243799
-110949
-67859
-189818
-443340
421327
-506364
595740
-171144
-224899
310357
557341
-539497
-2112
270955
427556
-803495
311166
-282620
-969455
-887380
-731297
858713
822047
-132842
-453073
-774910
435506
771796
901541
-294504
15595
-209408
637637
825777
347252
58963
-680587
-57008
887820
94514
-746651
445160
555017
251237
-283885
-17427
447743
-972720
699954
478288
-860099
968657
337001
961949
-164185
883929
-812961
-728680
655724
-911421
-23184
-328681
-120829
-385548
-502904
-773577
673415
-183491
169415
561234
911023
422765
6394
466040
-325998
722509
-551387
-878256
749790
-851434
600033
889692
-882777
-62967
851640
-46962
-179038
-961322
224358
-523314
-872742
-798826
148005
6429
-184374
645101
232853
-510959
-538391
-597732
-949726
-627368
825033
56669
838673
-500966
-220823
-712715
-379221
-471033
-564149
-779189
-581342
-446925
157845
-729702
506114
978807
-691024
-269528
-544508
-563766
-68354
603497
442664
747273
248597
-324483
-763687
710207
77785
-713412
-917162
-97182
343257
921511
401852
-877567
-791204
-977369
-348599
-355352
-756558
70059
197723
401287
340357
-296164
380093
649334
434308
835586
-914432
-634047
439082
528232
-886775
-312321
-796251
-650461
-602114
281534
-363873
-519275
-815648
979384
-597765
586205
-898183
-388968
608836
-246782
255680
852278
823277
-546598
253565
163634
157239
-366343
-187033
-408453
-530758
-101465
-42499
908325
-573233
70727
-403996
-369484
420266
-6110
912051
-943608
474615
-903598
-964224
876851
682607
-862407
-512118
291443
-109188
743563
143720
-285912
-803035
-602716
877723
354204
30942
-309311
945751
500185
589225
-96749
408509
-984009
973978
-995487
-353493
394244
-1597
-441442
450637
-526982
-345040
486413
-650131
-662433
624007
-162248
629010
-485182
-418686
-227270
228907
-221721
170015
106629
-867517
-799044
797318
-921766
701141
386542
-18514
109650
402534
-44536
114164
-950959
-650293
-887433
-392401
800344
-414415
262560
286756
-64545
600127
-89237
773207
229137
425581
-645480
-998134
-345513
132800
171881
761116
265284
372838
558434
343518
73979
-55024
-674997
-816371
-652491
280468
297793
-603450
630175
410360
4150
430519
995946
-733291
-282725
-68600
866836
628038
-295393
95973
53618
59127
97839
708105
-808073
-730280
469221
457212
642558
27655
-199271
-283464
972631
125733
-99835
-679860
-593800
-802043
-283309
-963625
608318
720841
466894
604263
987550
-815832
-464337
854386
812206
240270
-49642
-134177
-700603
-951804
-426072
-508676
-682083
-956851
948536
960475
70804
-250735
-322990
43435
874999
577176
363575
-718802
775134
-919735
-682427
383451
801107
784468
-12287
788656
968636
523376
643042
780841
-236354
-406601
-353336
63043
-358404
220593
554368
-40487
263742
502903
-80012
-665455
-747832
596999
377981
-872834
174174
-258445
-591635
-50693
-178179
-274061
-667242
-377073
-489594
320471
-588417
-520959
-156153
-945376
-740118
607494
-351976
-93454
-329464
289621
-872862
-775097
-750867
390881
727807
169122
725427
979975
-233880
103407
-892859
940294
844963
-484494
-110399
-333217
241445
222359
289711
751852
-457170
701295
-769108
386678
755920
-509225
-5829
-596057
397321
664708
693565
524460
889611
942698
-84660
617417
111819
-359234
597392
877940
744174
704533
818234
589136
-779961
-292166
-744082
461485
930194
545630
213336
-526976
246924
444229
859703
2844
935004
-146126
406788
332325
-481419
100352
-143216
-591809
43050
772125
-974392
-845131
-587109
623001
-967192
-842936
327534
851042
746200
547573
-441124
-997882
9058
-510930
547749
-777607
-37906
-205327
666622
-178204
797517
601626
675670
204305
-66050
-805749
-695344
790734
-397558
347706
562859
-371949
502575
975751
-748949
535384
-867186
578585
386425
879015
