-137882
-282677
-382756
706600
-774047
-952741
-517547
671880
914203
818875
896038
370434
227827
-757769
524180
964882
823506
139535
926075
-764326
612754
64377
-719439
-444204
-873053
-530303
919212
-273794
754210
219816
895375
-383672
937139
-487381
-677073
-836908
-440121
-194620
834972
-525919
-375745
731009
844516
852083
973240
368695
816965
796746
-491771
743040
-967581
-879017
-192584
-687019
-323220
-65636
-217321
-404009
660570
-463112
815808
555945
153216
752946
-931436
476144
916038
-371557
-718476
751010
102525
-94221
482019
-52960
-242138
455258
-684265
-425174
252004
-176035
-682135
284424
-55052
125282
597405
621729
-940355
-619917
-782280
720216
-83028
-966473
276161
-929812
786473
344725
546332
702511
973168
827857
453521
75692
-266364
-64461
-977268
491498
-609203
-661533
-933676
642801
162432
-615811
-72776
-892621
509472
-475371
729109
569118
-95287
946829
289334
821685
980356
-434506
891874
766829
910219
438206
469340
883387
266062
-77140
-40922
999698
858399
-18190
491196
-750805
320277
557520
891997
-517292
941710
-180779
-409912
451181
343850
-680804
20298
-751437
-733975
-690369
-929753
-753620
-124875
962122
-986791
-214656
400327
482549
-331270
-333612
-594592
627809
-333914
-736194
-390382
-842719
-486998
929896
714801
-595002
-587396
656510
224220
2693
107691
-431931
321890
-872011
-183368
587915
-562380
-113120
834295
312746
-150998
847505
-901910
-750672
330053
-233180
-84283
735461
-605372
581804
999268
4247
739085
-487731
-65857
453886
-82732
346747
110396
-858513
-650561
-781914
-290443
671329
-653925
526190
259244
-216304
-586930
93539
-903558
262072
-58957
-805468
511401
-728905
-38647
-572883
-993445
355982
-991080
-994177
-639771
748006
-481907
294372
201891
435362
-358882
-687714
576849
-9442
-469627
-713594
-338114
-123552
812597
921131
660145
-774334
14669
756587
487738
955712
951120
-862
-773194
-87527
426256
-766638
-731546
435177
-760815
-371317
183183
-242722
923055
-614926
-807361
-435827
-302639
769489
554731
227734
-944105
-783383
-895818
868492
-862253
764327
-905843
152416
520914
581896
108127
472033
-418966
334934
-615495
-992710
568296
-347040
442467
807481
281643
-374351
-435241
204698
10724
-242601
768871
708085
-473112
323601
-64182
-417216
540219
40000
-548725
677966
-195673
-454567
-169618
-674760
-872671
938509
797274
-291637
273443
-818222
-284347
-158262
-165262
-841880
-350781
-883619
-216230
213979
321079
794494
971379
89950
502578
-501734
-586449
-561604
81051
953770
478396
532326
631736
-717277
-922241
-537883
-392037
-794912
-599374
-594764
-86548
674069
-412985
629106
-484194
421754
787226
165026
538135
-429004
-620996
-140786
-634510
-649618
949164
868069
-151351
-637286
-693536
929700
-683517
784861
462025
948220
-932417
539785
-589664
-324453
744873
-189038
80783
-341675
-514969
667799
-712570
838
89552
-925344
-834137
-372313
-354348
-455133
486901
11143
-104750
436065
-120789
743899
798779
185675
673598
-884738
-29464
135623
-936518
38119
-324593
-526182
713667
-579720
284781
-205550
78605
769812
-537752
366036
-229350
551801
440692
-63487
-820513
-913656
481381
666389
97487
-623370
102454
976699
-879472
-98768
162374
794127
16495
-867091
-70250
79977
171029
605158
553796
-115305
-974563
-161424
679145
104043
-391612
-858607
-529922
379038
693194
910771
-684449
872682
997115
796932
539070
94602
-826439
-358477
71300
-705910
542756
-766327
-911783
-440749
-633418
17967
639229
537612
-376876
193024
-577694
-351438
-968400
-898549
752606
-360011
-757156
-777316
-980973
936039
-866546
-665421
808720
-869431
-868490
347789
225171
-694928
989313
-703529
-400837
532068
-469856
-312620
-908681
-103273
705347
730548
-565662
-671529
-76428
-143355
-22967
-44827
-41903
-270362
595163
200942
-47678
614191
136980
85777
948770
-54301
216346
-919720
-706513
-558484
-614647
-717200
-262012
-15484
814869
268132
671896
906188
-835141
377243
636736
-400802
705714
-439692
455844
-317253
515482
-586060
412385
110644
614882
-635293
-275166
-248139
450484
-326396
697560
-333171
-246116
991048
108346
139238
-726153
846334
-876247
-911285
114466
795650
994904
279325
172893
631639
878524
-121394
-808053
334367
561353
707429
748308
-26262
-181928
363189
338445
542907
-884950
-211072
-783489
812611
455758
-29604
803659
-435897
-890367
-922495
-589564
-766614
-833779
524903
-970964
-838875
-195772
201929
792764
-317249
-919465
984711
-982883
641889
692139
765426
-384374
-489789
128614
954072
-946882
243665
-257000
-730371
56275
-801243
240025
-140067
-237140
349658
-62561
173297
583045
103661
-301800
612081
264786
502428
-185990
57550
-814822
-105455
42261
-797704
-463567
-265600
967722
152060
244611
96336
106131
297729
-659999
849131
567358
396276
-952112
-192617
-743791
