-686003
623240
208297
331741
-416513
-912485
-596781
476556
-146116
769098
258510
907318
-106176
-893137
617233
223640
-288793
-655970
122679
-712150
561028
-627755
-746911
-601727
342027
-357364
707970
21895
-956253
-617700
-879489
-642255
-994460
328809
689487
-410973
416324
-907295
-934418
-729792
861804
324092
-822474
-244373
430956
794759
979267
-857837
-861212
101946
-569987
699817
474191
-316898
-901911
-183782
325738
806060
838114
369486
-811640
958625
727231
-806099
287433
416718
-217072
-296243
509424
-151489
-26034
371227
-827397
151492
-873147
603559
-53750
-893880
745723
85038
208066
-824265
-215145
-317743
-141162
-117056
498476
-815424
-310996
336589
554062
-122636
295213
281293
71265
-417355
-301990
854194
286402
-792567
-297296
-739632
578660
-124692
411860
705514
-521133
-641891
811635
-775411
443148
19701
-599676
-771997
701958
259163
110947
200433
443739
799952
-462979
-2200
-322685
832235
-720908
748581
-585121
-22897
602774
701282
184536
-694522
961651
-236804
180787
373510
-531290
659654
731620
-719656
884243
174768
300045
-715433
402771
2003
543730
-486282
-797564
-12531
-686331
-260542
985269
-9015
-428308
-735639
-260435
-13428
241465
-657661
-312146
-574000
-352182
-350496
189197
828605
-976987
657908
488259
754634
938252
372502
-70599
238297
657069
-667829
-759700
200799
-154110
-557264
-811733
159559
182194
-826464
-849457
753886
-562102
-109891
-259543
679363
232449
428311
-894637
880267
-922186
294561
708872
-899172
-47532
197130
855462
-109280
-430368
-215137
-870983
-773299
117034
-630683
427500
962925
-187947
615768
122483
994247
789305
273027
748133
-772798
-836865
-511410
906566
395584
916901
-988072
275851
994716
306490
-15277
-904456
-741043
-818148
951006
149677
-248515
-264132
278695
-21814
852903
648012
-594314
815827
-539936
-978546
-61690
-545689
810759
-788664
-797557
-962039
-625529
-308966
944528
770056
-392066
956456
45906
-397350
262946
-969372
-301806
521903
-787519
-350800
-328420
-36034
385069
950275
942152
237972
598287
-652163
53798
-941650
-630709
992109
-487338
-819950
-796556
-284894
-781988
-422085
406140
-837461
-652029
-985926
-881005
393877
-383276
381941
424506
314919
-96156
636987
964119
575424
-399047
349188
525699
-456896
-412841
123985
-109058
640958
182336
260234
633066
694998
440285
836510
-589896
658297
-585575
816244
820836
-237604
830318
939831
-843727
-552958
321771
580779
761962
-774386
217766
726081
801039
818719
75268
326737
-638177
662427
-549278
252766
303384
633059
-487000
-63550
328056
953285
-227040
738161
611581
187385
554404
432416
949782
384722
372246
-893945
831765
-305983
686835
593726
-80369
-95400
319806
-279331
-276681
-604926
-952594
85143
-942500
-501871
-662092
360885
-868813
-149091
-702665
459244
-195807
70295
197404
-584227
-742320
-248192
848190
-792539
-863471
220436
-686483
968295
914453
-999649
562020
-165917
-95048
-118174
554753
628271
276900
602160
-286587
334401
-899712
51322
-304714
-768524
902231
-7379
690720
-293576
-937084
-111876
122197
-679404
639932
-29613
-471942
776462
-809178
-158425
744756
-894726
-158073
306776
-60642
746879
-811399
-505889
375149
465502
-903730
-911438
-200097
-803441
139885
495189
-571964
42116
-512190
-881245
748540
-449273
6880
-129263
-128677
-353189
841124
399381
-576728
-968054
-759044
-831973
-862780
82883
474803
76579
-170239
663405
570690
-795090
128906
666961
-706527
928810
863521
433359
423999
-708443
-524526
911810
-589687
-775986
-537464
417193
94752
333859
-935997
-64124
-266760
-512724
-32178
-25803
-344697
105043
-942921
-869894
-818378
-113159
793511
752312
91752
-77583
419273
385226
-148773
282794
-181416
-724775
574351
294059
-812966
984664
518074
-350430
401856
-387175
983430
465860
548701
-283330
953136
-483477
690867
-391561
621567
747946
-261455
803189
-365213
-467944
555501
726539
454474
-25226
111764
-694300
-742433
930349
-419075
831919
224407
-232040
816583
-257520
417531
218438
355306
400960
-315702
-95993
-882371
-362567
420530
808496
245873
42096
556442
984418
-154716
-808771
-483526
-599216
917768
970948
375558
29532
-723353
633126
-40120
-142427
465044
-815714
625533
281626
-73233
43063
-499936
-717928
-555977
184363
186079
-438347
821797
-393391
-629852
67669
648705
926591
52087
-506011
-882181
568561
-105226
-964413
539508
-729668
65119
816156
903459
-975001
-326272
368503
-790715
-700739
-349871
136053
342324
150193
418126
786347
-665444
-395796
-652001
-843648
210813
-281852
224022
-140482
-355261
-723892
353508
-237441
844669
-751719
-201853
384177
-481386
863266
200333
-577928
888266
874061
790575
-902449
-826679
-559297
233604
515646
590897
-348271
301993
925453
255934
649993
-918195
-533253
-631859
305827
326265
12881
581936
-320228
775440
426605
-71946
-426413
-189218
446669
-563147
-988886
868741
-674882
885175
659315
-577331
-941504
-899982
656273
574143
690915
-691998
-123865
616368
563936
-473872
698174
-969318
-105730
4001
356948
907151
-414064
-963280
682591
-987460
-35225
-743823
-176678
-588557
-306970
-165563
-719817
18148
-280389
939499
440817
-221892
-960483
97090
-647750
730432
405093
228386
346800
-30972
754515
44974
-289
-351216
-951026
-643341
-444065
-365090
-606621
-761475
-352549
358154
-505297
470774
769598
187733
-694790
-950219
-794119
24822
989280
646699
802931
-971204
-256211
-844819
759229
-851119
383568
106029
117910
138082
-848998
-882380
786867
-800024
-525721
-657199
-165113
-132341
-418674
482338
-774187
76029
-46888
995411
-736238
258322
-954809
-530356
-716856
-965529
-883658
-913926
-936732
-139869
-758745
822498
9012
624823
-71474
-873079
-237095
79529
-755458
-450229
279506
-281178
-107428
-885608
586481
473899
596731
812294
-450072
-450157
807705
-186310
808165
852897
283334
-908691
887368
399677
-822617
950636
-740193
-581361
773134
268820
-956539
-298340
395742
-193634
781189
640285
356137
60694
-640894
-751291
175087
945588
722608
-228182
757881
-727465
321661
565586
86226
129826
418482
-630440
221135
305849
769237
398519
256485
-970956
817158
29619
297865
860620
731279
-306393
-333015
512467
-666109
-976878
-426839
-307002
-728168
748249
-361415
994440
-479934
-603534
-733025
841728
962052
353201
-28447
380533
722761
-807313
-313618
491997
591206
942868
521042
408364
-27514
-181094
268983
-296235
512513
935969
-783768
846405
959091
-210607
-460598
-769078
-462358
177987
-774638
57709
574453
-507663
-100564
536504
845539
870989
-82963
568299
-936324
603420
60296
654883
546288
-418663
63246
-481227
400244
-667771
222539
-87244
-731803
438771
-240840
-772712
-771836
298562
-541789
-234194
-523451
-316427
823515
-948999
175911
-277049
587506
21449
-406060
-495457
-410252
-342384
-892037
650045
-687501
654251
-768618
375746
-826976
631626
707975
395563
-455618
976173
-165667
303542
-796540
62497
-397896
-338329
828303
78653
345245
651818
129655
-478844
-625232
-282839
542606
-31291
221705
-867646
626325
329668
782399
938825
-16082
-986219
314570
156942
645407
22544
-447496
-810211
-1284
386838
493331
202177
-550666
-904565
863849
-722363
174089
209093
929456
-696256
730249
-695776
20905
272854
272933
-757391
405209
-100743
572277
187607
-161918
-443805
201388
-847349
713137
-153205
175196
-734359
36584
-826088
652479
-470085
376089
-898187
-374649
239937
-620549
799440
-550970
-691094
-896817
-820721
-386870
124089
452134
886063
366698
-142658
-214680
-61025
-955052
623402
495170
246337
776054
208307
-906868
-48751
473949
129716
125161
126428
659632
-498750
228241
-715018
741188
607692
-915579
-809783
916599
-812395
-630504
-470272
311694
821630
-584209
-321608
-321028
201111
617368
-276080
-175487
112537
970258
-399434
-679156
-936611
551816
794793
193106
-323024
-78780
-147263
178227
-850539
137720
-80586
757154
222142
109632
673752
409747
479128
-796520
-278559
300758
-380729
399833
979730
820383
17200
-296350
-355104
-870263
-326092
245462
-549418
-262702
-202722
-754626
930404
474255
166595
-216859
-347519
316057
920861
571896
73210
143003
-318473
-253039
-447251
-839345
-49558
274191
461414
569713
-325976
441143
390095
691225
-855207
-965010
820962
-181298
280453
-728456
556000
-922270
-483082
486404
551985
683514
-730456
-795534
-430
-809595
776362
-927221
333408
-542112
-180259
886158
-381456
770183
160348
-920043
339896
834372
521101
-270009
525596
665895
-235018
346558
-515404
-954566
618102
-959405
-876835
-864980
526999
675151
818534
796544
879618
-181896
986949
655979
-109117
320357
-886133
710625
206515
-267588
480808
-633138
-187631
-179296
-798766
-666531
550695
726831
999364
-684324
73388
-516040
-638889
-308510
-475445
-515723
-173490
-948446
-840573
-354956
848098
-960955
463148
835047
695025
-645969
155404
808893
-935344
-638082
-458696
545464
-271219
353673
-633833
-69984
687143
916863
-343154
686507
-767462
730235
-829534
-406351
-578275
-304978
77926
248236
-253423
237354
893280
-405325
276400
356428
-570278
-28576
710460
585127
-219684
775116
947045
321620
320580
-324174
-324707
686747
605843
-637564
603609
-737312
-951058
836148
992924
-780591
-570203
-585352
-85568
507724
662885
661010
-254922
556165
-744316
-978523
-87408
-314594
-7099
-376949
-729468
773218
-601833
-782423
94837
718747
-106596
770131
405494
-500754
-867434
9103
-238065
-818491
-154750
-245141
-599081
275048
169508
315352
-217229
-167608
-23639
527849
-611444
232046
549326
301149
917453
-457773
924201
-812016
-684556
-677633
-594438
410282
-958887
298967
180413
446608
798214
312980
-544290
-439852
494490
300961
315007
895409
-423992
-515486
210761
358779
316907
-812878
-113372
705463
419168
-564047
6612
336620
-21819
-69188
524605
293625
253180
930168
-296093
294294
229134
884320
-259099
27347
197299
196612
587496
-308212
-502428
-97497
-412803
73580
387018
797959
-567642
-296076
985081
318986
-590613
404248
754940
415999
-259132
-266880
-653189
-734528
-973255
599991
-804361
-269347
-105715
424773
-385028
635186
-547880
812272
-168203
-960385
-495940
329370
-57881
91257
-597051
-670864
-110784
-164692
33060
-125704
-845706
442448
-721456
909234
-141554
19412
-357646
205258
284884
-330900
-194751
480524
399753
699534
-94703
-985275
334720
357417
826997
-833483
397033
-668944
495887
-660849
422314
898836
-331713
-688471
-265857
701348
185826
-111563
143795
464370
-202329
-997759
-516218
440026
207499
768667
-890875
-987253
249190
508879
712282
-845514
523604
47001
511904
350600
213518
-91063
681657
-290596
248088
103970
-391760
916376
415500
342383
617724
-398675
-769180
-238481
-934305
28492
-236240
-450523
-531483
971260
-681857
-422358
984008
567334
-913479
696289
721820
610125
-256711
233724
-39275
956808
-857340
-357619
-333789
390749
746352
274452
307125
161851
-383166
-75152
763176
-152345
686367
828872
876147
-549873
-621652
-655336
-578614
-303508
-77694
-594607
-736175
8827
-898318
985646
-381048
-155028
219369
579677
-198221
362029
-777943
467991
-247222
968409
-257558
-940098
130259
359277
-15250
-106565
-793068
-328883
-277693
-916922
121244
100655
-572258
542630
797148
350049
948024
-939028
-641124
-950294
-953383
-22172
-105322
265986
-442495
696458
-371985
-220438
164448
380793
-252029
906891
440695
878231
266168
-574555
-228335
473100
96562
493972
556179
-782195
-405373
983922
760436
-608226
333970
708460
-547254
692847
758166
-500636
-329325
-347157
765351
228180
-650700
-606635
-992258
513749
774159
-244287
420640
214853
-366057
-313193
640298
405609
-840093
-263141
-100419
716086
-45335
494209
700007
-284900
885983
33977
-576441
-661271
-273177
-818276
-161906
397498
-165432
-396556
-374322
183869
-3191
-366580
-302382
-229032
389134
-881743
985821
-976924
-194935
626119
428686
-35028
-637022
-671734
-318942
317643
822475
-618936
-967257
708458
415041
-543698
-952813
-858137
-361973
-114719
539362
472595
488725
-834960
-343536
-514466
-201539
354082
256502
-812406
472340
242322
-789329
-722595
-131559
639357
242378
231419
967624
923436
-450938
790098
-695501
-418195
498556
719540
38108
545743
861404
676136
-568977
400766
148731
919748
565806
805195
-594718
-635734
159277
661784
-448140
-368384
-95894
-237468
-90978
772547
-598112
-848601
3966
-630489
-925166
553029
-840391
-620667
-865166
658165
-901127
172942
203907
960277
-150923
634931
361043
997808
554679
-73152
803003
959961
291115
-37721
621744
842976
593896
-474151
-394493
-497082
-701604
7396
-345683
302363
376907
-270849
-144609
536517
108485
-9775
194681
207358
-836833
-601412
167635
12245
-966481
-471323
10053
588198
455526
-186945
548158
-253359
775335
169902
-410383
369231
695752
195124
872149
994148
-797481
-473534
296510
579427
255617
-848099
115943
-635898
142127
-689376
571460
305294
-290788
-260905
-682461
-257269
267773
327592
-669071
-276701
-859353
879087
469940
915983
48988
-940444
285213
-255261
254681
157362
-261113
457201
683828
-964603
36627
-60555
-812702
-847430
303547
329426
-536806
-124993
-365281
172407
614102
-47742
915138
-118125
-720150
-753934
605174
-579502
-874847
75114
-663520
174142
134670
621694
918882
-610649
-220944
-342232
846552
-537117
-306835
-116821
402329
-119536
35749
-294124
-790111
498944
580883
-155391
-328650
194985
796868
-413513
-923141
-923282
-167446
682033
-502784
-42292
-242854
-166304
-868151
891817
-544610
-949270
-718833
234446
-291501
-872281
697330
401665
10898
99658
-717872
-953353
805534
-507982
545591
386417
336628
-783060
-418599
133495
-196572
-341739
210214
635983
-659706
707430
-406310
97440
-458875
-274461
-10743
-3484
-223730
270425
-769039
484769
398144
928291
-113567
-590958
27949
168562
-544310
-166517
660580
-998720
-780100
-2792
-781779
-198699
-869298
21649
459563
340916
-342368
799857
48346
251322
-102703
589472
976861
886554
-414013
-246869
156979
-183052
-762101
-444878
-254761
124332
-35835
773188
-707107
419855
-393329
953474
421136
-173429
-49319
639357
627873
81384
-338994
87435
-577700
318638
-112708
470646
-430041
784589
60117
-453180
671143
646105
299951
-171879
-536948
537851
383244
208292
-337818
-652592
-18520
-44924
767264
588151
-91451
188399
-585278
859231
-172244
-957406
-59386
488763
130030
362914
-192600
-982678
-166440
377360
801911
893678
924181
473054
539782
224132
-698826
-997166
-238018
684419
211126
424165
-968174
-807395
-620760
799091
780757
287790
-12510
-804522
147020
815246
-761927
-912366
304008
368104
450548
-888592
385426
-715892
488768
187337
-822215
412949
-339610
717567
-362920
-38435
720401
399062
-354017
-68474
-176773
-322190
124132
202467
-523100
-95112
-509743
464390
100367
637277
279636
338441
724911
-416356
-293456
175459
-304948
-908031
459567
-816180
279307
637353
596769
939697
354919
-766152
-98738
75320
632911
547245
-993154
-543863
-774945
130978
658605
-298044
-964134
-851139
-833654
136234
786139
445982
-525326
511050
-970375
181218
-313492
-275322
273188
-853925
-91502
-447505
783428
-494733
-507808
138347
-260884
393454
-786334
-627973
-59301
-779487
-171835
165754
351492
-513231
867710
387358
-364369
-965945
-476408
-578231
480038
-1734
932819
509664
-820516
-380673
-765659
452673
-234598
142840
-994833
-451170
648108
-502641
687177
-612777
890813
900844
-240750
-168488
-878643
587415
997266
472849
-925816
864976
-139794
-290185
899031
383798
131584
379069
-617936
64403
-111268
-438452
683730
123073
-985779
-550869
-734087
-980612
-2038
914021
-483252
-314861
-698757
-592440
-414017
60494
239073
-292660
-352091
236338
-819812
-277907
101313
40395
431909
344
-575807
-436507
-620588
-193743
627896
268144
367806
311625
-608783
382027
760757
-342869
401416
-241281
-428849
918164
443858
-127605
-674276
-970160
932890
564797
-262819
-419202
-198866
-82631
302892
902448
957765
-265199
-97208
-618043
298294
282204
188215
-73811
-449652
-443979
-762186
-58434
938049
998572
598697
339464
-242710
-830152
257627
-798852
42243
583351
-769011
-24868
148147
-31830
555931
949282
885540
-141178
851730
843304
593623
-245479
-774739
-108083
-963275
413476
818107
-412926
969498
-944080
528641
907546
-945508
127337
247009
-188217
297185
-495365
12931
-660572
-912014
243920
314560
236134
-787910
-129510
185416
-902371
729313
37145
940933
322936
791667
-833806
-785148
828393
579670
-967042
-584534
549167
-911121
944107
456713
-856629
71444
-296279
-44845
-631371
208357
968086
-291943
296343
212006
-977383
-467523
424096
-106892
717893
521726
-377580
-244962
462659
945356
-453295
628853
-839792
-624903
208522
-806834
-209437
-242311
-717955
-265330
-785599
-574583
806115
-81877
380573
-825257
-873521
348658
-117199
422823
-439336
-94582
955301
984761
798526
673193
506486
-579054
-571769
-30856
-633699
-25064
-402004
-473491
350034
806519
-280324
-859403
-435792
1722
-124733
-221390
427140
-318618
696733
-192288
-143875
823213
-843631
738927
246035
-282966
-355656
201335
-298205
-557130
-125472
-791720
-136184
302760
177425
230118
-722304
775422
756628
627730
581941
-523697
768327
-853852
478025
-356406
-75241
-94836
324976
-378509
712876
-818899
-555296
869246
920028
690739
-413720
-435628
-107926
288075
7243
766602
496356
871059
69362
-326219
101177
347058
-550798
-142196
-25213
-968858
334107
-256886
-822709
-187868
386709
102051
717297
-288315
723543
430173
-107213
-831754
299419
-187185
858985
885699
377187
-248941
173774
-615570
-482339
-329871
-744512
587023
343910
356665
-65920
793113
-785531
908868
824255
548577
-348018
-998454
-639292
-961310
103597
-921995
-249624
-172860
508178
643163
-4614
-192404
-544023
-145629
-306706
833165
605430
867068
-782406
-876910
-462803
-526917
710113
881107
829749
-355807
674219
-955783
-446939
498474
592794
205043
500021
953503
243734
-396382
-968493
994111
430758
539686
637273
-573857
-652719
-906750
280515
40576
926416
-114056
-92356
-855990
9034
444841
-382906
-280853
325948
-553158
363340
167
-508940
916401
-501359
-916146
121444
998663
-962643
-634822
-397720
-931135
-640712
-966962
608551
996561
-540818
955832
-910189
739697
-3592
-983773
-374360
904052
-839763
634675
348893
-222669
-646179
-325160
224174
717162
675008
715235
633563
-826352
799090
-244994
-827689
836448
120184
-225409
905313
479472
-192370
513863
476033
266813
469695
565844
6509
-533898
582072
632150
-629847
742309
266824
719046
-480360
620646
-606114
743815
337807
-931106
459050
-28630
-757458
258140
726376
-585147
94587
-153440
189445
-101
-673969
997076
-486239
802065
263888
983457
367909
-729603
-550442
-50020
902547
-180288
-307712
169371
-461242
211929
-209983
-67356
-44257
-872176
1539
-585207
99194
244082
672933
-174431
658935
-232481
672129
-151620
767418
998161
-154544
-718821
800225
-890657
-735365
168133
-620260
-285806
-881888
-717713
533906
-189599
451659
-927337
-977671
-758325
5308
-21927
-630501
-993154
392866
468694
250928
65799
-705738
-90137
833318
966392
758244
600736
964553
-396301
881915
764778
-286957
-853450
-67090
92784
-139256
51023
375071
-605350
861425
-173271
-532687
883754
68404
472622
-138173
437904
479469
-745307
-93403
-269603
320492
200860
640260
153810
167252
398504
-245455
131804
-997797
-363540
-103419
-284754
-216989
829492
808031
643755
-119485
183101
-961595
-258061
-990170
-494281
-374307
78235
978341
487521
-483862
457810
742214
422736
-811794
62706
-376404
828467
-783485
790848
226971
-28939
-77348
229174
607521
819234
944421
-609468
648726
752451
-965714
-470760
-64449
-927308
271180
-54619
-421589
896873
-976384
-443249
384393
-460246
-985439
126607
962491
-797233
-810688
-413914
-968767
-594172
-623066
258204
376890
299586
-512622
-15589
118820
-568202
374943
-232455
-815752
409230
296785
119800
481922
-432036
-934819
-939668
-535163
-911203
-382916
849231
-371448
-368355
-24163
-408957
-165588
165150
177129
-134354
570978
554064
-876150
-52133
-146351
-388771
932278
972469
43027
307221
-259986
227276
-283550
-963202
-652924
-801629
-395237
-587743
-741297
69601
-498945
-124213
-81169
129608
507433
894668
720651
-658155
59817
-102220
207491
-369205
-548157
331342
578663
305493
942572
510940
277961
-14402
-181839
-982025
-787126
534611
-945226
-440050
732982
-340463
-27792
991685
729139
473263
-132528
-352031
-397130
-625096
-457363
-676479
-283251
602454
221301
924241
-766751
673144
255583
811912
-21364
198154
322852
-743403
-816248
-858988
-725428
-603374
675623
-670654
-43423
408604
-11116
928785
400289
-281978
402048
-732239
365992
-995083
-357334
908629
-671562
359416
511083
549740
283657
744332
222883
-460761
556244
-798481
737394
-120905
-541883
921147
20107
-267311
-682227
-304270
62036
274350
-895666
-949080
203134
504623
-231057
-394819
772385
-865066
-389901
-584950
-956437
-61462
774467
554646
-511723
58123
298978
711161
597363
-144779
912680
334757
734316
-629204
255903
-245577
103486
573676
450153
-834478
-151975
554487
-783557
-948841
59110
-14614
-343659
-168506
120320
266441
246545
163884
-795021
21011
-281471
-306744
-920866
-982494
-595584
676497
-127273
-682904
11253
-392957
-312107
-732845
361466
791380
840832
-188381
956902
-311143
-633895
-826656
-259984
425216
158730
396358
-743290
-720950
-337201
503255
442934
-132222
-475734
-838537
561034
-396600
-821030
965451
-720103
51697
-717453
291150
658741
-29560
558306
20206
-238181
399137
831825
-281279
-912007
-802070
-107935
-171990
623146
-949205
-775632
879856
-670154
-112833
383111
772781
754945
907378
934244
315979
-489223
-886787
281430
-209326
164911
563977
-918176
-176349
-465584
640130
843858
296236
39267
675683
-985044
127260
873613
-92978
955270
496759
-42182
-820363
376615
287664
66805
-240275
60445
-178251
-332897
-5311
-862272
177881
107903
419158
968556
-727187
-16866
-949621
96465
517551
690510
-59678
-186213
-270224
-383996
-171257
857036
-510383
735766
812306
986376
-306417
991944
362990
981248
58748
-877285
41692
880498
-210181
-963619
-981775
967700
144284
437383
936255
417097
-579483
986635
-486438
938068
677144
453885
-248146
-593081
-930112
580598
-736045
-440494
316364
-923740
-454119
-990054
-931796
908872
991195
126953
-968413
32887
7450
-178594
69268
25675
-210895
-786449
-536942
-274640
630649
-116425
-288006
-855790
-178357
-610862
598095
573498
-203943
667984
154096
60013
-772511
-529541
136274
-226629
-519594
204478
-317757
-528400
-668570
-286170
504488
338880
535237
-426244
-635445
-675658
-212693
-172386
49702
-582044
711189
761697
-437833
-467168
-849166
-839738
-893671
-53108
828247
260426
-993096
-944265
730885
143178
-170893
-788709
-652344
511350
-317108
-320914
-774820
-812621
-982034
760417
-238865
-617478
-915242
548443
210136
134461
966400
-78675
-103843
-471434
454158
46992
-311172
560488
993884
-482926
-179087
-999213
-427190
-448202
143966
401918
-236911
491622
-86732
445981
-829292
138448
633361
-811325
-101135
-605505
-428802
-16376
942939
781335
-881916
909338
-297340
14241
-562096
-843183
-938768
126733
717305
-944884
643808
-461783
-944096
-783382
90015
199870
618536
853104
-308508
-468196
299085
-137799
670252
-67555
50877
-430883
326941
622075
552741
269880
403410
670825
179218
-893931
-314934
617122
-737114
-253701
-256145
980191
-198585
-612338
-481592
-142681
-395719
608423
-942811
-777183
461527
-251319
-245379
-239389
610883
-575128
693057
-338241
-6011
19997
-716166
-453270
-710123
687244
-782446
469095
793313
-97380
86217
-943802
648920
830072
-963611
-549666
-782266
-445203
307654
-177985
-836780
364844
44832
624747
-886476
799453
-614642
724408
-775675
-921586
-613834
218315
98412
-329999
765045
388290
-642756
982600
-142616
-849444
-114780
943601
-793245
-465861
773673
-756855
-15526
991407
-202058
-707872
-186579
-38838
656972
858254
-414091
770497
657707
-28733
494904
882033
49682
881071
100347
-851906
-448929
-134608
536384
-91685
-152008
-606232
58872
733212
-662632
265628
-732649
-888960
508773
251826
-897553
-693285
543954
-84132
267878
200926
-225878
853787
-28578
-568172
-174946
-533674
-686140
874737
-652604
414208
-977170
-101532
-720400
559215
806783
127592
952983
-134345
-139196
-709649
-868717
128155
-598609
640057
-620020
-496162
946772
923935
419707
214649
124860
-806171
68436
-903719
-374343
893490
-437392
-60482
768226
-89996
-646274
791057
808473
-366674
350271
615255
760919
303253
-519090
-378278
593604
-387807
749878
994996
-747751
-870142
-501166
-800979
-946208
918542
413671
178653
-887630
-517894
274935
-261972
-624405
837543
677547
-856179
-252453
-968728
934878
-443981
-335401
285148
-828726
-574482
-411599
-347816
47240
-817995
264378
-202882
-822999
516628
-73024
-324164
715650
-19231
-405622
129320
-840579
-293252
611426
434356
444777
987022
271898
122323
-869157
-980555
153595
-934280
-424536
818195
350869
-253262
-756288
939271
398923
290953
-878724
-336699
-911930
-701723
-820072
15047
-25886
895579
995816
568492
24898
-844763
-724760
-363676
589594
720017
-376654
-138509
-157661
-245811
-119063
995934
-180090
456401
814128
-829222
-796861
-942161
-889951
602062
348792
-768675
-734638
436863
-470397
-554709
-548091
503717
-659131
-552275
72209
365768
-397037
347449
-997908
-807444
67465
-374562
54048
909804
379627
934985
905738
-800464
391385
719866
-629685
594524
777706
-519636
196586
126498
-288310
461948
-436640
241293
907240
15270
-254990
-751891
462996
817219
613878
-934042
164667
615970
-741486
-767868
-758593
312562
-858065
621035
247547
-952327
820572
-361069
767539
-809114
-766545
545244
-328749
430041
-328259
382941
-108011
235102
-375766
-200771
-749629
369245
47339
713368
186463
-338784
779326
-648870
-722815
-962160
-416737
-481408
350403
-274802
-860374
-402051
-227128
960199
236881
-459590
-848916
470337
-914346
-177664
-99622
-242604
-794723
792367
992498
-170488
-408404
-757131
-801244
638935
956237
385220
-699850
735562
736351
-422664
773402
-680387
95928
123805
44812
235555
721754
817684
195753
-41365
-641906
346838
-571029
-556252
-830827
329349
201144
-625549
121716
193641
203963
713312
436511
402719
352247
392747
-212062
652398
128308
-475712
-770267
-98290
-156099
325662
-974485
888714
-438783
747269
706397
756971
-294097
-935510
103808
134875
-491761
272982
-535777
709383
647434
585940
-96976
-148604
299251
-660466
-745886
-348502
732281
42053
-696105
-139411
566342
-466371
762300
-589757
859292
787815
-701044
-579492
535084
-994648
-822522
-759013
-930157
281287
375862
-421918
-445731
840085
-712536
-798298
426024
190489
53099
-274725
530024
307213
376774
262304
-650734
680670
-877107
915608
-785701
885193
-674150
-926410
673008
-375194
-505902
208091
-369841
-328423
449078
-299997
952865
-175061
278085
-492867
-334976
565550
-291164
-908952
-243962
761935
-183676
-713938
69148
-806902
548366
418414
873768
671260
334022
-911934
556453
659873
-838344
229460
-715321
-344245
-562450
-85162
327332
886629
614841
280196
-288432
-107074
787330
376593
-541525
-503834
467641
214514
-741899
-716035
500576
327249
-522937
48942
-254337
-649169
-279799
-920316
-561102
-723347
739557
-399445
506114
-975765
256310
943665
-60926
-416358
830293
-446085
863839
-458140
446841
651169
918454
905316
-852666
386094
119830
-594565
670060
-379595
732685
-852877
669347
-521653
-502045
-610452
-441968
-63147
-333798
-702411
537409
-827685
-678175
-206281
-884020
260900
377361
946273
814815
241200
-511867
261655
-107632
-593414
166971
39703
792681
-713200
445139
462741
-92794
177823
609865
-423447
656171
-892181
-33899
-785797
44673
632304
-488208
-417919
804620
-166382
375800
920600
-905483
-246839
866873
909332
994361
-644994
170987
-113271
-238408
-662043
926433
-445727
-375242
371571
-982986
531965
-450607
626879
-891483
-794436
734698
74619
-580233
-220629
-293078
-68440
361452
-488458
765178
-262748
-567859
859695
490414
-700987
769026
484775
-345981
-59987
-628497
415612
277970
-702065
969886
902729
669507
986900
434693
-781100
613779
543211
-575536
348476
-382171
-155769
-872154
324752
775791
489299
836294
540968
-773449
-731566
400663
716965
-432552
169688
201739
221468
-890300
573242
-362920
387671
871178
-393035
290400
540685
-406135
-274907
759585
-792357
-731697
-815952
556120
-113868
28280
683967
-789117
-195929
173266
-952823
-654961
399817
-684389
745702
116781
-116940
-84610
-681481
-895473
25091
891762
-258393
-587238
762940
348573
703162
303624
942439
-571746
63208
-849918
-303442
247257
706203
582690
-724464
390169
793574
79608
-436565
840751
424647
963252
-843638
170349
80033
39422
-914262
398553
143950
110830
290315
885558
523592
53255
234130
226754
-643122
176568
655009
420087
326651
-648434
-332657
32853
934257
-57120
-576978
727830
-977512
-13543
568581
447135
-50291
724943
-382516
-970258
-235635
-296777
428295
908316
814053
-281390
793873
337645
771865
28002
-435601
-871257
-795430
-780593
548830
531222
-429026
-783827
-435926
-494770
159054
-12904
-766940
181542
973553
801641
-371323
-76738
526584
246162
-46996
-709052
949385
-618701
-800737
763438
99909
993137
101082
-128227
21139
665481
516
225710
884889
-450654
-243069
-544137
-234481
321005
-38907
924574
-691900
194154
106116
-718347
-4206
734793
204915
-477622
-19046
-842081
-186673
-69661
-460782
12591
-306224
639127
5727
794858
-489100
-973135
460339
511417
252575
345228
-939238
-990494
801091
-173718
330511
-237816
-249145
638612
956339
856971
920266
-47867
591764
125181
474511
-427282
283100
-712163
503057
822318
300429
-803168
461445
-693845
991691
972346
-666979
452030
483762
585597
-202743
544524
595103
-401652
-629194
-74386
360533
121661
-435775
316871
-21368
-515509
-730997
-429604
609672
743515
143114
-107229
-968649
-353830
-284911
331780
-156997
-823466
637936
-165307
-851121
970957
-713278
632641
556554
83980
177165
151656
682328
547971
-922730
42861
-330368
-358505
-640269
648264
125987
-371265
-781340
-264342
-627751
361774
628430
-596400
-992056
-656481
735381
-149053
-479947
373317
685641
-331067
344274
972364
-698427
-99173
56343
478739
-947517
-261329
26709
-870247
781532
696342
-228751
-858738
344606
897236
-230003
563266
-367107
142246
-74961
-738677
545847
-67016
-395158
281228
783932
124895
-345456
469572
793828
998819
441935
-904599
-100355
-501722
574141
-47871
236949
-399150
81882
18480
-702809
853132
159743
641797
750367
929740
205062
-616740
71986
-869899
-355417
-382167
63086
249425
899061
-152983
-625680
-446395
-683412
-831853
-447577
758524
-736451
452069
-743199
837690
-595803
493750
-561460
486080
-487770
-264269
339211
671973
-622472
89577
601712
582591
472838
-326302
712693
-882580
291531
-224222
366846
190591
622795
741166
744197
939383
909314
-703381
697907
-827138
748688
954708
-989448
-847116
448458
-550908
638965
960688
184824
-21825
632660
562352
-932248
234372
144942
540590
908070
-142366
658011
199601
633412
24856
-609808
256207
-233979
-865612
195590
-324665
-568993
-106504
-151803
-820305
-151797
-141250
-667420
-703340
307843
971545
-742652
-507334
-50280
890008
-944983
17472
124379
199960
-441938
32449
-942406
-783927
-767951
691007
240929
-377758
-52787
-993050
-243370
-857198
-317714
187638
36298
530483
367334
884502
-610767
699914
-818838
697076
671458
-561490
-810259
-378822
-671482
-755241
638650
452897
444719
-803288
-514654
502314
-587215
-282604
193320
653715
339638
-859467
660666
-903732
-716665
-657049
283906
319634
873435
-348761
204135
-737333
-648847
385298
959743
-977389
823808
-850516
-356211
-847675
-605757
-717561
605223
838963
-520849
-909431
341276
-108063
-192035
-465405
-454349
-852397
-324872
-793683
-756129
-41536
-450732
527778
-721903
-577297
-820983
482233
-314630
-469830
-132470
-354887
-447219
-308662
-205403
196571
-156337
188840
479010
-551114
27803
958162
-460545
-630922
-149902
347421
-96326
395750
495024
578803
602067
738895
-462734
-848665
266673
-184636
-425962
445690
-702404
259408
975861
165127
904521
-471359
856465
-300882
725213
-299872
887959
204223
149014
-84239
162384
688470
284839
-987519
35890
-811487
408232
-469086
767316
10298
-730191
-695418
161633
536482
119947
735671
-17829
417544
-4921
-41969
-417330
-100400
486673
-560866
598718
211885
139262
486677
-583892
-711724
-597563
578492
976746
687277
590974
12636
875791
-795
543550
643107
-990497
813359
947689
171136
349840
67636
-93193
-667989
-514821
901887
290043
67849
-198514
-223285
506983
-599796
988601
-353755
886882
-595292
-65479
-710682
983201
-88734
976596
574174
923903
852386
-426621
467453
495493
-417118
280811
443182
754019
-369349
-489183
-339174
-37337
-4004
-437288
-747295
-936155
364199
29420
570828
764404
18021
-782927
651285
422729
151594
940604
405929
-937140
917200
-19897
986763
769586
553482
454215
265078
-863636
-264974
-291741
890383
365677
219076
-448791
-671660
-784928
113921
-418955
-721083
-521880
610466
849746
-757477
-371514
-933182
893809
-948785
218413
834412
457145
281273
751611
-562753
268035
521196
990730
-277750
-213726
-872907
457276
494533
-982524
-177047
-286391
-431315
151293
-71318
682607
732339
207600
-839274
342804
57346
-596750
971290
124165
-702942
-977496
-657423
-868530
479650
623850
883081
916897
-108115
404277
907627
614136
-809449
-965280
71412
685085
-947804
894365
-601307
-379118
45658
327376
-696512
-222003
-465025
-535785
-879200
592321
-132535
-907910
-283514
164524
-885405
59063
295994
594245
-317087
179075
511142
574799
-416648
418768
188934
-226097
453489
-739655
-541013
505686
-845290
-142319
-873433
200369
-814944
-569944
978366
-279968
-105728
-900834
-687647
761737
-808744
28839
-73739
-694149
-912098
-777746
900097
-229185
401330
411238
-654386
984682
-169994
534549
-241415
-716506
794895
217573
789180
949606
-924747
915748
149974
-739690
-654197
128340
-19658
240075
227506
292696
1812
418763
-678466
928073
724614
-590564
-849673
624710
180252
551658
35948
525867
536339
865954
60415
-705076
-850553
-144691
512497
938628
-195086
587750
854375
954889
848061
-799823
83229
-171598
440253
-689265
-878903
-557935
729498
-557368
-629862
454112
-147931
-479535
78822
-967680
-927877
-885231
558188
608462
980724
-381398
903387
-869830
473912
415883
-931202
-721174
3633
923173
-766286
-148307
-876650
316943
680095
563603
627678
801193
-994333
357176
-756176
-624195
-188713
95894
-103729
890109
128215
-31606
-995122
-313598
-423144
985602
305004
-519758
-884228
-221084
896126
-815430
57742
-100242
-892258
291457
751452
-768907
-391600
431547
794696
-763923
232739
800364
593254
476564
-823831
-595460
-427543
72441
-705351
700672
-959165
-700473
-612926
-382309
-714871
692079
97934
-599099
-529006
-5940
-414529
528737
893819
-306786
-179807
645270
-75693
428593
76816
-280997
664671
-690446
-480633
257924
786119
-304464
662464
-641424
767978
957114
-940752
808813
-743359
-553678
-573496
-458230
-861600
524439
-57329
-390606
-481502
528143
-861870
-587684
-778644
-41676
-942415
145663
-613084
134401
864667
-948414
443956
-615967
309510
230075
79570
-28026
588651
-152453
-70912
647899
-343641
185729
-905780
82863
727499
-767380
-392699
-329830
-157985
125800
-801688
-19854
538117
-580332
938470
595702
565332
-674615
-269897
429998
-623028
-825941
814032
686483
404134
-106399
-341543
-7216
741148
587545
-359317
-602493
-226727
-265097
480370
-499228
-32476
-912329
170942
809540
213472
369254
-210315
-248412
788922
-271845
-652710
354254
53541
77393
-215748
430513
251452
-401717
116995
-344414
491885
775452
648370
233032
362997
-710947
630540
-863731
23956
110910
-362958
991480
198581
807984
801020
-587947
177237
-409296
163641
-33841
318859
510932
-679587
-627600
-411676
104665
802913
839777
702949
-80092
-504637
194833
-304640
-856267
-572135
-941643
-567214
-941596
-805374
456742
169314
-168332
448222
-632105
-360348
249241
-220051
816889
839946
943591
-216952
158805
454522
103461
531205
-957154
-791875
334118
882623
911075
-745974
-622015
105908
-50613
-478281
533773
7744
-45495
592178
202370
-588754
-238508
-965962
859469
129388
-326310
108710
909337
-509421
-51345
852927
273627
-892540
307449
-622913
638665
350295
-414787
-27217
232917
-503713
226809
610903
602195
-823805
-867379
135968
183939
87127
-271854
-613691
498373
489638
-579652
357842
-380975
94038
-533449
-471638
584618
415207
-618711
-141755
522667
688738
235332
161331
39032
820546
-865887
-728051
-683168
360923
882853
919028
537118
-984526
54996
-278944
102601
783142
107366
-399026
272780
527714
958816
891806
-378248
-574634
-579833
-793631
840574
-198543
64614
363240
-509806
-700054
-475430
529226
-879509
-341316
801176
-562676
-980394
684028
-643648
556725
699503
411348
-722219
-197897
194490
385147
403077
-532731
-87139
361893
-640926
534613
787260
-220758
740983
627833
580699
-194404
-8928
-929108
105543
515643
600119
226035
-825674
401295
663359
-806067
85323
-980289
750659
-215175
431060
-971561
586928
-374451
413587
-9995
92819
-673553
-648103
451893
861060
-860844
-768865
602043
766989
811834
-592361
-241940
882727
513182
-726297
482846
-260784
-551971
-115860
-597425
-358037
969463
-577713
-607379
-245712
853347
-578939
-658784
-521105
834649
331222
571714
-838905
683119
23607
-977845
822276
254742
624198
589265
66576
-968164
-652675
-50698
545019
-378972
-567852
-715765
69058
316288
-313190
711021
285751
109097
-896358
-959961
-37557
-475296
-618745
441339
-640648
712477
13053
-479552
395596
-963340
-457396
217871
291403
-833199
-192864
-642022
-801362
154461
307281
743658
775489
739429
-972108
-155453
55717
-285298
-444433
-658533
823800
-340790
-618493
-213757
183915
-237238
-772418
543267
-524761
240635
-936285
870835
277296
-393681
88706
-431302
-226879
895843
-73324
-28241
50303
-766043
-284584
-174208
973386
-256691
670340
29102
458011
-774093
370570
281811
-114883
752077
-931946
-930969
-485161
-704364
612299
-9922
536272
676014
-139087
-186433
-717668
949620
382265
55453
845463
-691059
-972788
-104234
-457102
-257371
721558
-483716
485938
391897
545386
-56051
617805
-84044
-774241
-497079
-331968
-706187
-428047
182872
-410551
-815749
-827050
-874279
860265
33863
-60712
-857403
-16517
-678447
198050
-171055
-369505
225263
724711
173394
967892
446269
689678
453829
-161834
235064
-602223
-544030
-848981
-376463
-41108
-180949
-82650
530845
-998077
506800
715097
-825127
632521
575362
208737
-428191
717959
-807781
-106638
-83991
21165
523858
-858729
-254124
-302749
-890838
-807855
-613072
562992
30312
621992
960769
486283
773011
-415695
-554826
-407938
501656
976020
-406015
8456
691117
-231142
-359024
266478
977596
212786
-15563
-830186
-893853
900447
190980
630006
-958282
936857
-672744
-849119
-870999
-285816
713873
159314
-663824
674642
-354404
-890813
-741054
90770
-298750
760603
66790
295236
-230942
-242094
-935906
410035
-975616
-958311
-377180
8821
-788497
-271032
-90733
402484
-641027
-49015
339340
-313771
101866
468342
400414
-184261
-372345
736590
-509620
273252
845778
-250673
-635978
-452973
-490071
430812
842263
278988
-811282
906357
-310978
-786898
948047
311842
221923
-840450
-959191
-868810
562034
-600218
82176
-98626
86011
-815958
-630284
-513575
-219
-2628
-776985
490161
-729377
-931208
-760512
-365355
-384180
-250583
-934543
-541917
-971596
-745825
-635560
-282573
-532723
-687514
-970732
689200
-527964
-929923
820391
-965930
-530140
-97434
-64556
555872
86608
305161
-957704
-913612
-697468
-734688
576550
-426845
-665896
816039
207801
-50075
-434544
273258
408008
-406140
527433
772448
311288
994711
-915066
340556
683911
-443030
410634
504301
-408960
880494
-593134
526485
436366
493475
-168355
478663
579864
134177
743975
156413
707333
-921921
-27548
-84866
28004
537908
-811609
-563989
-868232
715825
-791541
443056
710536
-706606
-216389
394446
-149636
-805756
-101254
441405
-925262
305612
-32111
511105
-200913
799535
-10233
-621050
-66288
-266259
535364
-358956
-188180
-492185
556178
839824
-954278
744570
-724165
-822510
460395
-515705
620546
170930
-222311
-595844
-434625
628054
-401599
464121
69459
-326860
-230267
-962653
-815755
568820
836883
174012
947770
-229406
907754
483134
411638
-280427
990949
-32184
-440603
-963330
-287614
-164767
-785840
-827220
319529
834707
343710
-902782
-761137
909086
725272
-162735
373207
-205269
510406
-857061
-167921
694651
711760
-331039
-131338
659530
439555
-223585
142663
-148807
495989
133611
819009
-944615
170282
-468605
-109381
384443
-295825
-789853
219149
-952115
-692635
458013
956971
-967363
-704723
330177
-172632
805683
473117
659447
500334
184877
-671593
-631005
-155594
767963
145411
987070
-380845
-358601
120681
-561836
-303215
-709038
-30441
587404
675406
673735
797552
-105445
721620
-895084
-647433
678591
-862446
-352155
8768
-35078
-546473
-518116
-375631
953861
666761
-47224
-677144
-488833
-279261
468267
-501763
339894
-890334
618918
778059
-193549
909881
-252383
-606145
585286
-578648
-808594
-520159
-857028
-703677
-167592
821563
-566123
480253
-169670
398800
933781
312215
-976832
887642
-21024
-24055
-789502
490144
696684
678765
988381
36578
788432
607299
-185364
-405117
517179
562254
-11261
102465
983606
180145
582306
-873423
476469
-585287
948140
910347
894967
-221530
309146
828748
-909315
332315
716389
69661
-691741
926887
-440195
-995058
605652
-451815
41520
394083
-844517
856157
988967
672662
418410
-22295
-224873
402015
-842150
-642568
528592
634319
-227854
476732
544665
-332888
-744798
-146189
-504141
-654113
-813875
-787752
415549
-505616
-860866
975354
-500673
744786
-476462
540848
138869
-320978
397004
127835
-648316
-184586
-894460
126811
-782572
-736610
484243
746021
897709
-743611
222752
442374
-76499
477955
-703816
419361
823842
-517691
631609
239390
-23306
770744
214743
476022
515530
738282
16870
-345601
-582697
-586127
782234
-231012
229288
887774
895799
446716
-848836
380042
192737
-951128
636432
-584511
491246
-440067
893444
787430
979294
717285
-730261
610903
-43325
246434
381646
-828582
-277545
-102824
909700
739325
551575
-672997
-846802
333808
95991
382486
221582
-8210
-170798
372746
-628168
-978062
421619
-991737
-562573
-87135
-431804
-669130
-299706
-452510
-951845
-29966
-841608
4830
-783533
540039
176248
-61078
-562786
85948
-321753
988789
412952
-168555
322597
-491057
-786069
-455821
500733
43133
916926
872566
65071
338545
880830
502499
-748591
-550974
833369
-48296
-3484
881525
921738
154909
-113646
-861795
-305053
-937398
77127
132162
148550
755375
120951
-438499
-413180
-556452
70445
-199249
-12273
-428822
843885
-95347
-556257
-91044
-756803
-675427
-588546
-505394
-226401
-755177
446310
770115
-873653
368048
-74976
12701
506253
619972
75304
-416620
-247867
-776147
-661246
873085
-214645
-74426
-683368
855800
726326
304360
-573022
570210
-790988
-129279
-520835
-547790
195295
-109381
-53184
968894
135442
-606874
739009
261789
761174
-335968
-725510
267426
-715997
349794
850806
36137
573648
-810440
-90778
-640997
115135
225854
-785197
-158540
-469786
-358219
-588331
-260774
512503
-109165
191437
-292203
781455
-861747
-323310
-83103
-468621
-584302
-821314
-707447
79731
-546824
559980
363735
802971
410786
-600129
376618
600346
309094
735622
-284520
-465053
950425
556941
65161
-407795
968611
804388
-895292
-140555
-4175
-187495
-359100
134078
489196
557797
665458
904895
736483
958011
-15375
-810342
517990
-651641
992630
-71225
-251769
369248
-470879
-942676
104869
244602
-407728
55293
-198458
657434
647499
-229847
461822
752207
629598
-542354
-435288
-729502
591725
-946093
828295
257182
958803
564777
215192
-56573
754436
-266818
291787
747065
661958
-959982
116312
-808922
-902657
-778820
435680
-310384
276474
-762778
-652950
-76027
7375
808872
-323820
-363027
-733482
240892
-92529
858243
294800
-264235
115424
253602
-699458
-669384
-802971
-945023
63799
488817
802042
-274244
528835
-81646
-83166
626179
139535
-647486
-684206
-583992
-410263
-337156
339981
597112
-528284
-983839
-765915
-261766
257053
141556
-403523
-448147
877322
711902
805455
-822137
-957483
-997516
-767159
106316
491301
-965117
832072
20136
-46763
-251094
-353686
-907229
101421
-37891
-491220
691158
624954
848762
288269
-903331
864923
522355
-165096
121976
-336089
431381
673829
-458768
143282
479284
-280904
185800
481769
-48062
-707885
-26931
-13179
-875813
993206
940059
-126906
-360481
-967170
974515
601629
-458390
665672
226582
-609628
-46059
323252
-744705
-523705
-841845
377271
140206
589537
51100
681439
-267181
-469616
-599465
918619
-987847
352473
-789266
-14778
-660707
-665078
-21573
-720649
208016
617947
-687819
182531
219575
-146208
-151798
-553843
244164
802143
769409
499460
-721562
927565
-123270
418645
517102
927831
100083
-750080
-541785
500618
-831462
-529632
-146910
-620727
455591
192384
-285805
-565982
471735
922212
-948036
783917
104742
271540
-362292
952945
717698
881873
755088
487106
381332
-966475
414671
-741938
452170
-68228
-814107
-447747
181693
-355892
-947130
350232
114477
-94039
729505
-429932
-901656
-556300
4086
570080
-634089
56051
353996
470653
-672410
991704
423597
-954713
873576
178685
532394
254908
212210
-52935
512970
-335620
878838
698863
216633
60530
-657029
269503
-589239
457449
-824536
-859734
-972484
-726192
-416034
31602
843888
-50123
-912348
197883
-579470
-584757
189587
844128
-539469
63163
22812
992925
-681930
-764978
-60010
831041
-100598
-181173
529903
-883966
879357
872875
385538
-709882
330323
561002
-569616
357839
834811
14350
-610559
678698
964228
-522906
-123419
-615242
-107663
-933832
-771114
352868
129331
251699
345793
447401
486721
-714218
278442
-613877
104609
-191655
-497843
-16034
-318781
887696
274084
-988458
448698
704469
369382
283508
-281182
758823
-37794
-316954
-764084
838787
67805
128254
904956
296691
-518878
34286
-451611
826915
-518313
-964890
-887303
760129
-578767
217307
-431527
-76609
-798728
249693
-188914
475357
261235
-740217
179825
-369384
543292
898644
-610561
-494503
-418311
-374645
-655716
649495
753610
-750761
-53815
-765269
283525
494575
-938355
765213
529686
-825657
525341
950920
391650
-906186
-125690
592922
343507
685397
68279
-395259
945181
-751897
235358
488472
-853253
624797
993970
-271563
-749848
-661747
-622069
-996239
-412507
324117
-761508
871018
-181308
-699862
636231
-651623
-525519
161572
-700704
866132
255386
173607
459054
-401108
-140997
-472668
203634
-195816
-224564
-561009
-707345
-77817
-936212
-713376
650620
-686060
-375122
-971450
-682298
212371
352667
-443806
83389
-828642
-143667
-280381
-480264
330815
881191
-180967
196946
136577
992640
-344001
735470
-148357
183332
-60896
655827
958768
378096
948483
-119050
441884
-764894
-468430
755825
-140015
-439879
-926474
-927645
912788
-370280
155744
-915854
486054
875364
-396117
-183132
756555
422916
-986186
-106869
415555
-330187
-371399
-732803
853145
567705
923025
811913
-54200
871507
-307137
-612317
-893387
224433
-856493
-33402
784554
-782967
38954
697342
-153246
-805302
781489
-667192
-929939
-614629
149676
826617
808288
163490
-280252
223843
833304
348349
491040
686449
-83947
414065
498361
861853
285571
-808777
-750464
392185
415657
-606956
-641218
200210
-389922
397737
-102448
456832
592435
-320960
789641
662497
64412
-60684
489113
-127301
-897194
-791140
-903459
936110
557209
587582
622559
-526738
1646
120919
-664885
-712783
312143
-415349
679402
-272201
-22304
-961816
928010
587774
435921
-174439
44606
28355
504602
-165754
-309149
-430987
773563
-820037
441712
876369
-611176
538253
812479
946034
125835
435037
-580705
-872520
-444044
-245590
-585302
868100
339062
-905901
-404101
-683243
-867717
-476092
904532
568204
349470
-50862
-403441
-145929
783384
287410
423084
556947
467374
-135204
433315
856199
-596951
245794
802232
528884
-319170
-778474
656365
236787
-24063
-928938
104886
-685002
-834839
700785
-368244
-702555
-775307
-463712
865650
574164
485426
-537792
-571766
268810
749619
851319
-174244
216992
-283886
-740929
73190
119163
504865
-124578
-351953
-814305
96948
-695589
422482
-927116
-624527
-472633
-612117
-459365
-771848
19640
-161920
-547154
555929
-296271
-972991
41354
165938
-544756
-689837
-84444
-693437
135920
-867452
22677
394991
205739
-858160
-100145
-918840
-210112
85550
178109
94299
-491968
250994
469772
35399
638878
-989594
263552
-341483
-151513
716398
-785555
552217
743408
255800
-281846
-801349
565964
633711
-494785
-298116
766259
527893
-903126
-28002
669733
-3270
53158
-540379
-917721
-768733
553920
-409689
482261
23692
625711
121138
34099
-110737
779656
882586
-394339
994102
434803
-650932
249902
-847043
-452280
-184135
786668
52935
517749
552927
-419173
614624
-475076
-749440
-388647
578083
-289819
-306367
809350
-735899
283945
291610
287793
-90344
-587253
-678108
798919
-807597
-795522
-595421
-813496
639281
-246352
436406
792238
301369
-747729
578905
-645696
770021
131831
-64868
384644
656756
185693
995997
234838
895875
-310371
44187
-840025
973575
-664204
447769
-116770
-251456
769661
-317852
-59053
974139
86728
127452
613420
840377
-436142
405657
141746
-183871
-15438
496050
-413851
-883607
-568819
970793
773149
616874
966790
7986
512748
-343581
-947828
672724
-370007
-612031
120492
513224
136513
-109847
-804629
-922540
-135708
282100
204913
-522289
122477
768771
883369
-735778
-415100
-132070
760272
171050
-15677
-808547
141842
-242529
808327
108632
765458
321075
765052
817630
-6202
-604956
-794401
-885710
908268
342112
4444
-896361
419573
868736
385740
-375514
-653554
-491784
-606744
-770186
-227562
-21843
97745
-467290
-850794
-917932
-275837
291049
-160461
-467510
-600320
-395003
853566
-835269
-577374
-152636
-440224
-371775
-38346
-531956
970338
966098
-428316
389911
834834
957424
-985604
-818720
-534360
-592347
-588905
238078
385811
508840
770789
535017
590908
-505049
-173935
-569553
27442
225746
35444
-118993
390478
458071
728371
950255
-913704
-309975
-581702
-943366
-343877
-10018
446545
-509044
-52594
460942
-327764
413046
868596
83331
-348876
254406
-407829
-578088
-210578
-816921
-83136
615488
-386473
944306
-158766
648971
-174688
-768289
107042
-446317
-818035
193338
243708
-399736
249972
899831
590247
-303483
-609213
-462348
-842541
63023
950699
-973946
-853646
-398178
280460
-261474
23735
-930118
-78395
940600
685370
535133
884905
-473397
184103
-289783
-241685
-708855
263901
-59719
484483
-492392
540545
-265545
-592561
130791
430973
-201774
668443
588432
861250
619142
614486
-992396
-779037
-105054
-253870
244699
-35172
667736
185298
-349802
202868
70203
176802
-613029
780420
935118
-321884
44320
-124602
-837401
551929
-584058
-102945
959368
546734
-671973
-242407
215176
916460
-381157
-165683
530946
-373553
55281
-574109
372577
-700020
390720
40313
485278
-959082
-756820
-444520
217721
-369848
-664100
152838
308268
380221
-971765
470868
-67851
-555822
-632078
-108483
990912
-304050
649111
206088
-387590
-732047
-959595
-856645
-105600
95686
-430753
-733023
395667
959968
307290
-119056
-999115
550471
436425
218606
-819378
772325
-628557
488891
152546
-600321
-40242
-915306
-156143
327681
-23788
-165231
-976369
-374678
-959144
-363958
-106725
-918739
-220603
787675
176948
348645
-945349
-427386
308612
361942
453558
309498
-87588
-110017
-471896
93034
-337693
-100453
-418076
814853
299227
541683
899548
-856916
-130636
-124241
-22147
-107005
501081
18709
529037
-605644
99970
-691566
-817970
-723082
657080
-763318
-150468
-34308
598624
-696910
-724811
-488965
193073
-196707
604070
855380
702841
-814006
670233
2067
727677
569781
145152
-402960
-554461
-876996
490036
946621
141714
19072
-659024
-758317
327507
-476993
-481399
-15414
-240310
368134
950278
-641687
671224
-774533
-130651
-135704
28760
-526582
-280324
-268399
-340588
-610092
733669
-612911
959689
-121180
-15871
-594772
1824
-525836
-648151
-856463
493237
-307175
-614779
-179256
215833
-96177
805331
975523
-728044
755609
-666164
943181
981076
203185
-192524
9836
676604
527152
741437
-663985
917061
475106
-276896
876750
-646075
707234
-718023
355750
-818602
-366173
499288
674636
326652
884510
-504621
-457515
-211668
-699290
-481993
60289
-943682
-148157
3469
-962606
-944972
810946
47231
731632
338097
-211332
-932353
255157
-736227
-209248
131906
-382302
-502015
413884
973448
-320616
-952290
472735
-645981
374363
357245
-150601
916848
-854424
150109
-565145
205866
206428
286699
-790665
243822
341727
-979719
-708948
73358
358378
79720
141005
-386465
343493
931758
745442
961192
-570258
159326
934640
109126
207036
407375
463146
-418601
-235381
-687456
-501753
-89804
462653
-66898
-883939
-330920
-780200
-674603
912903
561528
-654322
-796046
-365114
704057
283675
775892
-682409
-372832
707649
-936967
-411641
-862609
222359
-477002
246517
-570606
930373
-290338
10794
-305008
22207
509041
605188
-515141
-557858
721250
153939
-338057
-953354
66842
-776529
-607675
270796
-141643
-903619
-445529
-365752
-586027
181639
-658104
-522993
769999
-520713
699366
-707003
725805
-871240
-776630
-564533
139554
-81638
457674
-351406
-476451
942533
90737
-755202
96472
752681
-708555
-836687
976152
-316229
434110
-165492
-219847
988581
468756
194127
170220
810653
671134
-59781
-710061
370499
233216
-984256
499260
456587
-548789
-361187
-625052
908885
287408
-101502
851418
-621855
143297
-52110
-869175
434743
111204
-893024
-881487
-454686
-58515
-101334
-466105
-589759
-907208
704115
-779107
763927
-355667
-489167
134425
877550
-473423
-366316
334136
-22211
272498
709085
-113326
-440094
-392418
-261909
-61949
750879
685982
68876
185621
-202814
175853
304135
342500
-882663
-797200
876395
-472421
-704407
580510
-251528
-940481
-775158
259306
193945
-897608
785883
827630
436528
-236328
100128
145612
650346
660034
753195
-611563
-401916
504073
-925582
666961
-310306
-128395
-157187
993829
-785896
-39849
-803371
-909502
487730
-507777
671008
-763798
-448257
895851
495508
745688
998243
281391
573318
434771
-954938
-326555
-419617
695408
-666521
-666423
-916156
-68437
837651
-841737
-401477
-472655
29868
441337
-478826
243973
-598512
-282197
334471
889219
210026
5479
-874580
761769
-98670
620929
507457
-100428
-97681
80775
-665657
-52618
754221
-85274
-357211
-912301
248304
-273366
19263
85955
-115102
617787
613300
914767
59124
-865527
158739
460612
-147724
-506790
349831
-937698
498690
475251
824072
-599981
96180
331529
299591
998499
-587696
633935
-54120
-833476
-451339
588670
-745776
796965
-684696
273487
-117081
200203
-108727
-503782
114969
950398
-369308
-726292
411009
482969
-233082
-239161
545271
-734392
-763910
369343
-334373
332270
-299128
965219
330769
113176
599153
-723351
279701
-852187
865320
533925
944779
-819377
-192589
-172303
380826
698685
323916
-504205
649082
954608
-230496
60091
437577
536423
820931
-17152
802031
-942979
-647810
-532343
389292
53062
-567125
-279940
-833762
-967973
-3290
445939
-820159
-137971
-20137
-875381
42653
787275
-47683
-576521
485960
-723768
-80726
135042
-769160
688779
-804867
668417
225201
-983937
-348735
27231
-926915
3455
494888
462377
-943483
927763
-817563
-777244
959791
179148
668695
-860368
-958824
-351442
-735748
83830
-564168
216569
507309
921793
492802
-573417
56834
723643
-884639
251967
392060
340562
268031
-956676
-632208
341117
46780
862680
-196507
103297
790443
-14069
326053
750234
-834922
-5252
889867
-793745
643306
-845882
290085
-920862
370687
-202607
-999070
-136511
223976
57765
-412869
339338
-690269
979191
-320101
577763
-977486
47692
-81121
69294
-89628
722373
-827409
-299185
-291697
498645
-548952
-126619
-506608
-659085
79636
-863302
-504967
-630279
-784164
865721
167114
-783233
-270791
-608910
274532
316341
730428
584264
295531
-589673
162026
318046
458019
-919095
-612660
-631610
803278
-440068
69206
-488420
-941424
520254
384962
-448031
861170
-535402
-311332
-643797
-165681
-95495
-778077
-998567
121272
-48867
-607477
-604196
-732527
-877049
980068
563005
-466721
142094
-118949
991298
222999
268391
-640312
26276
828324
428894
537857
886900
-50852
-77182
-561131
-189683
387417
127537
166520
-778265
-967958
388444
-776831
153315
-660424
-384307
549119
-392950
-261356
529186
-829946
271923
-328720
51105
263221
894279
-680504
622909
-79446
-852181
51803
-541590
-965281
-999050
381229
-526412
-188732
-231355
601126
977789
-9619
633169
366232
213550
-213517
705809
829243
-664399
-687142
-432113
864788
-517087
839810
-463933
534018
103031
-569655
853514
-274061
350900
-998668
777743
809311
-963948
778694
190539
-490360
-410039
959185
-889234
-432250
-50435
743935
933983
-836885
-469583
639791
992359
-133981
952650
-439755
-269194
-564438
-599945
266874
969581
503086
697219
823095
-770975
48119
824428
-993232
-142571
860480
785462
-952032
-629880
-624578
-992848
-519114
-56827
-43282
-775179
-122845
119833
-244761
-483054
112191
621258
-530405
672437
-647936
-94842
-927508
618938
-125261
575579
316157
-302167
804605
-635725
-477740
811373
221704
-617261
596834
269672
-247141
972257
276825
233746
-84571
-766458
458567
792585
353375
-786194
-690470
-534434
835064
-220874
-861997
-812873
684285
-789505
806065
-440977
786075
122221
256856
590679
486497
779116
402051
-291799
-838145
-1115
977874
-85286
-28858
254698
-851540
886572
488240
607028
679156
-158385
820834
988686
307182
655897
-232188
445185
843025
-547904
655681
649090
11119
441755
-228689
-732026
32433
-742193
-952910
-565516
-33991
-791055
433370
-56118
123660
-595489
-801421
272120
-708918
686820
-120853
970239
-471566
-300019
958925
835616
-644122
-273264
280801
-801098
178832
-63518
847993
-810049
-621764
-380696
-542074
410670
-122889
-494984
845155
843121
-286038
278524
-212998
837623
683036
-14418
109743
974119
-327599
988891
944357
200836
-311129
903281
36452
44749
-369984
-682747
243652
808849
253735
91644
998800
631971
710948
-543274
42641
-411941
-38258
-112205
-568821
675705
-833681
218182
513327
849355
-796237
-376931
823474
-123835
-388041
767830
-923000
300831
671110
113453
-654421
-698874
430706
589231
-890025
-315560
-319125
-891225
-683590
-608177
-434499
359052
-20118
527244
-753154
411062
202949
-586834
-370756
-283725
-737479
-166993
339345
-914006
709173
951305
853825
786173
252135
524934
-100374
597715
826061
-669669
186946
936037
14771
867821
-955189
331182
-740357
-389687
-309767
239526
-862443
-62920
-349412
340506
350247
279832
-943220
612768
-887161
396126
698763
822012
347430
552587
608185
-400435
77521
-492190
-802721
-96419
-161859
384225
-160382
852913
252046
-115570
184094
511689
494743
874328
-248785
632300
-188592
401804
-27195
-838346
-318365
29586
774423
-205525
-574289
473185
-383514
773142
25772
-775330
-627294
-896708
-267519
-430014
6874
570622
954211
846492
423535
206256
-269079
-392371
-282055
-774336
-518044
469161
857964
293365
-129036
-169231
455020
552600
860355
229443
-652926
-713934
-297372
-36439
-940793
728400
188232
-568086
831692
920713
1900
-161434
491335
-43890
-314942
-85131
-837634
415979
522498
-119688
641644
-995546
-650528
499608
297819
220437
-669624
-247161
-226964
-809269
982282
120110
-523202
-315091
-916330
-463995
-586691
271902
-32081
-755000
192615
969819
83567
-316051
-74071
768625
598818
88296
184604
121316
968608
-173753
125770
-681920
-674146
-576411
538517
-343769
176429
-688447
-153037
158710
431663
323761
843620
515334
859767
-743072
-212764
-172315
-498071
979851
-202496
585496
-336200
723434
354120
-737383
-188270
-461276
383934
-219662
364971
-490297
98418
690826
-66707
-363065
-652944
-890279
-51512
194020
268432
-619849
-482220
112051
895486
-622454
368980
-317279
205232
870909
-337428
-997264
456405
326372
726170
-189475
588990
-462100
349249
-27077
318238
-285781
482627
-583345
-594956
-584080
53591
-247899
-474359
-997922
946121
794073
-617770
-536099
-93876
-722285
-158553
-724897
-39563
-953322
-853989
623010
-950585
602417
-50618
775586
-587059
-461629
-686515
762190
511295
631723
-523592
-6078
-951622
-118547
409842
101969
633555
935483
104047
579675
729556
486278
-956425
-364321
763993
-114977
-89218
-275571
-68298
56794
-652561
-18883
-340790
296821
-243298
72151
835192
70188
-165659
346487
-298090
310750
-659592
-249712
-807798
750251
852257
825758
685734
-43696
405432
415289
-557419
449008
-949032
-793426
-665969
-38249
-68996
265734
-981455
278443
-753150
-322244
-424737
3553
749908
-589545
-926260
-415752
756942
-224349
894998
-902650
525939
-912800
847602
378196
912958
533335
-665501
318390
-51376
-222919
-232602
-407
-16344
101430
961345
914660
-632837
979890
193102
-385986
-342355
768366
617567
-592447
-821180
691308
-8199
935763
-533042
-113201
-966887
992898
-26000
880715
371093
-113042
414050
705593
-794653
-637326
-517326
-27254
362267
466330
-925825
323611
380989
-558661
303501
-425909
55353
961147
-657543
-327080
-631301
-478723
-635773
360501
-542960
-168814
-752700
-509847
-175917
221300
-629132
-804825
-891743
784919
900769
-686395
-852408
-616558
286352
509860
849772
360527
-166529
230761
801866
-863028
804853
-142781
-901882
-852691
530139
-533182
-331413
894366
827320
125627
-274449
-925380
615781
549635
295921
986650
744811
404179
771568
645579
717784
919161
-970980
4136
429020
878792
-635338
-737509
109553
-833472
-600537
-85595
23747
-502418
61714
-446114
-35599
730301
-551749
-208279
-144072
173803
-133659
-528292
-276562
-837739
-541643
-531752
566440
-770075
-886174
284224
-850915
-857154
-711641
578106
-978362
-346978
840598
131191
-180449
-759939
-954405
843299
-262357
107309
-602816
702045
-162390
-154564
-506235
693538
-980761
360106
-834754
-257323
522367
-376397
210925
88807
-146471
324751
-626970
2615
467598
-338610
-419279
489236
314413
-578682
-379574
-866037
-338620
-333979
977262
399023
773331
-625554
101068
-389060
219882
594833
-695523
239121
-45062
-530276
981798
-522695
93328
192723
566113
946857
-482527
939143
-50528
985071
-399467
530193
474306
914946
951512
-905268
-951092
-387109
-239247
-973830
-988086
-465916
-599384
112982
145024
620499
-292186
449502
-140381
662753
919226
-158583
-859943
12553
-965861
706170
-40590
-448387
645313
908882
-463316
-754154
439074
-989010
-839209
390586
-894278
-790300
-996524
-133524
-764129
-984610
400560
-363512
128373
-454416
-743014
836187
995087
116606
498939
914312
958024
638997
-73135
992164
345167
886276
-456224
-9520
795157
80460
236326
234231
91451
397118
-375184
197173
606818
-371707
-936352
842690
-356316
464209
-520823
772057
-990208
-263836
608243
-995122
852770
107182
919191
810794
-253821
-153944
802957
-908655
-267669
-653267
81825
-472512
427193
-681849
761719
-481357
715269
-613465
715817
322086
14828
779466
164775
658513
243674
643953
430569
253467
-619884
38812
258346
-767114
-854006
177536
-956321
-107827
-976408
846637
-16482
-244077
-806631
-934657
283411
620563
-616506
45130
-860795
-901238
431665
855023
420849
-553507
634488
-414376
-894995
-121838
-770424
535575
-868372
-390308
-425614
389974
-157421
-279620
-432490
-113742
612553
-408897
-267106
-403929
347026
-73737
-338585
-369563
-453174
44910
675568
-313969
143673
107232
-458946
-435479
553726
-824459
150146
658732
53704
379722
194306
185332
989415
768692
-424694
-168006
-510928
142817
718252
-898376
733920
-548854
-302304
80946
377410
359111
711384
924236
-595980
386951
-389733
547693
-505817
151321
-887786
-952092
326863
262361
706641
-619433
-357918
-99054
565899
-368503
-330362
-858795
463492
158710
284023
181743
260334
17942
632890
958031
-901112
10300
317141
810272
-65465
721162
197222
544803
268855
691406
-303876
381070
739314
-977013
-356570
445955
-596446
285513
-653100
969454
917011
16538
-889341
380502
-824753
394682
-437755
435582
-587376
-804866
393612
-488488
205435
-289247
-678216
-860030
-568086
519007
684773
700770
210412
-619103
81839
-50274
-596116
725269
-604320
-192561
10782
-257419
-223108
-72208
759119
-112448
-691707
934367
-717767
-129462
369948
-305142
65673
-236441
206371
-728893
474312
528155
-588923
906227
47162
-904150
606996
-742427
-523253
-311165
207300
-119368
-585896
602980
688071
424886
-654440
-535037
-647323
-895321
352515
-339030
-960955
634749
531509
408993
-670394
-402819
-827448
535978
-131711
646865
64133
279366
553091
-888706
375216
160087
-631132
851964
848922
576168
-267405
-736974
179147
-579335
687912
524708
-114372
-959412
629387
-761857
-298441
668432
872892
-766933
77425
-797502
-169751
249977
738477
698539
-103159
-197391
-22096
-550068
-86096
-646880
610020
282772
-794917
458941
-141061
-62322
721967
-961914
358344
409879
562794
-756028
450467
192181
-517885
-847974
-139388
-644993
-614906
938037
-442494
215344
188014
-704017
-86118
-915145
98592
891786
-465213
-987505
-755094
-855194
295268
-550010
603748
-845794
387669
325715
-807708
-253988
-264407
755087
-10015
-813940
-52733
472101
-661914
807880
827109
-276819
745917
-615386
938525
-66070
-319402
-147594
18786
779190
-255808
553573
791686
-10902
698380
86953
439088
302128
241159
-173243
-372158
433452
572769
363436
188539
-437246
549497
-864195
-965146
887583
943686
861963
-389237
689602
-753423
-450712
-376468
-72825
401694
642318
-293635
-854115
195890
-501950
134984
-105730
585004
-425929
-803603
-173837
400829
-175760
-740386
-26403
-812324
448154
536352
737173
583959
571206
624756
527644
433169
-764481
217246
679747
-215193
840778
-393078
-813500
483095
313287
-667614
-321015
811338
467370
573255
396341
-958560
769653
-777497
442269
-406107
-517882
-584134
-218431
930272
952219
-481259
514231
523425
-856503
41875
-43406
-620984
-740880
-363660
163823
-900102
243263
350324
582993
-443450
682710
-738023
-632113
150079
835233
764229
191520
604886
986733
-366211
-801222
-531149
49656
-19652
-600877
1874
499090
913355
-474701
642587
-44770
481893
-978397
214351
-881768
185426
314249
361496
-464250
-102759
918046
-781541
159219
-714067
368539
-5548
-949838
-439941
-400662
-963106
193848
-201884
-494254
-756496
778465
-95131
245378
277554
-181777
770678
-79859
773453
252570
-58256
-12197
370803
-872830
-697948
-267702
-337080
199294
-349657
-118620
-641487
-63723
-750082
352965
-13561
-190023
952303
23333
-996175
-249581
529080
-752671
-471116
-566052
492708
806439
252172
263385
-273421
25625
-484046
668323
-986572
886758
795493
-684519
-380945
-541587
514775
269399
339793
873288
-794325
589712
226253
192114
-600311
178556
-784553
-596486
928976
744527
-349156
-542141
-821525
-856448
-735703
430648
406937
-9124
-543727
922892
-340801
-530298
809649
-545308
-214817
-571296
-86895
-700042
698103
-747102
-826755
903778
842610
399498
95892
-757701
-421947
311339
-354186
-492972
55866
296658
-35112
234342
440210
229185
-335010
-152853
-779939
121263
-229961
-120740
590966
-420313
333953
-623852
8392
-752943
-323893
-293506
-500044
-150648
-389728
-657434
-751150
706165
-415135
-173097
17504
230679
333932
-926631
-472664
-701181
307712
967547
528005
972702
-185307
748066
93964
584732
-372674
-315070
-835581
961279
61079
172811
-791664
737186
879306
-291708
-413463
-510422
50858
-164613
-804258
635724
662291
213246
-133598
-3778
286615
393739
295042
-405673
361285
-176954
-432972
-824022
-428889
660993
760710
198437
-654078
925130
159716
407001
97940
368052
144186
-22754
-923657
730724
466824
127202
-433889
662566
-237075
-771599
-124188
629327
224624
-837573
23065
-480335
-243246
-615650
342711
323782
-439672
913823
-15226
-678962
112260
330696
-753833
-728025
-262303
344108
640027
881884
-678646
716371
612607
788178
-156428
-821283
450744
606497
-592881
-673445
235824
631743
-511018
-741111
-848592
245737
-356761
494119
-430482
203568
407942
554293
524607
-479799
-115011
770775
-207824
622686
114882
-567798
504569
436237
-851428
117176
224415
-7855
295894
-324842
-401358
703013
1714
834466
334756
490697
-906646
486164
-263567
-263406
-19717
305952
940163
-611776
-139756
464769
-91575
745233
235543
700602
367918
-649575
-867196
-127513
786662
-718623
989664
11077
273522
285557
686235
872164
-11430
-312051
706630
-676675
-821354
799985
809489
-84920
-463422
-210229
-778969
-523259
177995
81275
941510
-913580
-173492
177053
787022
-805575
527478
919827
66913
314140
-798797
56576
-674784
474725
-657867
-988549
346889
330703
-300599
53518
654028
-121953
-146498
463516
793127
390081
-746713
-985843
866822
431282
95433
808332
517703
921941
-14616
304724
-883634
-487138
224550
183280
827003
425754
-760145
-847781
-99521
-418012
-836330
-752633
912692
-136928
300886
566719
741119
-845612
30235
534246
544469
283522
548404
411291
-285197
-356164
219622
-767495
-434223
-794994
537230
-317856
-282132
-238220
865424
-455130
-812467
-894721
-302911
88013
-312733
-139240
335380
-400041
723832
-363734
-833323
464951
-209346
196912
-804
-664877
-519567
-452400
746414
195237
191437
-33965
427743
757214
171041
-35027
-560643
888910
726754
-695219
-566220
914288
-589940
130870
2300
97328
991630
-662321
697287
715462
-26054
863964
180413
764600
60876
-820391
-900278
541310
-272791
846137
-263454
918646
-187829
-835711
675859
983213
129262
-884784
872123
-143985
-580003
-694098
-229698
-169943
436772
772602
927385
428402
-889719
624672
143864
84227
488635
-675724
-151173
-450489
-496115
-51450
-909180
231094
-205314
-172634
149739
606858
-8345
-174402
590071
-879083
-59185
462193
-23068
360813
768096
747235
-809130
204867
519837
-881745
-366731
630118
742927
777133
-285655
231561
-898591
563173
781073
-394706
-488278
871893
836388
306409
-300742
-13873
-86734
690914
811726
-496664
811831
-247460
965530
-211237
-886648
733625
-464003
-695778
-61508
-944166
-577522
571762
685953
-834596
348894
-599702
396966
450303
963471
178038
-944403
-524807
49930
891985
781602
749189
-121888
-305132
440103
-310163
198205
251933
442378
163734
-959304
555731
-102641
-423306
859954
835851
-367472
-717569
407612
-681520
-552165
-243494
-281222
844801
-793191
-317751
22838
-737594
157442
-927232
-845609
-60956
821957
32503
633912
262059
722341
-167884
-486008
164718
995851
-445311
-279552
-106791
131383
-419599
-270940
763912
-137167
-863329
-917609
310668
-106822
-198830
155469
99987
483420
-821694
362393
-359139
-748925
516784
579906
-926968
-450713
213818
335091
-728373
-954066
849084
436346
-958216
-596228
-843206
-65006
535156
-262804
664054
299067
600029
800726
381459
-89303
-306097
-817371
-933835
793891
666049
-755528
156284
-693091
-504453
-326933
886816
-431421
222355
100633
903671
493983
146567
752754
-69671
188352
-843474
87123
-876655
691683
824320
787399
-9251
424348
588125
-627792
-664955
-717973
-445163
-598790
-924082
-779115
-354318
232202
-472205
141229
905270
-585390
709808
127624
515244
613479
-378393
-338189
366233
551936
850163
522760
-360942
973509
214442
-536622
760908
-794809
887727
349032
-422601
-777229
631060
132237
-376019
706978
353122
269663
-60821
880917
-589108
-155552
-704473
-879301
972073
810772
734179
-406321
-527418
100411
-854386
-677255
-376830
-215327
-703747
837612
248051
-942840
-957197
135777
406193
-379798
358548
37252
752439
982530
-255771
105561
252192
683409
-13522
663084
-472144
282005
783784
-500072
92776
517963
93607
565359
-381627
239222
888104
241543
-976106
-815643
79155
271945
-758482
121958
-592278
647711
742161
766271
-315037
494600
748800
429192
-399840
992
112601
586638
-335924
640457
-131357
-552140
-859615
961420
965823
233993
526779
-415805
-526786
414882
825739
-502892
599240
-95106
769054
840759
-973148
-823225
488469
769014
943047
-826568
263613
691846
602625
863774
-307163
-284775
450412
356914
-644319
-680945
804774
-503934
-719526
770596
730060
807253
-645210
-796727
222135
-819471
-299619
-178625
85423
-530565
-337867
112275
-353790
-849398
-118712
-410744
-675966
-855099
-718898
926659
-991326
-26060
-358117
459087
-669147
-2435
778142
-864374
493632
-941385
906222
223691
865869
-738988
426964
88004
-558459
-872655
909379
526965
-403220
-428488
-360761
242991
-277886
520528
832248
46149
665429
-886651
-27193
674104
87289
614691
133190
418143
-387745
-88669
553769
-894114
-30053
459991
329577
-164184
721004
-243459
923821
-837456
-116114
833199
689509
480667
-595289
-671252
-276343
126825
849276
-444096
-827026
514705
-330746
145781
188808
756544
-239529
-678002
174686
372727
233330
-271545
478613
-796723
-811555
-191810
39093
909449
564732
-37087
-928007
-551383
-203888
761503
929284
200824
-909750
-347059
-672352
939527
208845
-499377
454231
878100
646404
-356961
634643
-593125
-34962
-190672
779603
-801633
537783
258216
-598356
726229
-933595
440738
635677
631137
-596349
707671
-920246
199764
469173
-990962
-599413
559424
-338021
-271764
498950
870825
228859
-46819
748924
-124737
596221
383566
282138
-438742
-807107
61741
-240375
730677
-680044
161270
456905
-613639
-397992
92582
-982502
5659
-199748
-902748
-794578
-730575
-893709
-393990
828849
-231730
334246
327798
-360906
-436895
-719021
-611982
438368
877200
771584
-279494
-561543
964478
782247
198083
695154
-897798
-640647
152059
-511436
-38639
-755360
-493938
967020
44893
-396685
-827558
314318
-290394
-221547
143166
477877
-887302
-529036
-883029
-324196
-248056
-495011
-885829
-370857
-723427
-165323
67601
-758950
-383076
-734316
936205
-280873
-374963
88264
207691
586399
332904
713754
553418
-622203
-682931
725861
692115
26675
-495687
-164719
-495448
-382988
306246
-378477
292816
-941811
126512
406988
-312667
403085
-758335
754935
644136
-141411
-979381
580340
577716
-354344
-331397
-214593
-767946
-998493
-500840
785473
-620696
-183771
511334
-928581
842905
-984353
-93299
-652544
-367340
-787054
-31021
925476
-728864
-904509
332464
-41530
498576
574129
-286595
142711
-567283
-265976
-276949
-989567
379680
391655
-204160
611735
393163
295000
397208
772468
-888771
-91458
843888
954134
-75811
-249412
-698411
556850
-36465
270569
482326
234672
366060
-185211
-806859
-135364
-611083
-93454
-992653
-178365
640570
-269602
-167932
20250
-877947
627909
-368015
515217
-77092
-970807
287685
34137
-62265
131572
-11729
861925
882161
289860
418774
-154305
-439571
-98901
-919633
926489
715888
-726492
-208876
-895195
180055
-201529
-73560
-179375
528870
758509
840876
650924
386417
-527139
166140
-690676
-497946
-546176
343462
439789
585397
-668268
301714
467557
621593
-279513
-686749
-817979
621586
-606382
-891490
337474
-332873
-100366
442279
847183
698106
-631282
-332192
226976
-872774
-491316
-122101
513643
-18455
-955961
822968
483599
-502136
166430
-76612
-916740
498163
-774899
550818
119756
-54411
864069
301778
-432825
-742313
410288
904649
-75185
-690078
346928
-228002
-991972
715647
439807
235004
842873
948491
-887097
356516
-69964
-843058
179484
-586366
-345193
-654086
337023
-261933
844077
562125
-711116
-36168
-492286
-847047
-734391
74889
-589359
675898
-20463
335457
985820
-673535
-892545
993849
-957889
547262
228852
884985
495753
341755
241501
-574212
498698
-579016
-160577
-846496
-233101
-823554
-108428
-389025
738571
180456
574808
-753716
333410
840418
321174
744052
516316
-699289
79509
502136
-372824
186964
495984
-330713
-265774
-275165
-445729
-770022
-933410
795773
-344233
565288
-783244
495190
718792
-16344
671636
-389637
594631
410207
790820
169439
656492
124230
9856
-22335
-131718
-473829
278376
947791
-971694
905552
134755
524291
-425161
868981
-750875
129111
-901041
-684284
-75117
-245274
881004
141639
-750085
599796
-874706
921552
-789841
719926
331758
