239736
-624851
-110832
-925636
-401588
635186
-302194
117637
186632
519116
94897
964886
-174279
149697
454974
-718343
208378
930236
789740
-309973
-682419
849267
-929538
-270820
-142824
-256325
636880
-887119
-749604
644596
938098
490132
-980255
-172735
564496
-381843
-537549
-737699
735794
649084
781417
-169310
613969
-392862
980388
68943
-111205
188766
-822
-321465
878793
316760
-472198
949255
-954061
384978
-307070
682820
497859
-56674
327416
435957
-566543
347161
-736778
997954
965318
-274326
-739745
701112
-625243
-958328
-468198
988727
-351190
-487811
57669
537606
700955
-943153
-783859
579747
373607
-256057
529002
419547
-871080
-778069
102367
626780
165258
-570218
62737
598715
776943
325959
596669
742261
-948367
856924
443372
-573609
898597
975174
-584883
-452594
-512637
472787
-914988
-811683
529635
-698847
768064
-96759
45096
297065
-677212
174017
518997
425156
-199204
-315746
854939
863534
-717031
631881
189492
879638
374142
241126
736562
-182486
667517
635158
-207312
-917366
-817436
280051
555421
-732424
468368
85055
-431270
236432
988297
613826
-466504
-688915
-212157
-947507
736242
588640
-263253
591180
452173
19716
223061
-358335
-100647
-402798
882791
-364085
414716
550307
-728927
-792596
632941
-546363
487455
188362
-278786
-44178
-726583
289944
-807747
-738286
-96230
-274250
-427201
691614
-221757
-690959
280253
514990
900221
-267575
-465294
123281
374090
434060
720484
256881
-930026
135199
-192813
-658953
342603
-559872
-205315
-169942
628491
515899
785880
901908
-194157
978134
-836379
709614
-296116
-263579
401227
482127
45462
-318520
-2883
-54317
413905
531823
-931037
-212005
-34118
789447
-955125
35857
-75354
-147937
376904
-732751
292192
-828412
97307
-79318
687488
-116813
-177410
-506669
-138679
-13789
-797055
565205
722633
604172
47332
-231905
-714348
-955552
713778
699557
576272
782742
-512448
-457846
572188
-467572
578011
-503166
384492
-45086
-235916
-323317
126503
861392
597366
-186009
-255422
-580045
307322
605900
406167
510267
171104
128800
114439
-781565
896895
400091
-737116
610673
99648
839156
393414
587201
-618690
-34398
-880372
959321
462436
504120
-85765
-773480
-819197
-959263
-912089
778169
-145272
-167510
-801876
-837950
-561611
604291
672317
609494
-266910
-213244
827930
-370015
-813154
-909187
-759343
286495
929970
634071
-126305
-688721
-400328
-6677
-729400
-937892
-502557
184835
-711372
-321753
225572
-623461
-543585
-919700
209030
-345460
-757650
647419
-741169
914668
256913
-8079
-298577
84842
621907
-111731
175656
862564
-825237
105625
496634
48459
416905
-903694
-958218
687506
-841586
-460775
-127660
-552957
217472
-902088
-176417
673888
-821788
-967388
-671573
-579437
680031
-412742
-664770
-63057
579180
36653
-978215
201086
924923
197441
63650
-900314
-696934
-439716
148145
719972
-343410
189927
407477
-184995
729153
-720184
262048
-53376
-622272
-914370
-379488
-444059
-881758
-51060
-23496
798274
536199
311735
-264783
115378
-651613
-242998
-683536
-726691
954443
380114
-627004
-742491
940398
521141
977481
-403012
-288932
384957
411993
-559780
664774
-325960
386845
-957498
-240329
-992644
-401557
-122086
-43704
574948
-323813
-507506
-113318
411405
607873
235070
-831593
924338
508379
-877151
304451
881375
-619641
244849
402516
-642161
841837
-886417
742797
253829
-446196
407570
927870
940649
450073
-312459
948005
-951485
565455
-95699
623464
-758358
396796
-489854
653047
4669
745216
821454
-70994
253595
944304
-766544
134970
-675337
478306
-462515
-317498
320142
-348931
-574701
-426029
204873
832870
-498159
145521
282942
189383
93526
331458
-245163
997828
-45079
-3520
394624
465068
-350473
-600708
210283
-529019
328298
-536123
-584716
561755
598848
-260053
40060
-863667
422450
-639798
-212598
847749
-65826
992276
680618
436016
137797
-36440
-374601
-768677
-704983
380237
-770849
249939
-623284
623775
-284994
26243
-976934
925289
497224
351365
-610834
912509
-86881
988015
-347544
953180
-875653
-925094
-686618
-88250
922656
247557
-95975
603274
-316427
-958178
-433167
308972
-726854
-138150
-310792
-497703
-888211
65925
-873929
-173205
-907832
-850862
-247916
589392
500503
141251
501901
-586378
129265
-845643
-633199
253612
-770737
-319816
-834638
-848081
927741
69388
755193
-388686
111210
-677974
920286
384356
183876
-390506
886653
295666
675419
-987276
-877540
767587
-838138
-125455
356979
662365
-984205
-141120
-924014
145060
13237
-557212
-601328
242501
122972
-435966
394421
50713
633422
149613
662027
-255368
471639
582313
-871012
-344485
-808194
-984359
951181
867226
-971635
-926359
634813
-809772
-51814
-8209
852594
-36018
850672
928581
-890959
-136091
-628632
-492286
-893591
494341
71749
500831
-454946
-294829
-349557
-792920
449803
-877918
789394
578792
-222402
981201
594433
-271222
848426
622799
-197580
483238
813027
750607
-524971
665620
-285412
-674300
594200
-176370
189609
965569
331344
296019
459909
-596908
-203151
-995038
108263
447293
-787957
-441934
569375
-998563
-863143
-653028
982638
731290
75751
831063
354088
878172
314301
167115
628778
789330
-167266
-656635
-884970
-573067
166995
304640
-607499
-501661
-399342
852411
-98569
397508
857374
-990306
-155200
-930584
-432240
-585825
-929147
-295382
-238852
-946509
-564092
836899
884554
789997
715070
198855
-42889
343848
-11815
789845
687214
103215
-783222
-145791
-592145
-390720
352548
8513
-538310
-746021
-593979
-680936
-736327
250821
-611520
-168566
664997
-540666
536053
-573856
-487175
971961
-736958
-602621
761957
978113
596235
-280932
321961
-415581
-491088
9174
687635
-274309
863383
-904511
334972
215930
104003
796662
469909
510024
-884275
733583
-239155
-495794
-434983
-574159
-36459
-898931
-148014
476366
-926971
115029
873746
834987
93141
469980
-445946
-584898
-945602
62967
424276
742034
788658
287659
837524
123630
-496411
-58474
-79709
973499
-548450
36017
707082
212396
540224
-727902
638238
-496236
-626833
-509777
980131
-553803
605252
853877
-718817
-301607
323856
-164762
113495
378255
898205
-462229
120288
686863
825431
-42188
-189508
-670981
899338
730784
-697482
-649112
-233199
-990401
563284
-692975
-718303
201521
-189210
-345135
691745
-209079
101062
296996
-355203
382246
995389
968654
-782516
108884
346908
-884311
646656
-532804
802553
472086
425008
-386956
801105
324346
-656172
-896377
675234
110630
-886778
238518
417656
-605080
-559962
-771554
49785
-868218
19367
-849154
428779
664164
533093
424168
632817
750577
-466949
-20275
866266
-820294
446921
668818
651793
-128071
-718138
452898
-803726
-374309
556521
871509
736322
669743
110026
153977
-935338
550065
382424
114448
681848
-598210
265294
110627
-934046
-201613
-465206
698772
-451036
67846
-321504
-584771
247552
-874583
-915953
-100656
-2654
-634090
-647759
193621
-8398
908763
65130
-272077
578505
-824844
881901
643168
725221
264324
-242385
407069
666115
-977091
-482305
732069
-178703
52489
430840
370261
-879666
-890665
785491
367887
-765247
869538
-732769
232100
-764552
-380527
-574280
227050
-471765
490851
954974
-893260
666007
836874
749908
391227
101198
-492477
-201705
-232688
-469568
315991
-500620
351729
-631521
930221
-278010
-511187
-960445
-492520
856701
-725692
-622982
-876069
506409
-387534
-256596
932130
839517
271640
422980
794490
378380
88986
631364
128288
-519787
-267439
635811
278509
499874
-833757
-405501
999254
517973
-37022
929474
-760038
451792
969030
-252557
308493
-756662
124461
432424
749747
736927
-824172
681876
576444
447469
104856
370933
-174152
-806159
2296
954137
-325945
734858
589947
952564
234731
756191
-452937
233984
274163
510042
163458
514126
-38166
132488
-738432
-729674
375826
386029
702751
125573
122956
878580
-192551
-300601
326048
912305
-929668
-848105
-893855
72628
-893969
-219799
-192515
695979
-267236
-957785
452169
279828
276200
-273668
-210131
-560342
-759542
751703
572146
-497974
-977972
-52028
888056
724780
-926455
11012
603359
-119006
710412
-70594
-206702
780744
81302
-100556
-146628
187334
679645
660858
-116688
-587591
703074
-664519
692237
-20727
61814
-517895
418932
302272
-766192
-8922
804299
-744163
939050
692354
980617
-987405
-296635
583976
-106411
-586224
-486619
686888
-805481
594684
-413668
47892
-217983
-734024
-291251
665330
-321614
-588178
-999189
-629377
391096
62625
-147272
-189973
-635103
86537
801105
-830805
342374
740155
861549
322991
752750
-435086
-93034
-353661
-21310
420348
-666773
173210
15031
-80441
-778899
797049
185536
-70150
462378
863922
341672
463189
-765456
-267233
-474186
87273
542795
-109289
-826190
343899
59907
516185
84054
-78545
-160825
-163196
486369
746142
483144
-534941
166490
816371
638269
-818480
-264070
859371
978569
921466
-210780
440947
785388
-869108
-95865
-980068
-136341
429950
107205
-593546
-679339
281015
750353
380568
-202800
-165593
-697977
636375
671211
788393
382517
154355
-746549
-450994
-29275
891721
-269473
706655
751091
-290905
628121
-459690
-849959
413508
-328797
54177
433440
534863
-515873
-459355
941317
-195212
821661
691670
-814645
-381140
-473924
-512622
-744765
-802713
-724230
637752
351643
-470778
-813242
-677633
-579058
-82715
-970978
-827968
626380
657144
-287657
776422
70652
383546
-169401
-495908
-81592
314726
44737
-140275
-880487
-133602
-448606
-695131
485258
77471
-207753
740494
274759
68018
378246
-373599
597240
565004
-51231
-981819
-517712
-22209
-809786
-891332
-365065
-97443
885091
705587
-713897
-284311
-790322
204512
-969585
254416
-935764
-850072
-879187
-384370
-545203
606072
693102
247045
346565
-32140
-684938
-275190
594261
912302
-710187
-456971
930484
-227898
520821
-879303
-119230
-844245
23254
-234139
861343
309357
481550
-928979
-486132
511965
325437
-421895
661894
446250
193736
-883309
52321
-113163
363737
-601114
854697
678799
123696
448958
591101
413510
991987
521584
-814389
512808
642281
66382
668564
-334465
832243
529907
974893
313793
600928
-511239
-174242
-73636
66866
-512348
-627387
-739399
-395656
424935
147438
968081
823822
2135
646880
-52483
-548908
237980
-638973
-556921
-240436
-453361
955888
-598156
613022
624451
67380
445264
154357
42272
-240943
-244716
531033
584816
681649
-402101
-927533
-945738
-141500
-323189
479197
-994062
-355109
303018
8073
-708230
-749465
459165
529751
-388437
902245
-710686
158202
858132
-308841
-228777
482582
758539
-783513
-363061
-199189
-24455
392224
-668157
-439640
73872
-70258
-367173
128134
788243
309639
-392669
794181
954531
910350
-197747
-753700
-839116
-738582
776052
-227553
-836338
-934635
930650
-978207
-243476
-298127
504376
-484937
-81639
-858685
315874
893906
533539
647718
-545735
-392589
-422541
87093
735545
-634298
-603268
-657124
-840118
-648738
-746775
-37865
-402437
-585891
223553
-626386
186557
387216
-561021
117207
409010
195504
819080
-86615
710567
-262560
54701
26441
-368655
-411761
-325842
85611
195651
251618
-827296
-68804
617320
-430564
274072
777202
-79302
527297
-260664
518261
941407
962890
891875
127964
350106
-669146
-754830
-240885
526358
-935751
672501
236925
-198310
-272799
-736635
433035
315440
-62476
-481354
-488909
-810859
-308649
442287
806461
260787
-283642
583662
-818515
-756345
-677002
699746
-814939
-714112
591621
313025
635994
922476
558196
-604892
448834
622445
-932391
-314242
-575866
-205190
-50876
857170
-889750
886648
-624184
-378659
-924211
67167
-936373
882250
-672046
-220015
465911
-490561
23640
788910
-790815
208702
-925203
800807
-478274
710792
723282
-920078
-894100
172115
702367
-826491
857874
-873499
-31681
-193002
983672
78569
-306354
-640513
699910
-230565
426655
763537
-348316
754609
-456478
-882405
-735952
567162
906506
-526767
-224136
981303
-725960
297591
692095
997322
377513
797995
169437
79879
971505
27310
206381
-60177
834309
190052
-981608
-472046
549540
718303
297389
-23805
481839
949074
-269196
-974639
-933331
-5148
592524
973175
468086
-631613
954478
742126
665978
646572
739448
43490
444567
-91116
-876631
416071
936195
329750
-644106
770503
-480198
-625713
-701544
-930658
-907411
595846
45537
574428
544919
776341
599790
611589
-228807
192313
584763
-760721
560700
539240
981406
226678
185811
720853
-729833
-369622
-370263
-606464
-953552
-434069
723287
-597657
-663567
-756911
-223370
-365110
-687569
-130781
-769265
357969
-556353
775655
134310
-956564
387243
905503
235750
-27995
-855219
-203551
-488755
-873814
-976874
697056
847040
-706706
-672566
-523224
-313169
-626117
42707
-589883
-223774
379141
-346793
552857
-985970
-34362
-577924
-755235
-676394
-134277
-979580
457916
-90840
407663
363419
-855091
-620332
508201
-58641
-109087
634388
-35515
-412031
481427
257780
-84597
958203
944611
289286
910
-645272
-934488
-619950
7935
618369
-605920
973573
-959556
-361154
-702821
-93832
-340734
755096
815328
-933071
118515
960238
-553403
-373285
-98404
337511
-738898
866082
925480
742530
123861
-159117
700732
68471
-869832
-298358
423199
-804319
81692
-568867
814050
475773
-595294
854495
-885382
-298114
-239337
-226115
-543018
-424009
-159186
575497
-463772
287412
-797788
437824
-375078
-536686
303905
-449598
-794157
-572235
391285
906576
496237
521454
-391783
-80565
717135
689910
350569
531185
165682
755276
385679
280301
-542839
-853659
-945815
-85856
-277667
-105000
-510359
258561
-817588
-308147
-303616
-192665
155168
-999711
357737
361012
-571945
-250979
267588
924292
-729526
875805
-156273
987609
565715
-805704
518793
-268604
949572
-95528
-988303
-593267
50814
-934118
320878
773147
-39117
810519
31708
143295
-497629
728092
950630
657539
728382
308366
18550
-843564
-942613
-713863
-919272
-672138
-838058
-75545
-684529
727658
118752
834265
-540947
68323
-261264
-529250
475057
789551
-463367
-204066
562698
497516
-393547
-405595
-359189
108824
-677503
-408560
-233637
-949122
899807
784914
-792686
957194
-928949
-711957
-714944
-767006
212498
-399473
960652
-668750
-565209
-580295
399574
173528
-109545
-125370
-36921
427089
670565
-474224
-75395
-722983
120182
565416
385842
442679
-843144
-847796
493557
-943338
937119
700872
-986144
-991831
988915
-701087
-758837
201413
-100560
-798185
532663
334232
-378480
-67764
-492241
511976
806867
470838
-60936
477432
996615
863669
754450
116796
429085
140291
-440526
585941
292496
-946969
642604
229614
753904
656461
237784
742818
955374
478948
-55769
-145187
680763
-523107
-810956
-697718
409130
-303196
814258
215996
-832358
-246679
-306572
-835743
-383010
-552123
281053
-953925
588168
840528
632017
-119336
893560
274620
-889723
647463
-68920
348062
390280
-113546
-172991
-665489
741267
-492229
-188596
930312
-189947
-779466
-372884
-375689
436531
-205241
377632
-870042
-40984
994623
-422165
-759931
-959303
-833998
-919404
672714
46667
974157
-52666
156945
621619
878415
-494994
11899
-235132
332015
346410
-493865
839787
-842186
-563554
-350161
-621652
63563
274150
814879
858322
-348218
944838
-182663
-353595
-477328
57406
-312897
-311325
138003
-640183
735342
112159
307151
-107714
-266222
185565
397292
745677
950434
-270693
92087
-543432
-430907
249901
-106985
218933
628250
956578
-506917
443129
814899
144865
387966
-367764
791271
910638
689642
-521627
-400687
-172355
-161810
-665346
939805
-854659
226940
-326418
330907
-375768
-580741
281340
353539
511346
737909
922632
-238753
-369077
141565
-610504
-412500
634648
832626
-597601
-220487
220591
34635
-429217
131229
-275723
49157
730542
551923
887348
-934804
491727
-967312
292137
-834692
363596
916369
-415433
-355064
269908
-904087
-617156
192540
-142840
13767
-665896
246656
601268
968752
79282
-996333
-251736
-700128
38303
319048
431102
762581
-631796
161644
314503
-744449
226840
-193771
-711760
-481023
-28462
651836
-564655
556106
-703229
705253
652019
-320385
-102207
-490822
693383
231897
755835
294651
200649
-164884
298318
948913
134989
-663380
267961
-433909
-900799
636165
727735
413704
891717
-45425
-780067
-820044
473553
191472
831793
908898
-252423
-871437
614151
-600404
-191821
-488057
-91226
-498438
743841
-335391
796213
-55511
499725
94531
-106598
-365286
431152
-838637
200805
530353
797528
-71460
-55944
689244
883116
163990
869201
356668
-644539
700993
265566
103038
829557
-120284
502634
-362264
391660
-588592
139298
135501
76017
-64489
-920010
-424258
-969959
-26607
210456
461193
134756
-588739
-8455
-67717
339801
935602
-378473
222917
99591
-509272
-420416
455052
-808280
845150
-441910
-978723
-275134
-939277
-340987
-883474
-527868
798311
252028
548149
-266179
332018
-876109
-236137
-694590
334347
-774945
440167
745608
216601
-627551
85409
152202
-6023
-691675
-748208
484706
-112090
706845
676427
-266940
-735066
697704
457927
-674342
-643284
574453
-202210
-844973
-173519
-654061
-111151
-841501
-530170
652712
-536091
804178
877767
904076
549786
94367
-723475
-364806
-753431
270503
-56480
-501639
-244792
831431
-794794
-568365
-435510
-529860
-870662
-977584
-204201
-513945
596870
593590
-358918
-576650
939529
529931
-418151
-590641
182643
45759
-786463
60409
-50165
763323
-845224
226361
-601483
-598655
-503136
342037
-100293
252073
173468
104914
683708
737958
575054
813046
760374
-629147
-700900
357244
964443
-59817
780594
903972
-529886
-637557
-686669
652757
408202
-473132
-286834
-641963
-709810
-132057
584398
-311292
269288
-918739
-969255
-831005
333334
204213
273909
17042
-57830
-151037
-169913
-297456
219816
129188
-940213
184259
-930629
840382
88231
-460515
-797176
401562
-807758
611027
928431
-94591
969064
-781379
773352
553462
-92671
42640
634724
-61926
211635
-31942
-857714
-514456
985100
84457
334507
-184813
787001
-445677
944375
846789
738583
-986254
687170
-173187
-446768
889994
-771625
-254526
501021
-843195
650884
470085
-624574
424235
23546
282756
-533126
-341731
-779171
678510
626327
-636884
-835946
611427
447574
498562
-573387
234574
-947115
-629012
81363
791468
-615266
-231468
-381719
-62034
-341474
-153343
683441
-840454
3462
334324
629631
378889
-241441
-346823
-338356
225434
311447
-117527
-96056
-62227
245590
67998
-450800
-306837
-433441
-24187
927738
-380556
346801
9100
-589089
731535
777633
29193
-330499
-563842
875850
-647058
-404295
-120688
687267
-774664
-741800
-554175
-121486
-80156
671260
-810040
802318
-424797
127734
47908
643201
676934
741071
-790241
-347254
668809
-170797
999548
-322092
240115
731082
-544459
-730692
-599417
-108300
-854843
-246474
487405
24469
-559208
712742
282670
-113382
-408745
-797486
-442123
-218784
-995169
133080
908950
52740
-223719
585883
-206189
-13960
-761371
-537381
815244
-761824
140528
55359
969259
596069
324667
-630159
-512232
469825
123367
975174
-505706
564160
687916
776964
-549223
-720829
979478
8654
60387
984310
-858266
-30664
37050
-81985
-444781
830861
904056
-206152
-706521
719300
32025
434008
-225342
1283
30076
-900675
371125
517845
569151
-505508
493019
-936556
-941349
180935
840409
-490572
460106
819887
518083
-479507
804196
659817
489830
-158755
-422168
-954952
-327895
-518113
-161103
-34415
-798814
870922
-600408
-24155
-127795
429669
75171
-756671
-52486
-355679
-262179
-559467
-292234
-203528
621468
-451825
305901
81574
-631939
-176017
602067
-827744
-516200
91896
13502
61633
136945
685608
543520
975842
-348807
744707
846764
50786
-279448
-281032
-519545
795723
-37702
427969
-559956
700120
868503
147811
-503408
489971
695986
802493
-428456
-935954
-373524
-826390
-763697
110277
265507
249805
-828091
-597549
-64587
715430
-621707
586606
460136
-774944
-362609
-819313
-55975
117847
976411
906324
-454184
-583545
606443
-585682
564266
-896966
904289
260252
905528
-524167
324298
-467996
-350557
560602
642281
914950
-189593
814191
-682599
745820
529620
-304306
332426
-10244
-79250
969818
170444
864776
87664
146854
771099
633480
563310
377542
-952202
127575
480576
952088
-612173
386104
-572080
712126
918108
77364
272727
560389
-7686
-916867
374579
309715
828954
-95801
-994592
161379
893955
-73841
131197
64398
-209066
-781140
-788748
-437967
852341
774562
939575
900139
-97863
420151
852226
289964
-193746
-719854
2089
-275638
357510
-725184
-715250
-650177
-642051
659330
659538
-813098
-436472
664947
348282
-542517
-408895
-520522
521882
382040
-301661
733134
944074
-449321
507696
883649
-549182
-590168
303799
-696957
699797
-889947
-416811
-298115
-165585
940699
-23299
119166
-709478
334651
-221504
950060
521554
342024
615006
-130165
799508
-793889
349313
321389
588152
-952348
54522
532225
-401669
-437783
415873
49149
-27950
-280328
352193
-328154
-170275
935383
373732
664141
876082
-649567
-216693
-833397
685084
561803
-883337
206638
-96173
731670
-923528
-296666
937781
425786
-975277
525932
473438
79245
58157
-928232
641463
-525971
120918
-386488
193701
-526890
285359
-976574
-591507
-340910
687567
-715426
9524
-529127
-548823
-305392
-967324
-432159
901246
-63497
-700490
977718
639838
-762710
403504
664561
763223
-123059
-256194
-178621
-51290
-614732
295409
-930372
-1219
-510891
-457262
-715860
-487465
-48768
-56769
-799898
235806
952755
-329024
686984
-352638
-296348
-745176
-451392
640156
-445666
-473675
279993
-208375
929830
-55447
-445153
-193230
688360
376227
755481
-926373
-328365
825109
72409
160745
-632153
356549
673281
319079
-700221
873384
-445116
-747467
-455641
-758132
-100104
248012
-503308
448504
-111833
51026
974830
-831840
842651
904659
112714
-602502
-288571
-198927
773726
-533090
-125299
-554639
-707982
947110
606107
-340134
303658
279387
978945
603438
152770
-466171
855972
697130
-224303
-244132
-54859
272389
-795629
833309
-676585
-820799
-998532
-833934
-916141
114183
-436435
-204711
915256
-662710
262199
-210044
-217348
554218
-262934
-611242
-785917
-959276
668146
-806973
644162
-179085
-273143
500134
-481955
502554
-743999
463187
-225057
-539628
296495
98359
-360426
297964
264425
-276566
-587854
827990
518723
-672598
-834720
-219079
117359
-52067
-664861
854425
336691
-450778
895149
4836
-257750
539311
825752
469107
39444
-656203
-28339
295445
806984
746605
755818
103478
-155037
-604609
-598558
-890612
118825
-186412
937378
-362453
140991
-897342
418469
-741651
50591
753608
-887227
-612718
-697170
-992078
392118
45080
547233
217870
-485813
-413323
561667
485848
882122
368650
232453
637939
-527872
-922585
-966671
-126430
-813197
152155
687159
-875819
789702
-171850
-773160
208171
86499
277431
-38221
199273
664714
264609
207196
56831
-690312
-245571
-725299
-176125
341106
836369
-690277
223227
205019
542176
-138834
677147
619592
-105504
-449283
806396
-953350
-762124
930577
836352
66026
-842583
44523
-847475
434848
-993699
351799
99561
270911
-441006
-843608
580599
313423
-568906
-595526
-345472
-732538
-285802
877756
472481
-743626
-261079
149628
875966
633418
700346
682361
680068
938222
612938
516420
4248
770356
-439058
156773
205204
-432756
-491429
-695235
838155
67566
-538843
418753
-619011
-107748
823228
35518
159715
-462575
-86727
-367804
-206200
652195
781824
-330235
285612
482169
-647874
-34321
420391
965065
-517901
-575362
735420
43041
581411
-59377
610285
-910018
245388
448439
157548
706546
-132808
538537
-401202
-309581
-425946
758513
227845
487328
-609292
-978356
139523
-827469
-308590
-574865
654701
43537
390815
75091
8602
872914
499730
-255978
-84046
81140
684646
-473761
171123
-69967
974678
-671329
-363421
-158131
867209
235377
532289
-558737
-6110
-239866
928592
384598
-218221
68114
557130
473190
493249
211831
-483274
-115937
-713078
525329
-243024
786652
-730650
672931
-132208
953996
-800831
-961086
-115971
-826154
-632414
520609
15716
-765206
-244014
-451995
-323942
749876
308139
-395351
134474
-910082
672763
-308397
563108
166012
903435
-920166
-949926
-809644
605164
-192949
977008
874514
-520019
-155201
828510
-320850
-116286
-287462
-147003
251300
-766854
868714
486095
-10868
-583282
-837848
-260992
724858
-233199
873482
814776
-560436
-434915
377884
605576
-531481
457719
655651
-341125
62883
-537299
-364117
-62604
-57318
480683
-234094
621833
-635604
478444
-525171
615697
711591
-656458
101792
-299277
-239739
263944
439731
-514882
-969255
313213
-700106
-529690
878298
677779
-924115
-653184
135498
731536
5692
-801620
-805763
641575
135777
136919
122258
901684
-241248
486654
380128
233582
102351
91718
577124
-795858
792442
-662615
468087
232173
-177496
498833
-454615
122398
969143
-576317
-199823
-954972
-229500
935676
776565
776193
-865944
970802
417767
269834
107721
-459976
171517
866473
-973322
-448356
100054
129029
643363
-322822
333172
435804
14563
-198742
-332023
837068
-699910
213362
-40534
-730767
637046
759643
-685739
-592455
695319
-909174
-816263
829375
-938373
601505
99208
169348
-858471
-729276
35821
-831792
-177631
-864125
297238
-534269
-186947
-369591
901535
827617
431668
-430489
664684
731758
782874
-375851
-999009
419920
-616208
-684747
827465
-920890
-593921
-988798
908485
-532293
612708
7693
637056
754238
278418
-327124
922446
-899214
-191249
219683
-433483
621805
850093
-531948
449421
281760
37564
114105
13518
-179562
738254
14509
-759643
-877955
329762
-932178
-798844
735842
-920976
-890359
-796452
691733
117334
840604
445970
-604249
-486521
368415
-503462
322231
-411902
63055
-55965
-561810
531107
-606544
719950
-431330
507561
-266533
389109
245815
747976
629466
367860
77738
697288
569017
-186421
776313
678658
17127
468046
-204008
-142270
-85985
191744
371210
-717570
688282
-306559
-129472
-248664
637477
308718
-717557
-969068
28668
-148886
538494
762135
-759778
-215692
510111
869688
-847832
-412152
566976
721185
401428
343289
399843
-581446
-188666
-804166
276285
725349
387578
-352505
-992221
75859
340937
-121693
827196
-21587
-812975
-890362
9346
215693
-39248
-452161
-22172
200974
332147
-512061
70662
484316
75788
-362363
205500
-522785
980926
-394658
-104230
-207740
-198823
-827945
-482391
-811246
-180450
-474612
264614
-839513
403696
91809
138900
590721
201447
