-643475
101272
-664441
-163846
-898873
-744607
871637
837593
302258
14451
374664
-121946
-432954
-777079
143289
823112
-789244
181373
-27709
-341884
-195958
-866792
289758
926957
-222482
-677921
881104
-206877
-166533
58498
-651662
189993
-840230
-316102
-973853
-739103
-60708
897785
-901510
-758451
-87765
473154
119604
479281
696076
-737108
302393
906832
444266
-725316
-435052
-751693
-592107
854706
-824736
185411
-823215
-943633
978534
10253
114865
-673128
-799754
274635
10770
-773607
535533
950062
-875823
634023
-808389
36413
107177
311215
-484306
-196748
574108
818088
-289916
18373
-907228
275033
266680
-499335
129739
441945
686076
306524
498312
664610
-683223
-386823
991482
-482977
887813
2252
-256584
423345
-47686
-132406
57368
143925
904008
-835455
-544860
-580299
-32202
-970753
-762211
677882
47620
-669439
-47085
-685700
-168774
-917347
756245
-482699
389178
254557
-818089
705955
867734
-826608
-777022
755547
175645
-33606
178892
-872042
833989
-763741
271883
737996
-599196
727023
-842303
368602
756271
-604514
46484
-196109
-273953
999400
118191
557274
-917948
-125564
-925426
471231
-871007
-743514
177186
996728
-570122
400164
752274
605524
-633442
-68835
733482
-799454
167425
5365
938543
568229
-267612
-903761
-63169
-511342
-508275
983316
292549
217773
982715
-589260
-224954
-935233
285177
-150379
535998
414170
106107
-286817
410897
535986
-886653
163170
141509
-520095
-905665
-125010
-319549
261760
880355
-381007
-170011
-387258
-284767
766821
101401
206959
750136
-606051
-575269
732851
-195310
199777
797619
-910134
-950602
333616
504037
155505
-953201
-85067
-308510
-839854
-921897
833000
-359949
-827561
-292011
320503
434199
-411656
939497
-735813
201087
-345271
-968992
-697513
861688
781144
-303563
-713581
513995
501127
486197
311613
590994
535595
-354771
95031
-308900
-307971
-990036
382591
-147824
-911933
215590
492228
-739494
923580
-187270
694706
-488077
-247773
958894
713011
406956
989902
-984502
268644
771045
-288065
555063
285040
-786938
41259
-403348
804057
-423146
241881
-100913
267954
933911
-90949
-349456
-213914
-2881
866134
-721687
257626
789713
91043
-47669
-698364
843271
-88776
-985353
250226
-98875
-969855
-481130
-327830
-257919
-926067
957210
-44857
115192
-446138
-240800
692047
795744
658287
-40000
729654
-432662
610544
-484261
564457
476678
-205948
-177917
266391
885096
774414
568027
728366
-314362
582675
-21408
586764
612820
497462
-741067
-645100
571395
-783857
310044
-313413
-229994
-930756
-621367
-434251
727531
338633
-704598
-705131
-50823
-188859
859327
-574146
605194
-318591
692245
490290
-544177
260272
218655
141461
-157054
-802753
-271775
-544234
694709
-12842
-189333
266104
203302
-879289
952692
973308
-810045
-668676
-460943
917486
669958
-165541
-787645
-380866
645601
-928319
44989
250795
-246910
-262767
-258916
208914
997506
959740
-649626
-159548
-843014
78599
296218
851696
-934243
-893116
117800
269060
-772404
70491
242368
-582449
401816
781425
-664963
71773
-384116
-452608
690908
-738515
-380927
-264103
512280
372164
473131
-746636
-418923
470636
-786897
-68548
-688913
-629911
-989949
607305
-778215
-924191
714190
339585
344869
941786
-589925
-412763
-640663
811891
-631339
-305626
-116336
-15454
241767
-425428
246031
860840
310469
-241689
233004
-216401
11675
814082
-745765
224778
-254466
-434678
594868
-244415
-827373
816653
-168606
886818
156238
-823737
828604
566313
-236500
-812060
378204
132162
-117685
-738132
-883293
-875919
-163560
362739
984922
-853091
-878950
217925
-69492
132725
32007
184743
-642497
777541
750066
952372
-466875
922693
769025
364520
809510
-74738
540783
638114
-508426
-695718
826054
869779
436444
-291632
-868354
553152
-167550
-31914
-84109
-182629
114995
36941
-964704
-954497
-830334
67303
230247
-472831
-155157
-19688
-520459
377969
-96995
-751435
-257511
-287485
173827
-716729
-649372
665402
-412446
-823318
535180
-976002
-114950
666827
577151
717501
-365087
-506959
-465129
749909
529983
-429833
795412
699649
637470
25659
-773182
-517687
-994030
-293641
860283
-91025
-45076
-397229
621490
-871249
-113957
972118
794154
473598
-851200
329334
497596
33850
-3840
74747
-248649
631073
567788
286222
380982
97770
856389
176393
-202581
493859
-797948
24237
976173
-791978
730596
836455
116998
-314480
-560774
-261513
-185728
325270
-289395
-391575
-201133
-140595
937759
-703537
893256
-66081
371210
-355394
-435008
-61003
930829
945974
-963233
787217
122367
-165814
281076
324419
858424
257248
532442
589019
93702
-350561
-725461
532929
387927
88812
-141802
-901468
697237
657065
-42062
634996
953528
-148806
-431085
324738
495801
133907
-736265
426629
79881
-699498
213846
-797753
134689
-505079
526666
-6888
752169
59108
-417869
-154129
708547
-143330
-621201
96473
945482
236998
195005
642719
-105937
-847057
277715
-152409
4137
846630
-827672
-500063
-19463
-563937
926566
-939583
-263435
140411
-737336
871255
635332
789331
-135634
387501
-151562
446497
-766629
-443016
-696833
-387829
653458
-751351
849170
-151537
891369
-256768
1406
169083
590823
-994458
15713
763151
-494521
996250
-800787
-567955
-943334
-64221
572456
-680669
-192967
207788
-891339
671400
-404712
-42900
117897
-171340
514085
421065
440832
167543
669714
290001
-983995
561083
-966768
17412
-269834
624055
22954
745879
387205
528434
742129
586419
960479
798795
-477802
532935
-881874
329231
-259278
-773212
631
336011
183888
-881473
-835330
-302027
539592
605502
865516
209306
-104498
881522
-229611
-71265
-101067
500555
-447211
921888
246434
939995
450322
-11438
526414
410801
-212644
-951389
-56265
-94518
377842
684457
132270
-621527
20467
-683842
-502999
185138
14131
-963408
-209361
-120353
245899
686142
-238832
-983712
-385124
660102
516843
167666
581989
-236724
107660
32310
751839
-365927
-556889
-460806
-317315
386846
444677
-939474
71303
-423053
-561000
-908230
-106894
-63999
276908
907238
-27406
-932453
-213116
-781507
753690
548053
-765219
-631434
208154
751624
536232
-209857
-485100
-356108
822454
-733262
277965
-734436
-194067
960650
652410
-749390
-978824
-276287
-172442
-539823
-184517
720664
396178
-907609
627902
-631229
-840062
-585215
-412736
913629
962839
-177954
-717806
170992
-426330
818426
961135
88570
-537683
783588
355309
740283
-950848
-838758
700933
701562
-588148
722110
-574726
239411
-817714
240758
-39925
578464
333149
-412024
947236
493088
2762
-465500
406716
-34400
356546
688910
-863408
930216
507336
-902274
18786
969653
881315
-625906
709936
930467
-464663
410868
632029
-52810
132978
-942697
-813400
315264
298061
146675
-106272
-368790
734652
-159036
-875703
-262587
375464
531013
703013
-267991
219923
839605
-337775
-272742
937332
681011
-303089
818647
-944895
-593154
749114
-409558
817715
381143
537632
-49308
438446
724233
-734045
-263493
-129093
159684
367717
-394442
-999353
492015
342972
376111
23028
45984
-891880
-757050
-114411
-229654
-29791
-177079
-548644
667120
-358432
-493538
-926034
-609319
96904
891681
771824
-365464
-157628
210270
-641232
108328
946777
229676
-731989
314494
835235
-731341
-193492
178206
644771
829536
-775810
752891
-927515
109780
-476763
42695
932701
-25407
-290186
-425732
481055
-216219
-35050
-422041
-324539
-263227
212496
517834
947043
571264
-373839
893820
-199060
-105827
208313
-363826
162832
-985180
814380
-192398
844356
-961431
-439507
916842
148349
83730
-40464
81050
-941677
669351
655319
539379
-546868
-379732
-882662
128593
357042
329834
-353573
304085
-98903
272589
197904
702037
-833239
-593783
-661789
329594
-578963
-847410
-862804
-734607
-808840
-302311
-817766
339510
781420
141771
-579441
839743
-188878
-924122
379122
264254
-303853
496460
-607153
-946812
-173707
39274
357274
727391
-688138
-444823
429428
-521376
-38605
767639
808219
382432
920229
945415
647826
-888611
-356896
830061
450899
-575477
-28169
871459
-735734
782954
947337
643388
47207
-356517
139848
440055
-303328
966141
-520672
-946055
693531
-208809
-390877
122958
269816
570518
-109403
78034
-47050
-189175
23449
-399225
-77785
666553
-569164
-626887
-908925
402667
-755428
-644658
185621
-808092
998731
-767173
-164608
138578
672883
532065
104718
-847789
586010
-201751
-56598
-804867
921208
-786782
765652
-188196
291252
-281398
622630
-685300
319378
-455156
981254
750214
-82042
-927671
152881
162530
-572329
-661499
354439
-573598
-428671
-810169
564980
-755789
721896
-330302
-603578
307906
467948
339825
503039
389155
553043
268691
-799041
-155705
987293
823590
158996
306670
-631567
140250
56884
286392
212579
-790236
-551078
640251
-451734
803361
-933348
119595
993192
631633
363807
715087
-698670
760230
22992
769279
100054
-473969
158434
-346903
794722
359393
497393
782015
182982
-343611
88685
551416
796639
-854432
-162193
9217
-644667
286730
-350533
-96401
90090
-283880
-976807
83282
-652248
387001
-201632
-350917
147230
821361
-581639
-752717
-652608
576796
-99619
-857887
-63812
-602227
924129
-880830
54163
12813
670586
-149199
158381
-491607
860019
513715
795124
-490514
-582687
-114787
225606
-559494
968495
573359
827508
-233137
-777559
-25263
-411776
-359197
222021
-64384
-782402
-877599
77729
153787
-479825
1858
272957
574338
-985330
-56457
-574862
173052
451937
-714844
-313234
247060
-205358
104079
-867727
-979752
544586
-899232
593607
372093
-132369
816049
-653171
455855
-543149
568850
-608530
-325550
691252
469200
828237
-788574
-528943
101194
785764
-514272
-955263
-789098
658780
496674
-503941
-654454
-256266
290702
449625
-123993
310950
-5789
-23225
-95443
-633696
844407
-279395
-286866
300262
177456
-718016
691732
851907
973236
160932
680143
-815339
631990
-218663
970426
-882283
-173926
-818673
776498
-677253
-322613
-877956
66482
968089
571669
942490
279038
-434120
-80735
-816405
-67816
-236329
-95800
645318
-936068
-918344
927302
755665
933563
900538
-83403
613706
-914801
-451413
-604958
-944376
-333695
221116
-763048
-557198
543864
-85661
-435154
-389655
-117572
-863485
-447166
-838535
-297604
472099
-654940
634580
-764230
249261
279898
-700297
330917
207200
-944633
264479
107737
-28035
-121815
192936
520552
273227
248561
-813144
-505658
485513
-370341
-961795
-600148
194506
-351449
282280
331022
201386
443746
-966582
-326516
788807
667999
-90745
38067
-52104
208958
-631017
-844904
264326
633463
262833
-763710
-488352
-544231
756843
784875
704330
943700
-720783
189843
-426641
-682577
589696
767865
-34026
-128025
98887
-832641
-684279
132305
-159156
-895473
-199697
750099
142595
748200
-40943
511579
903296
-776618
145042
166129
-540327
656690
621898
-783485
441564
326228
-839785
720782
-483929
-266426
-961796
-894234
-498561
4179
-22258
600327
171538
293463
-267369
-987618
397991
532935
762482
-459415
281135
-278462
-947837
184430
-55079
197206
-649441
404594
-146105
972458
621110
-704541
298686
781325
-983760
814757
-485102
-945556
920523
16338
58623
-101735
-383336
-769839
-808273
349296
-757456
589719
-117770
-994975
-869697
-836636
-273436
-817533
347795
671485
379673
698354
76078
-766432
670812
-302813
-470973
-30503
-521488
-454733
-215747
-6590
-400289
-295224
-990252
658335
603041
-373588
888496
794769
975708
-868961
384487
-142062
-863935
514791
21303
-137371
697258
-630903
-465887
76931
-932549
610191
310499
738263
-692622
839526
-292241
-214110
-615207
492013
779301
-15496
-803212
789049
-357161
799829
-584539
-468666
594598
-608831
-337626
-20916
249107
-201561
-506126
-729591
661069
-808868
-360493
-804819
268063
-293042
805373
-421438
-554779
-887250
-581912
152981
-101359
-197119
-355007
-322059
787386
-158218
-533010
-569775
-358389
-117549
-38441
-763792
273620
623934
215292
-477273
-577627
709166
-206864
-916559
900299
432643
-721377
168362
-860399
-916005
746924
-415177
-803254
-834988
737804
95387
-32106
-617204
773328
-244720
224579
-759683
185505
866190
122769
-852936
-897603
-603612
770998
317689
-80884
-806629
26855
712252
-723188
-72847
144895
-444565
-904486
284497
-360569
842439
869320
-163823
-992550
607123
931564
-24655
989920
704892
730625
214498
945210
-83870
80688
67978
63194
183085
464367
-165808
-499227
-616518
27563
527628
-904266
304376
-545220
240630
859812
-449706
-474874
-500758
-607268
-605554
335420
-599817
-998431
266983
375528
991490
-28125
106153
205988
-82916
-977718
-713325
985062
85476
469760
449429
919669
970533
832912
-52769
498161
928646
-748393
952942
169276
-888582
-496764
694402
-389339
-104031
-911152
946081
296152
-909582
213064
-328320
-918093
-815062
777833
287895
102023
800115
574571
87085
-114409
44330
-463487
-194741
14863
-630576
752491
-486976
-701930
-995902
-534035
467346
-884483
-30799
161748
-273822
865171
250597
-327741
161322
341015
885324
833003
422922
-929738
610835
-289183
172285
410950
-714612
-740631
-703460
329719
-204117
101800
-655419
165308
-145709
-142394
463378
-141611
323571
-69276
-26094
-707228
-907529
700085
-842058
343068
-627656
319265
-315918
-742333
152267
-892996
-672070
-236898
-182178
500215
-825949
103210
759585
-529408
-567072
-444533
572393
-222490
720775
-573317
635116
184153
285072
-41313
-885124
-741022
251460
-792652
959063
409402
550416
-668594
-271333
-765502
-410926
880935
-658497
-82995
-355964
159325
-582781
-181912
-737465
-823196
288680
-304536
-267728
-138928
472974
-546953
287755
108090
637200
-427173
-933224
752076
-168195
318237
959424
-209132
-272362
509840
122274
456306
744339
711349
337240
-914159
-371647
981276
245167
45573
-200637
507703
222378
-911957
-796834
954650
-50885
676141
-592304
-763130
-215770
-955105
-190303
-148993
796972
641503
-830757
756396
-567630
-103118
266235
554645
-646813
10574
265994
690428
96415
894348
671703
-658418
-60080
-528934
849285
-837702
-440891
-947550
-883053
508225
728591
-475357
745095
-487179
-430461
-445208
363828
-633489
-803705
533072
-877094
-371335
-570047
389142
-816690
-216859
-600285
449304
-526432
496131
343651
-854730
837713
-716429
-383663
686997
-554131
175446
739448
-437184
-316330
468039
87460
-571235
980860
657000
-16442
344687
-976490
179853
-122242
-853583
808519
307712
535559
991829
-909148
935275
441133
-435580
431405
-215217
-290309
269117
68354
326028
-43886
514224
-498526
-304439
-922961
185145
-836401
164500
613911
-855542
-178501
-402532
489146
-154990
777322
-633096
-8573
585841
674616
-473014
577669
765469
-537740
18801
-670111
893665
803585
39580
162782
-128061
-634392
-881105
-613838
-132918
-185544
-536799
-947773
-21945
627702
666138
122514
-550799
-736394
-388340
294211
-959072
-21436
-714362
626769
-346820
-187375
204438
-581352
274885
-776761
-251463
168550
-973177
788118
-668669
-101238
-846275
-549774
284924
20808
264682
748126
73036
-757263
375827
-260827
365252
825028
2780
976912
119239
43708
-44524
404878
-329523
608656
-782498
874915
-972696
492388
-901847
-224159
-339063
-875023
-436041
-7732
23739
-282315
442494
-691338
738493
-292824
-943212
-188471
-50086
432616
550702
-684834
257644
-446518
-707923
-623118
597191
247554
781761
-732332
-143791
999263
-857418
-116487
491650
-759264
659355
-847413
-634287
-776686
144855
389453
-59001
-412651
698115
-320508
294526
754904
491021
-755560
187519
41723
-440394
-554838
595205
-148316
-177955
192396
-900763
-396195
460064
-44554
-396932
602647
838960
-905282
843383
498315
-752695
-790904
721629
392161
598549
-337372
979511
296664
342120
274037
51567
-166860
518477
-760915
874863
-921918
-315752
470067
-70233
506293
-337537
29004
-889903
-877474
984451
-286835
725173
823410
-192117
568556
321725
55188
777652
43354
-552651
376201
705982
-573141
-327136
48101
700896
724432
881241
219373
963518
756103
297456
-352235
226170
-772778
-845943
888633
256226
-735846
-988841
240676
-22680
736332
64086
785203
304888
-614189
-159609
82540
429165
287741
-541260
135147
714600
131605
-816753
415496
-143964
-935512
-365132
-180447
820592
932324
467319
46761
-840455
621376
-64606
415772
885531
-53447
-343553
-137149
-317116
720534
-351946
987773
-893656
488446
70312
535510
-223814
529052
-329344
-509215
-339344
-146096
906282
516693
-81608
-458851
-663754
-261017
-526527
803565
785745
-366981
424941
-278862
-951210
310472
667691
-294763
-826678
-649425
-574229
-178624
-661653
-467884
-690179
408659
-932375
86008
-62289
-261719
576794
598367
592185
483075
115060
-489423
-975776
451306
249561
-502303
254871
35305
130716
-320188
756443
179506
990284
424133
884744
-836395
774709
-689485
-15018
-886945
-157369
294804
521714
-89744
-619189
-540575
648538
957606
-942209
240723
440680
172852
751300
464904
-375842
860
962602
879029
-963836
93318
-441160
792608
-727176
-450876
216741
-842432
-287270
-8551
-531917
697713
104504
310714
-7484
-373782
-779030
373328
85643
869508
330933
143435
110230
-228387
-683713
-138470
-763483
-59555
862391
-800881
-180526
898556
292437
378315
691163
565261
927439
-92097
722829
-359832
899353
-809088
-662119
3856
501626
330397
630075
722596
-296275
-284282
592103
-965342
859154
-297667
-193728
-824560
563863
42789
115886
426254
241909
935360
324809
-465655
313675
15971
-900394
241113
923875
822435
881282
823227
-986654
-780838
-172917
514973
549560
-542842
237568
-746715
172876
-170329
-712056
32030
532005
94216
207471
95867
-862995
-676644
-477879
378914
-741284
846930
913259
572391
-137100
-987136
-186497
-213225
835300
-305215
-389999
848647
-86052
437084
363620
-536493
894242
-398812
-283208
67118
430859
4737
-900853
-37137
-901048
306618
-941270
-764043
629975
-419149
614871
888691
-572219
528130
461081
290681
540995
-725416
-922545
376295
-30631
-312543
224942
883317
-875459
-411439
-653176
-981217
189749
63617
85901
-379392
-931647
185049
583472
-832695
-508333
642202
-596737
-878358
-776947
-981866
-989668
-349166
546265
471414
941516
87259
745998
-981029
-536446
-284633
-293571
688496
-401316
-169030
-722944
-54491
-150247
466806
-990874
935655
-912587
-922521
120704
670885
-755215
612372
313087
-351951
734014
536141
-333817
744347
-813025
-787553
215761
-871510
299707
-38241
-852538
763261
677126
-146109
451756
-724190
684862
728813
221320
-465385
195618
230446
-529730
283032
307926
590975
-46084
552711
203346
-732998
-799241
-62640
803144
-133057
-318293
990119
79391
897468
-881391
-620903
-140774
-733929
-857642
-463648
119963
594114
-187837
-195176
322927
-966518
339439
-481455
263928
809710
801577
-428147
400684
-244507
-875436
-395971
22495
-674676
541390
-174361
192268
-776904
-184243
-728342
-879437
-65634
-349245
-20210
200437
-206886
516142
-679600
-612772
-671696
125224
710155
-638214
-535337
-771301
625715
-725627
-969724
-802432
675057
-214231
-677867
-720914
808265
-352543
820476
-366097
839725
-956428
449660
-888618
-835865
-615974
-237862
143926
584464
555252
-339933
904864
942480
-11629
30088
652635
350158
494752
881335
-24127
769125
911611
173441
