300400
385916
214327
-965175
-231802
60552
103323
755298
-587275
-695820
-181975
-533120
-6815
323067
-635265
611757
-492251
322639
-857397
-758208
-631406
534312
879445
-584412
-837792
-202619
603285
-702632
949871
878577
-864978
250270
264492
349349
285096
-967311
-590099
-611582
787987
-177373
-307402
-393988
289507
685784
929079
654242
297540
-563173
-23119
440143
-321380
345475
-25545
-441935
761063
136663
355446
364348
434031
305316
242925
569053
-444414
-492584
-81598
840682
-459894
328303
-770901
-671907
-849071
-78302
-65894
440437
-392519
-136816
94679
905021
300012
-928440
345164
978633
417035
-680382
-463303
178098
456281
892143
-457554
-109689
197458
785371
-540636
753045
-707213
377766
593726
-167107
-293931
822826
160987
-143001
-255477
-904908
-702565
352005
-41723
392114
257025
-741712
463675
-397811
-763080
-119291
-78193
-226383
-941193
-621912
-334240
-398747
268400
863219
-613376
727764
616263
-320589
105530
209989
512305
811599
32814
-326709
-331403
777337
-231617
-33967
129341
726661
-641853
-613634
984949
821822
-11444
-778131
-297469
910363
-4513
-238662
-711549
661247
362592
556851
524466
749217
284615
140728
-571373
-609856
-649284
940932
-798258
383531
-385778
-129660
160868
382606
836373
-709792
109266
-805481
-323425
94215
-983660
665131
316085
-281129
575494
-688428
480210
863945
972820
-157198
420795
497285
-407982
-294590
-361987
20645
95554
-11270
-38423
297297
-627740
575800
-832364
533128
-41594
-995992
823337
-932328
-801472
-500089
161887
-785131
-834958
-522028
-66259
740537
-210456
-586049
604481
-237637
256753
25276
-740352
848772
730686
-102339
-130583
-173761
886391
830994
-876464
-741350
406794
-708828
791778
-634801
-704819
615115
-567129
-506290
-884974
594759
-291421
-719932
-927270
642321
-979396
-137725
-943729
625086
624639
313025
-349639
884287
161796
-618953
-218053
-968788
207287
-331663
862207
330823
-73012
269000
621996
-281234
634200
917177
-666120
-932930
-589114
-551094
661829
119466
-271025
734560
-238213
-250421
-403166
-181942
-625335
-778528
-868918
25027
-894241
292879
406074
-112294
324092
-386639
556044
186298
944184
-516969
-544702
566179
201798
-910503
483356
535678
-843432
894243
984585
818397
13709
-286441
552957
775496
463139
-850209
-406447
837804
-628737
-275364
-137170
-522978
-982485
-731096
364729
341607
-117735
-79227
-472095
-173552
403805
-16796
-607373
-394398
72701
875984
-858720
229269
770226
-874136
47666
-216066
-160577
-399377
-440571
-697439
-249586
152983
-859636
121678
877620
3195
598701
895135
272099
-36571
236742
-845637
884202
764647
-19188
288006
-252150
373440
893609
820552
249423
-965112
49821
19648
-839248
-902513
803583
175
-301890
-636988
302736
448524
515996
443101
-429799
393615
-553704
-831098
288750
718395
132331
-474509
872759
16533
-709863
-146429
-695461
37988
-772990
-801853
-141460
476433
-766965
908361
-503919
-606213
-994152
-700336
393963
-296042
-337324
-303301
-847518
-821329
-860201
-277316
572287
-413904
-108414
-138964
-695510
-976083
386527
-822752
40451
676665
30820
344990
-285348
257830
543137
573193
-265737
776173
481553
230344
-830041
487402
530009
563923
-808640
-807316
-739379
-656158
-628644
-599579
66527
943643
-13483
958114
-195322
291007
982031
-808795
468256
22482
867870
-500925
-632529
-417478
756906
910608
-844286
-508832
686781
637268
721513
856740
124669
251521
420662
316029
444206
681284
659872
815562
-918296
-273601
759204
68221
-315488
-436118
-640772
-333457
-244913
827485
689025
-377043
-673440
-943504
205480
-916535
967105
361194
-425366
653885
-1538
-703853
510625
-876869
547668
-68714
439161
-8126
-387430
99033
-192565
-305726
825432
-433361
762496
-490056
130522
-878277
176488
885610
949208
-134488
-491434
-724232
-77992
714046
-640766
-110888
75240
-66132
-457003
-926298
230015
-946379
-803167
-222317
-15092
635994
769557
597478
-264973
-423008
-708249
-439542
143632
-945754
70402
-725847
-824030
-753111
-840238
-874823
112402
-331671
-599054
-965590
-617625
-239820
-76477
457616
694049
466520
531318
-75936
520141
728152
701748
-494952
364146
471304
-897475
-900828
-951704
-605723
-340370
191928
-551477
730033
466082
-375507
976923
625845
-250329
89325
-705827
150618
123736
-323451
910798
-952742
-865836
604847
513779
665483
-471090
33920
393634
-769343
538969
-242221
701962
641495
-143049
750258
-964229
516582
-57814
-515705
246615
-591733
108789
223538
-965889
858460
-687138
-671715
9077
436599
4835
-80125
483857
139000
-475279
-2364
-195518
53631
-968445
-801884
284289
570524
-44104
-13750
212019
812848
-263492
247790
329429
678694
732085
-423956
-913039
-159126
799582
-878927
-300667
-887556
-550641
708411
549043
454194
-371714
32900
-406807
153008
-969465
397676
-793361
-937909
595792
490928
632616
-448313
-522823
-155366
-635466
213685
-907576
693964
-107621
824510
-729992
-20660
-334617
-930410
100414
364717
-817966
549773
73128
731078
3966
701414
-236022
597160
-145579
-205486
-5164
61060
-143395
-409372
-448012
-510779
142315
29166
333855
506850
-757149
426279
200814
135230
250789
470822
-885430
916172
540412
214984
280888
722447
-235243
-645985
453525
768724
-944571
-782498
365883
-90150
12016
-639281
970911
868621
-48653
-477101
-642158
-906339
552065
691697
600512
794916
117976
-198675
-69854
-631236
-727853
44716
-715064
812559
-740300
565825
535006
24457
919840
-11470
-206820
975270
206032
-840937
-114881
-781952
-480218
-143970
-913331
471129
378929
-555489
564791
-69006
-863793
165302
-274091
254184
966628
656055
622949
-761225
-299229
907886
-948666
-39529
473710
586340
984928
393549
-425130
-221892
368819
780902
-62829
-746062
998951
456953
109968
-914381
-71919
-511103
-469870
-507128
419891
-333662
658175
-854200
920522
624803
801856
543471
863578
-497374
451356
914912
463098
-74935
501252
448025
-681386
-923879
-773867
687433
857024
163304
941371
855974
-379744
51339
941593
548338
540237
-528278
-958791
-39872
138061
699384
105928
58583
324186
-92216
-397947
187764
410410
-946591
102675
-126493
-21525
-396073
-678468
297089
-319952
-452335
-15478
-462929
710970
-74107
-606956
-668775
977232
-665363
879564
517469
-193640
920774
-522404
944421
620157
583525
3003
-55657
-508692
605057
-867893
901719
658466
234782
-224774
-363060
838709
96759
934030
-481243
644425
-81449
55828
355394
844445
448873
686620
821677
783511
566183
339145
-410130
486956
816742
-465709
107113
400266
537294
-948544
891575
142350
-816437
793293
-199184
418346
-431481
437756
257055
665279
371786
775812
309703
-709663
-168360
-334903
-865219
-719487
-648284
956458
-935976
917900
295603
-346106
404856
112344
188185
-488031
-487391
-274521
-436575
-595816
867830
-253011
-802523
-331355
-834665
-234004
-893599
422390
-568726
478188
198202
740978
768525
-970158
-593926
903306
-689645
-242210
859764
-625620
-324310
155366
28274
-919455
-732291
-783541
-407486
-219681
-58061
155940
184503
-190232
902930
381980
478414
-931736
-852024
584816
490655
-420750
63003
-311143
-679772
-168473
-281301
-273698
-265167
29055
484093
-405404
403435
-840217
749963
-568291
-759672
-982328
-351832
-167157
-202009
590107
988784
982495
-600125
891714
364475
878289
959979
512451
463105
450633
-908299
-473893
-860511
-588071
357634
-141811
138232
-907534
887244
-377676
-312937
290678
-217893
-562974
722387
22436
-545302
-629445
855280
252690
960663
844063
235184
-639463
735777
-400342
-761174
695755
-887892
701931
146387
-796191
-771963
285877
-384261
585672
-855935
753971
678139
-968692
-623705
-634798
321987
158402
-197772
44373
-819162
256926
414928
-963883
-490385
375590
880181
744800
736128
615957
-655543
974954
311711
-543434
676885
-541902
-339625
904923
743976
276115
490595
888041
30085
168733
919350
406380
533936
241336
-435218
-663837
-714292
-254380
593090
700637
-218262
-897296
76226
-338081
847504
-187647
-722125
-808039
-212693
589587
-351473
-535808
-952316
308903
-630886
791660
-414983
859710
679701
615102
28442
599050
21482
-437622
-159614
586264
-101459
126094
-668116
-508370
-173269
113623
-405665
902957
775542
-558162
-284690
-946583
-366201
502618
643005
282327
966810
690689
-408771
-664076
482349
176246
-804367
162050
-208652
224076
-238900
812830
786454
601486
399094
-315005
-272420
730979
176625
554311
-155398
770961
457267
-379856
-787201
-827423
-326439
-153401
675195
-683435
-871075
642005
-992746
-279846
977930
489604
896400
-826437
-348347
-312252
397640
412753
-499423
184094
14239
899672
869089
741819
630651
45714
296129
-524748
-183326
-246604
95396
29473
-74027
768958
876072
-398832
-914478
-995004
-756827
-907223
-274849
-778898
582381
-378449
-605334
-765966
309299
792306
646788
809877
-23601
-338974
709549
-154513
-597156
340199
891202
698973
815452
-292125
-547632
-89153
737349
378342
-320195
613421
979511
-234672
618417
-777317
-141895
-656432
-556214
-559514
-34881
-161548
-325480
-725583
-369242
-678692
-915707
607157
-17666
793842
-547356
385179
134041
-656154
84152
-50508
51721
536521
860340
-210930
-85138
-459856
-597510
-105627
305472
-979093
117056
-836424
-635525
560843
-395937
329594
-600705
278584
604012
30053
599892
688306
-362790
-417774
482147
89855
967405
-383812
433701
51557
565680
-514578
-411923
426019
274492
502940
966164
676983
-602688
271635
697890
514369
435212
-937635
75212
-960726
391959
474507
317859
-4029
-495440
-82250
-315724
141770
499977
-833577
-768376
467382
-217389
665326
-481062
-651709
-849253
107016
774311
425239
-390045
740474
102221
7267
12108
-199889
-478364
-552680
-137524
596848
-513405
-745565
71355
804454
250406
575915
-277796
934682
-282315
-777819
-898896
-50691
689563
-116284
-385366
-791499
232007
-234618
315517
6317
-809380
925472
-253210
292842
-67261
758899
-907048
454375
-793781
-44571
51223
-307186
209864
-877423
-502732
-539730
698492
219472
-605049
-583824
441653
-503944
365486
131216
379772
980121
339717
-388221
-254498
-344767
618097
-63877
-419295
-635113
-771036
513444
-876215
-678083
-32181
-669995
277347
-980958
22820
-512790
-858381
520088
-52520
840112
-260440
342432
-743712
-818787
838489
621774
312429
218261
601895
-347854
830040
-652603
307379
448136
283520
888085
813023
512485
401529
936809
834403
-630653
-733186
111749
-611610
289634
598960
-469991
-190279
-453560
-629879
549281
888872
-373591
730494
727361
-751817
42923
-54379
850079
695069
-224339
-802525
2448
-776204
480996
-109468
-963181
-6519
-707940
973629
-172116
-338592
-759558
939634
49798
530077
538593
579808
-660203
-914967
949929
889079
973905
-423662
619573
701266
-175479
-337505
-353114
-325401
-642437
422547
-127925
360011
646344
-646930
-749457
683164
346552
-457397
656792
-825565
204011
897235
-885932
-746191
427312
652662
833617
767109
737695
783546
656188
711600
-640117
275760
412865
184405
938256
-940250
859005
-704182
482298
-268921
655830
128641
84150
906373
-188196
-569299
-551024
-531404
-394864
652988
-634169
-280795
906797
793143
-628134
740414
560252
-890440
523960
216439
821160
883844
-507801
234025
68248
-569545
293776
-72748
-273727
-223927
658331
-617897
904714
-257520
-711524
-283482
173182
-262548
185115
778319
-609560
550946
-502477
-702763
344089
-130610
-962350
-95660
-21049
561611
-879221
-199889
445454
-387021
-965865
-486299
43434
327911
440954
769708
-896017
99285
-848190
-991303
841766
-559713
-274784
14947
177740
910331
-206735
568180
461277
290789
865417
-194635
-839821
903068
709705
139130
464678
830484
939241
-89869
-556537
973376
423833
486897
301287
-135213
256604
405271
964072
408415
413968
805837
848702
-860816
-179216
26441
-950485
614050
-405379
510792
-95162
-539963
-683844
65018
-636895
-974140
-795853
827783
856345
-856613
-262086
-700193
-883237
-838253
786705
418050
26534
43308
-176679
-9394
-548278
-762711
-203558
-699576
-623527
617226
326866
-574012
231276
921487
936780
-863886
-618477
-747064
201132
-255371
-721204
405279
-427589
-864859
548667
310326
-565051
665430
472073
-778346
83480
-501393
264962
906802
489213
716685
-855910
-714346
-982892
-479437
902881
343974
-53448
134156
265460
-116668
270271
646984
136268
-528598
-608388
415065
876681
-35976
550206
425348
-725651
985156
90777
746423
-793191
-825743
-754971
471772
-918942
734242
188456
-774851
-980104
205565
-254288
922778
-450462
692265
56934
814999
-424404
-672796
461983
711864
-201394
853596
126928
-324713
-182381
-322866
-899366
91969
-337711
191412
-161609
-130901
365669
83421
-659130
446728
-182338
529327
671877
-162441
-265109
-582411
-239664
284430
-890147
817270
99429
-314551
-855527
-438589
-602688
-56920
-584993
524241
618367
232626
-798626
719001
-675405
-136337
-89588
162987
732763
-723919
-753593
-926367
722810
64070
602960
394687
901629
-662149
812276
-338036
622282
922130
-520766
-278290
-392421
-376292
283122
4892
566788
698129
-470868
185154
-69246
-269494
-95845
255350
594169
814568
-581664
326932
-909352
-335257
400565
813459
728813
3525
208145
630441
341376
20421
-707595
-36343
-57449
-228361
685368
550130
395347
-31511
-444979
-37866
-333383
84153
-852712
597371
814659
51443
-147279
408828
-133990
271057
-264241
-43341
935800
-863676
-229882
664612
139849
978263
295053
-518775
-1316
587458
444883
941235
-640903
130250
491365
754444
-901262
-953615
-283422
-234645
130539
-136134
-637274
-54802
915310
215447
-645975
-218680
-513497
89785
737980
-577698
226110
-491903
-913086
-634042
-513640
381968
-152816
485045
-30574
-707934
426280
328523
422316
-82356
82967
521054
-35970
799545
-713592
-905432
-336589
-350865
39766
-421279
864582
393792
360042
-648916
-516423
98021
-226613
709687
606119
-139698
-924355
-907522
-757731
-77170
577523
211695
214896
3803
-459782
-362789
921447
623185
-841735
-114523
422729
-555326
-19955
-913860
93809
-980189
-335139
-41610
413604
-975098
309475
897181
122924
-917138
606868
-270958
-56836
682514
-178479
185434
-394657
-600956
-602871
820240
402847
-62653
-542550
324293
-439469
-384284
-790231
983261
60390
189815
-930599
-845801
209627
-265737
112590
-376770
-240834
-577936
-479589
882090
-495073
-872721
-388869
448092
809794
432653
-366475
-584864
831697
30655
-764625
234543
968002
-307174
-441164
-471467
308543
-231394
-488206
-631068
958421
-418805
-476868
168048
315459
635722
791279
-925376
-942214
-688311
956714
-437287
-561031
-432155
-989196
-751238
-999503
-355670
-336101
832194
674985
-100725
66736
642987
592101
625573
-828481
-99356
-605822
-316686
269576
-647401
264510
792709
520647
-420032
428430
311925
-345408
486217
623615
-388695
-951070
-937417
179150
-940265
-688654
179648
-295935
-24755
11841
-620950
874521
-921423
-977964
466622
704150
-806444
-632735
-901673
-123130
636842
-549074
-858621
429550
971573
-278653
-142021
283498
375940
-655804
-92888
987245
-606874
-30304
166395
-547139
281042
-653958
156927
-743713
357884
535977
-869193
436461
558013
597429
140611
751569
964694
238938
-371561
601535
689865
-230182
31085
661438
491166
889065
-55065
-132895
-766740
852047
-145650
-373614
-178258
-979255
79248
-897216
-633212
-763826
-640929
724672
772151
-510122
161133
330164
-912693
-698257
81733
-947999
540682
710172
653537
230546
-520010
-315379
-108017
971157
-426315
836918
-161739
-193055
688965
692612
433332
-489294
713357
-487421
-386510
-919855
-251246
-27438
804817
-479095
462441
-34050
851069
549748
267693
-67198
601750
-191626
-357027
255286
-961080
122963
939907
-69097
94119
-486408
-232180
932381
320537
-543216
624993
-246131
-32509
338350
266449
580982
418495
-984798
-446457
223311
-463893
-984017
-810739
-612824
565732
456954
319978
167481
-734672
962952
-577233
-695752
85915
-637327
235152
-819967
-123734
-997029
-887586
-803198
-540244
737407
-49328
427248
75756
-782880
8229
-505750
-767678
561773
717562
-231570
577757
906824
155607
143488
363777
-524415
-689031
629106
-561464
-266264
933355
524451
96410
168506
704485
972676
171478
816900
-830522
631234
554306
120150
58482
-369938
337270
-933289
124313
569593
628484
-158125
-661978
206241
-251302
493629
-650271
-887525
969215
-339302
741581
-592250
394435
674936
932202
-509156
-156559
636686
-536480
-985082
453585
-367002
646153
7891
753149
-295366
637953
90419
-228654
-237734
-339989
-600170
604141
-1966
606071
-647162
-508338
955800
-534686
-539123
-383502
-793106
-131373
-989068
881830
-199172
-498223
-274729
-562486
-34702
-259811
891100
598297
-613658
-101010
351445
90976
-463057
-558137
862323
299209
101875
-737848
-96650
-900092
868224
256189
-408429
824023
721503
52448
-559479
928398
921075
-548546
810228
-278097
-46769
-464502
159418
918530
275687
50517
516826
662029
949508
-131729
-246995
-513550
310134
-384672
785660
-587991
-122520
-310991
-488083
-254297
945198
103488
-430274
666700
-844065
10247
595097
-922990
461701
405324
-201087
-585068
940822
958332
-666539
216509
8848
850287
-121462
-41645
-281442
631544
444806
-971308
-753129
230465
-559299
124351
919474
-47382
870055
864672
-943895
-560220
531371
-787960
450028
126468
-710949
-88272
-468209
87965
326661
-527387
46296
660122
689123
-944857
510409
-432339
13499
-771034
-800796
-541696
-742342
-553925
688769
-301641
570427
608243
650978
440482
472914
707083
880262
4285
919124
330290
-869248
-791826
-757983
-337456
296139
568679
135158
-657566
228800
-175719
-602422
-260791
391942
411077
-31824
591146
869382
225835
-962779
558151
924195
607649
166393
575172
48130
-360693
282254
-71608
643593
201378
-741319
774345
409552
-499301
-563111
-294310
-930623
572047
48125
298178
-603673
445703
-962613
788270
-143220
5563
379415
-273839
-768602
416637
-715688
-844408
24285
450706
730765
-927585
-909988
13019
808
733605
-785604
259489
507950
623948
760189
944839
-670362
829566
516886
377764
127744
913214
-176533
165131
