-811410
-334269
774989
279055
-727556
448789
936779
-956493
307188
817675
547848
565738
262571
261118
-309274
-916703
518652
88490
975819
-710626
902268
-730509
678681
241636
-734959
-759061
-612790
-354813
392891
497892
-241281
581482
-836377
-466293
-139464
-563933
982497
-202685
-520425
289684
-385010
-972578
-144578
877561
288541
546149
960858
-192808
-365362
936677
96567
-463094
-793832
-224753
778542
-528791
16187
-834248
116397
-590922
663644
875117
990560
827268
-591176
-148904
-736666
-608679
648411
-257090
681005
-736600
-229667
-463573
-859040
-941127
-917425
-898182
-133934
-282786
-961505
962634
254120
-755337
-262119
32661
-284127
754068
198413
832270
-836854
-137943
707387
-846294
-310676
-883789
4802
-47341
-492468
-346788
695570
-811464
-83388
-534098
-275036
57573
-475224
-192461
159392
390842
524753
197887
353475
-221127
442550
-908645
811534
-841577
845424
9947
990694
-991430
872005
698080
-837724
-438672
814291
167078
513988
-678178
820291
209557
-489641
-263098
675459
235324
794476
-799766
-957137
-46133
591077
567616
-848247
-55448
-653511
594304
35908
-841978
752727
-118668
167970
743421
-110098
39974
441500
52178
601302
255791
-780744
115289
577614
-960454
-675154
-912027
-223552
-999696
323297
-429077
-799461
366160
524791
791617
-66224
676544
-263832
280265
270848
772077
438288
23575
-346592
-393743
-233005
543310
646232
-791505
-404512
247533
464287
-185256
-637178
41900
-145710
-312331
129874
630739
-312027
-546829
-798338
-111487
819332
726453
-319871
-246892
402997
416298
-966627
-326156
188374
471661
697420
841783
-922082
-535586
385093
724150
-327090
980581
-28317
-862804
-204675
334506
179097
649615
-977826
-691030
280354
-289852
-237859
482016
598661
-418528
208469
-721210
334581
-388535
695089
367954
285310
-116537
-160385
-17271
-274755
-82467
447143
-889662
-358317
-879948
-909082
613367
-742751
-113757
-52128
436346
-464142
-29954
745316
816212
680195
-492543
298228
278856
88930
-493303
557647
-576490
118162
252735
791464
-596528
-863802
-368922
386201
-138556
548612
-166656
-28218
-809706
-46603
62700
803661
210646
948944
-248467
-353009
-515199
721580
-607693
-698987
401774
-100236
599242
-319371
988695
-894062
-761725
-587796
224101
491011
-796332
627573
627209
-165254
13774
-511348
-616642
847118
460434
-426347
-199485
-476866
-622686
-988840
-527923
128847
-341848
-43121
-149574
50459
257893
-747800
950224
-142866
-67171
938918
-36927
171105
-648878
-812826
-337885
-445210
814747
-710677
389536
-171479
-222024
772895
-324362
-761591
-653453
476154
-238457
-276139
487314
233621
852709
-854534
-809501
-296865
195926
448392
-44665
146149
-694474
888165
85067
268599
59269
436189
455774
721385
990979
270520
-989293
380515
-900959
-211317
153409
-225320
27093
499957
-749167
788637
-776182
738147
22257
-923474
883614
212757
-220338
79539
-338851
734998
-774313
-33325
623162
310755
-764726
-317569
-253057
691048
-596185
-262079
-38432
-585477
-881564
60609
203207
271845
835289
-769701
-228199
-913878
-981065
-4380
824270
41193
72147
707883
-746051
851809
-212579
-84901
586806
13109
881774
209968
-676137
-882952
892400
70806
808096
-703786
808728
-230336
-289262
927164
830273
913945
199009
665562
-855756
970811
751684
-836820
-33570
575953
204373
-961424
283835
458323
890386
-928744
-626579
477191
84365
-744805
-312841
408229
-627757
-420442
-520965
-819662
-124227
-712238
-49997
586511
-785074
-219725
500456
413936
-554163
644700
384746
-802479
807881
-648824
773474
12253
-610248
57309
-529424
-719863
128565
-156003
757329
-787070
99193
-555513
621159
471436
24046
-899806
651775
899819
-612043
-398223
486330
-397117
382053
-13215
-983182
827890
-368515
401565
-974590
-560635
752741
798885
451619
-857507
-143806
922195
-577369
984760
-233808
-820041
-802311
865385
-375553
818849
336821
648493
919043
-11405
548312
-693001
590373
34641
-90117
-27575
-978574
-73298
-199685
-347089
-671734
-174274
92277
-918993
-375390
-456105
-776500
480805
-533911
-353869
465564
232282
-173909
663253
97667
450538
482102
-565513
99031
401145
423083
-352658
708145
13455
681983
-381973
985881
703410
544729
-213805
-643680
872996
611921
448597
954003
-763469
992492
-822498
717336
-541419
-176366
182899
690864
649725
-153848
-211470
100262
-671746
223017
-800707
729399
-353901
-153365
437543
659554
-471382
-944430
645434
-767973
600299
-568371
-411652
473295
-956450
-963055
427298
-719918
-970563
604801
997419
-511982
-571566
180317
-821118
-921842
-973531
-32588
178421
-645276
-809572
377714
-915878
-163472
-775651
521666
-503919
-247032
577236
-858485
-15005
177535
-426855
573344
-349171
-383305
610289
-921874
-103223
639726
682927
-105805
-872256
-888639
-925488
-693374
-810480
-899018
274038
367942
-544294
464467
-254344
-460171
-699006
-29995
-938506
-202924
722973
638731
-61408
-292032
-183735
511737
-718689
467095
-871568
891601
545222
25210
531326
228149
919406
659070
339511
993919
965697
529031
-905100
239734
-103028
-449393
-295800
642628
90437
5195
-387367
151931
802271
-664394
-209338
-259138
43575
606927
-747401
324886
74022
-618969
216487
-380756
406241
-252188
847393
325646
-593118
186903
319564
-627421
-284066
414465
612313
612906
965072
-683487
255534
55508
321708
868167
-792561
123979
-796227
-1899
864842
247348
-394972
-882560
-427766
679051
-501529
788721
-701706
904713
-463467
-854313
230358
-56584
332591
-450078
315995
-951476
964387
-71692
661431
929459
244821
-83035
-15033
-433471
-214868
192407
690509
-11095
-809493
555350
-763748
-204464
672790
-191514
-525414
-828739
-402793
-227119
-924027
133740
-81432
306332
-922844
-748842
856254
393151
-700317
820641
-678542
961114
750099
566280
-121921
-264934
-867191
663211
927473
823318
-347885
-882020
378668
-111633
-86484
51457
696854
388103
222719
-705939
-839016
298692
427802
79552
-394977
504958
330711
-538723
-101892
630395
-718083
219567
591509
-967985
-214154
-530413
-232919
-81344
-867203
-305447
-258026
-215088
-187466
-879359
673280
726050
172099
370134
114153
-605183
664195
275137
693510
91996
-645311
-701468
-403047
685400
-240191
495062
315794
41726
-285372
-92698
73742
500475
376889
840824
-580869
509687
-464623
161105
-705402
347911
281746
967879
73960
-546155
338012
-811887
-151338
2206
463251
-457829
-905798
817940
-159296
-308844
503340
600514
-813783
-180867
-357760
-99154
726436
715982
-598680
103325
556806
-179549
-386989
-907818
981557
-92390
440093
263302
-124512
-485947
717148
-786501
-297834
-434191
215706
-834583
107981
309908
983357
948686
-998937
486696
549200
-812719
-694171
-808561
88127
-967735
907422
489448
135591
464227
-690101
748602
556410
-708545
-343788
-3498
554758
531700
510555
271905
745200
-787279
837715
-39095
-621862
-54304
-729187
-638506
-105619
-728123
848191
-556419
-540841
-845980
-364980
547286
-813715
-457558
36734
321876
-993331
346633
70478
563079
638089
726690
-440419
192846
258390
-929865
-535249
3589
-717143
-697534
964494
-339005
248162
-764693
22490
-857457
-492816
-129319
-413876
-33657
24701
221145
-486371
210986
763588
550364
-467138
770257
-103004
603340
333336
-464915
330030
892917
727932
-411581
963053
-807317
592008
-754091
-504851
556502
-93095
743311
791810
929395
885854
-701006
-199925
-528022
265338
824776
693123
778967
35762
456710
329330
568624
226967
-773674
171963
-439697
-238588
-498007
-546781
-510657
90412
-583728
-317974
-317581
-337819
177175
-761079
569086
-79514
-969270
498481
-193661
-670276
-701444
278318
595062
-876668
-28560
374029
159094
-571850
-296641
-272283
655118
-70315
899681
-784580
691098
-598327
-331360
-819560
492085
84913
-137533
-825496
747094
-960358
-586574
316180
-39872
-555843
-185339
766468
-226119
113217
44785
-631057
236549
-983775
742972
-604358
-555625
-553670
123360
-900507
376016
23041
-685086
67113
424715
-16445
247554
-83200
-931533
-889979
91304
815562
-850337
504731
131741
109791
948888
946403
-123742
-277231
59619
921043
91712
-703832
937268
-165316
-308189
-618357
281014
815172
-518864
-342970
-161788
-203949
724144
-737074
779606
-28302
179726
848073
81719
-728970
663634
231382
775762
-204625
-658828
724649
-258223
217431
-552583
801397
138473
539130
-902435
75741
-626187
-210623
457384
654828
-395452
938521
-688142
442761
-265429
-963999
705687
-485824
7700
-114587
-637751
-910582
156444
-974118
320801
-67795
-178742
661974
-343146
563035
-120596
104272
364432
-982124
-356599
461998
93618
17214
-748626
-448999
-327958
-144078
-510478
-16100
-701318
224093
19902
-995631
738270
-972399
-110217
-899482
-882980
-953774
-873599
437821
-21568
-52341
99794
635286
-489306
979199
-260443
875126
997076
382959
337124
90693
-599828
588498
641695
72214
-555581
-868784
-943886
-256898
355310
76016
-252528
93579
103617
637255
194097
220637
683482
320499
-341542
-338086
-731843
758253
-702800
-221149
737451
36757
-346023
734526
-580285
991101
-174781
-180112
579598
-533087
892103
-975983
-401871
948217
-232880
953439
24232
514593
47018
-872151
151847
-758885
348487
-164671
561614
-993056
497243
829771
765198
794443
-391379
502648
-168800
262599
237174
250916
253699
-937608
-929196
-166703
-470695
962908
-142685
127435
911124
624435
80873
-64644
139028
-872110
63206
-709126
-630994
-588308
126204
930620
-581363
-376553
760390
-816166
-582110
-630989
686482
249091
631611
-76344
-499993
-114691
-13952
-429189
718607
515354
-466282
-424078
-357212
-555158
-799643
723662
380199
339385
851553
-556595
630260
-779442
-144903
-243537
-848823
273735
379911
911568
457569
797801
-719421
144051
46892
912190
-932294
546899
-202501
53755
-882290
-483895
-430891
-348571
92027
211897
96272
292385
-64441
-523530
-368231
-212888
-80124
-737972
7671
774973
18491
158849
48707
-601598
70416
-493724
-803797
350996
650327
243095
263185
718034
-210006
-939317
-228212
-92296
-423211
340897
559133
668817
-447206
-344595
-38799
488354
131876
592970
-724534
-948249
854998
283137
826725
-126511
-558015
-124569
271891
512402
381708
468095
-136603
32034
-288811
-873418
-249933
501184
-812735
521856
-591113
-235946
-137247
968021
-567129
415547
-376574
394072
-96099
755302
-12958
179367
807053
-157961
-537497
633777
715529
-95511
-490792
-12580
-583109
890916
-544486
280288
-77051
166704
406870
673017
-332112
594136
194873
76775
-641810
-942375
44796
-208939
473173
668222
-814867
-622927
423524
172175
556441
230576
-985786
-981056
-135647
729743
-76567
373561
-282837
340325
264476
172678
-379387
-812575
-660618
-972517
860443
7270
621619
55315
-915955
979809
112941
128841
-229130
-413887
-202937
-43997
-36813
-779414
-871823
-480372
451163
-857609
-461428
-684485
872135
462006
689077
-410702
-197670
-46447
761976
422943
140978
-898643
450426
1421
108627
72045
-943264
192672
51854
169677
-678487
822724
755791
118577
-221274
-281022
339164
-93096
238606
-209674
49296
777178
105842
-78570
239183
-205082
510728
-958487
748471
272704
464457
-110551
374061
-85117
890871
-517312
986928
947607
675361
38781
117284
996874
-138496
-126925
115451
640231
592053
-545386
-452866
-169342
244941
596431
-392164
-649217
-482139
847020
145701
-971411
888533
-105828
301293
352989
783622
-324646
-732129
674493
158042
-745201
622099
-166597
293580
-260617
-169723
-844916
612458
945728
795316
204511
-599658
-657550
-964832
645283
938881
-356996
996067
-543259
-509977
141768
-514670
-621444
-964061
786624
731546
819562
-538023
999418
494054
620020
-745784
116153
-546578
547796
855536
283699
702881
467994
229426
498196
-327496
629768
840646
-292327
275051
779526
350678
271117
-763733
840701
-587116
-278403
-780743
-551176
-491780
950803
-731615
-29802
950220
762440
-409783
-795565
-121408
43639
752232
-265872
-672662
455113
-797878
556765
-46692
-125373
186532
-206046
582300
-538417
-426520
-67023
732701
-190253
-226322
-854415
531345
-7065
-405591
-960435
-56262
-137205
9763
-106043
-374766
599980
98393
503827
-356381
-149375
-762046
-29043
-694263
-559924
-472279
259046
314703
714254
-947000
-102997
-824163
-373520
829981
908538
436227
-396342
-945878
-32428
596594
-351468
7137
-459668
511327
-983101
434290
-863439
616880
-467317
640388
-739502
383308
878343
231456
689046
-681581
759178
-51908
633123
473432
1092
-469874
649269
627572
-639894
557807
63799
-36235
611929
-968630
-439641
-739539
38507
100691
771789
55406
-465020
908351
-327715
67663
548738
-67216
-549029
427081
-835761
-859984
745501
923418
88108
378624
396849
-910800
908750
46117
716772
-731145
-396077
-219430
232620
-784148
-188060
792979
-523686
850448
-106330
-751898
-94147
428651
-843548
578139
-503687
705191
-489077
-52715
132272
-324837
87301
-122228
-401420
-824591
-743605
995429
-735391
-834855
41545
981382
-566000
645469
-238049
666621
861322
573892
459600
-662365
424339
-646731
-414263
-669808
781921
-257810
908332
-721767
-552620
-580746
225518
579653
94418
-687181
-542576
692998
-511771
-286180
688426
-247161
-121035
-270029
-265779
312966
-624561
496173
-20414
-763239
70065
-560814
-425604
-505596
-207544
160134
-175404
-425624
902325
-267072
-147390
-650296
152183
-921872
929357
-753400
-609052
-613219
939599
-120822
100602
628024
632018
979567
-642006
-633762
292533
-266566
862411
-727881
-29804
-67525
-288695
544592
426879
503762
-295274
-748525
-921863
-392950
-15596
-69252
-43245
-863413
8876
-113888
-616813
399824
272894
-677215
-720998
-626505
950810
911020
-646938
-691196
-722743
645595
42239
-860333
917714
-987566
72143
-370981
557027
-500978
-867220
-738247
-249503
-789082
-131197
734902
141666
825559
871489
-849458
-288330
-745324
550367
984564
-422538
829369
-641941
-471729
740388
-288879
-162925
-982356
-643285
879315
-842688
-725571
891749
229456
-96551
448776
728478
36229
710529
-521025
247148
-420668
-786124
-611186
-595109
-914635
-460643
116561
-659959
-910277
101125
-82497
919092
459184
445774
659479
-829695
-717151
677124
-472980
-837837
834437
-198550
-946088
63892
704899
502689
-207630
-258872
213218
271346
988277
792551
485223
-622910
-802559
570588
-83553
314003
910629
6170
-584872
-171868
-74738
874313
-726095
-415259
-955383
-443245
-738135
-428362
-281081
-903699
373088
-227168
160194
77986
-724479
952565
819115
488739
223910
807391
281289
-290868
-815519
478731
-720280
100928
-207267
-809651
-892902
207862
18481
32361
82174
292387
617102
126791
849142
878968
698429
-431939
975269
71517
340893
135463
-850497
616414
88028
968618
105153
-688062
776008
-613558
21071
960489
865173
300791
61417
-342094
491140
168516
865769
-490380
-799124
-52058
802008
817979
-925267
651149
696946
773162
-780790
672215
-155322
560103
-192322
-5818
176517
895706
-37201
-718330
-792357
-261193
-331888
228714
-300705
-466715
-470496
760713
191192
-979356
-70772
56960
-469735
130105
-995098
-667728
-51917
-920365
983421
-354971
852798
-797369
-682757
-302524
762734
124921
691658
-60749
20627
-345544
220921
228270
393263
889034
-543017
-907442
-577681
-13512
853272
613511
7132
-217501
-329529
537398
912605
-324627
869670
-139313
-244992
853091
505717
-392195
-944279
822960
305281
818456
-52119
-3062
-242294
968508
651395
978628
196777
44657
867662
653761
137216
-710020
-359751
-9513
903492
647382
772987
-426038
184779
685591
249335
54448
-453722
-995657
-92462
-948006
-387852
-36740
874955
917430
-218285
-177164
-85632
539422
-208657
-434238
518049
988121
610420
385711
641882
-252364
675691
-717870
738123
579182
929513
511110
-846856
114291
196701
402480
-831261
742979
406823
76278
794974
-981029
-960463
669929
936402
-178748
-507236
-149231
-639327
284108
416532
878723
272229
26952
264434
-85890
774588
-59876
196241
512711
-480694
125753
23820
-327549
-759956
-779480
-925070
-591217
963500
481753
485061
758474
500724
524599
428402
437125
-654150
921167
-712106
-293476
205274
704426
-414753
-522497
-268623
849681
391613
-494035
-210195
-412146
-981324
309112
713608
42496
981563
953653
263017
-943508
-637565
226517
538245
847497
-15010
38969
372095
-586608
-523906
717946
-665442
-236012
-575531
539833
-531586
9717
-982665
199792
-140603
408949
705758
649202
996804
724434
-41686
710412
-233071
-60124
664064
-970054
-3632
-973501
256464
-465387
873996
-758547
573583
246091
-345154
-950324
-35964
-10595
-186335
388506
-470763
282079
-601778
-453427
-518129
257619
955523
-812372
-93179
952327
912062
865135
662738
-321009
-194989
326801
-291063
801380
353300
965401
-664008
227296
-793146
909575
-526614
-138299
959252
437422
851106
-227084
-174072
-619657
-945005
224150
-73084
-463134
-518231
-117561
-275506
388591
-165235
-363445
253726
-502498
315547
-941264
824304
-975517
860116
177604
989885
-803892
-595101
-803261
-894317
-121714
58440
-935066
-684292
-90454
-162149
141636
289889
-107154
-634214
-783195
429713
-152445
99244
-845793
-763854
934009
-209237
489872
-568489
-893691
548609
-744185
-869207
408725
433419
-879322
604833
838319
-682583
710516
-283396
375858
775451
32313
-714597
-386698
-826052
575293
506148
-460265
792098
-64139
387290
-108659
90068
623437
-174650
880831
113308
256862
987141
-338083
512677
-882067
-929359
-53904
-761389
675475
-215586
-443971
385990
501019
931888
161441
-466668
-782709
774743
-292719
792584
280891
247016
584682
-783249
-365695
-523978
306820
-742258
301373
187651
371050
-441765
174791
-967033
-929088
292725
-896392
17009
531337
779083
801424
-912634
165073
302442
-980747
-673487
835775
-763455
-898744
-456945
-970872
382147
790071
613810
598899
-575624
-910168
-94281
-317882
391206
-906631
-946832
949442
268161
-913865
-979647
-439114
-810257
37363
-907777
968827
-161214
-820411
133899
-858772
-801157
460413
977003
-564612
561670
-479943
-535483
-56183
-689873
-921674
-457285
-265497
-831841
448435
416622
559366
541805
469790
508807
-190035
555925
529161
370852
745669
-433477
463075
714495
405309
642664
-151607
546537
841507
-691194
523540
-723105
870476
-956404
-258588
-185708
-646276
-180261
357008
88227
-12101
-194558
-495151
-452736
-652754
974639
-943929
157212
530563
585233
-471936
276232
-848245
991139
-9274
557065
633803
839120
103602
475310
-852075
-372859
752205
-981600
-329262
-506384
-167307
24462
313356
-810300
-887311
-698746
-4857
-382462
-151482
342389
-407824
-95410
-500399
-877261
-510178
27665
398971
-358422
18803
-610303
-801358
-347394
-771184
302245
-872085
-623259
929387
880120
-604858
-399876
-626264
227836
624587
687092
417536
737276
988346
-587321
-645186
-163136
755068
-53010
741454
-745331
69730
-768725
282334
-531299
-127147
-698863
-141602
71496
-46257
87214
-626259
81658
463956
-696873
-38223
859099
-96748
335514
86934
-472162
22605
-495531
-734886
10951
-82851
-380072
847815
-327784
566919
589268
-73114
-363351
820544
-790781
105350
-306604
-489644
963749
764893
464100
50962
-861367
-454243
-485082
-558240
507535
-625984
345013
-156952
460950
872852
865654
965420
-862035
-123396
-117432
-242106
-275582
554785
-675188
-686314
-518330
-38538
-865771
-309110
-933189
-172374
201246
-969440
-407482
-334654
81523
-268849
211103
596441
172912
-281362
970457
-482076
561687
431407
-609225
427340
396826
-471259
-696056
-720606
286635
28362
834179
611448
342049
-684151
-427091
476279
6739
-360279
-696096
-792015
-329719
-103577
-126669
751804
627575
-915566
348245
-199514
-196928
318702
318411
-635242
-249892
709187
792099
-853066
-762073
-903958
-573672
524563
124405
-739493
136010
-533546
-423644
708920
942733
583096
-651360
-753363
791081
18922
143060
-335589
-229274
-229366
-251154
-881030
571120
551918
437672
-110469
916677
-812220
-401283
708776
-665286
-163355
804818
-238957
-638793
-70777
21551
497218
395677
597907
206137
338409
181003
554778
585046
-27917
-426301
-271894
636495
344425
498740
-614660
463396
69860
937259
-98933
959391
853936
88847
-441892
562711
423562
394753
367528
-815396
755961
-703249
206155
253178
692428
-195938
-540685
30837
985065
-985908
-384117
-42852
-412208
343989
-406357
932218
-157272
-21016
395613
912589
-83758
-703320
871980
-229823
385528
-569913
-667112
-190911
824841
700416
-6306
580801
997168
-800152
-166022
689595
3911
293294
-279568
-11024
307386
336315
946125
895179
-319696
-460233
827396
523032
518751
223008
435621
-565007
519689
307600
205171
-94784
737688
538059
714305
562528
238475
-292002
143329
235642
-92153
977308
-74763
911758
270601
645669
-99266
-422013
-18016
-153142
-526835
662288
386626
-699440
185320
-94624
523569
-379060
340370
43257
928541
-454459
948473
666228
-916401
662778
228756
322075
-629225
-627916
-442283
278623
-650608
482955
190381
619993
128623
-908886
-802021
-889393
-62028
-328856
772895
-675403
-28295
-41785
229974
-504727
579155
-429656
538531
507696
115885
487003
173924
199485
149780
-597321
-478440
520556
-225236
79277
-200821
124156
-437769
989560
-255851
690855
-919327
-57872
801463
18646
613273
574357
343244
-415023
-467429
-426782
80251
-888274
143562
-381219
619423
-740553
-894216
-206654
458933
255565
196026
980493
-223880
970791
59770
575300
94946
622002
564859
839096
312857
645532
-218776
114319
-335822
-605504
-311324
-992578
-20526
221248
-419360
-940276
332975
724203
-321494
-47603
983651
-215710
745743
442583
-960145
-58232
423075
-184024
-87442
-517155
-608725
-992496
-895154
956134
846601
417703
601666
-372176
-467978
-734157
22320
220698
-726734
-998206
-558055
-146093
-938481
774920
-421891
-259975
-272684
-438241
524316
-526941
-995658
564171
414828
427418
-619854
-672614
910263
-228579
-665110
-984891
-272445
-818510
432813
-670780
-190685
964835
-404936
831636
185532
-131670
833430
627478
722237
894950
402398
-699654
-365025
-870286
-137894
-840710
-397227
-133552
723462
-982400
-706134
-896392
-655014
-795872
-124970
-320123
-780763
602585
-138632
652050
931805
670683
616885
-473131
502318
-197584
395199
335748
-570106
117436
230697
832292
417782
865672
962006
-720112
-975038
-435222
146336
748425
-417621
440202
852033
-72635
644331
-272938
607243
863569
-670353
-531390
515619
-738549
-860707
132503
-211680
641612
934920
-816481
-22641
-635187
300955
-791944
-802896
-281263
-926272
-840891
-1375
-901310
-276112
-855039
847115
306267
585164
699148
-766368
229494
-573790
840876
93063
-244143
-690515
-391319
17309
-551221
741185
805630
-909610
676104
989149
67750
-959084
290104
275806
-761979
-991159
349534
-602869
7466
448225
121019
152427
295340
-572714
-262409
-5513
-339081
967085
420697
-498206
60148
-823446
-188720
668829
193863
260059
410013
-508
350450
86117
-11360
-581801
127034
-721256
694005
365055
-712415
43539
762186
295052
-508237
-116795
-552521
787103
310492
185070
-218410
971411
152154
-797713
-526796
-787699
-621159
284485
881131
572704
-455457
291144
-427805
894994
-622740
560836
-686808
504294
839580
-992803
-130651
-872835
50736
-368466
422217
542500
514740
869696
329603
-174769
54765
-888808
-203359
-793081
-686520
269846
-580779
-307679
-445670
-699648
-734976
98874
591496
-162780
-6133
968757
-601945
307059
473050
-762365
314257
-657601
-635200
-635007
-26066
787017
907493
-511327
656713
237096
313904
-288523
348289
-889455
-81603
661769
380391
337618
-645911
934722
637970
-380886
33595
229466
456334
-972539
198222
854389
334521
-328728
-907977
-351223
13671
-543176
13770
987605
-756159
-78737
-523722
900554
-841642
790182
-387969
506648
900728
530428
168416
281119
-131954
522506
215840
-493984
-858381
-750565
735482
597953
-723103
-66297
452342
611418
604976
544365
-739805
-381354
-998811
273966
-393749
-754970
-804772
82529
-854417
-646413
-127289
-242385
860235
-226562
-711958
28651
-945443
156088
-448844
270397
662105
-307225
519833
397586
-709273
796730
-668711
743069
408148
936265
287434
668344
-445089
288624
-57691
161163
533654
137538
-756309
679238
491126
116403
-563148
351361
889842
-275105
-619989
944399
880984
-68833
214796
543088
623943
-265372
-59327
914670
-468642
271963
657739
939507
208228
-54827
607850
763140
-766204
-449841
-75698
767451
687697
167994
446688
178823
-715603
883541
-469817
-825762
-391565
-89806
-881364
-510581
841362
333433
-967494
465304
-931939
-26820
379974
-400581
-754857
37713
-461075
453371
982886
-853225
216510
-783318
-303066
-859188
984133
-615369
308807
430821
563454
593204
314361
-906363
767442
922796
3832
886079
-587785
-154807
219512
-555279
-689504
287573
417902
690471
886992
663045
-271817
-574083
116415
-288931
-427308
-667075
-72249
269626
-526263
-88116
654258
782545
-657296
217711
375748
657065
311349
143190
579861
-684820
29269
992076
160373
-751220
-563203
470870
536353
854699
161340
423345
517743
889524
849262
-365842
-399408
-578046
-32917
528344
691581
440821
-559772
345838
223365
-217068
-436451
-400888
-560003
874898
742302
-980142
-809923
-228430
-988066
350450
20351
-551269
-178680
-443297
-696571
982661
980049
