310050
471479
887514
473400
380762
746423
544318
-328966
571969
-198054
-25103
-371811
305032
596026
799415
496690
-77440
-983266
-179795
273159
-543350
835192
356179
-562091
-751429
101427
337772
237847
7645
751663
169584
-682305
223142
57097
791095
-396097
-196481
335413
274938
-624512
-862642
-750165
3677
442391
845861
-196908
-60920
-231580
-180173
759285
-958422
276477
594477
397758
714386
843049
-500816
52158
80895
506830
-196180
-749522
824525
-973039
307576
615620
-369135
-888906
-48968
905803
-513417
88391
-844362
490260
-469219
-998502
-706648
469861
-230081
113179
229146
-188503
-610344
-176377
-790745
-895959
-333329
-291560
156199
747567
-784731
960020
998046
-960206
986982
305621
655414
-382154
416716
-393555
-476351
903299
694836
-320713
393559
-774383
-319214
686911
695478
450705
-199910
-75376
-737798
189746
748247
-528543
293788
-585082
179897
-550014
-837515
395167
-589994
-839470
434961
-603013
466152
90375
14833
-117133
696821
538483
-213834
391656
-782231
-820276
617274
-101445
866636
312751
-650740
-333274
-762626
-388538
856472
985622
82920
150259
-599460
-737183
600246
-436975
657984
-989749
-276445
92945
-592761
-810293
-816681
422073
72574
880140
-39445
858741
271796
178325
-961536
-110930
-923120
905101
-798180
-573860
-428174
-560805
37603
-571702
-575183
-879478
578557
-174643
-616660
178803
388383
-958676
189054
-888062
134269
596294
-698355
317589
18366
374220
197729
978921
232960
-530475
157245
271424
358595
234125
176525
560416
660266
748351
999612
-302132
-823352
-575572
-181609
755206
249786
201731
-65992
-361832
243055
-876938
-249894
-622676
719356
51752
694914
-262278
-574029
-107357
-283358
658931
362168
873888
-69645
-279237
108013
-893121
-718821
-231722
855231
-719210
466147
-968121
-294781
-715463
787085
955005
486268
-278907
-406827
-270677
-155844
343280
106647
-436489
-604969
-198440
301233
-178997
694203
-982125
-520066
56371
891764
410289
777135
-224
517169
-941687
768055
372400
-660897
234201
404279
44322
518738
191364
-674
5005
912458
592500
734328
-243387
-64221
-159025
320124
330811
642536
-378643
-848187
336739
-360767
-368253
-606890
-469004
-957964
-829756
530772
559206
-771443
298827
-68395
-432340
-466973
-664116
611983
-948236
527249
-388691
56770
439706
-796192
-208902
-803682
139587
632073
516443
-529602
274609
-862200
-377789
-388653
-222967
253959
4457
308030
295995
174702
-161198
-144800
403259
-862372
786806
970920
-329345
-877311
582902
-277581
649939
-805790
779189
89644
-601982
-429713
285963
537606
-797641
-197595
-991997
476969
-59794
-369785
-911684
717239
884174
92773
25269
180168
-732526
864071
-964632
670734
-998302
822174
641653
-327646
944864
224554
394773
594802
418765
173962
-315554
816784
744249
970409
354390
946609
-227186
362393
423577
713020
992609
511893
430259
876782
-395334
-544473
56950
-127859
-680402
92319
-457125
-678704
-85507
-815473
-6350
-140644
409082
-611577
-545842
-172154
562386
138605
-355370
306634
109013
999020
253243
881828
361413
-323180
594847
354021
-811288
25106
230803
-206621
480634
-712247
665520
800232
380072
-791605
-878473
-705436
-607078
115178
153921
802005
503602
608080
-370149
65987
-253316
274481
-627380
855698
273500
625864
737525
-365087
-697317
332372
988934
-508604
-642522
219737
284775
838112
507490
-49705
638343
-112438
158690
759871
182127
551613
-124952
-663953
353617
-621351
944128
983468
444637
-309188
257948
817258
-453490
-468552
443121
-715965
166361
745804
616408
155295
-762801
973886
-624969
521975
811997
882522
-527731
450339
-229917
630959
210209
952210
182571
-914743
-711743
-463812
-536093
-767615
-480345
908544
-76803
777604
725801
469708
-690949
168922
753743
475413
-85275
370150
-369292
151925
344035
5739
-326101
156031
-111740
146169
-393630
658344
-222873
816580
610554
959699
901837
898812
-504114
-634256
-868804
15542
-725712
54394
-206855
-999911
-475899
102197
169011
-722157
-422390
-916264
647993
208318
235662
-7972
-785943
909561
-851941
102318
55729
-245571
-239339
832857
-428992
-628786
792556
-527155
-729975
-711558
-161410
-598778
303984
112878
455616
-902871
112967
979717
199326
-718022
-742440
776937
-634286
905554
-14746
601376
-102419
199311
510937
45640
-698372
-433334
800070
62290
-600477
-628922
433505
-807922
-156076
703530
-519480
682514
-895248
784505
-204609
560368
881634
908359
540085
80960
-809664
797646
-142104
-443949
703199
843151
-842573
-399220
42462
668365
646421
344090
-764970
446490
-593621
-365447
817569
839884
-173369
-338508
543414
307152
-655995
648167
91656
139397
208535
-26710
47755
-251381
-945750
238092
-453735
-87853
794144
-750536
-244703
951572
-149756
797759
619936
-503335
141849
854966
943155
548229
-510481
760724
388112
316151
-577785
-68474
-376697
-233780
-420308
714960
905618
788227
-311751
-46627
-463154
-257500
-808536
83112
654647
985609
332576
-590057
937180
-817180
-792298
557116
-320515
349552
412082
-377361
-102220
901601
-616638
-714108
217751
-194422
217418
841055
571798
797111
556014
477416
585338
-755738
-569212
-877816
-13238
-377747
205296
-358591
-392139
-462128
51353
-454959
-279308
259055
-897844
400177
-391394
514238
-977184
506387
415839
-593821
792279
-366410
211757
9696
-525356
-216445
-193193
-969343
-739030
-607855
-725080
-308242
-485671
261683
314011
719626
903092
921873
-742503
-45556
-533087
-21811
-786501
-430930
-621635
-177894
-916692
-598819
-671508
499147
-192640
-879230
-867264
-980883
130467
-392619
-197328
937275
-361962
63642
-670581
-87042
755401
-156252
-825360
69411
-436626
-922268
-8716
-179129
32176
458197
799060
245676
-972733
-822575
-932219
-889425
-421394
-603727
609723
385967
-482956
742459
405084
647512
-650161
-792244
584786
-12122
271399
914205
900837
26799
-242047
-924524
-903791
321327
-846792
87494
-857803
185385
-454310
941258
-568940
-427042
-881318
-501158
-316466
-302711
-104884
-706744
-916744
412160
-964285
488341
59671
-614445
696097
-355543
373433
-32505
-441339
274269
994294
316615
349746
-909497
-362058
502955
177997
-219861
-311661
723688
-278603
119400
-703354
-159920
618242
-19820
537369
-486643
273436
620625
925518
309151
108965
-14811
694706
-194938
629646
68139
772557
-811693
-657593
766851
504922
692153
857354
-857136
195108
35351
-76996
883448
-240961
644401
2847
55685
-515520
-378911
-964136
-978151
134447
309300
642475
59964
-381550
-248561
-954847
-686844
556502
674799
381295
329058
863107
723702
95909
368029
415855
-46738
510893
-389038
988614
-566104
-505591
-252348
-921704
497257
803337
-437223
-881655
839201
-415374
252792
148500
-772900
-687244
766951
-21460
-642091
-919894
-464959
-967292
461401
864100
895815
185103
-39992
263843
-399042
913271
-225265
211921
901885
208632
706330
-350464
286928
203587
-547127
849705
321933
-707927
-565669
-425275
440574
-338569
-112519
207525
639972
245391
287631
-824988
278099
-250968
-960888
173914
934136
-880
-562244
-464907
-87609
212492
747014
-185725
-578877
453344
463812
708052
-343070
916685
557757
978863
-791242
992088
-446413
649332
-346481
441069
-143144
-706510
-313540
-855513
-531497
964560
-106480
-492385
138473
-172345
506736
576230
362749
-580873
-211279
109762
233403
209845
-436894
-302786
-82103
220036
-386101
-524347
198899
-177343
-532259
752487
-528011
121261
193556
328846
414752
880016
473333
883256
844575
-633147
-609130
-16953
194509
897607
-440724
-442743
-683266
347998
667020
550137
-442157
-769875
-752649
475741
450162
-138750
951394
-350940
683907
-580865
-598453
-844104
540397
595103
484742
-44852
475118
-41925
-161597
319693
324928
229274
-697260
-480563
126881
-137984
76694
443615
-789986
-256286
-6248
-232142
-26161
241103
-756402
-576000
-897647
-805008
73061
786261
-385872
474609
942157
-845476
69711
426898
109673
-455171
-615027
948077
864522
709901
177351
-832739
-770662
-695769
29278
306032
747847
239293
-950254
-258402
-992849
23585
982702
-749250
447586
-914945
-554257
-479353
871316
59871
995256
813473
214396
64967
240371
-675931
609796
625344
-727855
474318
335245
449496
641580
564583
753728
-329143
-129385
501574
910151
-79639
-756828
917302
943947
-774126
-831948
391533
-689070
-386205
912181
-817754
673666
907437
995719
-111938
-27597
236090
212131
-417801
-138567
484277
-943484
-803322
-66227
698096
761261
-312500
-631047
-368124
-810926
-720896
552238
-567753
-803594
496185
-341878
-635542
-112283
-30948
-21747
-200103
151298
-348081
-292667
147017
539981
679737
-616894
-247888
-738065
244540
-763612
-681548
441218
170162
-983453
202479
857662
-614499
834356
-953264
-335394
386593
-521016
-138988
-117223
137106
225471
770495
-893842
-796277
-429608
257456
-144357
277726
-595527
-604376
-42538
-212421
147737
219398
-967882
384125
537850
473337
-445713
554398
-324184
-588051
939899
-489829
-541315
-395496
896764
-62330
465517
-220459
-925225
-309013
-449965
-819067
-105289
120428
438390
750354
-601847
842863
-854023
355616
-369559
293714
-424987
-337440
-322161
-887138
-864103
232127
667260
-188287
644076
607159
321884
-897239
-788337
218648
40431
677180
998190
115207
-631834
-451776
296140
262877
668653
-265470
13231
-933195
-422608
159209
422421
207834
-547077
997435
870395
130763
-889704
-993709
-637111
777557
-181995
-993036
384715
-860112
-890274
596378
358537
150157
273558
356726
-734637
641724
904951
561504
-95399
573603
-703967
917833
640409
-126575
77041
62830
-918741
529964
60264
951654
-339273
170560
957946
23616
-51883
-224050
30581
-667169
-84161
140307
929210
-725624
-709536
202767
631102
-444172
-155509
536053
-882669
749093
109655
-586635
666925
-249937
286791
-256035
812893
368050
-726071
-126843
319704
-65343
-956284
277649
958273
-8167
-946401
-11146
324665
-30561
-870839
253874
243815
-580375
-543359
-125083
-24547
301132
-589031
92785
50224
520624
506150
-282852
-729313
-207060
461114
-916420
-839010
735044
-43263
480694
-330299
454
-241657
-372027
992288
-188057
616828
316952
781382
745989
-429174
25196
-834386
27467
900114
141067
-671401
-688918
-766148
378823
831707
740002
-904029
-897607
-467058
557086
-814026
-306068
292130
142712
-825375
961831
-856835
-67031
-410196
-864548
744912
-793369
452405
526293
952621
-976769
-448511
-881766
50698
-548398
259301
379297
-237315
493154
-241880
-405609
233155
-145908
-303215
766097
-588823
-117241
-539971
703308
-974529
-365346
665138
-831364
567624
-745058
-695911
312535
-538427
756495
-161172
-585807
779726
390317
-467572
-169576
841920
791730
-790279
-395396
284883
-32158
198996
-481963
821934
895781
-715866
-766889
-221460
-255836
936419
-195989
378819
601557
-27352
-53558
856499
276737
-741024
-681928
33232
97804
-267734
-187043
-511879
264695
643381
-669960
56424
853103
-65355
-658694
-179056
-866360
-140656
-357123
-970579
143479
-124011
-192039
887643
-187592
611972
266461
-586036
-415380
-787098
-729537
861357
-528122
-411464
-105412
569683
320803
707546
-942197
-414503
350927
-612156
641921
204029
322489
983227
-975027
456130
-157429
-332149
485551
986050
543840
-706489
873692
-643753
905484
140152
-229788
-509897
353054
40675
-648540
824933
629212
246049
394616
-49985
-46406
452419
535512
-695480
840263
177433
508550
162752
160660
533523
-381118
-996770
-798627
-895568
989281
745214
-602056
862972
-898540
-696572
3124
-128328
-206469
-643822
912348
144992
-818890
541560
-608960
575727
-508426
344635
28145
-972914
649156
-131592
204520
157706
-968840
-634821
-308772
-349958
-631590
-107398
-245526
-642310
-362184
152418
-779338
-260724
455846
223786
610949
-750623
579964
523297
394370
761075
64857
785411
336802
556432
130045
-635054
583518
-220800
233355
-211962
936906
264515
153218
-371866
914557
521628
520737
-330969
879319
-841448
821450
-900019
-102171
277296
323767
-491222
526674
-96269
-967925
-78957
-335194
96932
-293547
-998393
-346637
836499
-633446
-763119
-384301
599909
24919
-447396
-135576
-821864
180739
-221019
699765
-298524
448012
579084
-139972
269462
679065
757858
-453242
2832
-733365
-926569
906564
-701290
-5525
-428631
395643
700929
-427023
-950995
537427
-60469
-714113
-846875
-460560
310806
-294270
403864
488943
886469
-817155
188708
-412056
630857
-232209
447973
-99681
-553144
205831
447077
449688
472466
520509
356251
771177
-485017
927621
166819
-784089
-499402
215825
753338
440129
501712
906463
979570
-187483
-387808
383434
-698540
-501339
566279
490169
86606
197136
-742041
-465421
-902546
-295184
740410
544532
-845496
212876
65040
510756
-15947
580023
438376
-849129
795934
938974
366696
549272
379103
-131593
455735
358673
680925
-932073
-257894
982386
-433411
-691616
472554
653195
505520
730514
-812226
602975
-564671
928184
147506
-410167
141060
-787455
-899412
-874888
792569
538965
-724017
588503
477939
642680
137774
-142959
-488913
-406491
-784286
-807988
-338564
-42180
-825603
228025
266205
646951
-118780
-228275
377465
68994
-625300
812794
-2822
522206
-597373
-861763
734752
-496784
-736651
527320
-957819
-460667
115822
520120
-817987
-746404
-622839
-306900
-152895
-407125
-114888
508542
550696
59510
-263434
-183100
-293539
617787
588626
-916075
-313220
963326
896720
683959
485532
-700653
822196
220283
-197437
-914455
-252397
-155255
-375121
863426
-635136
-193108
-882978
-257975
499993
-35873
334901
-614895
-527331
-114404
444615
209236
702497
-848924
-172978
291122
-764999
513803
254448
-868279
197761
-260021
-568932
19956
960262
233632
105502
-292135
-921624
730381
-428710
-556760
-462728
-311688
185266
-962736
652440
-479833
-577630
-874892
405763
866985
334345
108260
-981940
-838634
-600618
-746938
675169
653830
-615217
-127070
-606191
-184148
892886
-645929
-950517
-1612
61936
-872140
-271232
633226
-428899
266041
-678462
756367
303306
973979
-723466
725676
-900913
682298
592661
433432
-209443
610722
594798
189940
863784
269967
-156231
-751433
-857104
237578
64419
-964218
591649
113903
34170
-346415
241763
762939
-713189
812865
28979
-391651
569231
-667715
-417672
845766
-942040
-318585
528063
650621
-885154
-681380
261342
709645
508560
125126
-20388
-647671
373693
122508
589908
-561888
158291
181557
552016
-807539
835142
-206221
955400
-878048
-393357
-15621
-269698
-824126
316664
312630
-978361
374624
994046
549702
25245
-891109
868322
-713414
818537
376881
411713
-201852
729211
-214595
920657
319118
223518
78948
-499326
-224467
271409
-664185
569312
226809
-542232
-824046
-788813
188070
-648172
527851
-499300
-626532
-97525
-505255
923170
927720
-396363
791492
-785694
-577826
168373
626019
220323
-102417
-588576
140979
-783300
634943
-780073
-282626
-589525
491336
53189
979788
-281856
510958
-844258
-70668
-300973
-492429
-542817
199727
-118961
359658
694473
-195792
287378
-701891
-404300
501685
-279717
764073
127704
940606
-338345
539129
81585
-121645
174071
301512
595730
584547
-207152
-351081
564335
510993
-840124
720077
-559676
-141097
-772353
-102493
-941370
108686
-742835
753104
912895
544544
-948788
-491406
46229
-228504
-727333
-826068
-287898
-65678
713062
793688
812678
-112867
95200
408407
-528321
888049
-942674
-963987
399041
-782798
756091
839365
76106
983738
-263128
134736
92424
-5962
-112160
5319
-461419
-60947
513914
584810
710549
786581
758743
-577349
-279097
471805
-783661
-466419
-641063
311539
941988
-169384
199587
999315
-133370
-401372
-783484
-377280
-562007
292622
-393542
174865
-572642
698882
-831097
315198
-295799
-292516
-745750
-781886
-707706
964800
-995305
-948963
-612549
-274401
522842
-396210
259180
881779
915330
201168
-287605
114916
200482
579025
713545
416998
-798255
-848463
-290380
-191797
326402
136978
-492915
495306
-547824
211286
-797211
-293574
429401
-504916
-328774
434096
-453878
58677
-840306
-931037
662467
418874
950743
577796
-379958
-336863
-307288
820524
-757838
-593744
237521
-556093
-442207
947141
252111
884196
84119
759196
379501
536295
-29519
582291
-757279
-600118
-922625
-86053
833978
-376503
972624
993673
-307539
635091
412547
-356797
212886
-967412
306341
905599
853112
548504
-688146
90633
992411
-130352
37774
244522
-246156
-878107
3717
-866656
658188
974199
715636
900909
-625920
793011
-185144
-791942
-583492
-212521
-798270
108969
-577431
614278
752173
635456
646866
58514
541054
499978
-392983
852909
-409389
-400572
-277443
628385
843950
476401
750279
-152333
609746
408466
-178135
325381
309375
195946
118392
-875769
404004
534901
-88290
605735
-356130
334280
220012
-603957
-30264
-133122
454557
-489210
-633145
-938427
-636302
-42534
-338998
86256
-414149
-495048
-437344
-663871
352619
-827599
744596
-825516
497783
53971
370430
-383825
178202
-225566
-848924
-910088
-619832
-205054
424193
600181
190989
-606072
-532942
-354454
-95282
-166087
-292880
268417
791380
368122
-645328
-622769
873074
-82671
-286639
225692
89731
-542043
400176
-412486
511929
-229394
203689
-309869
545040
354766
-219957
925209
-850289
-795764
525389
340701
-401836
992447
986247
502883
-173640
-306633
-228700
-382260
-938512
125973
-5029
934563
-956699
708333
160254
133032
-833710
-439570
720546
678219
331037
-75765
-631651
-123924
-721000
148393
-198716
-571288
352629
-673328
769414
950794
-680881
755661
453677
145479
-550973
-775024
763219
-489485
350949
-241810
-554923
394251
-533477
605332
-472718
-367187
-834238
-752172
-688969
496800
172063
-320619
-627125
451064
827774
174160
879776
180403
500833
649189
131196
819952
404850
-415127
-34569
853877
-190151
-271350
-635609
-839202
486840
-190531
555049
953364
-585199
-917669
-413824
-419436
-669841
-102792
-922637
502222
576590
-549761
-46715
404363
624399
-166939
-415234
125232
-517750
715962
-54817
887100
-699165
910615
740976
110684
-360736
-894633
271483
-873896
-85163
-173469
-920533
329639
-91138
-334356
910203
239021
562852
987566
-258757
139441
-562195
694529
-456196
-937796
-472411
128570
187436
9840
-155468
-867381
-103061
145367
-956767
-362085
-743949
-317503
-256718
527534
-191399
658120
-645935
-111931
-12242
262928
553713
-102040
-498051
116565
-114474
243192
-743995
323331
-62279
-200190
385535
465310
928381
-427029
-524850
-227087
-294410
372089
918281
-251176
-989996
-825669
431321
-246714
701866
-760078
-588595
-944069
127991
399164
318859
-318296
-702877
820808
798269
182650
64000
-945726
-494020
-998280
-145916
891516
467031
-217535
-535513
942181
555378
170077
314270
473658
918902
324274
647990
350222
-922440
349856
590145
-511034
405787
-281864
888130
-275355
399840
-814748
-454548
198108
367902
609452
252382
873883
611172
-893534
765399
78202
-111068
-770114
20383
-555691
399964
-665348
917968
318865
658926
565958
-330913
736486
-84187
-740769
-774549
-678401
-22632
-886420
46244
-622793
-701167
591697
575316
666736
201148
-172302
540619
-187680
-65836
306017
890523
823096
535904
-89095
-732595
-64133
245558
-814627
-745269
-95517
751331
-76182
-359031
-332857
183050
-133580
-11258
-839583
-19999
-965015
-462376
278834
626682
-887060
-54430
-172170
-59362
-513812
640151
874803
792206
530674
697899
328109
-558421
965304
-736025
687137
-849323
-481293
-408380
902008
442525
232589
-430850
-374425
-900991
557893
-214008
79010
592878
323617
-642156
219560
436557
303414
-952610
-622805
789603
687542
-748003
581808
218215
949896
-90083
659795
915200
173893
346931
-934124
692600
938551
967884
135125
171140
-462966
760700
270149
-905074
-453309
-650842
687805
870309
-292997
-92635
306866
-989583
-45245
684061
800020
-357703
936058
381828
860513
885953
-708256
520307
801153
465637
-132763
867029
158236
-194212
834912
-706640
976928
-628054
-945940
247077
-533128
-399248
596235
-845324
-528940
-696762
62041
777926
-686345
-983204
461987
-886326
-340907
398044
495502
-480395
283997
787247
-960088
85149
252883
-92850
-47823
-588881
712938
-212911
-295520
689866
159035
-241460
-63058
625908
359293
-466823
780585
830353
-163585
-157374
608279
150071
-140578
70265
263745
518516
-531691
-240753
-961879
752307
-453507
-921967
-162545
799377
-14817
789633
-789505
-301879
-423278
-85025
-612013
735757
673516
324930
361665
32808
858108
142249
-136839
-305477
984875
-528560
844594
-155703
541706
108339
-637188
-989986
867586
-599066
762321
-585921
-521032
-400224
-786545
464152
-610592
-576049
-837728
-33870
338927
-449740
-298113
12443
875190
-936448
-954750
733298
205801
-91588
-572180
190676
379852
-727587
-965028
-78443
380752
-602215
-68428
248338
-201280
-306107
662417
277688
293669
875873
-258161
683078
-700177
-95888
-350792
638751
454372
351096
-348807
329562
414648
-303556
62859
-379551
604856
490680
811125
-15293
763093
846098
906265
143845
-756117
-162163
-607817
42603
531730
-945400
-679709
-174601
930473
62130
-491524
-769704
966243
157685
869048
420614
-491219
-479760
-249824
923430
216684
813036
-456122
-178461
303715
-644997
806247
66808
-798899
712512
-789347
-555016
-449652
-397164
487588
-917923
-342564
807879
-92524
-412091
-129991
415953
-181794
-163749
-426362
-312747
-743135
82419
207493
7042
5849
-575823
-179923
549727
245717
-876208
904731
51964
190600
-894169
-235525
401254
-449184
314823
-995910
-961597
396901
-338474
846283
-695623
249436
-283708
720331
-932359
552543
-706032
-245105
809409
376388
962389
-183550
-617764
-613435
636527
931964
632283
760320
836694
-315754
-49080
942526
448721
-647827
-506659
-236456
-643737
-468255
-839555
17790
-621972
-535178
-732775
94320
-814848
-665133
-353137
-520879
89763
-543729
855510
52151
272721
-762254
438717
-90752
-830291
71000
-330433
-993597
755246
620487
948930
203967
972661
-557730
967512
-671077
-25984
-872044
346714
352044
-407221
613940
-553636
-222069
948808
93227
257053
38570
549498
112562
-909279
-177781
350308
529439
731468
520018
-399562
-598966
526421
-644316
-978479
475350
559651
994183
917621
527163
-676895
-108364
655120
669820
-756320
-752102
283759
-309956
25829
232566
783272
-717118
-728864
332770
395444
-638143
-845012
-254248
891296
886456
-734231
-508266
-712510
792190
-152582
-690988
267540
-592931
-696806
185160
934233
-373700
-923204
589352
-703881
-679523
837250
579879
10522
-136921
-187556
-206206
145961
83581
-873437
-458595
445438
-718449
287157
336734
-831993
552926
828468
-544502
345116
-324114
-235490
-387345
82956
67704
797816
17188
694005
874613
-393461
990124
-804910
-556212
570002
205613
306867
-617554
999407
-547172
466027
-874031
-5767
-88535
-592479
-718611
-751802
-424471
834315
-923334
31027
179430
-247447
795538
792086
835509
-136759
589902
-147304
-442755
464515
459235
-452631
659605
903024
-882629
-134783
209891
-500183
-135377
662719
965845
-9407
-343049
-122691
398114
-61660
125508
973643
-227345
202175
4670
952086
954728
-199793
744172
790237
663449
334073
-357068
-779306
-201413
-897833
-231937
-541809
-994809
-114565
323409
215082
385252
-811968
-122199
351096
178625
534752
-771595
-423262
-526908
353913
-449619
245748
-443913
555052
197833
-489185
-644742
-57996
-698949
-981293
-723923
-56016
-760599
74664
46152
7465
532856
51343
892900
-143735
-733575
278152
44297
144226
-370752
-777079
-321023
-142347
-200340
152070
-788435
350042
-602183
-232347
-94907
595651
278468
260352
-462345
579520
279059
-186268
-476496
518460
888397
569656
-474075
421253
-379001
-581176
-722482
-112576
696976
321815
-968351
-673777
544737
-289373
183877
-655603
862698
395442
694439
-739486
-836905
-400468
856166
441564
859884
-606180
21084
138942
207553
544588
-342598
95950
114243
183327
-482797
735242
602151
-205279
-377334
299127
-883464
-345684
625351
661274
364943
-190773
-994330
227641
-795331
700110
488155
-632236
-700359
344321
809329
-840476
738142
-169588
298467
-54305
-625001
955869
-958356
489243
139195
-441152
224485
-258654
353570
847151
-959528
470106
-498534
665823
131379
866410
-524950
137050
94050
-320281
-162841
-417795
47484
136800
926527
-143188
296325
664668
687225
-405208
-389638
-937776
-449340
-347993
551467
689856
210855
-224049
-568799
-435576
-376898
-528326
-965470
124569
-862503
165909
-9022
-387453
-697042
-914972
292267
140118
-332766
-660249
-723083
-406240
196564
573243
-741573
-116212
-831966
-131210
-53988
-281305
520797
-502521
-591449
-268348
273431
-160247
296077
896533
311427
330607
21102
448925
-503484
-987921
-938528
-200525
-902892
353739
939593
-235658
693491
-783490
358102
-109946
789754
616530
773842
957788
-514681
-280146
-323517
-993884
217333
85034
-262231
-509237
924787
-966155
-612704
236214
364453
408398
-314862
860969
420478
-253389
-339557
517586
-899650
-399964
-718072
793841
-183454
640031
-316106
-393701
256560
-542265
-435913
741880
177589
240571
747997
-605078
-674395
-514235
-114315
-749608
-480390
272982
486606
884063
-318621
-828256
745032
-898144
-81645
-594525
619443
18705
5511
901371
-187454
822058
541401
496440
-571643
-202039
954176
-7555
-460159
131764
-766985
-712163
526687
-441380
-226398
-587629
-190988
293212
685353
-704382
177275
-633268
-532638
-77693
-531412
385718
327782
-911969
-595577
-666707
989402
216969
-844649
530803
-286591
-416292
-671236
-332416
576153
-131395
799348
809169
156443
326035
-632211
930045
738406
176801
223257
423759
472420
-599468
790491
939783
322839
-740921
325500
-349380
-652890
729924
-16086
-663488
-53108
139265
867316
660301
722973
-803920
-672115
299126
64686
-872768
108294
-778872
453268
476084
-848828
191673
-347116
374429
-384568
-874696
774961
-594077
-934914
97800
-334997
390586
748420
12114
120510
-267667
348627
-932598
871599
215943
727703
594571
412023
-944413
-106303
-523292
-817180
-998009
-302164
636089
478075
-150991
-172238
-869041
-776562
443194
-743737
998400
849118
-678651
96199
-485880
711936
-155382
526235
-167555
576952
-125139
-100153
448550
-909197
-372450
43121
502827
-316862
936818
979535
-134041
938810
-322629
-497953
416884
526380
329809
547843
749819
-226997
804106
748218
-377880
-874545
-155584
136241
837392
689034
-337524
-330164
265986
537337
569684
-285464
628141
-802767
757658
130967
-119628
694476
110502
746332
633285
787873
-751622
50168
314253
578188
-401989
64071
-648810
-597883
-187712
-26689
-472428
656704
-890448
-635037
345738
-227972
34800
-388276
-690636
-395517
326260
937506
-198283
83917
68472
682090
-221607
-821027
428421
-588323
966847
676800
461845
281099
254987
-940144
-654830
606177
-538027
157458
-420513
-10454
-185838
-310961
354510
-840100
461068
-610691
-228376
770433
-6207
-902116
707938
795511
181802
-223590
477600
960195
-44616
-93980
-628129
-77770
-417181
833717
-796671
837807
893574
-451501
443983
-644454
705958
-976530
345093
-479880
-287490
-300398
-319980
-826423
88911
451645
944010
-917296
549530
651948
878215
-268669
-571643
355814
-308474
383741
-738166
63398
-694029
-155346
-102885
-490700
-317540
-209312
57800
-873557
146235
-236242
-850087
-508673
283879
-137576
190929
963900
36001
-720160
415544
-19989
-637456
-34926
-368041
-759242
696405
60316
596572
-612069
-555943
858407
451329
-249972
-296940
-651557
259329
385520
139132
-682871
511963
-714634
80888
661877
-223307
-635234
-475700
967622
-671334
560302
-752539
744211
-459687
-389995
-290716
172272
-149237
-594311
-767412
-552665
-206380
-323355
-694259
-755051
426674
8802
-406607
-313997
-605679
732525
3133
906285
-982110
-915980
568161
-205417
-551213
-907539
-237796
-222547
652764
9666
-478336
-806924
619672
230948
365349
-529566
636637
597937
-82230
-569743
-725418
223512
-324794
701257
-767687
268599
-612741
-373365
1124
390392
-467080
19014
474413
-898919
813597
923201
-806458
-424199
-299347
846306
585467
222318
-960618
205138
-546735
404732
675573
-910098
2668
-406657
-479841
277251
816855
195366
-21493
-950832
-536035
365766
-324197
465089
-243842
208723
-515898
-769429
309804
-702301
-846229
503347
-126500
-145575
349653
-541033
-923258
389036
664105
-469993
-206233
339678
-380091
796435
933022
140069
73686
749877
-664565
-947808
799045
-200600
417959
-525152
-735511
-825884
683572
-251409
-595313
-6624
46290
-441541
-503278
919791
412884
846375
-621243
489626
235411
-957138
-980367
-970823
382541
-360457
825613
315562
779612
-100702
65438
-884954
-48510
-135517
-85553
-630552
339331
178936
-456435
22902
927528
-51747
-983723
-26182
506712
-487000
-106392
-80404
-640625
272366
-590779
594786
315229
-571146
623963
-302231
68397
449575
-986669
-151991
-651128
78769
-36944
300363
943252
877503
669811
282583
56438
-786624
-694516
-16035
161629
-678238
957784
-331659
-165238
-148609
587937
194137
-876244
997158
-211078
438986
-573988
-587116
-863246
494410
862460
-849915
-657581
-788669
228855
305475
511695
172107
182977
181505
-545311
-760585
394881
-239826
223381
-443490
81936
181164
224851
916698
-967446
-187213
110834
-843689
-190055
899757
595297
235958
-687359
732052
-269633
-824900
882138
72786
-613568
110992
-621739
898127
-716902
561238
79632
-262212
800654
-525488
497962
24034
31023
-420103
-794803
-744127
-503406
-762248
68661
607429
-605936
878607
507185
989362
114564
819826
721413
844932
994927
603550
-82282
-618642
-285459
295979
-720516
-2360
-142783
359117
735428
-342130
833629
233389
681904
-135348
813287
887101
120526
-690120
-875147
-810814
917310
-481083
-932207
424495
-491722
182357
244321
-770310
27288
239247
833241
945007
620605
-452218
240985
900090
545422
-901799
259206
280850
-243929
92835
-485762
-562025
957488
-672476
-674925
78013
-362595
-550071
267200
-445285
-31154
334993
979210
477125
-482651
223531
706815
544638
-537223
540056
489645
-916618
-912163
-269371
983473
633259
-171169
242678
-85892
584902
-664487
428347
-977123
-707000
755872
-652048
371014
-606723
-202118
-361787
-52007
766728
973206
-72798
243852
-509445
-849268
-49333
-964807
-386490
-509278
524838
-303108
-421440
-744533
-319636
-788182
84298
923043
125927
-330800
-741444
-445726
-307923
-448443
-689855
40030
922571
-296577
837912
-439217
651416
604640
-466011
-421382
-151508
24544
-270649
799160
59738
342861
-710119
-415424
-960247
-131559
-159957
-279882
80260
924342
-356840
-793813
-406458
-98283
-239539
285619
453274
70607
-674351
375844
774030
-836439
936628
425445
768201
-529384
-995938
-383308
495161
-266587
-584148
-445102
-923726
-294267
139474
-883973
574175
979518
-163855
-345565
903860
479306
-139378
-502599
-618978
621084
783020
834296
-308310
-891332
210139
-534281
-727771
146766
891164
-959570
617383
895227
-342877
112543
-371360
72975
667442
-295086
778709
-193084
-179058
352884
-213567
657087
-992682
-309708
136392
-132059
187693
517415
-510976
-29287
351710
180714
79382
-438151
646434
351612
708616
537598
392043
325998
432824
-950835
-561459
-938536
122141
-894018
-233622
-99151
-87102
587320
-746267
699332
244407
-738948
-610376
-619201
128993
577318
898214
618018
-451970
249924
-201268
627413
811773
-554835
-20976
520389
982764
-628934
-153613
415588
-579768
284928
477052
542373
390910
-756571
-556779
-696192
830750
-303046
-996860
75157
-41993
-607236
455956
-913001
970082
354170
705018
-481888
-395906
-496251
-854476
-584133
-51085
124548
936256
-68321
495615
-217358
-652734
915847
-932430
824318
458220
458481
-932253
901442
762289
898498
-401604
765429
-26346
556403
-841807
-570390
643402
-871726
783781
348420
-353614
-612126
852170
-208089
-196259
-198915
916459
-260004
732764
412074
522639
-919971
327921
590209
904347
-213860
48689
972094
-312419
-189023
870591
285978
-423594
-155755
-157620
-265400
273855
-514218
-137126
57636
834202
509261
445510
686372
-698829
-750750
-512544
-782370
-10753
-779781
629705
-488115
-699752
-42375
-897906
-795405
743766
150783
-823311
-568653
961761
-952720
717325
-461833
-108475
-440296
272767
-834620
45487
-864359
223017
-120312
644902
-331474
-433941
946074
-82223
53515
-836297
907025
273735
793408
-581091
573984
-248967
-478996
778579
-505202
671787
955269
-73855
633548
-997452
-356530
-828286
-105926
203174
444481
59455
-751340
580122
-717529
128349
225024
-49002
694409
171097
868775
-252076
334800
775800
-978342
128208
-805292
595643
879241
-284287
374222
-625961
-612501
329490
300184
-978954
332039
943655
-807239
-773887
146828
637243
285569
395489
217364
568040
-476162
-557612
-480962
-781753
613485
-612187
-33829
-51715
-836388
-12170
-923508
-641679
-416528
955734
74034
957694
-670228
461534
287184
629957
482581
-380778
573611
675342
-154664
-279561
312584
-869096
-884072
-470052
698945
-360234
-27664
-782018
-141987
-414180
-394204
824185
534105
-230592
-187986
610598
127729
395487
566331
-798237
353181
896103
663297
-359636
526060
145877
259587
99670
-178781
-895077
820109
-866198
-764173
936037
-336249
934772
-424197
636087
-847246
433817
-778093
-241450
258001
756013
527958
-929985
366610
-344313
465502
-67059
-142550
-181317
-170956
-479253
459048
-644897
666624
-281365
454774
-512157
-176442
274882
-378354
59385
210919
285397
-5843
786723
-78516
146911
220539
143391
905461
-521461
-100596
433419
-451446
-733987
-910895
-985944
198955
-53444
-167261
-972002
467303
-708214
-616898
133926
10422
837876
621770
833980
112758
-756585
-106636
-676323
528812
887521
-889601
-549705
34432
330938
593687
-60108
809478
-506910
-626690
-641968
-240896
-537584
-627912
958059
408972
204828
986058
-123726
496615
-630841
-989800
-492964
-792965
631970
-658984
319794
875385
234380
643471
404197
121901
753871
854493
-843668
84809
448179
96225
-105714
941269
469536
252319
-299627
931952
624407
-341569
340924
-170765
-355511
-782803
-674150
13648
-772602
-167113
220684
859369
173903
-459523
734754
-591718
-816053
138950
530184
937818
-6558
686517
22626
-558379
-217259
916913
-617110
-747723
169231
83263
-815771
-206362
741695
525153
622874
-613817
742351
948724
399831
969749
-218390
-379486
829118
955513
160992
563871
-636205
344939
-297180
893980
282757
696263
580496
-694617
-862117
-636763
-777705
-479226
-384486
391527
604037
-200257
-814836
345731
-675104
808038
731914
-932754
756762
131745
-963005
-461628
752260
866113
-506116
-86749
429983
-142320
-741810
-867197
-248341
540947
829066
-667845
846330
966950
-304608
-931375
-512277
310907
460152
-908240
-889350
645316
437492
-564454
453354
169406
-497208
210116
-698850
-460212
748488
-946590
-594100
-757628
-33338
835884
100052
224852
968687
851712
-234201
797753
-816134
-387871
764703
-120741
-319246
-747574
-809835
-859095
-655814
-699185
786222
781678
-263638
239576
-48916
239155
-550309
252234
778943
-801822
305645
-815157
-559449
-727693
-979274
540603
497159
989414
392315
-737042
787167
576182
-124913
551870
-544560
555841
804296
-354395
696746
-851518
-53579
482968
930161
682783
-277457
-118756
-78062
172234
-866522
-299120
370413
439123
-114276
810965
711430
-93549
351568
208589
-104136
-256118
471547
-316969
-679937
-653367
-765100
-224497
902475
-960805
421109
599220
-812322
-632470
82188
-882162
-949687
804731
-918
-27749
-23035
132560
673132
-652622
-428317
-441145
-841658
-716887
465306
509910
491702
-638830
-746208
-36751
44202
-426145
309883
279102
349359
212357
318298
-229532
-188423
505976
137999
893765
623815
188312
698496
-377104
-839437
-324540
755457
833695
22838
-672860
-607450
181181
-389747
857857
-308909
-898045
-780973
-55117
65205
263229
518739
-624913
-457669
-131903
587445
860630
638566
-600978
366605
-223436
-707214
-9581
964877
991282
613316
-874561
-333258
368773
959135
689581
695913
-648315
-129238
-693834
-790459
561853
-591879
-571431
-493265
473326
691799
-974527
848414
-765871
-106429
435859
-905242
-467864
834881
461364
308701
-872334
-548217
273577
-881052
-934901
399016
-214309
433872
358151
-524728
129785
709836
346034
435951
919378
-92114
844073
-652054
414621
317398
-960255
440095
165812
-726126
-666334
-398330
-631367
-134197
-563450
829998
-825497
-435783
-718219
448080
-316834
-653120
-152904
468857
780753
-794754
944130
-89463
915082
290163
-653512
834460
-801952
-809440
-817595
612670
507959
-777849
52764
-326230
-503974
386431
275441
-135341
-747767
711991
-305343
-573264
-723792
-23562
874816
-40626
323319
-278088
-571769
104071
-72842
-627640
-985392
-157760
662524
-638904
-323301
860572
-448344
-140895
473241
-940385
81256
-473995
-266615
577282
912437
-991175
-558059
-835331
720817
136599
-408595
997026
-886964
-533779
-43600
436355
188133
384631
-459574
-884709
756992
-444966
-42468
419515
-83869
634231
280087
467788
-506664
-246672
527403
574593
279334
-739212
151875
191770
-730386
593816
356439
990431
-269585
947845
987457
-156549
-585935
-56144
-720194
602199
-671514
-179767
717491
-914522
375268
-324978
504994
-708602
-690747
-214919
759187
-197411
538409
286589
-622819
-182258
547377
529056
-990488
816992
122872
365951
807423
853287
313795
794879
-303262
727861
-261266
-23455
330060
67221
796778
47550
152700
172046
722573
-342307
463445
-968175
442774
222631
-165586
-18817
-490780
211596
798925
-943403
-259348
808437
873589
863524
174388
681011
716811
-511817
475889
-586452
-783956
-785377
390094
546104
281844
186871
-406346
-565457
-641084
-683774
