-259108
765060
-383739
212183
480636
-146387
-902912
-708276
586731
-272994
-416488
486575
-820084
-857649
90497
-841945
-389987
991210
-142069
-870176
-468832
-55399
-899338
126328
-460385
621545
629071
-781990
360643
518637
-563256
-898465
283696
53006
313718
-235668
906620
410807
56056
493350
-862188
639569
-20076
-682272
781921
-929579
-524217
-608067
-938369
333715
-478242
-407200
-721684
-377580
719128
-182068
-756035
348199
35942
604609
-133165
472687
706144
-849469
-474307
19862
-85136
-567687
-569332
970921
925664
-431520
610489
-94413
-113791
392409
-23991
361993
784343
37640
-304292
-693900
630441
-25976
-71479
349568
791957
172487
-302233
-172102
-222905
564603
-699415
-516761
715134
-173721
503101
-370003
258592
933770
-399083
184255
-497750
-788594
-910158
388460
603816
65851
-249548
388158
-896509
446161
694259
733932
-579815
-377220
83500
-787859
795267
781267
40040
-427638
345869
340626
55601
61003
-833096
-441298
691001
425496
-507528
-708083
-390249
-5278
-496676
-300407
-616819
-892861
765445
133634
495298
868936
-420205
189557
602868
-20
812338
-313632
212122
607604
-532366
-747838
-820035
813504
592788
235567
-125494
759693
794270
-434493
185189
-713259
-142575
794940
281463
360749
-505468
664645
467889
-740024
-201721
-36813
-871088
378074
-847256
731781
-621946
965082
-581852
590177
572686
-114218
842340
752652
-300714
435127
-11782
573793
194820
-217513
-860701
-619992
69228
-3276
-825053
-649309
-642528
-330521
-984664
825362
-70544
-186385
-211452
58368
-808311
-58708
-209852
-430256
-93626
208297
-840079
-520941
-905922
-997740
-768290
-206635
437388
219929
-632843
-367793
-997585
-493544
12215
71644
503181
187163
422336
860654
856643
437672
686015
-213902
-748713
-525437
844467
-557023
415856
-365385
12721
-677771
842912
172642
-198711
936991
174903
32999
-269645
-387710
-747073
97512
244497
-744657
603969
-743288
326987
107150
443875
-250677
-32197
300517
-813005
-346182
-913385
-561717
128382
931082
-118740
-455763
-434304
893982
-133533
-591392
66624
667756
-654402
-758474
-299245
75953
-146183
-46318
-826535
-901687
209025
777435
-644974
-463988
-115416
798901
285336
852388
99418
472331
-493795
186033
910615
634587
117115
-208126
-821176
682811
-314144
45292
-908582
752481
-286953
-562983
994008
413802
512971
-152176
-632516
686436
-53863
576510
463871
301164
-887478
-651545
100064
397859
-799158
-800518
-129811
-292952
385516
-219197
-658365
-497370
572678
-479540
-814560
-741466
565752
-723141
-988986
-721201
-286124
-994979
692602
-773154
-147154
-939915
913283
798984
636596
377154
100147
749119
725609
-799789
146977
926452
-600307
-982834
-366500
785209
-202030
-24865
-712162
-629353
495596
-526721
-370818
61347
-249861
-359803
340146
464016
-354782
32748
690863
498065
92834
604145
297048
-270571
-18701
-602806
-521453
-293093
-402595
625525
-366641
-2901
642691
266859
-217693
-559340
-758007
70146
-188692
737589
543425
440490
-201064
-706437
-919314
-860918
757580
-274095
171830
448442
-776031
-735337
52587
521017
-5907
-966115
918211
472641
-259208
-484384
98165
374151
512715
-259145
-358990
-704978
181515
-116996
365168
992823
-379408
-91407
433313
419529
202157
513999
558611
-40264
-760096
-269559
-591823
-536127
-4896
460764
984891
989198
494649
903102
461838
-764559
-581283
-439998
609593
931433
300857
-749398
-773546
-517628
133606
591622
-524806
754199
-499786
908507
173727
702372
422506
-267662
-337893
662410
462780
70284
-873717
-542117
-468952
-888826
-552919
-974304
-985725
908919
-738862
-567007
-531080
870731
-635575
769778
-878667
-409121
-747851
254939
-817500
-272656
9137
-317285
-364149
-817136
-614914
-941644
-84797
47193
720767
-622018
-882523
847051
-164134
-351474
958225
282947
-325778
972501
191866
-64639
-594507
660786
-193908
-230082
430564
-72575
360797
682713
-817637
543298
-589943
191501
-773987
45908
374366
-388901
104265
-710431
658293
-174969
-332449
775771
-327918
503418
-575704
-369694
-213635
98519
-397194
978231
-966121
8300
639016
-160029
778218
69580
767396
139015
-247708
949760
-317688
162350
141261
-91675
-791743
-484374
519425
312522
-194804
177718
-862447
472747
-46512
-190364
-23835
377784
439943
762530
-523697
-957252
740760
-489818
51048
379776
350154
-170734
-550645
117550
968281
201648
67310
-349407
-636003
-791430
558919
-427745
-275803
78343
884777
529393
-743939
-977670
2140
209549
-168034
978305
-412667
-728092
740835
63636
-685343
481594
573819
365706
-138631
-76028
-805028
310725
-958479
-836748
-487628
108832
-186154
-123630
317402
-627236
448625
-958401
451108
333402
570992
707169
355732
-426868
-83282
-812302
-448563
504051
-540393
-707729
-432314
-225735
773865
-858496
-860029
-364766
65477
-665057
945959
106999
-501804
-541669
-784170
312043
334701
533233
684807
-216675
574832
135915
-883274
145824
-156916
472459
718956
759802
660158
-729608
263852
-880235
-437337
831538
-105969
-663472
973043
34002
-28237
38519
368946
-82279
-854482
867143
376053
-638652
179185
-289247
894581
-136008
494078
469412
999908
610805
-384765
-157009
83263
-665809
-397208
-256579
-395416
866644
-136814
167247
698182
757217
503776
671225
-208781
-524462
-290256
-839836
393260
-144738
-972693
-230688
216611
206493
480065
111191
-929515
-25857
-419397
-929608
-415052
195839
-86617
668212
530031
516176
-588368
-865386
382820
274818
301862
81001
32035
-194363
-247774
823254
281176
461970
983419
-325565
-682768
-989274
443748
533843
217219
-76187
-354966
287704
897957
225638
358097
-517096
-578524
-728520
-848885
951507
787656
-437252
-913880
170475
837566
387983
-748524
-130399
-806381
3703
-307145
474796
-534328
-323726
-850770
-217095
-313000
592979
-683252
904220
-483209
-38218
191924
-585253
-812581
-449980
-102348
-391104
-178499
48767
-439598
-390844
611515
-353477
779632
449081
-965495
-968892
-681318
-771875
34811
11537
702921
500484
687812
852152
-716612
-625188
445130
-399864
-720969
961922
561919
470955
-623332
749338
-979025
274320
-641767
-157524
-676913
-81364
451633
934603
565160
231265
383684
599665
262373
702366
827791
-702816
-286097
530711
797668
-598286
382863
-918944
-223474
-172008
-318807
55558
-210087
-756889
-473487
166582
992450
-452512
-559098
-649317
389965
-236010
269319
-158402
-301408
-165521
-927138
-917724
-565857
335235
784642
-738066
632419
-501455
792646
430087
-99741
175508
511143
676786
-996500
-807665
-267656
-206586
-564553
258857
959996
-572104
806346
-599102
-221421
196310
164888
-952102
-962093
863481
-117623
-889231
945757
316521
446005
730399
578455
78424
-771057
371100
-491490
129203
-453392
-980348
-194011
-449892
-788012
538333
343522
-352565
-202811
303518
75332
-396466
704417
853912
799845
-130695
901811
837752
-267215
-215813
948522
-321458
-899292
394526
-591059
679164
-527051
-362115
50264
-18540
767088
596872
1112
-426923
-853020
213101
-888591
490502
860537
-91401
-205980
-64132
512133
-501564
-210221
311977
367741
-308411
149729
-899474
475777
98251
-220931
576485
-507223
188011
255649
-34274
825896
-694088
947186
592983
902784
-51702
-833941
-950237
-838602
-722531
540266
-978066
186068
-665715
-42197
-301799
-167278
747583
-989823
-799538
-560828
159907
-699011
914949
-741843
80059
491434
-249065
-731931
-252918
716661
-906036
52995
663847
686948
-44222
-387855
853008
5542
-226456
-869524
-454193
-204521
316545
-119907
753282
-985255
712815
500865
-975077
913278
940037
184830
-785734
854986
442988
294326
346420
-806078
562395
-906498
910584
656360
146497
574431
343307
-897726
-813424
196315
107816
-39880
326791
653624
755600
-356665
-466284
508881
-341920
-753470
9745
-316997
-840193
-50218
867834
-625926
-195233
310822
668401
-848814
504745
230795
-755312
415328
-112846
391185
-10241
-769539
493460
176335
426776
-398724
-863545
-246433
-745101
892055
396903
-211384
400936
-945018
35146
-589319
-262014
194954
360463
-394180
569029
-834770
916642
237429
-683584
421386
-531776
-438895
-163286
355379
952291
826473
585840
445750
2808
12616
-952974
139264
766183
-698074
31319
163085
90542
-567746
218068
-874312
-157064
956055
320642
-796601
-438126
-110329
-631371
-521485
-872901
-314955
899902
-404676
246150
-263385
950703
198441
-436912
536543
-355810
565896
-450842
-308783
-294840
-684659
-6857
736479
478427
-916316
-831267
-303506
-790628
11669
-347451
530015
215068
214423
-580314
583698
692939
-453214
-731258
592840
142110
514893
-670545
92813
-286667
-107457
-370645
357524
-541561
178513
-951259
163599
493855
41884
-99922
-27719
125569
68811
668776
334942
-919520
-678676
-135043
295549
535748
284643
-120754
228686
831429
147989
-178474
-26461
-337119
150981
-933649
376215
-956477
-304294
-266261
-498038
874220
-217520
665562
368074
824365
-434361
-659646
-50067
634451
-990870
-715126
714931
-669546
149831
10479
866202
-565526
889726
94887
-734097
37714
916414
239442
700596
67394
305794
76810
110918
-998500
810550
612880
875720
-406971
278442
243794
-582607
844081
584149
367327
478531
593279
652201
193462
923733
-197968
-796059
789935
236506
-906334
-115178
502409
131381
-198765
-258149
-168024
868629
-952355
908787
-20454
-950855
719336
-407574
924866
-687635
870868
168659
-270241
714949
-247193
-902915
193480
-653915
749286
-613058
-730182
-448682
-409117
-940248
787824
-315450
-55426
290233
815931
745809
-967916
-352093
614438
-920271
-443307
-406017
-871126
-723971
186410
-946261
-411605
57277
222399
318154
-227774
975206
415239
965707
-678709
164525
-647352
-408890
715843
-56468
-349138
503667
628082
595436
-206101
444013
341245
-174016
-908080
-44318
-94287
-351386
549666
34588
-75357
-263925
88328
513038
793353
-689274
-168808
-434422
-714068
-753570
-468716
-392776
410956
-116067
198334
126799
827465
849196
-369535
455546
444632
424365
-100441
-214124
-749652
-8521
741559
156062
640093
291224
-809351
-435264
-972702
278978
-922226
820652
589704
-91034
-613771
875637
155397
-82486
-517140
-433648
801447
681194
693152
628912
530390
-676384
84458
-24979
747982
984017
760898
998331
-24504
502456
154393
-384411
-206320
345043
180325
-179021
-375980
258100
-358370
-786277
-832935
27860
-910641
322463
945374
-427780
888815
746821
-746587
581967
375732
783804
905583
-539811
-241176
653565
-555794
-480278
651896
419702
-977822
-193712
-964710
-184142
-848670
215616
636837
-224650
-526285
-721533
-10926
-359219
306327
78434
963244
251700
650654
852059
-1479
904068
434025
-625748
687871
339608
-165558
-553305
-6827
278648
-33583
-354932
-301650
-11405
451357
-266360
804454
602688
949257
441291
-621962
-577028
719758
367112
63754
26084
-554454
26997
-722216
-903800
-120944
276305
-999733
-686920
650558
688139
652689
-515001
-865167
-354139
763648
101251
290930
-538003
-910154
-257714
195638
894300
-655027
144895
335591
-276988
567867
55348
-909877
-368380
-918568
-464330
658618
-640783
-368130
-462327
635523
-367863
-149246
286080
-679725
-496558
771080
-544891
149304
534728
556360
-559767
996725
646207
182520
192363
540507
527494
-662743
-123903
-749495
905125
931446
-659372
-463255
-987123
-123701
-804638
-627905
508169
-266964
-992383
-859695
583791
293697
-539419
-912767
64777
-84309
236537
-400496
-527949
676771
-403771
-881743
-140710
788592
658764
-613217
-874151
-465140
-362712
-969027
-533694
-22083
-432282
-520816
854216
-236919
-148721
362384
496118
-141104
502690
79908
-847407
963272
167142
217371
-121037
-596322
816875
351014
-919551
-586896
469272
-60260
-798305
128035
326523
-672455
662896
963812
-641482
-870799
-58272
-73764
-391615
-204056
689318
459665
-841672
185435
-681440
661019
-734658
-528846
624291
432485
688525
-496747
836164
505400
854268
916613
918504
323539
-143648
-879801
-548426
-817125
-552256
-885530
-853314
-193737
-756329
88415
732500
-147943
884359
421817
-688278
-957313
-392749
-369717
703707
-127406
101437
327997
-694922
-210039
831251
-858759
-704639
685518
-942146
-786136
9057
-85794
-665936
460631
97081
-218191
575101
243768
588072
818773
-667818
320571
-329170
-783459
-257613
-17448
-740771
349639
612835
962936
-777768
-285729
290932
-472689
504233
122182
-331447
799595
-192300
-273593
-986541
816757
640614
-652477
277387
-262305
129332
-147512
981463
-282597
-328740
-686356
-962027
342091
-469814
-219639
-675358
-210585
-870001
937478
-247650
-647769
-348251
-956718
-120457
-844018
165465
548096
955577
973165
-725497
969036
789921
915117
-683441
67308
-347189
445891
919796
-365727
-836706
-408944
-52082
-798733
933147
478105
-18371
-742211
-732481
111628
-804733
19870
463860
-152984
63153
-656598
2999
-771383
891499
-41425
-798219
-833999
-72389
991702
-918883
244170
59010
-266072
-309940
-21195
368202
-146646
569862
-683880
54622
503009
794225
-963750
760799
-938256
147878
956066
81615
-388262
-196918
-855233
-44860
806081
-626616
-153362
-235344
-424834
12639
692267
-433132
93757
-63564
625878
827686
626497
-395317
195887
-520149
-825456
512007
534474
677553
306232
570724
438351
367976
-281398
394417
-550409
330341
-802502
-405642
-714520
-996422
-32257
132119
-231766
542910
-855242
-539500
-890223
238515
396937
735656
66200
23433
-659662
-737913
503285
-485118
774095
37758
-807565
80326
-391518
630786
-551698
327085
25202
-102107
-342575
222700
492252
-57095
226279
-540005
-924976
994513
-997096
-780218
-544987
-887318
458297
851951
848338
-475503
-124616
-811325
-213416
-621332
-296443
-439322
416427
-104007
641005
-975092
-473222
-910694
351993
551981
-12800
-990582
-225319
-520548
-47676
-999041
-60553
27348
995473
-57649
247131
-549514
55034
-294572
-697564
-96629
229925
177821
92046
-983491
556489
795604
-422812
-27084
-308404
-781808
-2176
218375
-692501
-650183
-229645
294699
-640764
545037
774151
311560
545997
-286402
-661092
541469
655950
586039
991956
-289017
-708534
-705608
614354
521391
472213
-293600
537901
28702
-497996
-884912
-998383
193601
-666720
-558
-588025
-359220
349260
182331
935479
708496
-272633
709630
20056
-726636
-576772
358964
814833
-920823
-54998
806789
-209840
236468
-898820
-595486
-242141
573394
110915
-704241
-397904
612919
-589152
-396286
-193481
-255872
603156
218495
384909
-47584
-599175
320387
-339088
128193
30017
680968
401557
453245
39932
216390
532423
984934
23179
-677417
221402
124359
-272903
979262
-302247
838012
-724979
299849
450930
-314131
903563
-742551
429998
506719
475944
-185094
-540865
876770
-864707
120047
4963
165311
-198985
-593481
-381444
840947
622910
-849022
825881
-353912
-526439
47283
770448
200659
26545
-531800
38670
301567
768050
-510400
987436
671613
-252950
417434
178331
-777006
-767660
637467
-900237
-632367
-242487
104726
532945
558529
511246
-848500
399476
134155
-697521
225357
780244
-223959
-727361
550691
976700
299185
-981109
15370
-399249
786942
504971
-411813
458554
-747980
-994380
-363115
-524986
-762040
-725649
-425222
-394406
31865
679504
-861462
-409606
190750
-709961
989870
-675096
-407482
215226
-894852
368559
487866
655839
345259
-212950
674731
-639372
387802
461672
865600
975989
-79774
-882381
981610
557112
-407366
-780430
831464
167412
-174835
-136672
-153084
-36297
453722
-962335
253743
443592
-637430
846262
-341183
-532282
214821
-853318
-876443
-439921
-66267
798289
-79292
-678465
259960
-213693
-702477
-819814
-96073
-720867
737298
496562
-501296
568762
-336026
323869
-567911
510890
-712428
885812
548556
541315
329404
911127
387576
988221
-621155
-397603
-865097
-497598
162476
68637
-699310
-916816
390172
560651
-130509
687696
740838
773419
966830
478135
269980
-534467
46897
933954
789402
478987
444843
-923027
364798
-6601
618289
-305799
-95474
5865
-317578
283371
608262
-182674
785773
-229262
885963
-913537
-146078
276135
647114
723414
-36170
387951
496832
-69341
-133914
-233189
396192
912983
-299236
185594
391969
-854393
262568
-243233
139006
-119143
450969
-956468
886722
-866609
326903
494984
-49283
112675
-734279
-163320
199138
119644
-887186
-153748
-156943
76644
-765797
-660112
-992697
100289
106699
403496
13272
807463
-410911
-594759
953071
851658
162008
92077
-267486
-387023
135609
-380765
-253632
-537489
-885781
697086
575187
-620059
-466235
-225676
499585
-353421
620577
-657358
723224
854780
-317470
730527
-44932
789230
134022
968341
596693
723112
-626419
549763
574769
535590
-358161
-692718
-851434
777448
-73482
-105065
-760041
40737
-407980
815146
420679
125786
-410530
-79737
772365
-789954
262905
495588
-935175
945436
226115
19894
734665
-639864
-11766
331357
-916752
361816
-118881
658017
-102595
522959
965299
45972
300407
-108184
940907
540366
932554
-467073
355511
353232
658713
944981
-726505
431078
-844974
536401
-73334
-780148
481837
-847220
239747
216501
-487083
-772020
-452142
-403835
589797
428978
-745818
-512799
-48064
-780520
533173
-747658
111297
474080
792708
43851
-992993
148219
-602917
665721
93199
-329421
96798
248226
-793021
-976536
468079
688816
-823755
-292175
-94683
-310837
-64194
453175
285329
-474398
-117848
539511
12804
834089
758991
-454023
-913570
-129712
-979944
879139
914139
-972937
27358
-688778
692785
-879443
-18199
-210418
368783
188780
-186953
-163139
-122404
-10707
544686
782914
678456
-519508
236088
-36216
6094
-881760
-496705
-981103
952329
-737714
-435126
-961241
132574
-415069
917899
46713
-388005
-54744
357935
-695221
65813
-660265
94362
-565404
528516
907409
271457
-593888
-103299
-183857
-810975
-424843
296635
425114
538942
-697271
543355
-957764
-678374
495684
-695478
-113499
534443
437097
471432
452341
-516191
-916574
-602403
841744
-611794
463410
-818521
482568
898006
709996
389976
169463
-883893
-713323
985607
-694867
-138165
282242
730247
-599224
584971
273602
-556988
906598
-230715
-252465
-206901
-696272
-815369
-735469
756069
-331560
-652042
-846334
-489816
-263836
617077
-308336
-781269
515083
-598341
608708
-315455
-482234
895386
-329848
-177101
-242780
952395
-446854
157996
537365
826749
601009
443963
-403967
-651457
-762938
-100239
-466826
-498407
-344170
201614
-150449
-190504
711799
585715
-573428
-596538
804446
941655
-194879
413153
-373800
322888
308538
296353
-854213
-934242
248747
-301066
223754
-213888
-474318
-175238
-769925
121715
173306
-532863
-978524
706480
-31270
-322694
-91906
818281
486803
-380108
403995
913376
23354
208441
855030
828476
-378406
-518770
151363
930133
777584
297151
995891
26330
996085
219644
812442
-478234
-955594
-957484
643482
217713
-490347
664958
-75808
478384
-657737
832287
296664
829066
-547822
-299341
742442
475533
909100
597472
304009
-469307
-921299
-544628
-539175
856285
752523
-543285
-117385
748607
676360
-304943
-729628
720767
-262426
913854
-61521
247227
578812
862672
-274390
921075
694958
-977726
750141
-852864
-277067
492582
622669
-367968
90054
-73323
162726
168755
382049
623551
25040
134571
-919735
907656
-116822
756626
-397288
153551
477392
340286
67405
-584129
-412487
-353784
-721458
313124
-432709
973501
335398
-682568
-879364
-941669
810015
743305
-309637
-99932
-330018
853089
-931177
-947969
476640
93864
186603
556906
1519
-930220
313531
604232
223331
-209077
-55483
-709264
206794
532031
-63048
485337
-154846
504243
458837
-819448
821676
579473
-761117
631690
322778
-70753
-468243
992761
-217664
-399419
-955209
-741025
694445
231394
815882
-304037
301175
129412
-699806
-475494
920336
244712
-184758
127129
-223257
752194
-387534
621897
256437
-928697
802450
78112
650777
-958668
-290198
-26446
-29420
241560
-33685
752917
842141
11106
-988108
536585
-757500
827774
-767452
543675
-42815
-467257
-931820
-122480
777455
-116578
-995351
-445803
-364384
-382884
-823906
892054
-311581
978544
-29835
-660805
-980124
679968
312750
-9543
-78473
-720936
-256627
-236333
290171
-244735
-699749
532671
-416961
-467201
76345
540225
65543
144526
-582256
-157003
-972052
-577606
397195
-336436
39511
573290
-444383
727930
551834
525783
-932875
571711
205750
379875
-437833
-872724
658940
305541
-109057
-50890
-939194
191195
-518220
-356155
723994
558126
-815931
-210464
-297348
-398186
632534
-269400
24209
29729
394165
-936281
-396981
949782
791650
-845147
475565
858775
726564
-318686
238650
-711269
-191409
-102411
594273
699535
846700
655079
-109271
-671521
-701076
-385277
886606
-517006
404260
-410743
84809
36794
319858
-890983
-933477
-285978
-827263
-330458
-336197
964387
-175605
-860632
823162
-449041
-179317
61811
-160310
629274
959400
-566037
328808
806099
-910958
-780463
-865422
-612034
-165740
-978816
-129039
-761481
-389559
955770
275313
930300
-935213
341837
-355679
-762475
-988622
308125
-798089
-164226
447493
-974927
386733
-731825
86884
-773577
897450
46284
-339613
226257
-147617
-250571
445794
-13038
137395
-719946
8146
-991645
-481427
618588
964126
793887
548887
-971087
135723
-806793
-733562
147102
501333
-531650
982876
-51175
-506577
369609
217000
580308
596033
114449
-373409
-743581
-659294
478975
5848
786501
-534064
-856757
-933446
474083
-848401
-414872
92671
-884275
-620986
-358442
-855362
514738
-165234
-588924
-338161
-663902
-120573
-355285
284923
372850
-985676
-498077
-46843
610358
616373
579749
866778
957079
58724
-127375
743580
524661
15869
810134
-1257
167469
-604738
-908586
283194
-225724
-267028
427832
-710986
567739
838909
-49147
903837
-281665
595569
188760
-908816
609893
690683
44342
220251
307055
-375909
87028
264134
682815
959653
7714
207475
-24478
-182152
-793782
-857010
213110
-702367
426184
987387
30605
-145984
-723600
-401657
-307076
227254
-497820
411259
-177178
690940
502444
-567285
381623
-453214
652966
-311323
170877
-260007
952812
-146308
-300354
-39474
-938833
675168
778374
-732614
818158
-8517
-434981
244342
-21131
595624
-901643
255270
-806033
-208719
-517477
-303852
-797460
305346
-612913
704984
738061
768710
-748230
391026
-542613
422648
-868981
-589801
-723661
-169335
370725
-662493
-494167
149098
-395107
-676009
-859419
169912
568333
119450
-234464
666691
-625280
-40497
-542028
-142757
655651
-339488
-837412
-957262
-634504
900650
811449
-382734
291675
-731165
-960086
422695
-320965
-683747
-746640
-950241
-346240
-240807
198858
258654
83184
339439
-571435
-348483
-541111
194101
-681793
-166391
-846396
-223821
690852
809256
436692
853441
851994
802188
754090
663443
-580546
45765
932278
-540632
-531541
-388688
-224378
-278181
-338928
429383
481012
859930
-311964
-435804
199368
116601
215713
658258
-689298
533921
-508134
-535694
-689900
-817283
-726439
746792
-963843
-874445
548980
790247
788998
968434
-163989
721276
-572198
304471
-667412
203424
-973711
-6340
-367194
507302
-146410
320843
-928503
-947042
-562557
287211
711216
-251854
-178869
-796919
212452
131232
-614201
486013
-121977
-578044
611569
-572998
-787797
400566
-604564
48215
121842
-176762
-647315
454430
-973338
-621025
-551910
-340531
886277
301680
980312
957775
354638
-582245
244985
65853
165901
-933884
268935
-621648
197348
654734
864366
-924629
-923310
475935
-497627
-711106
-123499
-102190
337109
998343
721049
689795
452772
747711
-931230
900862
-592821
955047
202541
-612509
912822
-442821
-194754
157807
623033
971148
223923
-108033
-650500
-578729
-453299
-786135
-503358
-376609
689801
-985
-87715
-433699
896826
-750606
-435357
617874
939190
-982586
365584
-992041
918277
772764
963007
120818
-839746
875828
677997
-34499
33634
301030
-63352
-742443
-807004
286148
-321172
-260303
500014
175470
363089
189815
-825515
-724626
756116
-928690
-475232
-679242
689184
-536043
-661827
54768
-528083
-743551
-172469
-565077
377267
-12214
-689249
55264
953288
344385
-643707
-110065
601942
-450710
-823917
-719230
288988
676098
456240
-347924
-134088
630725
-72550
-377972
702036
452219
-57214
391220
916177
280960
-554012
-611907
537409
273520
-176983
-85324
-738695
133768
969941
-785408
-521847
-673767
104528
-919906
-124477
280612
-639136
-835490
-43290
817105
-183413
822623
447830
744038
-555350
149866
196256
387436
-458915
112433
-331605
-12927
500526
-794196
-739408
-676457
120481
-478102
457311
90421
-263509
935464
416654
841019
-984442
-707823
121631
-623577
-543312
-921660
-806473
273276
900963
641358
17313
-654388
-208777
-786431
733049
332308
326002
-598556
-680619
-173472
-392751
-420026
150071
727730
101872
-392618
-181850
838363
-457154
-765196
679382
-441596
-473018
-198987
-65173
-16329
-120647
128355
-743054
-219684
-230287
274260
125929
560936
487829
-141022
-106756
-186169
260423
212625
640360
867672
792600
-209570
595402
-105529
397813
-586448
-267166
940659
-351644
-587784
-500938
175339
213229
433890
-840991
-907418
-437755
-584044
-127101
331958
690216
998828
-107107
178045
-142195
786138
991876
-881772
-1238
632235
985900
-208639
-577335
581301
685833
820478
994853
-581333
761137
-356791
-169117
-739801
818549
-955888
694089
977559
-863306
-743666
-606486
9593
588292
-916270
8421
-518815
261775
866227
-732678
253651
984455
266085
-114114
970354
-942554
308552
551655
743280
129030
546507
-838054
-109834
-810284
-7170
150365
-991736
36942
-155546
985823
173637
100788
-620663
-816771
-310920
-536933
191651
170265
724843
57877
437588
-21506
42331
-296328
864381
12685
-238881
172932
-435661
-495602
-698039
-889154
-333656
192128
-699437
659175
-657507
-691172
-303884
186947
-705349
869754
-712265
-326012
-947017
-23185
137056
244634
-852920
-138101
-697489
584668
840393
344842
-711660
704773
-642473
49459
-122295
-78133
553857
179666
32714
-779799
-628206
333278
879376
-285713
642106
-424508
901234
936757
-554755
-811031
-389255
-501772
165784
747801
742863
312864
-390300
-954627
-102468
-549908
390216
185872
-845135
747743
-764669
32570
-330390
789188
-787764
702324
-990611
-415970
35601
888765
298318
-322293
-535743
199552
-385537
-90497
388521
225208
407731
-445695
-26991
150594
867170
582709
195967
-235299
-967199
-413818
950574
-812334
-666075
-814096
220237
3535
975092
432474
-294141
984482
-983496
741461
873247
314822
-580833
-662497
-485627
33630
247006
902895
-741162
-345263
-542801
231848
805331
-675632
-185444
1298
89070
-152643
587481
39643
35024
921406
225547
-744739
-75059
200639
687735
630800
185120
704239
372260
58366
19061
791427
395870
533435
-174943
-357125
436329
83895
297613
893529
-684258
102944
-782103
130299
-895759
306967
977657
691723
-653391
12681
613128
572157
267942
-461932
-227205
-44323
-831132
957916
-340085
541128
16282
678977
332555
-587849
212411
-842389
55027
-351261
241507
-647361
-457732
557249
455584
-239835
-312452
559826
-932869
-334796
251548
-586260
677886
-135325
985897
-54173
402744
-241308
901504
571612
-283393
-438581
112739
732889
-759605
-554707
-854960
452806
-397095
200067
-898455
844412
552707
-356187
401661
8290
403978
-910792
-431885
471110
-245587
819664
884851
-567702
-315662
870747
378125
-912918
-370561
279629
658694
346047
841049
-228567
78935
-918556
216727
223976
534250
819632
-575958
635796
664043
976749
-720391
65703
-14961
683588
154911
553155
154697
909324
372818
39547
-658379
-942845
-89706
719747
-855763
539734
-624
802932
-114220
-159576
-425636
964716
-78132
791091
188691
-543882
610722
612733
-908086
274765
589482
-628477
-659533
-425480
-944889
495379
-872325
209808
404702
500493
-750645
746324
557649
159650
466070
701887
-300617
-534554
504818
585163
305870
-920818
549878
-772262
870273
-261432
-316144
480995
-648699
-224229
-244240
940784
147294
96227
-484696
202405
-408395
-357021
-587787
996308
-856529
-338431
742632
701120
821219
208702
403006
-479399
674148
-92176
-894237
-19983
-12994
655642
207755
-142721
-605790
891612
-661727
-254489
-332618
94033
-313705
814677
-809740
201599
17082
-218134
844578
429295
-221827
988049
-909136
-479195
689169
912083
729507
92175
-567317
403654
999999
-461553
-616329
-12996
-805912
591427
844283
-411702
483038
-817444
333810
-849580
276590
-979895
965098
466850
221704
-17821
-751284
66281
-588526
26890
54330
-497662
547695
-256501
-585580
277201
835674
-152896
-319146
835672
385551
64526
-177324
579640
-344048
-333042
-832062
-861010
-150486
501749
-710589
-873896
521854
-745492
592955
-256443
236687
841671
809839
648162
-131440
-135831
-849501
-583745
607668
-435080
693456
443342
412024
-625690
279013
-202425
438836
-898312
-622786
-905212
-231353
-454847
-766222
618162
-953099
-476811
744266
568755
-222302
337221
-687688
-985616
178891
-877850
662547
-952549
-13680
813046
-536293
-406012
-622034
-842838
-962671
789990
-468527
316343
-412435
970310
418032
-35220
-934903
-813322
509933
-701124
804841
556834
-177934
549107
125589
599764
-113673
437901
614149
-934782
560052
276695
-887330
-453629
89741
-423623
140360
467707
-266460
177689
257697
265013
-505968
845262
235323
912064
-189959
300420
-901258
-680027
599297
903583
876808
-578638
452689
2396
-978875
-660984
-559703
635274
-595766
-999652
-88031
-483096
-453280
-998291
93282
687080
469416
826822
-135231
-272888
91835
358801
-427627
-672843
270864
382415
627578
369606
702388
226874
273189
579196
648236
-274123
-418409
669362
64894
21888
304636
469128
22237
-783396
986033
568957
-781687
79314
256037
687730
-93864
-879195
-585159
997972
479606
-12785
-674872
-249531
-630370
952706
-879925
-927982
179580
393264
651214
-172184
-880859
-767195
-502822
184035
254694
801814
-346837
-723070
-981582
-360804
845888
-763268
718511
101925
924462
-375354
222730
-660697
-377383
-297664
326519
-52254
452806
696149
-99548
572881
768167
-919969
-33855
419380
-92152
85287
652186
405026
-730678
-93121
206839
-77515
183809
225258
561681
29697
461990
280191
-868379
386452
904838
354352
725756
-472546
-943313
52274
475201
509493
-251577
-624348
82374
-483411
-544316
-951482
935970
363532
133805
588156
-231443
403128
-504966
975397
-674388
678843
200654
887294
-291460
-337356
167484
-159839
-950905
72322
-805488
774852
599776
-748800
-172875
74977
760693
575549
450629
-156934
-907862
906313
-108415
-971892
269844
-974610
616264
-961600
428518
-888703
-986204
754130
790141
214451
641424
-501320
877095
-191093
338842
926191
881229
533355
701042
481005
784555
-471833
-444019
545248
-896284
-993390
-611687
-804146
912923
279899
-776038
182767
305289
840226
221167
-266193
951524
234964
-512063
741664
-550585
-870640
-759656
-673490
-61732
579187
-747300
-180503
112541
953743
-699499
-102904
-518090
-143517
-557657
-414374
-136906
-169343
-218519
-223984
-889445
5444
958783
415845
-154330
179950
-850349
-202807
-585086
-362412
-461143
-135670
-233052
-220799
190840
705216
-641613
443540
-475288
470929
397283
-174786
-631976
879194
681698
-189632
-535181
-455209
641025
246301
320808
751581
-748256
279591
167425
97414
-540460
317077
894607
-125545
954665
-566537
738785
-278387
212665
-70376
-573172
571053
-626836
-48459
41981
770448
776756
410006
649641
458454
-779627
-885540
-996756
861398
360761
324052
612978
612505
-396357
-219597
-290081
63184
-902521
-395475
937639
-947857
37989
676424
-226243
-749346
-393953
200586
821707
-20788
-847874
-136312
-250340
928883
-726307
-600700
387336
-505934
-486240
390581
-644537
874522
-285367
968442
487027
318276
-251155
-803055
-618541
-153676
-198529
-680903
-101532
839461
995522
672225
-909886
-398431
-127190
911822
580781
24937
-224491
-669560
-46180
49202
-270259
-658845
543268
243502
731736
898732
118023
-553631
867173
-394950
764645
-383982
-198004
-853897
462342
603467
-534799
-639190
442927
-539278
-966965
533042
62291
-94155
444863
-356928
930783
-779629
-26487
-115397
269573
703255
225758
-187159
-53244
-42506
-288428
-935221
403863
-421255
-330171
168508
194763
471826
314611
-342895
75292
779813
17915
-481781
-759465
50950
-948739
302827
956796
496124
945899
887579
716496
-80588
-227819
-13931
-377334
997940
798910
569423
-44566
-489518
634202
-640703
89227
-695969
527805
-716010
775857
-157584
-58905
-148851
-377772
959011
369369
-137237
9961
420630
-834410
-33243
-83247
-888511
-145664
-366751
30901
626518
619318
653568
624457
418228
222990
-420110
928710
-142808
-60813
17937
161224
-533008
301927
-62920
309408
-756978
788230
931637
-797967
157598
-205600
211994
-421773
-40010
-821249
494981
71479
33087
-871770
-897620
-340396
747548
755949
-715939
165775
-21062
-136048
94485
836131
803140
-887579
-2646
-729869
414348
934435
579540
657370
722665
511176
859404
-119738
-694425
71397
458490
265566
250149
-46530
-662956
-716764
81700
-560575
-57159
-170752
-804627
226902
995024
174312
-909147
89508
10442
893994
201929
-992204
-835876
-383723
942232
743665
-726353
664896
254840
-866950
-454842
560416
204448
-996353
-174019
-545404
-42882
163026
-262168
-961182
602451
680673
-131933
797824
-92425
-136910
-27865
-1571
952599
982578
-107578
154528
990374
56547
770805
932606
-199789
-955549
597502
-944950
-822498
-857341
615466
381950
-853694
-558553
836546
103425
604473
-425623
142243
206923
-744950
-989690
4747
162625
-126600
976882
-838947
-174001
959459
53475
980527
949833
-889978
751331
882439
-89767
795783
479940
-34717
973285
622599
-419251
355234
768906
22197
191780
-127669
-373331
766158
-985426
833593
-978793
-975116
-161661
183833
-101715
-184779
344887
724284
-225320
-601639
704810
-275487
-491616
456141
-393049
418617
251923
-913110
-616100
225208
709490
-35351
-419559
478396
986847
772221
-649274
-386485
538378
-634699
-552892
559586
-609815
285447
-256582
288470
-899332
-911696
12753
-124652
-513334
-282437
599862
-4950
-826297
-793188
-586333
425626
-706297
-202433
-349167
-996807
762217
231275
481590
749063
3496
832316
-637423
-458126
-802384
-190315
-898541
-412198
-904868
-155122
876272
-804199
-66818
-110975
71150
419849
606588
-328989
-585101
780292
-122177
-171434
205917
171527
626133
856751
174720
388349
88026
-343691
137411
-908479
-511375
499989
-366604
-313758
-690326
-265145
274044
-595194
579733
150316
-399392
-487085
-960659
671758
932765
645929
-657232
-652337
426220
220591
176229
-367863
-607882
-197638
-511112
566839
-809290
576915
-776852
328122
668437
-288227
-171890
-698168
398016
137784
36687
-327940
542591
-383580
822376
-856802
129336
861717
814956
62100
507646
-842276
409764
-66134
378316
-414007
566004
770434
388355
-945109
337272
579066
631806
560420
-92812
300242
-727807
735298
602074
670209
-126918
-361239
-657732
-584327
255182
-835356
-441128
-615483
-973640
-626173
446618
534007
-468448
-143619
-532128
909868
442374
-966125
680301
-169271
-911233
17573
-590205
720574
-422007
316983
20815
-149814
52281
-377111
-479605
925364
261651
-137337
-658964
-483168
27307
-100092
-98650
53668
273736
-652033
-412325
805288
204349
55548
715155
-353277
89423
395456
477452
178191
-586971
887248
-101236
-8978
204230
919580
841208
-743489
-457531
-638397
-818126
804120
224266
-477090
-679048
-748427
422819
222302
305242
-303446
570270
892917
-498158
-225382
-51535
-783003
421342
-962113
612453
-101207
216078
-974519
-213959
-885158
16504
990272
-965579
-142288
-753218
-423110
219315
-571343
-618990
-556419
-48432
-298038
-304845
-625614
924265
-999604
70941
494535
893314
572783
-730847
-158222
789780
690495
-120334
402233
-410712
-904256
427715
375329
-789414
-555782
365600
-754992
301930
612383
-178102
-478755
-958961
202909
-35174
-7393
904871
659981
366994
829136
660378
-562066
323671
553691
-989283
592824
-604531
800497
283318
275136
202730
872606
370880
-369556
247935
581467
74663
-386466
826475
-623407
-774083
-351627
-102162
-733044
851282
862665
259564
756153
522645
-373443
585289
183022
64491
-91041
-263287
75208
-498218
132183
-124295
785101
-592682
-921566
657707
778198
-291121
-94359
359665
783543
519176
186139
-839865
745093
834512
57974
-987951
685794
-79362
271613
441946
-556717
898170
27234
626305
-37339
936193
-636982
-962131
-562025
495201
-86426
-776925
902519
-7991
880782
680717
700889
-213577
40382
484432
-694402
-773480
644567
-949309
-938968
-297459
-937260
746826
623179
334353
188771
-933539
232523
-783995
692767
-804817
-847803
-944216
-766947
-409827
550986
146628
-186752
453505
-861363
-305970
134222
839526
480453
-825397
323957
786051
-598877
-31476
836742
-537844
671065
899483
-791019
294244
233835
397753
360705
-533643
613758
53472
-338459
765956
109256
-105405
-643872
-339758
-958778
169377
-886254
-820141
863407
247968
-980616
343859
422571
343342
129910
823695
-688134
-33349
-714150
982931
-133867
-505168
277175
-900032
892586
-362121
-433674
506343
691351
227868
272299
-199393
-877538
628428
460849
-836316
-202196
574596
-656457
-338790
-177437
-637072
-994932
-754866
706271
134978
-931172
-981864
-898371
-645321
-998933
-32237
-150488
278242
67732
-257903
916122
634058
-751560
607473
-138074
520739
-591920
-15612
149167
868930
148073
946971
443525
491616
-391820
-733913
854545
-386751
-488779
560815
748228
-419950
578952
849858
-65270
580020
-182380
784242
-141739
885353
-473662
-225617
519410
-225221
-618145
-618664
-704482
-210064
365724
444685
-341135
-486204
391655
-897611
-994588
999836
-631524
859958
-386916
-120302
420773
-638689
459748
-276
-788832
-605523
-420256
28789
-821281
438005
-85859
-294942
-787612
-566449
479837
-405756
-185113
775356
384180
-819389
220040
-956956
-305592
-388305
-854567
-300179
-388470
-486090
-440222
224614
393609
980551
585926
-146644
-19725
797095
247834
560019
-174117
426553
-1976
740025
-868389
210412
-826425
611448
804657
-11538
386804
188836
169074
-393157
231881
863482
218538
377315
-436698
830069
891225
123080
54682
284834
103631
-359392
-861811
-916094
-562298
386024
643925
263586
-187423
-358051
3610
-55812
852362
177185
-444364
657018
-834353
942440
-154147
334721
-450718
-922267
198203
767821
455049
761505
597889
346274
-115415
-347429
-368893
988216
293179
-230704
-927879
730882
-844680
716047
-5533
-32103
-642005
998077
912086
-789644
175262
-532279
867374
340910
-589840
-286773
-324370
-40557
-209039
873834
-272736
-753991
635338
-674847
592283
-480078
-22276
-776611
-491862
-729097
-7314
-419740
-998216
148007
-703693
-3748
-884097
-345698
-5671
-972011
-135341
-830409
-504290
-267967
510501
-94129
445261
-813869
865315
-763779
-940036
-407421
-517769
695302
-82268
-925487
-784776
895457
-702097
-276637
-833641
290590
303623
-831856
-561404
599930
164397
-445500
-745768
-841275
-417511
118892
-671683
78200
850925
838818
984072
296186
-975052
849386
532407
-915087
-558036
-985362
780215
359697
-910848
995440
255153
-612945
-281198
421513
677646
-977575
589658
-883759
622355
-245945
-329258
876587
-87220
253232
-4521
241097
-668569
-153596
79915
-684498
-857411
104864
-835112
674997
189777
-393148
689635
-30008
966550
778787
-34569
221702
-834158
684234
-356785
843488
706659
-767127
959730
329013
-13072
-369528
205600
899709
883704
-798922
140806
-784866
47482
-779280
-469363
190072
325584
-304475
-134932
-484640
302378
-445297
485352
268927
-666511
-549217
-509371
-500668
-864984
133845
-657181
841675
366718
-697451
170688
-646355
-66979
-623713
-746647
-183276
-422634
394159
31859
624849
614880
562496
-185080
-59537
-741980
679989
455824
560399
-765309
-58825
-170674
-431819
391958
319956
67513
526975
-546200
410332
368649
820518
712882
-460664
-825837
-354098
-84376
-572483
462626
492991
821676
-505516
117839
436555
-943020
932760
-622982
-684999
612748
832842
875400
847439
-225983
-295275
-584380
-834025
-975320
483133
692950
-521519
-106535
61598
-701001
-393654
600935
-526838
252248
-483441
-99321
-285126
-990451
-277645
209358
127388
-841090
266339
60147
-464071
581340
-327105
-631230
456739
-479666
142787
-838536
-64046
308762
-813855
-580914
1711
-335374
312551
-936691
-36375
918897
664245
436787
171145
-819196
-662534
886019
-809647
59822
95377
317742
218733
-638285
-622111
754662
943055
50784
-876569
399794
571118
266219
561258
-492929
-425019
747403
-73843
576693
-587971
-761292
640003
375654
-842396
304247
-187559
328749
485051
149908
214768
675405
-790271
-689856
-6854
428462
-328141
371035
183124
-385086
-578182
306555
-985293
992936
-427226
575966
-499993
147755
