-662613
-136091
772751
86397
-155594
672409
640234
159718
-920797
-605030
319892
894059
-765945
168995
-618041
-472543
966038
-735163
-947935
479172
185251
-742151
-721049
-333904
-934515
-8543
-200984
-86129
-50460
-273832
241512
286928
590078
14263
-626675
-565517
-313328
-986441
594202
-234125
-591470
-85907
-340066
-357414
-916912
41893
170043
-950875
306730
222109
528297
-508020
479959
807249
158077
545444
-201295
957093
-540686
748246
-316739
700827
35173
-726662
-284911
408499
-292179
401761
422058
-697977
-832365
830589
216116
-172431
-526826
299205
869463
643218
348330
176192
-134674
-123373
668173
-654716
-316125
-173750
890728
482581
-216658
-649958
230826
466603
-949132
-734001
739942
-234043
674499
-552238
-832282
96556
-250215
-664647
-72856
965902
162923
400318
265107
32386
43535
-386564
-791423
908862
490064
876751
-745854
-826061
-297000
-855126
656520
486343
-505083
-112654
-47054
-454215
153346
-307113
311743
-172156
140650
479461
924401
890436
814815
-148456
856337
-22262
-748138
121444
-989877
295398
734880
-781299
204260
224944
-904548
458406
398883
-201548
603281
55403
-715205
-901803
942749
237741
-356017
96094
930628
955726
923938
71277
435187
848338
-38288
250002
-300118
-181951
-772260
-48255
939493
-762137
-752857
674373
-543435
451403
-100683
-447983
-90191
-701801
350470
-486911
353602
635265
-388713
296351
-126994
255270
-607556
-196367
210996
-683618
874911
-353817
-835280
-163377
896186
-135397
654673
-876075
816349
594166
-638211
-936509
268539
-181645
514895
-832145
370372
-575297
-533945
-279158
-62207
819658
-643893
549080
116008
229113
-195650
508453
-967255
-984655
824835
907657
-338471
989556
-255720
-442286
-145841
-601048
-318360
-329493
993118
43429
-266001
261656
861784
-751107
429512
232156
-326403
895567
952998
611390
715224
-690896
160470
-168769
538218
964821
-660316
570964
980166
-835481
478620
-358306
-845926
-777101
199409
8234
-378149
881049
678741
-385031
-75522
-587260
876626
-213739
-338367
306137
-981583
335230
201704
971416
-53380
-83073
-719480
-892910
748159
818738
-928090
-912158
389701
-947924
-747639
-131680
-306229
-593564
91220
893180
414670
713072
774228
93411
-671960
-301295
506151
-795334
484967
-832216
510803
503385
503014
-287493
474800
-550366
629435
755320
-443276
377593
574057
-371365
465436
-36243
-319289
717798
832078
374482
-875767
-76702
267661
538904
-363631
41889
-367686
-35590
740595
-861535
169076
225562
-693751
-320121
-271054
809264
392386
-796255
-741103
21820
959066
-184378
-600587
533122
444257
864850
-503121
-875033
582647
-671043
499449
706881
252255
-232890
245784
888625
809000
878099
-146966
549594
-983437
-977890
-224844
-677187
-298010
504102
-867924
-905624
707848
-609027
116197
666913
206596
515610
200035
-349148
380460
696914
-224181
-36894
-974129
-724732
-330014
278127
42379
915770
166751
-148622
793869
-980215
-599028
810432
-958104
176128
-866755
-256114
-319771
-734679
-161737
-611923
-343705
954460
-945011
862891
470070
255024
-486258
-149471
-48062
289562
813636
-22191
564830
-516379
-744065
-392792
-600609
422687
458587
-806741
442472
859559
-996309
484369
35687
-863064
-771745
715917
-597743
66518
-896007
58553
20977
-841018
-78557
-508953
414007
435186
341576
-634056
-275252
155211
343753
-710423
638833
599689
-103214
-961777
22375
-644627
-768517
-535153
-785068
-764826
949216
250619
-627890
-822530
-33465
-225632
243989
70529
832922
-735035
229512
-245635
-243987
-356482
-810450
-902412
9462
-85702
252800
-646786
203876
-108368
952903
-899338
-70144
-24722
-543965
161339
440126
-329033
396513
389341
921587
768624
566812
-111879
-457008
-189199
958651
-624086
75767
188162
130279
831780
831680
319830
929368
-158859
-765872
182168
194356
438004
-926201
147259
538667
3656
-877464
994702
-835006
562662
-334331
561508
-47997
-412745
330132
-481185
475377
873125
329616
434027
-750962
-594618
-377812
379317
-762839
-546132
-300854
-833471
295009
-66726
348697
-510636
-628722
422497
636623
909946
-573848
759160
904648
-408853
321822
-429684
-847345
-726176
157572
482787
-207360
-367052
355911
-877745
-933025
604949
-472362
-310836
-15735
-235200
143032
683412
-68671
-561959
-383314
-719974
-72594
-12035
702524
-435971
-102090
-871324
-676812
-197443
-280177
645010
372874
-127521
918835
-469555
-644735
-288526
163394
711176
-166270
230370
316125
361369
919534
-699610
-873832
62566
983802
57498
500608
-399512
337525
-571987
588453
40048
-7958
-513637
168725
315231
288921
888549
-39760
-338206
-238973
-120925
192240
116292
590550
-644367
-172532
-575720
586003
-856408
785649
505537
-556017
911818
-431898
-572215
-30684
-931291
28273
-693160
-503277
-383274
346889
488765
103090
-484386
-196005
-607990
-595838
764236
53804
165189
-356689
-753957
-718519
-766140
-398323
108950
-341860
-812321
252542
-556211
693217
696526
-644394
-738681
-875690
324923
-669971
152583
631764
-173248
769310
-21348
-684483
-127601
494267
119512
264409
898429
-116252
-681787
63618
527059
-435743
345099
760920
165934
-545952
-580941
353614
706591
-137151
46830
403116
218456
308149
527426
-456622
638179
-319991
-824859
-535070
-550682
153794
-219553
321718
-351940
899960
-413874
-453511
-216293
-95660
610107
-689234
468597
-44795
-928315
-365470
409254
-509255
988145
115845
353594
34975
-481039
-427950
-656876
-953613
115428
981303
-273604
290570
-553768
175715
-555636
226680
-502568
92424
126639
83559
638913
910347
987899
249020
-778888
456495
-795775
-707202
-908975
613479
-216456
-920830
-270676
-862862
114145
248285
-290812
457270
294672
824617
438572
-978932
115186
884805
196783
559550
111484
694216
-348026
-761878
-222226
-709113
-851531
-234327
539907
-630418
-777832
744133
-337620
-686806
357612
445924
-607636
-913065
583063
506510
335221
-707750
-36221
-370107
-883134
-597649
-349039
232053
-712845
847745
-208397
398639
541961
443578
636762
-680266
734466
785231
85408
274373
-845188
307576
18505
-182807
620770
-623884
-736883
-986866
-536949
846180
519644
798273
-861570
-516577
-571835
-744703
-114226
79126
487350
172929
-73129
-721047
-428432
-531169
722532
-791671
-211434
456997
993561
873974
-268631
-851627
181550
749875
-34434
-197681
-874010
228683
-184546
-410958
74863
-664902
-612686
213293
-181479
-184521
468590
704296
894606
-44060
-122776
-178524
234894
448793
290307
-42575
657123
-921128
-585579
650683
952847
145791
799057
134396
-104335
-235378
936716
21655
993306
-247831
610698
68168
87268
998012
-718539
905789
-186509
750052
610084
-291904
-294009
-512692
529572
940885
936101
-180121
-101691
593223
-101248
312731
243906
-148401
-541479
42962
985995
354186
807585
922711
-624159
800890
-325121
986539
-130942
762148
984551
150520
667936
-201959
-99429
278020
506137
606562
765329
35709
547447
701429
855589
-554244
294652
-245660
758487
-461442
605940
-782992
581521
591934
571195
389105
514644
947036
189995
-810477
933575
-940947
951671
918125
209573
619607
-283835
-889856
-102373
-777698
716707
-337045
258012
264153
-635616
113600
709909
659037
867941
468396
-802406
473880
685404
779116
65814
256598
168221
-419542
203634
-641784
-230018
137208
-582730
-278347
55333
626844
-658741
771499
736988
238887
993801
453694
901842
251812
-282154
-733775
-634588
-572245
925263
-766648
896151
-877144
707233
581555
901973
-226954
-161847
70193
353504
-958214
428410
-876515
178994
845680
-154861
-765674
472523
186398
-994176
209510
-574715
999626
-336796
-672874
251438
381050
-406648
616850
808806
-481386
850203
704957
-358529
557435
286511
-456557
-669519
-875337
613637
683985
-833551
42047
807471
345444
-112274
-347391
579771
-639751
839008
585596
569759
-735708
585221
-767038
-408581
-163342
614013
184771
-546492
422819
703386
-696290
127775
-655144
861146
-585714
-111700
-808374
-461050
-498063
875612
-294600
543984
683083
-949157
-568291
-664308
630614
-208042
-825300
216209
-638283
-561008
-198570
-405320
30412
638089
-791308
-784818
-908404
631512
918568
-604693
-240714
-736576
-743547
173572
151724
-551921
712522
653661
-676309
-582079
197644
-993226
-531235
629354
-657534
-900621
-578689
-482834
315589
-216971
-43841
-882982
377709
986571
755108
586402
-798247
846704
217913
-879679
-757989
977200
-616255
-501536
150771
535470
-53456
-136707
189130
270235
281215
-613226
277009
749981
-983873
619476
849360
-562561
-863359
164949
220469
92801
281968
-401823
79371
37075
-815421
281124
-116222
402492
401445
125790
379691
785191
624254
-469538
320660
-429203
393756
-490210
841032
-325029
-103436
118041
-575049
-87308
-262484
-725689
350132
-125842
439260
-429400
966959
-278772
168778
46329
758303
353357
-672547
-357919
-244151
728899
767871
-864461
514090
392124
-333998
-165251
962922
-940242
344540
803953
-265271
-758896
-78006
159681
153797
659511
433993
-496072
-466332
-126747
74529
-499373
594481
-756694
546957
352783
596664
874410
994865
-647488
603309
762735
-511948
117398
154859
154054
952148
117780
213812
296687
-78267
948542
537791
843728
108222
-308413
503238
-457785
195516
-963094
415468
-729955
-462467
9948
-486648
-915511
-637269
-889985
958900
-642405
-537473
562209
-879671
-49421
-320393
275189
-895367
-368246
-607032
318446
928442
314702
266987
466233
158429
-624791
-842180
-338333
-82576
353336
-301427
-667108
623381
236107
342840
-863268
320597
705571
-753252
279497
-936835
-290724
-158294
-816505
659855
521313
458685
764489
-846933
851654
82934
-918492
166355
-650079
547742
-675216
-274869
705562
-13549
642556
58898
685025
975448
-317721
-78869
318287
-180988
-758272
23858
65760
521225
87024
775036
-637069
270520
434891
884244
-270796
199379
-962690
-419143
-717687
-881181
747212
-367766
666562
-928004
357366
372123
58448
-79
-568980
-256528
-24631
113299
664604
-706344
932312
906332
317514
-1929
427557
-595462
-226894
790488
675058
-792003
674732
-595739
407376
712043
-14882
689689
830863
-267670
-678077
497424
-195673
679290
-130453
862775
-320790
300567
-393754
654579
-586134
-729150
948235
-653823
-822819
265749
344249
604739
670287
-882645
395227
345344
-674648
69959
749606
732728
-217999
-265276
422417
-387137
467054
744341
-889713
-728620
423630
-20166
-865846
-897160
-719599
-259599
757420
-305732
11251
705654
40446
188433
-28597
-615306
-206828
-358311
-497951
-811602
987034
-172598
258358
736640
-439870
-959642
-528637
982547
-346778
938417
726888
-236491
-790203
150518
743344
-656048
253358
-976256
84353
10778
-281988
-904396
-283568
758459
284037
687835
-856848
-922792
-670476
-354798
-734393
-683442
472604
523965
-946803
-967267
564324
-475440
-984720
-782455
-537023
742169
-18945
-327226
-107314
-275602
16726
-853956
-251857
-898921
156822
466156
-803317
873254
224614
480720
561089
367766
557929
890613
-987032
823536
-792830
485572
347501
-739632
518306
-88176
-215072
533586
129369
247905
275754
-889576
920680
-831560
-165178
-62595
-685515
582966
38485
471307
49121
235168
344561
-726266
-284112
-94351
641501
-726183
-203738
654469
-902648
3433
140041
444854
263801
-341654
-643323
-951271
-808068
486047
296634
467687
596471
217313
636127
-568707
-845282
950613
-985742
193204
421920
63379
-571629
-233520
337113
144260
672130
-21387
418077
-531608
-366919
515430
471825
773123
-39717
-264374
-568532
316960
-215645
-376600
-196993
-919011
-908914
-600523
298303
727214
-169230
453021
677826
-154972
-353776
99745
908408
74596
866226
245520
-781144
538356
-775867
636934
-993252
-142785
152363
478573
-369663
-887354
-785801
61805
429607
-1445
685206
-767387
79544
776293
-367909
-622153
503506
462861
830869
181332
-692111
-522908
-718923
-783704
551689
-852697
461817
770546
685659
685951
407479
692407
-456835
-440158
170980
173502
-327511
385180
-764693
-897905
-616266
920513
-665291
463279
696805
-33200
841126
200311
-570339
671994
-618358
-262449
-850914
-337280
-46152
700776
-189977
-584336
471321
-504319
-898386
-121200
-811912
-355220
438643
359069
818282
-888869
-255752
-946411
-786773
127983
974102
-452064
-408738
670907
514737
-567613
-128782
944398
-895619
252860
-318051
-746532
915581
635797
954244
-274397
-948539
425565
221285
-846924
-695635
409373
-202144
743008
-231558
-383862
854139
512690
-330272
-932635
-359328
-356170
-384698
231934
-685264
-869962
664322
185954
-925564
768704
-561186
-243614
-977828
-645606
-607818
976417
79998
-556356
401981
-698718
-403280
706347
710656
394577
449354
-520903
-989285
303492
991787
-319557
370858
-367541
324273
986160
864394
639010
-883802
528716
-175036
-809365
297420
263779
-52979
319592
618173
339203
296008
-301829
782847
-302011
-547
-620433
-595665
-289892
774144
853689
189206
784860
157181
180993
-534698
-471962
813452
789575
-485802
677846
428585
-369604
206562
-746452
-178969
-496019
517327
768052
823574
135500
107255
119581
833671
-109898
817571
-166877
269669
-778094
543232
43813
-924406
-267563
-171328
232776
913430
293975
760815
726882
83550
-724988
404728
-487866
-94591
-388710
-234318
726441
115271
-716991
494493
-61155
418509
-398253
-941574
252179
491850
875997
-914698
-238481
-902098
628535
805332
-826503
-639028
-365996
406273
-725598
927980
167087
-998717
11529
442100
406012
523663
-652492
-982699
-710655
-926051
132573
-427646
568442
-928583
990864
-829811
-870157
243043
662039
-994160
328346
-576443
-896257
-43120
-771111
-722760
317853
-137106
683514
592255
-209127
-149399
593539
802403
-707300
-450
326065
-359791
16852
615411
-285842
-850576
-812235
-717400
-779158
-821372
-547211
-649314
421671
-885172
-643474
-249983
-461614
-539730
706897
-232724
-262490
24750
630170
-578976
-382996
-578957
271625
-789457
-776555
564326
210094
549511
-795465
-773055
164922
-81306
-623630
352687
201294
-402788
531316
654084
-52102
-47013
768913
304425
703004
-692702
764695
409901
74574
-497795
-565350
-295256
-76771
51655
125788
-805146
262198
349234
759181
-527709
-101256
963716
-300763
-936334
-117591
75607
416354
-916297
672820
-52331
737788
-379282
900657
506700
925144
603660
813998
689838
13561
-111428
-807957
448212
593317
115273
-500134
-280895
310127
762065
-931662
69307
-765645
-32917
33023
-66407
30749
915432
-990801
-552898
999136
682020
394772
736923
-697263
295428
243622
-772120
-100912
57620
917719
912649
946193
-890239
360860
539510
225035
860727
-741386
-464839
622791
-673047
604469
857147
294036
-362509
-209261
-675215
-447077
-200061
-228112
-447942
-518042
-833341
-711019
-215304
462088
532603
12577
-638825
-409777
-69704
-726177
-463584
40057
634684
-924075
-734908
495410
-665460
-199747
118200
-338506
-595279
-24653
955531
42213
766086
-719685
595136
-433975
52204
-852806
47983
218864
-563825
832680
-319049
968779
-154744
42126
-440999
775552
315950
95417
-184391
-49366
171343
80701
-553957
505884
880955
564244
-832623
-714324
-460410
-877092
327889
-694324
-596777
-76975
-128299
455428
70219
919685
-325709
506394
752364
355242
475172
-402380
-602632
-965827
-626828
713319
129591
188781
-336048
-699066
-730518
109996
806819
-849563
-325760
974196
-563887
213830
-902896
764003
519507
-499673
-312973
-608793
955756
757247
-689109
-369954
263641
-936745
985289
-261187
-339125
-617344
-227014
34047
-904025
902578
-777172
-240072
-796489
-507689
869924
-989671
-357252
-455836
984526
78862
757995
-918371
-157136
277501
-418043
529892
668708
-462288
287139
979600
167758
-449220
-957146
153047
289593
-296270
535704
-937421
737777
631679
965157
960606
-608394
-831333
-547084
-738470
-821003
95665
-194306
-836478
-825473
-436312
-754849
17392
841189
-172891
-452716
509897
364821
834423
489496
-467421
-614798
532351
685626
674796
-763920
221330
737375
973858
-146992
702531
934463
244615
871199
-612621
506145
-949805
483045
-688161
-786283
657572
-124473
-541131
-325037
-283284
285979
222247
-773387
-349201
56670
716110
183379
441873
248460
-130995
116668
484541
-909666
-145958
458398
-56657
-443428
392860
-812043
-572230
780240
694103
-522035
263284
-994059
-308317
-79144
-118531
150553
595820
598186
-563469
-181934
824799
87331
874737
540909
-729291
316609
-210632
139715
-566724
-726092
230049
287319
732307
-826609
843892
125167
-638652
-728339
-94594
-944550
-250373
-831310
-938608
441311
89546
-57138
-408137
-314635
-458953
28395
503432
-634154
-884275
378168
906755
-613566
-305223
-303877
526150
128054
-29968
-243802
-584628
-297662
-70411
-740737
827505
290938
-469075
-267090
346389
280553
-98399
407782
-278137
991147
-649357
313727
-323488
-108310
-657879
-820057
257536
-542153
558112
164290
-155718
-747112
860414
-629569
380943
-169555
126629
796316
532783
-943782
-944422
360288
347157
-413496
-906802
-306455
867057
-5201
-898674
-411080
-14055
-548031
902648
662458
343660
-755231
842401
-398805
-297384
400513
765486
546899
653402
625900
917330
34344
-543656
43958
-169341
989128
100177
-113762
349415
-552667
472742
442613
140879
339799
-562589
242206
928720
423357
694175
831368
85814
37835
-923864
-71785
639030
-221247
-671273
404516
-674349
982129
30415
-757020
16472
486760
286939
847132
475887
-612884
-266631
-174699
-165551
-793890
-732087
975329
545910
-294675
217534
474630
-871319
-88291
305997
214496
949544
382133
-857290
588574
-839114
-528563
-6911
-513463
-546434
-976496
-270482
470039
510264
-983544
317170
-13850
-596428
-949462
811452
238022
-743351
-920635
213350
802560
-215310
-569116
277189
-86628
342593
-416815
-872133
292136
965319
-729423
-119291
-873796
-257985
873799
-387258
195581
897303
342260
-334381
407567
358717
982790
-606283
762290
-966673
-794832
312
-710023
-715467
-786338
-907464
69223
-355454
369725
982595
987139
952911
-889538
279274
918229
-618961
-840017
-955567
123055
-966219
-342825
-681364
931085
999436
-15744
338651
358153
-32955
732369
120442
372
937537
-879247
290350
-777931
-665585
382886
291293
-21039
-247389
273888
-33900
-294479
384350
-754626
-376250
765390
-594643
-331816
-111556
-560861
325360
207080
-629776
324795
-808665
708876
-317053
158380
441244
803389
-841248
378780
924143
449103
600850
-741442
-168012
-107858
237520
584600
-833970
-796381
-709880
550380
-551007
-86129
315769
-145649
582055
-795787
293491
-92586
411294
663715
-767791
602629
372590
-84844
-238991
-186167
-281455
-80238
-807388
-357312
-631136
793462
-98754
200853
-314396
-861235
-214548
-148366
-657615
75573
-597986
-208622
989445
717784
645730
571500
921997
-60780
-521087
333290
-397066
-288877
-64081
975524
626279
696929
-210643
-655176
-383309
-18031
-12487
-14444
-224569
888759
-813591
461036
-972476
-28138
-687330
-630091
-952565
-285316
161288
-963121
-567533
-192982
608379
-645536
746238
-912708
687755
-650828
-201585
-376326
-675305
-575306
-679397
114052
-230481
-62705
-903979
757032
922851
-128547
645791
-890741
-667512
673315
81122
-354842
-956776
128557
359843
204513
165436
792311
-988470
-226185
-853226
757768
-138893
834530
-893061
659522
-541797
-568365
-915784
-221193
545688
-146265
716102
641710
-389234
638953
-486838
-743444
748212
-154349
929872
-170666
490809
973097
957891
-149348
177609
123326
-357038
189139
897141
-210263
-53093
-241752
-375734
53847
-582230
82470
485483
-498014
861278
31171
355721
577379
-327120
966488
216331
186042
-776956
-35457
-968308
-847085
793877
522502
-873989
751767
-626846
303621
-124907
16116
-507240
-227766
805853
439668
530482
-569881
-506485
948252
512590
978998
-549763
373867
10168
805959
-48755
683049
772447
-832425
-130910
995491
132119
-99217
-851594
-74005
-576715
-725582
-322238
-203561
578039
552855
812555
-929202
-674912
618408
510467
855571
-951473
-996019
803822
561117
982980
-745941
-65017
-6853
-939982
886228
-323805
832465
-946197
545286
827955
185923
-553931
976361
-888083
-130646
-749221
-210320
665793
828818
-657466
478348
899617
-332377
96756
410083
-476807
145283
414064
-672985
-293601
397043
-418926
641382
-609810
-358907
527610
66386
-526443
581414
-388328
-698488
-232664
57741
-722127
-120746
927096
-471348
668935
592888
-642531
-988532
71236
-742914
-320908
-832009
667169
202286
313275
81233
529301
-980327
-521724
-889625
661056
-131533
-248532
188666
934854
225025
-229920
-453475
526537
537417
604267
804411
-583329
531362
-666938
-914395
124250
-309468
-902926
-804514
-52382
-223834
-636522
-385213
978452
676753
696021
507753
696427
-825703
618128
357482
42764
-630405
-453852
-22382
594621
316228
524144
121157
-146355
128410
-74432
270316
-340228
258630
355921
784022
949163
452996
979508
-103220
-770839
-657015
511568
-792387
-980262
207588
715366
716165
381886
333493
73646
-575350
703089
619795
402268
297709
-63978
-73589
-581134
789668
-945179
344434
59983
-285407
-396936
-584096
-501385
-447774
868900
-521877
449006
-901939
-178891
-39426
-694326
-159153
-831838
-978960
-442989
550048
354534
630658
974698
57622
250452
376966
-644670
-813526
-696623
-225804
976142
-641802
-881371
36124
72791
-278307
452029
571407
273919
320928
-950471
-277075
418989
-129362
683500
724664
711485
851662
745705
-731505
401710
100238
899153
376407
-842141
149605
-246627
-486811
336079
56750
287386
312220
414948
406015
-651656
-512261
-872292
800374
-940855
401628
121301
-891325
-875447
-459710
-20687
808053
-735046
-309202
659715
-989342
-40707
61424
110896
-141554
-562169
268756
-991950
191204
781945
344130
-752047
69330
-343650
662902
-524655
4694
-849360
-396946
-194933
-790214
-995319
926369
-681539
-870765
-533341
297775
937288
-268386
988573
597002
-257728
-52134
-341575
853169
806313
96257
121924
814364
-712540
-96131
158493
-464587
973200
814843
-801686
-551456
-180463
-651045
51598
624605
-441259
56280
550974
-122797
185515
-982368
-825023
122803
-250753
-836450
-280195
491520
111416
378231
344688
-82272
-525513
-533388
-267909
-238053
370481
890585
297361
343681
705427
495675
792225
-475037
844630
-156177
-850433
-596629
900104
700542
280574
85619
718174
455552
-791579
-532580
619102
-71774
958941
-269482
-693543
303628
648247
-219056
770241
-619662
542891
140722
-729078
-159749
-515598
976349
-664074
-723373
-498688
-819444
120450
-349120
-416073
20554
-648579
864502
-893828
-930405
320054
-685407
-462984
-60844
242820
-504044
669674
549278
799585
317920
-669779
569825
698258
873113
-289454
969181
-286636
194949
945529
49291
471576
-553159
229847
-407974
97721
813775
612580
449142
678277
718752
518738
-1670
-966655
-944247
937486
276166
-448291
607160
-174557
-648707
-74920
155665
921119
-376662
28778
-368335
-407482
742142
826614
-461953
-208568
298189
-15112
-978721
890216
-917392
835054
502795
531751
513330
221547
50488
-488340
254893
106242
-550854
-468942
657951
-943695
356502
-990756
-18615
-487833
930363
604724
540945
-437973
-802759
283086
-611359
-264712
-925482
686831
720177
-904202
577046
802786
930852
79840
334537
444182
-698613
-614975
955843
556280
491267
-595012
-912662
149218
-538707
443840
158462
442679
956007
88825
47403
496952
650852
244644
-219962
-960507
979933
-145444
726324
700110
-49646
303369
502895
-118794
-616791
-162569
-674612
-315404
222456
-718770
-759125
-286277
-313782
-671786
862941
147512
772054
21403
-409809
728061
-889773
637594
225013
761080
-117762
-994950
800573
-137830
-140393
526896
-437720
809962
-169735
-934826
-308833
213474
-97394
16556
898070
-874938
297786
-861055
-161215
984005
-532841
-298274
131516
-760787
723129
721708
967275
833356
359301
192287
594436
-758462
197337
395008
103709
-943057
-78096
665990
866906
752169
731164
-441927
-34358
-366230
574629
-136288
-241168
-127586
2658
597617
-143581
469818
-700657
987936
709032
-977529
709643
676306
855828
68944
-131407
450263
310482
-934071
-154729
-585809
-877127
767175
-919820
989779
519344
811345
-452149
-515015
-554886
-877520
348698
203946
-5105
-648644
-198437
851314
821174
100907
839249
530206
123378
548892
206511
-20794
-382165
-924896
-570531
928318
-858966
274740
-657491
-736093
41915
-577311
-746314
-438742
-765966
-198462
46244
-320851
-75982
-605058
883095
918914
-253702
-315342
770227
-432528
785565
609476
-902323
-91057
158367
304189
888150
776202
379294
-682382
704519
520328
592359
-952973
784236
-365726
-530283
-962079
195533
-296248
-160540
-758223
382901
763479
-363281
265996
682392
383018
950654
452619
950491
736219
62094
-951832
-354838
-779539
352358
-466689
996663
-268349
-149070
701182
-748022
-556712
748210
-963787
77563
-782073
-925865
-726905
-78321
-86404
-485128
-695420
-322926
151592
570576
-640534
-465391
521230
812085
-514900
257449
-125821
-466732
902611
94640
885627
-564078
91303
-382723
286852
-207515
-130745
730141
-459306
-94531
-192297
-241378
-20396
80799
680302
893200
595671
984882
-429726
-252737
555457
-70260
281873
76687
-258175
766973
-665865
616005
-699759
-763255
-289355
-814133
-327332
801948
-196856
959521
-405568
672400
689661
135127
-422132
-502636
893749
557473
578163
574050
450673
173834
558931
-979054
921098
114388
-49313
202970
-808926
692513
-30057
-474791
308517
270184
-238045
-980839
456052
434624
821110
-740805
394144
-584458
931596
83805
550669
-490536
581169
444417
-933064
159332
18467
517610
-666834
-422602
538557
-745737
691786
-510757
457234
882861
-818244
-572824
-591930
490274
697361
170026
509435
153412
-395351
330545
412608
998793
746087
344203
82597
296755
853667
-336234
-258828
920604
823098
759640
438214
-843736
-662963
-23230
-589473
-971177
466013
867761
911685
647770
-705063
-680246
138043
992298
489780
-352522
145709
-905571
978023
-441684
-906779
724109
902519
175819
20864
756186
839585
762037
676790
662683
521676
115003
818947
858714
-908228
-770527
887538
557786
-902766
799222
205555
-607829
-881024
-656402
-615531
608757
-8924
530178
703186
-30902
-911507
796407
-306793
991013
-27775
714072
747199
-188190
476108
423989
-525508
-2216
-461009
-706562
-143502
-369236
-477088
-255964
-811450
-379854
-456742
394106
12318
-337766
737704
396787
-729010
-271221
-73035
974177
697878
15458
770583
-608916
6471
-257192
-894844
-246330
554619
581265
-822342
-970890
-420951
-283350
-677452
435547
347414
-154540
-820417
535965
465607
-277159
-69930
-522075
385075
-332226
874713
656066
396553
-198323
630242
94431
817136
400825
485516
-176394
-856367
590672
577277
698252
171936
754935
727362
750985
-528416
-950090
186532
818999
-104630
366115
354963
-639023
-911045
-714967
-161097
474031
-47193
-286385
130097
-650640
515292
-239662
443791
332427
-838837
-70694
-843967
-695204
-480022
733310
-996953
691915
488244
730409
442900
959829
780320
-370569
778827
-324310
995547
133790
36667
-915498
418823
875570
558534
-628370
-410816
-311370
-279010
-895524
448969
-835219
436904
610132
94088
592937
914928
614066
326247
917976
305981
-185510
648385
-251120
-225681
428704
378312
-446855
-895607
373859
686936
141061
458361
105759
16630
16894
477389
605815
705525
-801621
710292
154493
-636839
147195
-235376
457249
-259869
-320448
71315
-933622
-402473
-622705
-119132
-754089
126176
655188
674616
-495513
-791667
779009
878346
895269
-79931
336707
1027
936700
-646399
-521584
542515
-940875
-323205
252806
213619
39957
-600000
978243
-502795
140132
-342205
568521
206510
255323
945817
-912622
501235
71992
742566
175850
576480
950899
-45141
454826
846168
874928
-208468
-152805
811628
145133
325611
354142
204259
-997594
-393052
-582123
42363
6949
-603880
539569
-852919
53915
108090
353591
-690763
53906
440970
810473
-874102
183536
-13678
702378
134435
941181
157203
-19397
816109
948736
827798
627736
93869
153408
-18122
-701873
155815
588826
-283996
-801822
-404225
112125
737747
-257144
-833961
-154164
-903553
-524723
899743
537417
-714250
-974360
-279047
272072
728019
855389
213253
-114778
-164009
29361
-166043
-336212
-342903
927826
817197
638976
-774047
-26989
227802
-58042
171189
823577
-945918
-91064
-433568
-779878
754773
-337121
-304600
654515
-799704
-18850
680155
-78751
-746779
408174
-223363
466475
-706605
612629
-504165
127352
-723584
152933
55178
-906387
-208092
281131
66624
-980291
-776912
-762187
843286
-722829
146750
-590283
-502707
-98478
72597
192694
-443964
272893
-826157
-763809
-805858
-572935
644366
-29220
893540
937761
-416592
-610625
65113
-140176
542309
-879710
-46562
-665784
401422
-979939
-646074
624511
-742125
-802788
901682
404625
-393070
-601025
-693853
679527
591669
-137816
-47580
765513
98375
146562
-807422
-257260
-882659
-913883
-319499
-299251
-524507
745614
560574
-982199
865904
-485989
-647982
267326
-465927
-294056
-108164
-208051
-96843
-206482
-803427
510087
192493
-497280
189613
-215838
364904
-857968
-450325
-536721
288595
-257747
206020
405936
-171629
886521
-893315
303864
632135
667260
321666
498039
-818729
673684
-234636
-284656
-620372
657200
507294
282785
-549283
703867
-207128
643211
-793413
982485
-572627
571492
-875483
-22952
-965229
413112
719302
240791
-180952
-452328
127312
-74267
851537
-240553
-407007
173202
-742515
-225736
-153114
22849
489609
226515
-319951
-3098
-490700
130767
-299231
302172
-226022
-92644
284657
201351
-521152
409174
-821601
-486381
-177714
897701
754411
641334
-554627
-118278
-432934
-703091
641170
160059
470112
898655
934324
-683002
-78497
423932
543513
601553
-579167
-947187
-267681
121603
354985
506297
-971042
-360359
-292352
-492193
-951185
-113952
21426
-128899
-216252
-224164
-487566
229122
657559
79501
526031
298728
-760440
-3858
197383
-826117
313140
-881114
597816
-143347
720439
-981351
-90534
-547242
140252
-735549
959056
169211
-95908
-333297
677018
-47092
552751
-301556
824009
-663501
474280
-663557
565621
131839
415944
91652
-569433
655505
-912206
627950
829388
400934
746836
427204
-742413
467275
445853
167053
920033
-413895
431504
879088
755316
-664404
-454209
432334
288504
-901459
-869223
112513
-564959
605058
448956
-999338
-263104
-135100
92314
167463
-479596
180108
-204587
-650208
-418958
-457752
776996
-161371
-990478
222848
-994318
929556
808954
437187
808643
564269
772784
-645567
-3398
61287
-547025
127379
-826201
-111983
-267564
622756
-111321
469333
-512345
980994
-363204
8059
161102
432209
357851
742144
974457
134846
-419227
983980
-642306
-413544
913535
-833353
-976358
722178
730917
796426
-923390
-272481
-142287
-470414
854898
31513
417603
-412666
-345732
-693719
-943333
141924
-712725
-306537
-850018
448377
-874329
507834
190521
-899872
-357320
771295
-915892
375
-642250
997643
167023
-618607
719820
-102061
-822181
796431
625458
35532
-673984
480356
-932955
743620
-932310
-278686
-950099
-875643
863238
-662824
-182179
-986780
785553
-56508
521054
-23926
43621
-836266
-252632
127729
164109
105118
125372
-668869
486511
-154808
229071
664330
-358378
-145471
-300138
-32361
-665115
-233092
-288742
-597424
488222
-238841
-473066
351460
98336
344755
364680
-116112
-711753
-114266
859963
331868
49468
-392670
-540404
-786423
712448
584968
-455292
198959
-569841
773780
-136711
71782
-371691
563152
-960579
-36806
-669941
-249321
365770
818282
511839
892704
169741
-389826
237459
-465579
494063
525706
420156
354025
-142427
-530376
961355
317170
-316799
673803
-97863
227910
-127238
332297
1689
736052
-595921
629998
299203
-556500
-406808
629263
194180
958962
447545
-293982
851666
-382715
316192
89124
151707
-189745
-385171
-428138
-835721
472403
41486
-874366
-210428
724688
799438
691710
-47403
-327801
24007
954287
-591749
428086
584285
707455
871587
-822524
336717
65766
-863562
-215739
771784
988105
401547
87976
77228
-446746
898231
692058
125116
-937490
164460
-833398
-811856
954032
891290
987582
645742
-156113
-340219
-330252
-201827
68032
-902167
-617542
-224514
969421
-440066
-887797
35186
-303627
-103535
-193030
-315523
-701988
894946
761705
-148734
793177
453763
976383
855687
-381778
-857015
-956170
-427746
-965725
-968588
-782005
-121838
-308806
-112257
676336
759227
-14423
-941206
-465287
-45003
-381272
-353084
990184
315102
543382
-202847
999579
841394
-307902
761284
-307340
-514726
215046
-330958
-659039
833269
-187972
-615209
-594478
-153697
-583796
-376483
724466
107398
511261
400802
-133376
-503162
459596
401337
451835
-921676
-951747
442018
393426
591636
-760829
393004
433030
-68730
154288
-874311
416545
-630667
-205268
757506
-797399
606760
-857704
-391876
-546937
-441499
231642
-822472
665899
-257098
578330
-467477
239740
37926
933861
-308425
116250
982115
-866407
-490325
573750
-627236
902680
6779
304034
56968
132469
-279421
426302
927201
-521916
628903
533960
-379619
-762973
987023
178882
468669
-835449
-155219
-788430
742882
377305
451311
-219193
311166
-857115
897058
293280
-723522
-593267
-132970
-350757
-690588
873810
953278
366381
6278
-326144
-207318
-66522
151940
-578415
-532562
772322
-341388
-545539
-48797
-872720
-380987
795985
-661149
-638106
173289
790162
142702
-515546
933048
39759
777735
-790475
446492
-355236
-141231
755905
-481426
-187954
122285
524852
485902
914967
-541670
-362158
-663449
-74231
-589837
-4837
380230
361367
122444
999244
157351
461295
-638863
-669360
251457
503839
-184906
184504
-456403
-407171
394030
990090
237594
-747202
745994
756168
64845
-131722
281020
-449254
-216756
739350
188589
119796
-334881
598752
-885041
-954652
-39881
237403
-955408
-882531
-301302
-594271
-551891
950156
909569
263204
134659
-546834
856033
-471311
-556745
93627
-218512
-810752
-150206
846333
57527
-869186
-602921
840772
870164
585668
-39433
-464718
184420
75527
-419369
-855462
-687070
-374777
-737993
11628
30953
-289883
-38216
-59479
973321
-903557
393688
829354
-374868
836943
-77019
406620
-973809
772775
252952
83718
903590
650031
-75511
773753
235699
885056
-690965
-579882
-39418
-110333
-435344
273512
514891
-173336
-714860
-454157
536781
246925
486365
510102
343368
-119948
339456
968500
-283006
-737564
375120
-256815
-964789
-371928
826904
938801
-721897
-248608
712554
513802
-363552
-978411
933921
597030
-88744
-501423
-129458
-573854
325241
155683
-28010
-137978
-597393
-541646
-627876
745975
338407
711580
714475
-944599
974017
89595
-201413
-990773
717667
-374510
948029
995771
376882
660582
509573
-986671
682172
443493
610360
-406573
942071
-519098
19574
267311
636586
991565
-870667
-960808
-550082
-498543
785168
788326
-786963
499643
843727
-812947
-410763
-357687
-803719
-693096
267804
-855690
-697326
-355315
804892
812248
-341985
487063
255740
-731626
-919510
197810
-250723
100065
-534879
-614138
91629
-405545
-574946
541548
95912
-789778
329873
308949
709865
173600
496003
-700898
815914
692285
-393994
83717
836595
-91319
728403
641487
-279072
-613583
128550
976669
-345208
209040
174479
404069
-690896
639601
789931
400733
-765945
-785015
-57720
329967
-574793
-727847
-361084
-864929
445753
-865082
-565827
261666
827203
40180
-654617
663797
948861
-926215
305284
-330211
-539798
-566167
-353543
114994
642873
820937
-480938
951978
460537
-691007
352711
694592
-476022
-705009
24558
-50815
-432856
663475
84257
-987103
798394
518431
274563
625597
-441390
619946
289394
-492529
693732
-405323
177260
-846067
28510
823718
268928
-328617
644654
787991
-376640
105190
-903017
976071
-200219
-379039
-728938
824340
570146
-161794
487815
-345598
-148897
286208
-827168
-874334
-88196
-268557
745613
-798803
238914
439344
-204126
-583826
593278
824384
-760109
-137795
-504234
884546
-349805
119127
-10265
-252822
95198
789517
368140
366260
613857
-61715
-795535
101671
592688
55569
-612121
765521
181235
299683
-503037
-73153
500881
735878
-633809
-703246
-847949
959469
-878862
-608057
-178327
-383095
-723512
471869
736032
266224
-780953
-168771
55741
587187
-802512
-330403
-474528
-598046
771269
-881841
457524
-840852
883681
-361242
458831
-619357
565606
-40289
-883479
931797
256466
-731428
891266
377604
-339485
-287061
994510
-62996
-815193
730541
-796773
-596146
-438230
258968
991042
-240741
928566
-483487
161213
699835
-365327
-381264
858983
-481647
257495
317814
-101003
-176899
-722476
15518
-245102
533991
284091
-353837
-88405
944607
359102
-93896
-118390
543910
-363356
84837
947764
198414
-656195
938806
957673
-727630
-544682
118886
972206
89992
737623
831188
608345
-4882
149001
-492658
818219
426526
522860
-426883
-39484
-193049
219280
872111
-248443
-421618
-221785
633167
-877709
414860
-281996
-929945
-386727
61809
-991140
-429054
334180
-535821
689833
306385
554171
427456
137573
162516
-577427
-713427
669858
-759208
713099
192718
-186091
-326385
999669
-966812
-454274
-248775
-388430
323941
-615608
-266138
-261200
102396
-196083
352074
-835795
-187223
923021
498386
276956
612854
-195229
-168874
40309
942344
993643
462882
-771083
663500
703675
942016
-143782
-482417
-384369
-144113
-449228
161357
607113
162342
-514703
991505
896204
224098
93901
-299880
-423828
258107
512898
-500808
-243508
-210147
-887955
561263
620980
152355
503607
614622
-384763
732524
278122
-681089
674540
-865661
-163506
-709830
-9774
387266
451528
-402661
-450392
936826
-411157
-554188
160923
682744
145933
737095
-59150
-341170
-763713
697343
448683
-651667
258606
69663
500688
-237787
-315716
-884076
-505264
962407
-565165
-830724
-903255
271330
-540554
86972
-341405
910974
684311
208204
847799
-726846
654016
8722
955899
-200052
-254183
-103252
458778
-17895
-405909
-92539
330438
852697
977125
-168874
-385091
-338592
-52950
109646
-376186
381886
278922
-279440
-346784
738369
807533
311812
649343
491844
-479985
497142
764998
-825970
-494136
720896
-26022
251681
-382356
-567244
-766215
211736
340218
564224
64432
317342
-604651
679342
978751
342400
-211012
-397435
-275714
-932090
323125
377502
806280
130657
-310687
455622
-377499
209328
-47236
-612502
383359
458628
-891606
-642663
-289691
-273962
-209907
-55905
937774
-869689
-491682
2206
447653
-96332
-318452
426403
-753932
470537
-971033
-29646
538447
352093
-652144
344726
-517250
37170
-199652
105251
-753502
753112
492750
629857
211739
601144
987194
922049
-672818
-222713
-133857
-735044
-92402
374462
267163
-644750
-721871
948711
781654
-475803
419247
810622
494552
-42306
162714
842408
-697581
645465
-120422
102767
-249285
126076
-144122
-756535
-244068
-932383
844609
-256875
989667
-828210
520412
-144191
-563253
-571990
-769729
703910
-216740
-491599
652620
-435086
32599
71867
-624465
-472850
-970440
538250
-630442
-668020
183715
249136
434747
934430
-624789
-709375
-822106
131144
-641757
-977497
874270
-652091
-805706
394682
203719
-368959
822692
433991
-665050
-394048
942392
987571
170867
-25010
59438
546403
502141
88999
84652
871699
420979
-731634
120835
-144274
-797204
496047
146351
-619309
-372810
504595
-596805
-498540
852505
-402511
896142
56223
228531
718834
-509787
563482
-675215
-567395
551053
495652
407595
-389510
42054
-90265
699490
-873294
-218566
120468
-604927
902270
976194
-402130
398316
122545
-21438
-974494
-372861
381757
-473033
-520357
979247
-576892
535867
207777
-858058
-973920
-228741
-533273
-541315
-677689
962380
866281
-67198
4434
-223984
-367709
131140
557451
752759
526214
459720
728953
-875917
-141964
-148503
102645
-116457
478637
-515598
410511
958281
-536352
833619
494148
671425
975561
520229
-557317
-557712
978914
-235005
-595333
845195
697797
409101
-378790
-669913
-459759
-821339
-917154
-933546
638382
811799
-809462
-503583
-336704
293183
379961
-858068
777586
-209529
-899787
-758767
-375910
594362
912659
-400349
114590
-644659
41940
93504
120337
446608
-61302
-181867
-144292
559909
148221
395950
738570
231067
462405
376952
42865
652943
873369
706162
-53874
253330
848095
-276289
-956199
948308
-35056
-332108
542669
-122398
267543
-342742
232944
-690517
750762
-646719
756091
-310540
171414
-388201
-750632
-680366
-992252
987939
550702
470153
364890
-406433
123096
238259
-700272
-930779
-508411
-852178
-207067
-464609
-903870
757877
203283
638800
-364521
-529174
-703942
868424
-219691
-953180
-778296
-463601
-263720
393119
148198
-14351
712754
155946
-26412
263455
-373901
-661523
857022
749195
576737
-843251
818417
-931674
-695428
-388651
-396283
-599298
-630774
807000
-960499
4706
-722175
-664441
-126870
58134
-617621
94835
594534
118659
-512047
-257269
-895692
-799293
898678
77896
464162
-475223
416374
321184
-726029
-6889
477934
-907612
61437
782506
-296263
665154
-816792
72964
472153
-777291
-922331
749979
-441731
-49201
-191887
-59352
-954367
-597354
-940693
-466413
145377
-836384
-265706
44055
241512
-801544
568832
-342115
519641
842804
650997
-2426
935192
-287567
-219920
-361072
-622414
-36712
711892
849740
185998
789562
599718
744267
-259639
-592170
-315086
-214005
-189524
-255778
319583
955854
-92162
-946124
-91
-850650
-747667
-431260
-192764
771975
-588457
-541768
-230451
-653265
170665
549629
-14337
548251
-487083
-302445
397991
698915
-512883
-2292
443181
227478
405539
-871905
-986527
-783986
-127682
333056
-828132
780156
386933
171777
929506
639266
740518
-263258
411241
-847939
194974
-819211
-501204
-634362
730418
484460
913890
-756666
-817986
311880
942250
-330868
-690413
385430
896611
715127
513526
910084
931141
-614157
243139
-896991
-834001
-369929
274787
-904495
-730664
15304
-167753
680578
167365
-972780
861367
666161
-607141
591784
150620
-693252
835119
332635
618628
777368
-998233
928216
162798
898378
643342
-323676
808461
574483
62168
51599
677493
228168
681670
-47721
323673
951007
967584
-844080
631584
134949
-816860
492950
-198890
-424001
84734
951731
-117252
-80147
284365
-498624
-302779
286133
-570409
860020
184510
-927067
-463657
-7030
647417
598512
-955432
324909
-173321
726239
-722812
-849649
677245
-755228
-693729
308829
379721
-510588
-198222
-819170
65412
886513
-867440
948160
-193635
416926
-550465
503586
-296942
-120873
363606
887568
-47939
899949
-119462
-400522
498461
-74893
924387
-674861
-348655
-798425
-524510
-671411
-553653
-218238
637419
826068
271175
-560803
-993102
-663414
-674291
-860541
-715254
132075
556385
-265718
-364340
-740557
613410
999266
-852989
-434530
899215
27549
164948
397675
952656
89335
722815
-395999
290911
-801696
-67409
737259
-19933
-429991
563327
-748758
9206
570225
-412171
334915
709684
-127425
-533011
266069
606858
102650
525513
220267
101916
672524
785738
1131
-299927
-49314
-601194
-347271
-959979
-878380
256730
330932
-680075
-810680
68191
299993
-240671
-368483
551235
768535
-798258
-860937
103450
911427
11638
570440
177495
-381504
-326910
-296993
838763
775006
-624469
624500
-223863
75604
-424814
174943
728333
-384793
296563
-14937
946140
616489
174383
14330
-83519
933713
645848
-532285
702247
847590
-393222
-194303
759016
618417
-623864
-63489
-763088
49227
639519
-924325
-175767
-984951
700176
600370
90654
-724639
-224688
-181013
-109431
-928125
804050
-163292
688364
-21567
851039
-395155
-87855
496886
72560
-385608
344476
679339
420089
103491
297756
796226
-959998
534669
-154547
679521
610344
669686
694571
310520
270055
-214776
585881
-954633
604212
-523550
-882757
408262
313158
805608
-613306
164197
-589548
298840
-338917
483013
913232
-994442
162351
333321
109050
-539893
129547
149052
994776
975000
-171428
605120
644685
-476858
-84361
-85260
308367
-498480
-39893
-87421
-22030
77350
-679160
-708872
-117042
-292465
455325
293410
-993626
-883592
-223578
919606
-878034
938774
252927
231016
-601120
-617527
-619933
-606344
-642528
208640
998776
-997843
731783
-85585
-83103
40150
415935
877005
952729
-606095
-45645
-726431
-314967
837313
-18896
-859642
130723
-12522
-743234
907146
-92917
-621268
845919
-839990
609749
-755201
-457517
989817
-361545
-100044
198457
-362769
-97887
-69761
551646
819011
970390
-32419
696015
923119
361486
-349630
-803313
-953482
-512318
177791
-813123
618405
-834732
-556357
525550
72352
-177624
371469
232362
-567876
616269
774846
-578059
-745276
-325199
620398
-108045
576915
-449363
-556399
395926
-478973
411182
91941
-555855
-227333
742311
-359168
-180814
-770007
818624
6063
848398
983893
449707
373948
56244
-727918
-254584
-711394
-295793
-638315
-936548
126148
-383591
-261746
-253454
508365
-684832
297184
951966
711095
818211
363148
-196965
-737645
-864185
-454654
-96812
-44999
-224661
-278189
961065
-376263
-294297
410771
997685
761948
682854
-256899
-949446
-612940
104786
-885994
513209
721195
-147740
-740246
229559
167429
556939
181525
-121476
375149
-455328
681559
637505
-319512
-773095
-459308
635489
2244
262504
596554
625981
968207
7325
623666
730155
-309822
-633233
780709
77238
471553
894716
-409553
192748
-253024
-149799
-577693
914405
-592860
603833
-207072
782289
-851496
-525513
419793
-171008
-298607
960486
-535519
703638
222990
-938965
329619
191197
68360
-46716
-78649
758538
320051
-297940
-164224
-208396
-403224
426223
984352
343752
-723577
-593341
258157
-316437
-989509
-948915
-534148
-841004
-474428
885646
-12012
226966
846132
452470
-69397
69121
513505
-739779
-739683
-418136
213505
181668
-659598
-466444
883729
176178
325160
-519496
-397600
309512
824256
-121176
716171
82412
562388
726662
133497
-971761
885659
659070
913886
-126354
-113964
760017
-673884
816639
-170863
839622
-923141
89454
-578514
290365
-728878
-238112
823921
-845150
938066
149081
-364645
-459535
-541407
-540390
419289
-825237
542023
-18324
901426
-324480
9916
787084
-665410
-76199
-339270
220626
-316183
-13153
37264
512955
-173532
114124
-397592
247954
-595512
-126469
-990159
-771591
28382
947907
377491
663737
-511628
836084
-876653
907662
-989154
665371
-110663
912273
-659109
899254
699357
-324519
-176946
-639913
896108
506872
346934
-66628
19826
-826599
-952505
622235
421356
-548016
-504234
431197
-319606
524148
379104
-942116
187885
867476
893968
311233
775137
904815
-23397
-335526
817088
317494
-436273
516444
992976
386782
876531
889083
-106346
223465
-177546
913481
396866
-130050
535716
-181779
321934
-968519
-750582
-997673
555630
628522
-939788
-256485
495998
954180
-945253
271135
858994
31350
935609
676081
-651156
-500664
192525
-658181
886119
69056
-769099
-220227
-707480
53356
-306747
689386
923307
-771031
-492393
245241
-739550
-242974
247568
816081
-614453
307781
-440405
881546
261960
-385658
152680
120954
645693
88289
-202965
994537
587626
989560
-663645
473745
58615
-432743
-746483
351135
620613
-53229
40521
543920
175740
548129
-210840
436191
-694846
-963272
252271
-309298
344509
811867
-427753
-393532
-573792
724928
727422
-928099
-186783
-475544
-933563
-599158
-485984
-597207
874587
572631
-29950
-871896
-76234
-409337
74875
964287
-865418
-749386
512416
-76258
686805
817570
-39530
-60924
-491729
-695022
-249058
80519
-88553
177151
-194554
-361131
249053
618663
163326
315490
-980495
677342
718283
894093
249973
-311667
-977804
-826262
278997
97072
-861975
413579
347687
650441
-662679
34492
468011
297792
973568
976282
602771
-275490
56801
-485783
901662
862248
153087
150714
480910
-683588
-533796
500416
993755
-815513
394509
243727
-127180
416706
417466
-848183
-486223
555492
565396
861465
205932
902718
-104044
-326058
200509
-130476
-349776
-196720
594035
707025
317497
495696
569272
-529416
-353590
50182
