759618
79367
-158596
388399
-660451
-890264
754928
-127173
-45905
-173209
-219959
614363
803851
-549055
-734047
-686334
247386
577705
425971
313280
-790364
85375
555651
-623909
-704143
-783242
406222
987721
-745450
-322557
-481131
-985833
756810
360273
402566
-903641
470009
157494
-30814
-575896
984285
749228
-961533
788136
-799828
-695579
-898198
447559
882126
527773
-239162
-908238
-386853
-683511
-532146
-90995
-466753
874076
-103274
-212203
-448482
415595
-198035
-691672
-224133
-795469
-595313
-754124
362025
373874
-330019
346309
123101
-291551
134445
323274
12870
236247
-229168
-105005
-235981
531671
-13242
377166
848160
454612
-713830
-618593
328688
182897
169204
880207
-401509
971170
-811466
374359
-824300
-406779
620236
537726
967096
-709784
-115965
90196
-1335
-981521
-586531
-988465
254726
184302
-93470
-981255
-284028
893289
395911
-435868
347900
682082
-54461
-323413
-135022
-885257
-443206
463470
-914088
-254672
-162172
-738387
338550
-541937
799339
305645
-251720
-316626
-604159
746945
-298147
-190690
758481
956580
993613
-334989
975325
-290416
-441701
371236
273717
906199
53318
-780745
-417214
918297
-666002
139580
381766
-580089
884909
-780406
-318475
223458
-322343
-519136
-470898
425937
164238
-75057
172882
866091
734254
-68638
822670
727866
596374
797995
-562550
-845328
169230
711167
-939129
-777452
930423
-356342
-859156
-735579
783239
522611
-315667
668147
742205
365858
-108396
-580138
846722
420707
845799
10959
-654350
18681
-122951
-920096
950044
-300281
807771
546417
-502287
-754779
701089
666944
956389
761961
889493
886811
-594382
-969664
-848768
-811144
552948
-164435
857003
295153
-798578
-251393
715015
-951857
-830686
560814
59103
-485036
-420506
936153
-405131
-470462
-364129
-597361
-924046
133585
-352140
777044
-199471
-395752
539004
-309979
-508941
944623
-279642
-357709
-866522
-726694
477856
990482
568459
679279
-260911
283473
727423
-91597
-155714
-213475
423367
423781
-277323
-981765
953319
358548
-579125
-970727
-507867
68735
806317
292663
672984
345321
982684
-835957
289944
-296958
-193665
423423
-23652
-715809
413904
-455194
963470
-847008
828280
690892
61395
-327435
-522583
-515238
-903654
200094
-497002
-950336
-441358
-76127
-921063
50775
992609
885255
-656563
665593
230576
-673879
829636
-479481
29164
-364030
943942
-994489
-79838
357846
-449682
-116369
510838
-621403
-425477
-427767
51163
51940
56996
147509
-747967
559994
197173
-189324
-516133
276111
861452
-523525
161366
-795111
-857933
-608059
-468990
971704
-87539
560174
-392326
-143598
565686
527836
-785752
-883997
-588533
725086
-505400
-14010
-702681
545764
-962070
354316
-306728
-710036
-85691
890446
100640
398176
166556
-37909
874652
-672078
166980
-983282
-280137
697991
988423
632324
258165
-403904
-511274
-176150
-876069
-297026
-60146
-464602
-571940
434455
521389
-274620
-19782
559319
-920305
673490
849284
-5996
563935
-50077
-607820
-269509
912015
-733169
58413
78994
-716450
778277
-223015
-728028
410601
-964851
-131931
899327
-141001
-8000
-397699
798854
527399
30362
233308
48787
755742
-786475
-391894
835437
887015
-542610
-170559
450950
407313
221622
-818559
319328
488454
239854
-601678
772005
18130
175307
-956023
-571270
210456
-87954
-671943
-930545
904047
-69641
868309
431445
960721
101616
-519768
716463
315142
88339
551900
202157
545729
-618659
-346894
-46958
602963
-165453
-727631
91417
-925599
-329309
-136579
92532
845999
-92601
521263
56455
819445
849321
125910
723491
-220321
-5781
154936
-259600
-904165
635168
-543138
410977
-276493
-991239
-386866
-730765
-609898
266241
222278
993066
-899212
494647
84482
-824811
-834662
947904
267721
-988663
-144698
-211016
67792
-325254
-361696
-806298
-601763
417983
187922
553173
-841618
283757
188341
-384755
-305266
911848
-375994
307868
-818917
14108
-425892
403361
7174
-325103
-101992
-908345
-149914
63347
-960441
-882193
74684
-105139
-93209
-857525
569608
545096
-663822
967846
-36921
524100
521019
121462
-192144
-290641
736707
502591
-378793
-639288
-189541
-197710
374821
384568
-794349
-618006
-940536
103659
-526350
-90449
-832994
-486791
27358
241690
408071
934150
384166
-22321
479246
720344
-54476
-557676
244443
-533458
563786
-947701
175901
300492
554891
797109
661205
-634651
-400601
36026
749917
-194950
418021
809381
908710
891671
-281069
-924285
-595120
746290
317405
812952
680440
-298429
-209370
159685
-578086
736155
602009
666358
-797304
165795
718658
378598
-533714
273548
175706
-872509
638898
775105
163517
388814
-419845
-418463
198195
-511136
-526792
917127
-435421
-121911
663417
881985
-308959
343856
-416445
481671
-496459
5470
217825
-894450
-328172
420522
271345
-609515
-200881
737631
664034
974826
865123
302931
749930
28639
-308255
-669916
610177
889941
-181052
-916615
807067
383528
-38526
470484
265512
652515
-185660
849067
134186
317881
-145463
-647990
423431
526365
772533
-305225
916850
-428349
-567594
580884
-453524
-702472
-116186
-703594
326168
575559
-373509
-63656
465500
445440
19729
272567
-171033
981204
-256950
-905522
633718
557390
943546
-232096
-124729
-201918
119915
-701299
-675554
-107553
-6523
-758704
464098
425884
822180
-989426
723412
-294006
-693020
49580
-718447
-66529
985924
747053
-621090
5653
19619
207877
-13144
762669
302356
-379426
320059
245902
388478
-804671
-956016
-491608
-505969
-631569
400839
487509
-390273
-135063
-86608
-568093
-124489
-363196
137901
182491
686384
419455
-884038
672307
166507
-505128
-322040
-813874
702750
664816
948796
5106
-714611
268854
-748993
673868
464184
-705008
-817740
958216
-336577
583100
445725
273151
-551964
-640884
705058
323548
-4080
-157041
-493961
-317696
-737587
-377999
-645390
428921
116874
32571
615047
-180376
-302614
563843
824730
-17224
-167304
-924263
-343356
-703120
-629271
-161096
-744904
34152
-577997
700821
-692698
-129960
-940064
-987640
-806413
55857
-144680
-300374
738161
117734
321628
-907229
-453346
-561499
125342
-838299
258125
822729
725544
82855
-194495
-441760
158593
462149
-144879
529323
-698948
110217
-436526
-276944
-188962
-129223
593096
-129025
-116862
786683
926832
738458
-513692
664993
-143809
807936
757765
402846
-753563
-116894
564548
504563
-294165
290092
-412583
511340
848332
746011
-26512
-296547
275333
274541
813671
838808
997597
-375292
-290415
590692
495683
592723
377374
422515
331181
863683
87507
-812628
671618
-154729
590218
918056
728378
154766
422618
-565788
-555143
-989965
945553
-706811
756046
-80960
-3358
31379
-806419
-189687
-129814
-808823
435021
579772
781869
-69297
172494
159243
-646782
-496325
22925
440725
-308953
-305458
-714004
-718735
-387403
-985627
436031
-964785
-551414
880888
-954750
-605862
-825924
801296
313179
170719
-167325
506760
981032
702861
697938
416053
282632
479806
-653245
-544874
-360952
-300026
-41199
661974
-859302
649849
-643485
-573306
931114
-30887
-558932
367144
4329
-110345
248031
49579
283794
422108
-149125
-403027
-407174
683550
-896267
-426142
386411
801671
989911
-330957
281477
-663334
124169
920526
36640
-917030
582499
177338
732819
939015
604033
663932
-91872
-954899
31075
912457
-65243
-720894
-37965
-781450
701214
812911
-184477
-705960
496460
-80744
-132102
-117129
-279073
-142192
551914
-997597
194474
-323917
922929
-768886
-240947
505427
408453
-508128
444441
12486
-844197
-647432
57587
186879
-734975
992344
465986
227060
-789106
167199
39971
26417
461240
-463569
945674
-670863
419302
-333400
186946
-28785
-330996
-618580
647299
-408068
-387465
-593649
-902641
-979013
-101776
541801
33473
54028
894370
-908941
-759094
-840606
-916597
706893
386455
-705703
-125908
-573575
320715
-664669
-37144
266388
-335531
-617843
932989
851416
353373
-398007
-767165
671
193926
-154630
407023
291285
-133642
-694754
-166914
899831
359274
-272545
990891
600181
-113151
-925707
307073
-726697
-631409
-818836
-300271
689306
-483505
662585
-44306
180965
-955258
-111317
32380
398115
490676
265216
-601214
-315399
-889414
805809
975887
-23056
-888946
-191028
-123226
470329
536427
-132336
70509
-576724
-58042
-622418
-303420
310549
-441254
396309
-146
75242
58894
955549
-743793
103636
-155769
288587
-498249
-665094
-446198
-99463
19508
-335612
-293655
-4606
641332
-182600
804366
-481894
-712272
340793
385770
358238
764070
-672273
735821
-539350
638276
-705434
856960
-361870
369809
-84147
-406322
626016
-980511
437910
-85397
-478760
772816
468405
421777
-207677
-867207
-871879
787718
774126
-54478
592084
-707769
233250
-67124
678002
-408512
-303054
-994272
-672692
157596
644005
-378125
14555
-717865
991685
930409
-124187
617701
949898
-686277
-467697
-528863
-913462
-999292
892914
-121138
-866498
-978965
-333420
907628
-33443
-741337
-800141
-800193
191539
877861
-208704
888486
883589
118605
46081
527594
740480
-939364
809729
732165
991045
-314458
349865
940942
-735
882169
-587921
85804
882878
-695007
964667
-983621
-673972
-368754
924007
292586
-110091
-876135
492393
-918552
-998274
-716311
969934
885315
402294
16015
412909
142774
76651
222637
-125062
67696
908180
-775197
8638
-92556
-893028
420717
993249
989850
725710
957915
-993772
-948262
-410839
930236
344324
479071
-945899
-163283
560520
-944173
120406
530453
941143
-477300
-453532
354052
665474
623120
-423311
-459588
-309185
-515132
-234785
699453
392313
-127813
120169
385561
-137963
-154121
343476
-131734
-102383
932637
-201499
-758059
411708
-147397
78658
-27773
-91569
-800936
-497320
-150427
-278236
49148
-796376
-612762
-327733
-219687
-72350
363083
265182
692866
62535
-342506
-434947
-817296
-956945
427090
28583
386531
-704645
926201
319168
93857
-831859
-269125
946461
246799
703102
-145109
445864
-794218
704465
-832372
254930
908089
-445134
927198
-311598
482517
290280
953585
175383
-647186
-388922
740436
-464482
-345866
167526
564102
-959336
462882
490302
359833
-443261
658443
-909292
-496801
-94758
793811
358090
-648894
999593
62554
-481266
254523
-29357
73601
181720
659046
-443882
-528001
612630
731501
-175186
-776292
471936
360333
-122158
-360538
-75566
-81493
-897657
-585265
-721660
-340918
-926822
-630952
162282
-21580
-837141
-479629
329526
-837549
582926
848261
416974
-446432
-78139
-401306
-787386
477979
70693
825244
209479
895508
-951049
-318585
255840
-73206
320877
-819727
845301
423220
-404991
-876360
-917698
-331813
-507311
244584
646607
-344452
764956
-23867
-182000
347881
-175607
-765026
901450
746254
-166332
-885937
224232
904361
939307
-566289
799868
988259
115126
55708
-84948
-563997
235981
-239647
859224
830990
-116007
941526
-500824
376683
186110
-854217
-967770
-48935
121916
-149769
-701054
946309
85205
-799605
692562
918873
-685542
-83206
823234
-746235
350506
623102
-757976
-534368
-321191
157076
-98365
914790
917430
-239142
745780
-198577
-297616
-755045
-821895
888494
-609262
-789664
-160441
512654
60567
138505
458963
-854229
338900
151524
-935357
653359
-931682
887878
907124
418824
510979
-850853
884457
-810213
306224
-213909
-895423
223653
546949
850357
-974925
-750667
-904688
-796819
-862174
-513950
-586483
-22614
998705
474084
-884110
457668
619856
454791
-390808
684500
108150
-322490
572377
15274
-903666
83355
164421
980791
273143
-529355
-233118
377720
694299
-686170
228076
719375
-436837
323388
922557
-299010
809439
-663927
678376
808144
810158
794267
265811
430013
249058
875004
114513
-642793
-447487
-313111
372481
-351152
770245
-463098
-370361
43387
7548
396521
-578894
-298154
710352
649183
-578779
-726485
-27429
-656223
-25495
-217990
-320150
-347119
-409846
-509992
-552852
855966
920022
696206
730969
34534
-946588
-716518
721424
425893
-67670
491668
962796
561969
-464945
-29657
-41510
-43838
672189
-331159
-394655
-906590
-57644
577916
-562813
916862
-640074
117038
-430257
-49920
607046
16891
-193955
527068
-286903
-462987
-438398
-233491
-179505
-716975
-807598
752826
774694
-844803
314795
-690252
125540
-726716
265911
-202271
-57874
871256
-108861
884483
449172
328326
801345
809098
-554637
-628913
-240823
-947591
387979
565223
579478
-898925
-897765
-858921
-132415
-77269
-575895
59987
-324444
-801202
215185
990352
-491453
-659276
-736365
774458
138454
205762
645714
-970408
90244
94885
357918
-108412
-96017
803282
262676
663161
855692
-349346
228383
435169
-248270
330619
576249
619316
-746651
-999647
-320697
-71094
-800849
894488
-80743
-292301
-764788
182893
-517843
373666
-611346
-872130
403259
478899
222756
-238823
-629514
-873262
-435542
633163
789899
-579850
-716184
18282
855320
35547
-651100
431568
-345138
-397750
431922
334165
531156
631073
228653
-549587
-661228
463865
633307
-179071
-162469
-978040
-51200
-759211
500860
-828445
1966
871346
-701706
566425
504508
-911807
986575
788325
106475
841895
-176128
455375
273463
478734
-942375
-294616
-187101
588781
-663543
-958449
-960806
-324771
505417
672501
496158
-657053
694462
-555043
-416264
195321
-383487
585702
66667
-85192
152127
-428825
3001
138702
-640500
-890524
-19404
183372
564852
-745942
-337894
622477
-40558
475005
211258
295899
516557
250452
971129
21973
-77048
467286
364920
-382587
912244
948657
812735
-471243
534358
-120599
443565
-313515
450576
-553435
825187
810076
-443958
-194218
-6552
-879107
59841
655554
743371
-980717
130559
-45372
315183
-352885
-794921
286311
669088
128032
-246404
34008
745445
-334160
-17336
558180
194597
-482979
-562420
-361839
203507
888157
84727
28693
698233
640770
834475
-308320
761663
-105685
-652766
505033
-86402
477793
-540340
-771219
-875093
-335260
515092
793996
792772
-731312
-171997
538217
-65472
810667
96396
-870876
-672312
533977
-232714
531195
422134
852014
-440113
120366
492783
-605639
812047
254445
288677
-840720
-240522
-797725
637074
219139
-568944
761981
883879
946148
555976
676650
-785165
-616022
214867
149364
-805356
-688738
278489
-477668
845239
-954226
-946473
267373
897788
-386586
-612262
390571
7776
-800215
-354984
-703548
-640934
404494
-501272
996140
-376367
-70215
758121
-492488
-124067
314097
-815838
90769
698075
399029
-759868
892720
710292
518621
-584948
555531
564396
-531421
-177097
462184
81994
210642
-147246
-910231
410427
497770
-613778
769494
-97736
-115050
765634
525898
814735
523754
-966591
-309333
-162150
-782428
781437
-464075
616601
-978432
-571355
326892
540190
-156302
-117578
104585
312278
705325
-433231
-605729
-84034
419523
-515960
-673607
-82707
-129737
-904114
819558
755213
861520
345456
569948
385274
378865
-739385
-776876
596438
-957949
-240951
213038
-936380
187695
-460070
603810
-968608
422352
-291605
343670
127677
275164
737942
-956357
-305314
-778018
-629964
611980
92245
-534077
431538
-152542
-672557
-223007
-582595
712717
-844142
-321979
935841
752296
-279927
-305110
-34666
-216307
882585
505264
-612498
913978
-72385
95897
257648
-944708
-628940
-4411
-901065
65747
217571
-531029
-322273
-690184
-65105
-890735
157274
262338
-113742
574680
-24945
42117
-747300
-89104
-205587
-27227
605786
759747
756466
488371
265010
-856032
402349
-807375
239866
-340004
-752083
610927
655586
-653147
-323326
-126843
-184175
354402
182973
750720
463667
-659754
13058
-650075
914926
988113
392043
-832374
-100992
-813545
140399
-495206
946202
-103135
993166
211212
40834
395514
403838
-719301
-944490
651756
891627
711096
998609
-431700
-415748
-185567
922703
767225
-434847
386369
-892529
578211
736294
-977603
566323
128336
-809977
-534669
314792
330423
-29874
260994
-772713
-36708
-527794
268122
-641195
876044
548822
-585685
527800
440448
-874589
526409
-991252
-290337
-659158
931451
-523113
-94005
317819
-415641
-515795
54113
-393244
-949472
-817551
-203221
-484140
497242
-872799
485987
-241765
-645511
-550722
230441
622612
-191916
106485
171433
222400
-365716
-388119
347811
-839307
-379371
-942527
-498465
-447920
-465639
407530
869899
118720
891736
-75988
725476
942265
106462
-477745
-541876
-396297
-350544
944112
361938
3946
-606611
-407621
-373443
201474
698864
797991
-576126
-666852
-590129
771685
-506159
30500
829159
-4623
582580
-636480
-597094
452479
482241
-705358
-623509
207716
-763094
482953
729972
-304969
-913344
-620572
-360858
448595
383374
32532
-959027
-990069
-765995
739838
807922
-342120
-927014
-782208
-570436
-433173
248292
-741277
562205
-169128
-377757
965112
-716649
-895517
-740247
-340158
312200
-503340
-857205
42171
191691
-770548
421599
830833
678047
-195027
-136635
719021
-185096
97371
458859
-377175
755251
531845
-159382
-815186
-901328
-911090
-556462
660877
-80218
65782
625988
203133
170265
885741
862976
-517535
-617600
-994229
524637
574092
-764777
-53765
404925
913270
751209
-731711
632291
-433888
365660
91149
188938
120910
-377007
-970445
305725
-278335
-881534
749263
-617459
38248
-184956
-991471
-758619
985310
894270
-895643
-532225
-723330
-889872
992412
850762
-654649
-61353
255686
-741379
-310145
523976
890912
255967
-110365
-17940
-555095
-989456
605054
-525539
316270
-673282
-407073
65533
-290740
631176
880577
-282211
872557
865887
-387941
976915
-666339
-111271
-912958
-673927
-260509
-567606
264720
995178
-308985
954575
519153
-418074
210542
-591212
563987
655448
-580668
169040
-870092
735603
495759
-277165
-198865
-794982
-645990
-318288
-77193
-773433
-452402
534866
-796519
-118740
-576405
-709476
207334
163087
-277082
-527947
158265
413933
-573372
-322583
995860
637170
86205
559846
292617
505538
-271114
422526
241140
-775356
-854640
-957726
-570337
-500629
-276014
352470
-274061
271585
-112664
-70579
-847155
310932
219945
360179
-525982
942864
832233
632283
356797
-741140
-690300
352656
896031
395906
-87498
188647
-98556
641388
-388828
-857417
866033
-243467
-815142
-704305
255905
-91155
648166
981845
-819571
-464498
-88735
-666725
846434
-868790
693455
-679548
-925926
525687
952736
430871
784547
-737564
-216474
680577
658342
696029
-130776
-440214
337417
480397
-297631
203449
-763070
-112772
499145
492836
796073
147311
474680
976503
682813
-614055
-690222
529247
-482844
-996768
849699
-408770
528919
802435
-977900
313466
-935130
-194373
-5958
723213
-498345
863267
-717002
839072
343663
-14632
42521
580593
872597
-458334
73428
668669
688977
-451892
645172
371789
-65947
954950
-98965
451209
958182
-249266
-957561
487101
-446832
-935461
-199434
-381961
-129834
794609
-658748
371822
657875
-375749
210893
1537
609620
-746586
-417870
482216
-204920
655559
150885
-515944
-796334
-203944
855846
137720
-248994
-243119
-411071
-290813
507615
-368632
-803712
-939217
-304093
-3146
-321177
566074
-208538
20076
-62105
-550664
644327
-851212
450874
253947
-597797
-966996
-263838
197283
688563
887047
681340
892230
-316897
537186
29949
434109
-705934
618879
-856704
801681
-749754
-660416
862465
-53846
336439
-458713
-487773
-872100
561364
450123
-422763
205690
598911
-971889
-540363
-998887
-938885
195799
198397
749679
82846
-120263
641908
765950
-583078
-328143
200058
-289012
-709265
343355
-487331
-459019
682939
-624867
487135
19377
-83579
999363
147278
-522216
449485
724516
683475
48396
752628
-856889
49510
813744
338911
-752094
563422
-578243
127644
205329
-812294
544566
877187
387764
-744446
-832079
-268882
-231776
-291097
-585943
143358
-803963
433435
-940222
-804600
-419287
-462437
644885
-694771
-778962
-306719
-942144
-635851
742791
871600
703061
990697
435022
-875183
118341
-359650
-687477
-337093
-482464
700287
-81539
-314542
-568595
686685
394361
-154538
-169958
590399
-721103
-110179
785799
-140390
427385
430684
164839
648423
-876036
222696
-987428
866755
94295
715633
857452
-470684
840450
-24207
169667
-847027
638700
687204
853261
-442840
-627339
-715335
-756155
767023
130128
73888
357422
409025
963709
143221
-731365
391093
-426096
433474
39516
-302131
-343831
52088
-435376
750465
-232280
-577924
-720219
-391830
397869
449448
-238856
36568
136652
-385596
593728
509314
-100930
837574
276336
-970803
-88539
-366243
438223
-124830
776978
706858
-733737
-649118
140332
305779
48752
796501
-642134
613376
546965
125587
-964549
826746
733758
433321
276194
-505099
-530112
-587155
109305
-936384
922159
-991626
901190
198495
-962428
-187350
832253
475795
687820
609230
182653
954083
960113
-677016
259862
8864
-880516
617728
-377760
666450
-256685
-342308
493196
-522928
-908988
-230610
-28027
-439100
182235
-918722
-375484
104394
-910347
-474295
-697112
-872775
338356
-864860
603021
26176
744371
-214327
-19741
704484
108657
-759880
-286652
228142
857848
335588
-105408
-398838
993280
-612213
78235
-915708
157178
-949793
-354808
-660587
-868514
269709
443807
-778861
795415
746696
-651635
133770
881837
951386
-840054
626208
-262942
140205
330692
845716
380325
-955961
73858
238173
379627
968450
839336
372907
-643763
-82430
457200
513415
-32222
-897609
852828
99265
372101
296635
320404
167515
43331
668769
-698715
-74833
620155
-538769
-448625
-642787
601437
882067
-797072
-18238
926106
276786
-780065
305733
245236
-940729
-321360
601473
-23159
-864161
114888
944620
-761769
-32284
43885
610333
-735650
-635712
-222153
307682
-966943
79133
-767151
653213
540365
-215776
-989575
141801
-333709
-786646
-876437
-407604
490140
-656502
898130
-264624
-597231
-423230
-663152
379611
-287390
451737
324231
-49158
-580548
-631885
-438826
-316197
-267596
339021
991485
-234538
-581846
-775667
-581326
958519
8557
-570900
100320
674849
-357546
223883
-732756
-867406
567382
-834626
-132030
970152
-257856
204819
349762
454755
-343445
-326007
-594404
76008
42108
-33230
759811
774513
-694209
751296
-460025
-276055
975629
-41350
-317537
-15814
387750
782783
-340966
-969797
6666
-73721
-837203
-425953
91653
30767
-455802
833798
-764414
893961
288553
-107859
-432047
694149
968150
610062
-339082
727960
384575
-33290
479255
924550
690655
454884
-116801
-626882
-560931
-729052
-844100
98103
-698849
162567
-975618
-536051
736614
116036
494717
-719189
-50166
730303
-825229
-761614
-377556
-257275
932535
-409407
-647214
-406547
-681447
737361
560163
797808
661911
250818
252691
-454891
623936
691761
-183942
779837
-210136
117210
-57597
-185754
581159
-320984
930282
75875
-40172
-119885
-193822
134600
118502
428622
877325
51036
-980786
-769889
644490
-662233
967473
204652
-864425
629383
-544531
388267
-825509
-920595
80027
-9450
859242
869892
-892241
-198356
-315862
688918
480661
-385580
-235207
-559512
494536
570971
575088
-386963
-408
452413
664073
18807
682524
308562
356574
649997
-486786
492150
279379
-31316
-119584
453871
48089
960444
-555580
-92670
830335
-447821
708975
-485528
-758903
189635
128892
5890
630123
-376572
-423139
205211
236465
576453
-342376
-99462
-404740
-659853
-790900
951835
990145
-277686
443984
269523
690999
-675600
-276607
-260913
-715157
167814
646418
-884822
719993
355393
-370350
961091
-454973
758543
-33020
-824850
-618030
543841
380361
618436
120294
-962015
-481027
715555
-621867
-271927
667389
-631723
450388
111372
637800
141386
435772
-638807
880474
720616
529008
526892
835794
249001
-117716
-534557
210091
427311
-776014
-822929
602462
-394043
720913
-17177
-775608
-158794
20808
-256635
-443239
398941
471438
-775851
767218
-78175
335522
405017
-936789
-228707
766211
943685
-508091
295218
470576
-672298
-455782
-647140
-206854
754310
780171
17132
931381
382633
623090
652293
-634545
847482
-506501
386263
-409153
50260
-214797
-937715
274409
-447580
-15889
-390070
957438
47322
381224
723649
-8993
873133
18866
-538417
-799165
563085
-185557
-6019
317394
-405386
-988887
248774
977247
634203
-98933
-657299
481685
394566
728964
-927469
-555175
-485834
-865184
719235
66587
118928
-670835
24024
-833751
710390
-252328
157256
583522
766539
618839
784358
329624
-566719
-221662
-352983
27896
-210549
895792
5142
-576346
-203142
347843
905340
-808576
76806
977871
-363751
590973
-887313
-644516
-342441
231615
-315351
681584
397865
-604962
-570745
-444879
978561
-804206
-826040
762918
525418
-392758
-458744
-827565
635138
330708
-931774
-359721
754362
-134915
988122
659701
56509
64928
637572
692759
-344099
750260
-951758
313460
-18125
-267108
-4957
-620261
127930
424299
-65139
106490
620094
108821
-130592
145511
716063
410664
317946
351200
-258629
386173
991480
-504267
-748743
979602
-844567
307767
44529
793006
526
700430
543265
48768
13890
-474861
781660
-991067
-95121
-90410
433233
839740
-983920
53326
-51440
-114512
-801163
-335377
-703848
516783
-984177
37523
-97044
-992698
533257
154214
986904
688691
-538019
31433
481696
462507
-268138
24961
-488725
745753
550101
-707065
754686
-545021
202525
187918
-705281
218605
-758756
243280
-895907
-559919
907903
-599755
956865
923726
437769
-140180
931029
-28975
-985966
917932
-340284
-523985
-50636
-858589
938522
681227
166372
-550204
426979
-283528
-257269
181665
171452
945257
-630418
466171
163861
-389174
-290550
267955
50908
-382647
668201
7772
-458921
105970
867593
-527893
-923006
881627
-609961
-263289
-642359
339403
-121878
-703837
20630
-955506
-254041
-552391
-239033
488691
629274
932419
433947
998856
398590
-402192
-390318
-891960
865763
660590
-274606
533964
-331638
266473
-360067
-464046
738581
-283072
-582419
-871381
453639
-224778
468023
-668239
71385
-511348
-623745
817345
-63739
137222
306035
-434466
69641
-260018
-435610
-531769
337790
174072
-423728
203553
-165338
301666
-262484
503025
-431861
377450
-961022
-693281
-905623
-543441
-564662
548017
231782
903361
879778
-696833
-607987
-743968
-879489
328274
393255
426547
893809
-537104
-833472
-541802
-68872
504319
632271
507400
-292129
-533067
-190934
445388
969958
377205
-177162
-991064
683925
-82785
-534505
-880738
-534768
697278
-977377
-654991
-999556
-585364
-398958
-879044
742910
994297
547503
636719
-542807
714031
-905084
388321
218350
727188
-104279
926221
-805880
704788
371609
-835923
81993
-805554
-826986
-234083
111662
-361490
-114820
576894
-664213
-92197
921903
-663769
322439
-477056
-542813
65349
-482759
-995310
-297933
-25565
718722
-203016
-637245
-62929
-475829
258477
-136708
-281708
-36735
-765100
-117630
-954743
-570653
55384
-188825
541009
693894
696355
117902
-970320
-395842
39805
-634088
926598
562750
-176900
-8054
-920010
-172210
694014
54425
-453488
-509003
417181
483583
15169
-324342
-653126
733461
638923
-418225
-384169
684181
11122
671215
-504644
-447869
365108
-808289
670034
394789
-204131
-290162
760702
-277534
-727413
-416199
714413
-647422
411592
408426
407004
958104
899424
-175816
441687
-85407
499843
788562
-351946
138766
-629664
263885
-177054
381459
-64901
318303
933590
-699793
510014
603623
694997
-694118
-686539
455698
28348
-413951
-960501
-257240
-61373
451092
-848814
-654370
409196
-949390
169815
-149118
-34797
-330343
-360557
613257
808423
9780
-122858
-368631
-608761
812242
949672
-675171
-887552
459685
928453
807445
765567
-758087
263143
-206085
-172038
302642
536676
766590
-246267
687863
-887781
-837072
738473
282034
13811
-296324
951692
653255
-683067
760114
-336965
194075
-608517
54274
6316
-658846
379103
118765
800839
307556
-73791
566406
549470
-810648
-639679
-622569
491995
896997
-855979
-754273
584860
-743759
-591344
323332
538275
422468
-972993
489967
75722
-656059
250080
738757
538016
641563
-206969
-455668
982718
-827866
663097
783557
479690
-410694
349962
29159
-221342
710284
406591
-729348
607280
550613
-483620
192139
806854
-74963
-484529
345129
-652496
-457521
-164905
423227
-113580
-914825
161984
-575564
726739
955015
-31232
709456
-872851
-368136
493012
606839
221170
-157026
-364002
999829
-446743
-957411
-729519
-839463
593202
-213138
352676
400055
711899
868148
-254817
-940597
-589374
580278
482631
297047
665453
-355386
721483
392191
-400371
-309750
101647
-273222
322115
-405342
-666383
-456715
437632
-30385
-456887
990889
12205
-186405
-848574
-394594
600457
504102
-994540
312355
372250
-249356
371759
782876
-669078
-145611
79923
996375
499004
-198595
388566
-901368
491656
-509788
-174589
-186230
84871
159028
357056
-477497
-871357
900170
-486608
140849
-286236
-335182
746255
-685780
-831080
751716
626576
541170
-497641
-1666
324046
-166718
852724
-596032
-170344
351728
205374
-781778
450361
-302971
-291565
-724229
510800
793306
434800
-132145
-684191
563444
-231976
-170799
-295708
481788
494019
-549454
796009
662939
-797738
422584
204108
-295378
-579082
-471846
537904
-726358
-67878
-632440
625370
-862505
-414217
75730
-165475
294218
351502
-654675
87524
-213699
213181
403333
-650256
981205
-767467
54037
462993
726553
504584
259002
389491
706846
-318414
-406401
-588533
102504
121753
949372
376147
-946125
-683069
1517
-808629
-97285
-922753
25897
-803068
428749
371222
284457
-784950
-415598
-312210
-435206
-434393
-79676
618832
-971400
-353124
123415
287602
-963633
-169740
969188
-370033
241728
71692
751720
191100
-552162
805596
508032
449355
996967
-589254
526602
22864
-392321
-44649
-605915
892136
170401
-21512
-420074
735196
544095
500250
354027
572695
-852874
-522559
-139704
-816507
307702
-170516
-186540
-450571
901176
-434820
740529
-650987
-629224
248561
798369
-632258
659307
324971
390607
-733015
-719679
784692
-840879
450722
-236821
-260953
185917
-692727
-760704
-460056
879969
-613578
17385
-259735
-430084
-674914
569749
383376
-125484
470924
948557
-384955
819938
-680668
863606
618307
-312925
522912
-56723
-922319
789898
223598
862374
949020
-325680
-374448
-311934
860238
-67174
-72637
-599819
-187206
313786
417566
553060
883702
742653
122808
267078
-382832
-406269
215634
232214
-586331
534967
95819
-968025
-777959
-381269
-24748
-700277
-591371
-801150
-837904
-642352
-126830
-212351
45714
-266592
720475
973078
133589
-466731
286863
-448845
-913672
170564
-706193
209137
-562359
-89024
802868
653276
-856811
-783463
188242
239009
-751488
410284
857741
223764
710008
-733631
422615
872104
-375982
-704215
-340248
669732
29193
-619773
642809
-837218
-86503
-70328
-286063
-174
-899765
7745
-791038
-462123
918721
-988170
-808848
-938090
-771633
379395
300920
-523121
-210322
158660
700644
-500315
425030
123259
-628211
-950953
419044
31542
718780
-551763
411769
361589
-388981
-674734
-708740
324956
325092
-608504
-667299
534054
-70627
-748578
545885
120525
-686668
774252
-500081
614253
-748869
289598
-227087
951775
789284
-802058
75033
-838927
-753010
-505923
192615
965771
-57686
-395617
327360
553333
-70350
618620
-121711
-745259
-989884
210990
788796
-60511
462412
334680
-939987
775745
108932
-440067
389997
360063
849532
-837090
311837
638815
-639148
-613130
799889
-392157
-119053
-7497
-426386
823262
596887
900974
376595
-473464
519594
-745116
-218722
529710
465874
-429927
-530802
-71714
904754
-470788
-295969
13685
89145
-905972
-626253
-61323
-743062
685585
-422508
-382209
-927545
-622620
225635
-46597
369883
799249
-223336
-33231
700222
-846741
493305
219815
-591857
-725417
-250476
874018
-155344
218723
-197697
-250590
747935
506335
763095
-162920
600363
-863158
775757
