-186246
-62143
276935
41201
-135054
637664
374174
748491
115662
-505066
605944
292484
955649
-155246
-152668
-760784
-280769
-254683
-456937
-278885
-273106
-796570
835814
-179758
983265
251141
20623
-758098
-862422
447158
652236
-48668
-614986
-70830
992534
249960
-433166
366707
-1549
682496
861641
-395606
-25020
817290
449149
822312
-943495
-831621
-432371
-400432
-110505
294523
-197001
-274691
-885235
-213737
976450
135388
28165
-885973
-417455
-319599
65360
-32440
609571
57893
-782480
-823595
-575400
215971
858901
-713759
820366
-166120
-896470
269515
-343808
-839964
437894
223821
-240395
-672611
-481656
562604
52698
-366891
-651134
29147
768498
377032
143175
-648958
-942568
-791465
318602
667004
266428
536123
843409
691028
-247906
702310
977269
-427541
-463810
-919201
841974
192382
-759165
279868
-583797
441
607257
-65453
-436956
-340046
567657
-88089
689102
336154
-711058
-167723
687197
-653626
40812
5799
-986622
-692760
-458079
856787
998268
294015
559096
975537
866475
-904715
-943665
708448
287668
-702829
-11684
703871
297612
-404428
-361582
860657
255527
-793925
-227433
-55371
542230
61509
776907
229426
407884
-182281
-764776
421263
124959
-222855
278049
123227
-928840
-162855
98763
937635
-67570
155099
646083
-779903
452271
-365602
923969
-250118
229971
-437614
-389461
-514502
-231538
383106
430127
-689309
-555385
207034
540117
852500
-975248
775342
273762
149711
-447513
-448190
-727063
-376353
388955
371701
-438719
-678615
-473201
-792637
-458517
979070
-158238
-534549
-271048
-928268
27838
339492
-442770
796300
-277403
987358
-893010
167213
194391
647108
19712
219143
422449
-706527
-631146
974936
-154716
-358208
-401417
-765761
-986508
159865
-444375
-459708
367229
97108
-480639
-791010
562560
248314
-719278
-409603
-412195
-162047
-613303
310403
-174690
-506312
-522385
-980299
-859205
497328
238845
563245
790801
607700
538180
-363915
-750509
-863238
-129676
-737017
296627
425949
-196725
-336145
-476943
322637
-127154
-914384
-429049
153569
-323987
158757
991522
62711
-530841
-183168
556399
-53225
-163467
697195
-555898
-924622
260439
-765097
683078
-201381
-129012
932569
-64618
741313
-804448
-767991
167262
-1172
-104135
690319
-678535
768711
775935
-107583
-77721
-548052
-948827
-86199
514660
-479667
730633
71058
467109
-432834
-231748
911211
-357456
-971309
-853886
-674378
-172690
17102
-741809
762692
-241585
-546256
994701
925677
452572
-109434
615996
774038
-340724
391930
-333546
581556
843879
-282373
-504644
358538
237961
-774012
-570404
-294931
-206845
197849
-383720
435699
226540
-237606
761322
-946151
779496
-980488
816542
-462089
-526743
811243
-536413
925829
-298192
-920418
699867
361085
471513
-633680
-57360
315392
83948
437996
-326070
-678092
663985
103526
26977
-542861
-698625
643257
892839
527915
-594349
654160
581765
-814854
673673
398307
-276942
-853071
209549
186645
-927242
911358
266228
772625
272442
-262259
-861056
-784918
-946867
222892
653079
-272937
544801
317063
830590
-428222
774202
-868036
-784965
667040
659880
-379314
321200
241644
-194167
-5128
-360049
528891
141801
849501
-284464
214560
760858
981764
-12816
33300
-280495
126129
248383
-227362
-650979
-98539
499702
893822
-781477
330291
-534401
992726
462256
-319365
659765
122135
301321
-19036
-636221
-892847
975837
3731
636044
117638
-146769
-648421
-667803
-385911
-666657
319382
647389
52848
-554490
-104228
825487
-205469
797233
325188
-311647
-984244
-344521
153952
-991519
-882266
834587
668246
239870
135908
-350790
603650
243061
-374953
-392620
-120895
742685
460612
230685
-925118
-925300
564028
394264
722090
-383124
839774
-382139
-557638
-365695
-584906
767550
322658
-569150
-576971
-523390
-560669
-459237
-688803
-892424
780634
447105
-243213
384284
-309835
381834
991665
569271
124519
452276
-200045
199401
526976
-636018
-406336
249066
-19141
-566562
866927
423221
67743
-717980
190771
-609599
-287130
613800
-132989
152201
-845437
178208
259778
935197
-374688
-983435
319481
315478
398399
311145
-115252
-477083
-236580
684704
722319
-709604
-951314
-684018
539462
29545
-250579
406388
-547234
817165
688409
643537
-792435
-598721
257337
74576
553481
411901
-747216
-186741
347098
-121904
-170176
-333422
-806426
-771777
977723
78323
-248859
-258858
-236974
-526541
31539
-188288
-210558
-429000
841258
538863
977389
-705977
356027
665798
937561
563592
-932924
194898
-361832
620557
-393202
-109048
-566185
953896
769049
263640
-379526
962623
491863
-401804
40945
-756997
339339
803972
-283538
-629123
-384316
505905
-58123
-543059
44767
-80734
-249036
-599207
-414937
-311475
964386
-347860
883423
-397447
-727304
-509780
493505
-293488
-555884
262553
970153
64590
225176
462015
662786
-733879
705019
2125
-929908
-578519
373002
-314223
927386
-685121
142718
-27848
234146
893683
372946
819209
-417793
337331
-528652
-534371
939885
-255955
-44150
433390
450558
399966
-304058
420710
-535445
921119
-117275
-872659
-812761
-412257
129467
-742668
9224
-497532
-56891
-63391
-182652
-914173
908761
-948507
979510
281707
870703
-438283
-380963
-657949
27346
-441078
86096
983196
992312
-463346
383162
-311746
957364
847718
-390628
-159912
975060
-203388
427831
104526
53944
-562945
606994
997054
373664
-575658
-917120
282425
-524164
-937610
-435869
-653462
-375893
183169
-311411
651454
742091
774686
634650
734403
-688661
17811
-577344
-731297
-134472
32028
108792
-159412
828640
-463377
945114
-117416
-26322
552108
-120363
-652659
976450
-37482
629767
-547714
24909
-806102
-201176
649016
377067
487414
300469
119158
262100
-64881
-146440
573440
952930
276216
842143
-181542
-691756
-49066
659046
-863117
487557
604159
19468
-538766
156267
899105
-191424
132716
-138377
-561657
585002
886532
-367759
-616174
535548
-990692
871241
-163984
128467
133340
771135
982027
-293221
724065
258243
-451078
-457477
566488
499856
-798432
703372
-12587
805728
-277161
448647
-38006
-378057
-742777
-905290
483566
-304434
679713
370098
327808
-936461
-94355
337116
934780
741662
-534418
68120
512797
-552391
774900
236861
705853
-676179
779385
272340
823678
980954
-24289
-188910
786681
698550
-740263
-251325
-679507
-483040
-156614
804060
212527
-476902
174157
-459666
-413363
-920198
877451
-478583
821464
-656968
589537
334260
-209358
364436
-428879
-503505
688258
-649495
768835
511936
-668542
-255454
-676975
-881861
-556904
-417238
-133185
-236410
99723
710201
-432351
-687751
-766701
741807
-147416
-180064
821609
-269966
341353
643073
73067
-69110
-22668
863709
-704674
548454
-639797
983585
898960
-870962
495520
-769583
-126415
818545
-651443
316681
-598693
215372
-919729
501031
-74427
-352080
813280
158872
-610273
-334136
978809
-788664
395898
320162
854409
-531036
-748949
-168259
-667327
-453622
-619806
-307123
-470038
-720847
-178084
-974519
-490429
695501
844027
-141871
12182
-754666
-926499
92453
746365
-926
740374
559645
-842054
-869900
-774492
-863246
-658563
621407
456916
-804155
-909629
707968
27586
-576955
-745655
407780
115922
-215692
686934
937838
-190211
-803495
633339
-346184
54634
-354480
-100850
128135
737974
-354486
-872792
478347
-794841
-714846
608448
-569333
-578091
949885
-947926
878825
-854270
-857555
586792
173316
-434510
841138
-418904
681413
-374555
-731970
619250
435235
-535465
252589
-910950
519169
898109
-11799
-352696
636083
633716
-225487
114429
838875
59668
-277123
-730458
481577
-327238
-678383
360402
-181508
-535938
-52806
991809
29553
-211669
-427096
-289035
413777
-159066
-669785
-150989
305470
582804
-61938
-175361
480913
926263
471943
116995
559979
-753545
-768576
398854
306124
-45698
668396
-212300
627064
990014
-851899
-554444
-545925
95296
-562636
483629
883627
10268
-805407
297404
851203
-475191
-853586
156672
-892388
84477
981312
588526
10740
453254
-294480
-429282
699710
-63056
969573
5833
891246
637969
793534
518310
627982
941636
963866
-917944
36931
-598771
565686
-79442
411498
760280
-782039
262701
-714912
-635624
-580627
-607299
448853
-599316
981227
-540407
853939
-313254
30312
553648
623691
-116
-440519
514937
-362148
-646986
33246
-734167
-705351
-2888
-652110
331581
398342
913576
-747862
-190160
673855
-529900
-927460
958943
-165524
-508086
-648357
-716671
-107402
-667130
-257077
-253464
19617
773235
-699816
-356693
-226882
-140335
-841756
410970
212680
191491
676804
507330
-811398
-975307
-161090
586945
938269
91048
-603216
612124
561149
-530675
571066
-604376
-38761
922710
-321046
853837
-744420
421877
-399627
275197
195112
-99442
918505
968230
760224
-923252
379200
-27097
268239
56004
-519768
456842
80697
319142
43786
18966
-589810
440571
-368911
971339
909896
-797845
-633037
-128866
-875135
45918
-275030
-619554
-532205
325344
655643
662907
-774098
574147
631137
986126
650896
10336
-40972
-80866
-933660
439260
-624024
147037
-241598
419762
-833997
168593
-139668
-202907
139932
-229772
-751
506895
641362
124115
-447187
-633668
504561
20608
691676
160203
-316486
917578
-265650
-685350
903704
-614755
324987
-137269
304380
391327
-698009
680356
-461636
60394
100118
-295633
-771014
960451
501461
368918
-269322
-499291
-124187
-627961
624825
428626
-261629
129385
-550767
-569953
-710412
132748
-652375
23939
447398
-748672
409184
-227615
114060
-286436
-836288
416051
-606081
-297924
-523556
494038
406444
-294569
454488
-92096
-925651
-814835
408614
-49838
-442795
33439
-621212
295577
-837177
-171979
725624
-547588
960769
-926751
476351
408167
-675423
-114465
-819448
438637
599099
-655736
-145312
993019
46340
331133
487056
-547216
-963436
-58456
360689
-889087
126709
-230697
61076
683915
802742
439864
-20509
965566
-732116
-294886
-582022
-771347
-221636
894329
636821
102941
-220136
817373
-458422
-621037
-838363
396267
-628018
207977
-272600
859038
660762
-236036
-199418
21450
-125123
927291
790754
935953
611206
593495
375816
-409304
559061
643701
295811
977039
872355
-925826
871368
509175
177116
-348769
326548
718695
30195
488185
114961
402177
-303838
842361
261215
-643077
-393676
-938204
378374
481202
989088
169127
417155
600294
-237378
-207029
-809011
-678318
-563329
486800
-701280
-690974
560975
-829912
818201
-261910
-178680
144748
-543216
851515
-367067
571745
253692
329095
414106
-485093
686018
-979570
-423296
64392
501632
-434208
-766482
-81213
-833915
-3860
711758
-642926
317823
-851571
843875
616544
-542545
404849
786632
-724344
-857062
-392049
420405
-400277
-540534
-946663
-828533
713158
382432
585574
-771935
68450
606004
-195231
-867159
107636
370561
-633641
-973577
536646
362500
738181
893721
-319677
886611
737595
-703134
-655934
142444
-916503
-380278
285382
-308551
-959874
885105
150915
-906537
-943428
-135928
475896
642147
92138
-455655
248151
896907
-322814
-644213
267468
43546
-617790
-195886
-593954
-879609
-302166
86369
-992999
-564571
383235
-648932
577873
466733
-29210
-136745
-841819
10917
-251640
309096
104381
-195067
-826832
-419724
-552921
265306
124622
695230
162213
801808
-948983
-570320
-154646
-566773
233794
251400
-446382
931629
-662231
-439380
-632943
721005
-88312
944930
187737
882479
-191815
345919
-106604
556545
-344986
997777
-638523
-171817
-421947
-191443
-906511
702675
-496213
255702
504483
-445196
685382
-650163
-11968
-80824
601238
541650
-149196
939007
-897730
217861
660011
13959
162791
-152252
-103562
970976
-806334
789834
527521
-151319
787611
888998
676864
-634337
-302445
770353
-931662
201342
26054
572822
756147
-288564
922659
-255822
630612
523896
-714172
-518584
462903
-611902
699277
122913
402058
-137932
970662
-701504
-166957
-835673
-911671
-639437
13008
875941
-750439
-310128
-758397
-52883
-539776
-690058
-851542
486279
882764
904606
-802286
805423
-351217
828327
329319
-65389
-690258
-207779
322710
-990982
915135
-275232
-128913
885796
23264
704130
-949877
111593
-935307
63131
-12466
-685745
753003
229137
261372
-786773
539080
409831
699506
421844
314436
897220
227266
963219
725547
-443416
-102170
-964712
348805
-779460
-955693
263940
-54692
-84606
149735
968572
-380476
199859
80165
-315783
-737011
-932302
-1528
-984008
296836
-740156
-770781
-164084
669675
928726
-742241
-15890
825946
485026
-52671
551492
-958391
845159
586780
390415
-934301
631088
-345646
11007
-453519
804090
-20421
166005
3948
-940256
850223
266938
-872557
-151305
282931
424280
108539
512151
-739805
-221787
440876
-482045
762324
266822
-997020
-290348
-181687
-955411
-445189
-594907
435005
-379490
-963820
-910641
631518
-417338
893450
-388903
748667
-102602
-329159
598889
-835665
-201715
-552417
447267
-777436
556123
-40582
-517240
-665665
-599706
715
-903342
667116
3695
-193689
-514572
48285
361122
-109478
-516710
981633
-73297
-427351
613150
509365
-533901
-775754
258031
363497
-104912
-143080
527833
693373
304504
-24901
915937
-139374
934517
-601303
194962
-665190
399412
291621
-998074
-596893
-902069
-512645
451393
459054
377877
934684
440687
-695421
-492667
53836
813944
-26568
278083
71975
-663072
-826830
928896
864761
866544
233399
-160140
782481
-905975
-225623
-818823
288988
109188
580590
-419392
111114
983698
-321460
598469
435090
-862406
-23655
369774
578281
280925
877107
-367883
94869
-149462
910201
-833156
187466
-916629
-904261
52227
949915
329139
892087
732395
423165
-333537
913573
-287848
775651
494162
292760
-113235
477859
971301
-514767
-87051
-891106
461579
-717278
687176
-257497
-840172
-680708
837372
10367
-770508
-995784
-802167
-687137
-900045
250060
-737222
429095
142147
995173
-147741
808611
908745
564411
584262
402907
-142829
-528974
-119235
-171529
-43741
793715
-62634
-582163
-923563
-375459
160341
-763734
-56167
-2287
246633
173326
1929
444466
486190
101885
-305474
748968
-469021
836674
744141
383238
645284
652885
-52351
229545
55792
804821
700572
936558
-366709
-343170
730272
570658
74668
806709
-804802
-764992
-957026
139032
232721
289608
-687643
-765351
-265926
798547
336534
428601
547515
867514
265274
291655
250752
-89443
-55460
-801600
-859898
-999669
-996780
840674
936889
-363488
-502496
667161
-792831
572172
473869
-597632
807181
516844
541400
39901
-193548
853758
274551
540526
652305
-388915
-30874
199819
-521402
-765600
-508527
729351
144957
436013
927752
285060
436345
930973
125734
373233
-432516
623238
40394
-225346
195410
-485738
177022
2590
-968894
-281578
-957509
-162441
-427821
317043
-621915
-775517
928128
347211
424303
-593274
581612
915777
-863924
-273431
351790
-936172
-988372
-211866
994801
137362
-838633
-437716
-239400
201761
336939
956011
716024
-486040
-41399
747131
232383
1092
-415311
804562
-681866
-37226
-970955
-753738
-690015
453349
-347011
891597
369125
-210934
-381835
-279086
-147106
-370206
509049
-152306
767157
670416
409979
-472244
-127823
-253083
-516233
-411800
260878
442368
-664670
-506740
-556541
-79980
-702178
-238406
882794
-673132
7857
-807221
780217
660846
-915624
149341
-550088
-297459
870256
302806
332336
379304
-849501
99492
49720
560479
627249
921897
-692605
-888985
-489903
568274
553383
-154572
-938467
996843
765448
-640644
-241563
648242
-313776
766294
841022
-533560
427140
925398
615781
877052
-372061
486037
179857
960275
-134659
330357
59766
915061
-109165
-312985
836958
198231
-201970
-652946
-233496
-648587
192482
-171963
-651745
-42070
187393
106692
-393828
873617
-127014
-552807
-659943
-699875
-627410
955839
-822824
529
441875
357033
-39196
-692785
-312610
-979430
-777725
578225
-292415
-940767
-223544
505616
-593713
542960
857029
598770
-629003
-794716
-443300
558390
311977
162872
432007
-815038
610065
772064
-514913
982656
727902
-337737
-16815
169777
-980704
943989
476992
-293313
964559
699268
-715088
-327857
758501
61368
-822242
-835212
-395673
-965213
763559
-24676
-759929
-679741
-466286
552048
483131
965721
737010
93196
737785
-777903
75852
465687
-115640
-940964
-364537
-96343
-996975
-887545
610344
967584
811724
895256
-360273
570225
-43377
-182514
735014
560951
-147727
498572
-463726
92345
818832
69988
-355607
301962
35709
-618598
-604842
-226507
-396500
471011
-760820
487861
530047
-125356
-608483
533072
-12901
-998139
500656
-201177
897117
-859618
-630953
-146260
-42131
-895940
-585310
810142
602633
-49035
-97513
421464
-979048
546880
-276574
56661
928283
118585
830155
-468218
-410405
-930665
-980358
-880358
-56021
-588840
652715
931079
-586979
153370
-270099
-689862
293753
98949
163879
-748379
203009
578570
-938237
-194358
-470466
-35750
-772894
-449514
-488871
-49468
607148
-560588
-930883
437303
-28806
-341287
506638
-9163
-221645
-549383
401997
-568931
-618304
815019
584440
111597
-874843
-121808
-789455
289036
129814
413555
-132395
191577
-780803
397139
-844173
-553697
947626
-333043
396836
554773
106369
465953
-7924
-922438
-875335
-501286
68400
-96979
-50668
-529604
334091
331028
-714585
-81470
-557376
-589428
796723
-346830
699608
-73464
-933275
-432787
-881887
-714078
964353
-726060
-267774
911978
-59102
-870939
466751
-952734
595015
-541174
-875171
719681
-42459
193229
-377299
906873
663625
956792
237900
949041
-124678
680525
-640388
-327956
-666305
-940780
598581
-599579
-373566
716694
-313656
-409214
990635
418570
-497237
-68468
547632
969514
-21202
142647
-571660
103627
-137673
385882
-703145
485029
292754
960481
441821
-469346
909522
-682858
-788822
-730867
-10813
-455126
-671646
-412233
-54705
-45212
-695539
631639
545574
-704905
50209
-951664
226628
-402159
-982150
-794574
740488
-553809
309053
-397185
832073
605909
-912157
124827
566390
529665
655481
475911
846808
866660
745045
-164006
-588466
-926602
423761
356829
28187
728222
-11532
-426240
-976683
-961323
-377903
249945
-363482
-360052
455372
-622995
86139
-235576
-20179
-81788
-629667
67664
-956962
936724
-402671
698520
412635
-555864
565180
157679
280130
976714
231078
-296109
333542
-740736
-567887
-677990
-166976
-544570
-639312
455122
705376
-2794
-904931
160747
374212
181209
925172
-645968
-900580
-704495
421697
-857541
-767771
-980974
840979
644864
-536838
406158
-197458
743293
382872
-966380
-552817
-283586
-707116
-120704
38424
125909
334727
399112
-418970
40103
-603682
-323900
-799150
770531
857309
-873978
-875437
956730
-578472
546260
-900812
-346243
565286
940168
-701380
-971552
346326
101163
771741
-270803
134783
-781077
445611
427668
98220
-515965
-446424
-567053
883148
134607
473050
-720534
810707
673901
-950004
668016
799923
-825441
624745
-778549
720820
723933
-124792
286106
664101
173828
314554
10427
-725009
86294
739624
409774
305218
185235
-162558
-596562
669270
391019
-163615
552418
-474375
-690565
831884
-663668
983336
881880
-995653
783259
-943561
629092
-995291
777259
353025
-120082
63365
17126
-946254
-622082
-972448
-671263
464213
767177
738512
-230569
-47589
-424047
172869
-378319
966972
-990746
-825902
-507403
-681311
-994018
-171071
-697975
887863
-166723
-914716
944302
-537632
-910006
721561
815394
-30088
-215075
-167481
23658
162844
-139929
352395
-372943
-372752
90907
396488
579659
666860
-430643
-798660
633832
-421389
-624561
-873572
-102700
-618579
-44642
199326
-730717
788635
284610
-786415
-748997
374605
935146
-933603
-655484
-279930
-101084
368175
882915
758988
-279430
-490029
-613765
811477
906459
965895
478337
-524185
-832766
112169
54427
-457327
238598
951728
-75906
-806045
151053
193378
982591
-564337
406963
-766406
810268
342108
-700009
-845216
-937822
198908
522960
945093
-42104
-756471
-544937
344131
-944994
-638478
310026
533344
-162662
477260
-354488
891765
-980067
884110
843492
-55973
-921935
-5456
-862595
-939344
430208
544368
-705750
240475
-113524
-405758
395260
-51346
793150
-81781
-106253
-248955
161748
348811
-904824
216755
710333
405202
-249902
-452330
-117538
395610
-560566
-97605
279719
-717074
846423
357785
277471
983828
418441
-292322
528196
712692
948154
-585329
-693067
343413
363326
-899917
-738369
-742927
-148871
423380
605884
-53694
-359865
316216
-648492
390233
863887
233970
-214157
-696679
-863635
-934438
-413753
982789
423347
863718
966617
-158213
-428604
494812
-445522
-480451
909484
-138588
862963
272810
-38505
-875406
529883
812624
547974
135766
-241070
-811891
-548018
110438
578342
-684132
-655593
-635816
-380811
-519227
-570253
205437
-536439
853094
69155
-569823
-305119
640551
924990
249360
-839900
834473
-889229
-976938
107282
72267
-852344
-362835
-115109
695631
772931
643821
883741
-775088
-245742
462082
-459219
98666
826267
159971
579439
-743987
-634593
-957000
-890893
434563
-526823
-196012
75113
-601834
-946652
235214
-767361
-835880
258277
339922
236387
405934
977087
-878722
101565
750018
765099
-14695
974931
-480643
-552614
-484289
618023
-726347
675682
197462
-470333
-958911
240463
-361226
475652
713640
442763
-449235
-888194
496111
785980
-655555
660232
44256
684368
-103382
-549811
661454
17896
551754
411471
-217005
-462942
386401
302352
-15555
902113
-79625
258099
577795
-882163
787766
618884
358300
-573460
94536
71940
869304
645302
183747
365415
431281
528193
25646
-524463
212560
922264
-74274
-125987
-59840
-522520
-714516
723156
14539
671885
25508
998984
573997
945883
257082
151791
-936280
44848
-229325
422021
471389
865212
-506039
340692
510513
677708
-293894
-58206
205900
731752
417332
-581541
654016
-656943
292473
-405825
-179462
577957
-682669
835077
249842
342839
834061
-176161
288722
91143
975630
352442
-864010
-253695
-225537
607379
-388483
268424
-51930
-877970
-53869
654177
63824
-847969
385928
-518845
-429510
39943
-175787
862964
634119
644752
440920
951450
479828
-309238
294289
313888
514601
-416990
-594970
490231
935453
-458979
-763465
-290085
-851600
-151948
978340
96471
-29918
-75529
-249353
-966094
76502
-863426
-484938
646993
176518
339276
509956
-189364
-15973
-49124
-237914
-536145
641638
-943626
777743
156238
-360615
-817227
-353532
-425163
-276205
-116996
284753
-127805
731057
263093
968666
-298861
-812437
-280688
-264954
264065
-144114
250108
-88942
-967596
-410616
-578987
-156960
573411
371890
605127
-962735
13528
661502
815009
-830235
-699114
997783
-183766
-124276
-278423
699239
-839524
593772
430296
423569
562437
-868566
611132
-718251
-133520
-124803
137636
-883412
786255
170040
-294028
-792732
-986920
-720617
579159
618207
-683351
-407314
279708
-868343
-237548
580594
-870561
578687
-543682
-148984
277925
-383206
-555212
-291779
-959637
-992775
-160344
651496
-711026
706137
-473308
426610
822725
-687053
-403351
-471303
-479784
-390270
-191919
-900626
-772064
124730
-307939
507645
256387
454513
88239
385827
33199
544557
-763157
-688876
-838650
-318369
19346
-798286
-311144
859002
853210
-22169
565138
-620098
-595560
387863
-307151
1090
916560
213066
610820
-275360
312441
838757
849371
-995499
346401
105757
459015
-565361
-508416
-507786
979196
-271573
-196661
-859454
410058
822685
-657740
-901086
681686
-804531
76745
246823
-424629
481186
-365314
268221
-517725
-448755
-518714
-906905
275886
793728
931852
125256
798230
278252
-768987
257244
712891
-277403
749459
692087
451025
-447203
832633
-138918
-624519
-825108
-40003
-942833
-629639
-963259
303991
-54268
517928
938677
-786047
-999798
-510078
-304761
-906702
765808
-511034
-974851
-108936
-712805
303402
122077
544440
16293
844675
293898
-291621
295699
846695
-458989
-843219
-777824
-284096
116778
-720656
86265
153520
583335
-968003
-328553
522011
-754050
-328350
-988068
-58810
-235052
777741
430157
-209902
-331196
717352
-906500
790882
261792
109793
635556
-444311
818173
-68745
-597616
-640816
88036
-375439
75088
-795187
-96095
-838648
358334
-512761
-806650
-970219
-990750
-560700
-298569
-978817
380490
466380
798925
-189354
-743522
-532271
-472002
-650022
-741390
789791
459772
894167
-654520
277944
-174579
-252135
637128
913458
372426
-287785
-881729
-723670
-126432
476605
-236430
66918
506386
-227179
506219
-792183
-205996
-113291
674198
-407072
697356
930676
60658
-774646
-719346
319268
-984856
740426
213435
-639375
18370
-961144
108490
-344503
952314
-519085
367713
-929416
-242754
-758719
547190
520817
308200
53575
-706363
-185582
261393
87642
701128
-64410
680571
398484
-133735
-258772
623838
146920
-939504
638983
-112655
273931
999608
905715
312787
108098
-438788
265101
589013
928926
335685
-653741
-829794
-117126
867077
478407
936450
-839287
-707175
197842
248356
993953
-866568
-71074
392436
-302
670155
16274
-853383
730651
-344744
33962
4582
-345136
-60323
-682631
762962
500890
582470
351975
429816
-81845
698235
600023
801030
565311
78429
737479
726024
371254
-64679
-25620
365207
68753
903306
-242357
-931550
573461
773917
-784932
304111
-570827
249031
-691307
84038
-811293
-373938
-153001
689598
-791468
-801026
119413
126687
897209
-280565
-72284
462519
797865
-334805
188543
169118
600517
-837078
-465676
-330731
-933772
291968
-262280
639689
65884
-47212
-56200
495058
-798182
252494
-420905
-609474
878556
426095
-919876
-912913
625069
199538
213775
522277
918973
-858509
-15204
716837
-193314
-826662
-114045
-592798
-663739
420280
76472
-597510
-287753
814193
-957821
778131
-233019
-14021
273189
-31200
-761528
852284
359327
-882972
278378
439451
-795884
-96553
-361012
417891
-574276
-442039
559383
410520
-725202
-633932
583859
160753
-226729
920121
-418968
849744
-677390
293279
663936
-635211
71410
-569083
350769
-655402
399717
589242
-803118
-240957
706270
475260
-801507
910387
-621293
-162518
328277
-195569
395443
-112340
-785049
670241
253728
798810
-169007
-973001
718931
412026
876744
-958460
-294695
540680
-593670
776716
971597
757099
-878686
371313
346340
-681804
-869645
52610
793457
-671151
-37004
-827837
166331
-708727
-23406
-438226
178933
191546
-767986
-567339
-9645
63008
-540339
-290714
-524966
-663596
-249174
180339
877084
157156
-42945
848681
-85745
78369
219993
-739405
396565
350349
313206
190021
679198
-723798
362185
-154471
-432524
-661221
407303
746410
530325
639318
-820929
-479320
-297675
-361268
229966
177359
-24863
980793
-642302
-147779
137949
314753
-299099
-947797
-606879
920895
-687201
789687
271243
626005
-20292
-49559
902207
-658108
795970
-530317
-319329
203272
-783908
-789005
-157411
-604837
-268325
544915
33896
961642
-277726
-990968
942434
79973
-138746
80382
-605274
562155
132585
-212152
483050
445384
-422466
-245708
71389
557242
704733
-26404
899134
500702
443279
-420195
-296026
659371
-209200
546564
-945466
522476
91479
88430
484117
813754
97463
426550
-106274
958718
-493069
288452
520873
639517
-923701
3922
84901
-346167
758214
-843711
-788925
462947
129885
-889791
-36352
-426837
-309986
667623
-767466
480814
214187
-712932
3289
-694334
375499
-512594
-880581
-527038
913956
13145
-568321
-579113
-698403
952552
-939597
-622104
-43527
145304
31730
-285313
301593
242806
-822367
-568522
353015
141282
4642
-956972
-191095
237176
523842
-976908
524245
-472869
-671242
-100256
14537
-551823
372707
-71507
461323
804386
349380
762921
756938
409783
-859183
-286589
-444914
172547
428098
856680
-584647
605732
-711842
768368
-252987
292800
811396
555919
-470024
335238
579011
-945779
862369
907769
-46034
-123094
-644054
-673328
805399
817270
-868943
154778
580190
887996
-435440
721007
-398593
119647
-106446
-970495
-23673
308907
635237
264485
77274
-617750
-442715
-111331
938169
87262
-776094
517180
141483
-913725
424948
-904552
-36819
780895
-577880
-231420
598164
-446822
923358
178353
-558826
-512082
-100640
42581
607566
792914
72086
-416107
101820
-292677
848378
-820906
89573
-594337
67763
27742
492925
291670
-455079
-365593
377946
969870
-270144
-658873
750764
151977
109707
348927
705156
33065
-472720
-853671
520983
426641
188910
128549
219554
-739004
712442
-678626
-31681
560820
-499532
-942109
966483
568232
85634
459408
-140098
630555
-906185
-762153
600424
-176329
-421026
351187
975649
688682
-299886
680804
-278254
227395
827133
-757271
-345965
16043
371279
873590
277039
83720
-805037
-754642
-355461
-304569
-696750
-388978
-736337
388884
-929571
123565
19438
-835756
361412
-380138
-12084
940387
971050
-36436
629068
-328836
-355633
-649186
898560
-528500
-406456
-447406
487544
964823
-573816
-235417
48543
-378852
9941
693082
316579
313191
-695896
580242
-297925
-625466
-296194
721514
-461222
-934782
-658625
526695
-994396
-687575
-509742
634673
-16411
134626
985488
-117852
606127
-420969
434743
93670
-456146
860927
858253
592397
-517926
-131807
285479
798654
-818616
589583
378896
-116541
964117
-917298
-395027
-497105
-852080
-53652
-970411
-846475
258774
-480152
788199
-757638
654475
773687
124511
260601
-647282
-440747
-645730
-103428
-579820
-787478
-511031
-97745
80716
774448
-299092
262100
364031
-920196
-854441
328148
-837494
-249468
831043
-689573
696881
860633
-536047
-44346
-619519
-747849
198017
-965045
-974163
-677473
295557
-621445
-118220
649827
275128
301961
862350
764097
-795785
-56935
538545
-94877
-794835
-97425
-15072
-649276
-769278
147434
101256
-938235
457862
-201863
922399
921815
753791
-697121
-826034
-48192
-662165
-800196
274335
633392
-421640
-843885
283219
853488
458076
145568
617585
662292
-911368
156129
-432585
-706203
-941297
552343
-355478
-710574
-300224
745779
-648809
-842362
-456085
-726411
-920548
-702294
-423532
-746581
249514
-85696
-546777
-476151
-452305
31583
-320035
830914
-114929
-861959
-23518
-497344
800333
65115
658785
-632253
358912
717489
920090
-996566
-993086
-380134
749213
-641895
-222496
-706873
-368306
-143043
-409166
208163
110376
840348
-877534
563600
-635803
-329838
-404818
44162
-498924
480254
182203
477558
982910
-17465
-457328
641694
350283
901585
359182
270372
905019
366097
890239
654232
724202
-332258
947360
-644104
524699
-461807
564060
-364925
-621459
686527
-801326
-257262
-643312
-206143
786901
-142236
-725890
-30897
-664678
-742980
951639
-122006
898715
301922
-220421
257897
-427707
-315402
-376007
-537469
-661171
-651805
130274
-713812
-295909
-345027
-175618
-731850
290048
202923
954677
488723
945662
-688635
-717421
732562
169130
-443310
-298335
504452
-186289
-346696
-617554
-287575
955226
162026
970323
-472481
846624
-405685
-9949
-814548
-57490
-879676
-528359
646602
-224702
296023
914753
-934654
-501055
869429
554069
-555393
-819206
836649
-822832
349924
-606661
-121166
-145625
207050
532138
236822
919476
487364
-601153
889798
-985118
-754530
-515887
4933
-569077
426624
125258
-97436
73226
900556
-801413
-12022
965902
-302467
-142593
519971
142140
38201
356620
319308
-611876
749959
-801858
242500
-42991
730280
-520678
-123515
217643
-121831
-233717
232525
123640
250396
-762542
554564
-322980
362716
-542872
750246
263272
-344285
-261776
229174
353248
595631
-250856
-504612
-366169
-894237
814697
21956
855723
-987162
-735544
-187268
743118
-256222
689217
-39239
621948
-544501
-806714
-254412
705896
-569256
-699849
-617085
793461
-242721
-866839
56732
412995
-128615
-714095
-233758
-532984
35050
261630
100848
140814
76326
-877197
-3464
89165
-612740
809268
-167718
131038
498485
793044
-247014
953984
986330
498574
659879
-582926
798725
-957207
-789465
-443996
-824045
267267
968999
47341
553173
-264760
514357
-411778
996871
-384796
729037
73197
-261992
-274428
-837639
125268
-465160
-5356
-743694
-966676
-212312
9292
987309
-225982
-492134
647187
191092
-693410
689981
401628
-137405
865936
-331106
-168407
-86724
-777933
566834
-572367
-189710
563705
42838
-460674
-363099
780846
264899
-200737
-93886
799740
793908
162421
833065
-418404
-828287
820373
355614
-320421
467559
-453294
-13830
157539
948334
848765
23475
-382773
-319643
936752
-160705
-752810
-635616
649585
810896
407222
-811089
-552203
188068
453810
247060
-905818
253550
40968
256603
86614
622564
428316
-93014
-21823
-892105
-625455
524883
94065
532084
473216
-57170
-444441
-909557
623188
-507690
-70261
870379
-143306
-420676
681274
-736084
-231765
-870930
451985
-777955
376131
546167
475595
-582902
-197230
-437792
-960338
-768914
469195
17840
-661019
843740
-457277
433047
375824
-984061
-624124
931383
-893617
999064
-576308
36122
869442
280387
615446
550716
544304
-616320
679786
-3712
-394274
55916
-457545
-918680
473015
345225
-356472
512677
576312
-887278
-469483
915294
956462
73240
348340
332285
89180
724217
263668
195563
723281
687360
-768316
592723
-32253
847131
143438
-487950
-769189
-176776
508338
-163463
879140
-949207
-82143
352154
396018
561386
-135169
-27670
674109
395349
-112377
630571
-531412
-764037
-37144
557768
960180
-773477
-246669
683461
913883
-14984
276183
-118371
-167854
-580379
393680
62957
242845
-97983
899495
121985
-47190
-182649
-525862
-651172
-621263
338970
321158
-947155
-265682
-791219
683416
202907
-555256
-353729
-239325
-595077
-127205
514006
-911616
-213323
-500979
364568
668307
331168
784189
61986
-605876
27034
964004
-706381
-850982
-83186
110971
-376843
265642
489708
962128
-413200
542554
-303555
-204419
225969
899353
240325
872241
-339972
645249
-254965
-825967
733633
531713
-326945
98200
200020
-995778
-117611
-737994
-601653
909423
-773991
-308034
-941559
142823
802938
-318402
-591535
292645
-356274
-4734
-164802
340171
790847
-938833
239524
31172
933408
899552
-323579
-321557
-926415
-589946
-789844
-253359
508255
410176
-249136
-609357
672182
149211
-699934
898192
841178
-641492
41015
644116
40107
449481
-63240
683833
-555254
771959
24004
-764407
833126
-736473
266766
766534
-836921
943187
-555023
-763335
-646759
-344867
-16694
861496
-934691
734170
-747861
737491
-116619
-447794
635683
-275441
-89286
-323303
-631326
950821
-873822
305435
634653
-429076
77393
-341343
-193482
-89481
-77816
-926717
-322947
85264
-983530
122030
321929
-630289
777164
-694765
-768794
842473
-960596
-516654
579964
-77214
35552
215646
647346
946266
892344
-983981
897087
-981479
321455
531740
-410555
-601153
-809604
395963
309367
112581
469247
986420
-802155
485717
108450
519774
855428
-114387
825009
-913366
-271915
864414
-430020
-691952
-212800
605532
523695
-565455
551798
416038
-549435
448885
434559
772020
-19376
-975996
-829133
171021
419968
480234
-716398
-110786
466654
-518553
-625069
-424897
-998780
-769642
460717
826230
-683007
-811198
690644
-113026
-503149
-522156
-507495
-979455
-87611
-955697
436583
362955
493189
-128858
134974
-526187
-104854
305841
644834
-684887
-213925
928436
204328
-747272
-590118
579259
-172168
-588897
809618
-711452
-762667
-873390
-522650
927978
13584
-25799
-594179
506090
-5254
318211
550394
-568671
-318835
43582
302472
816140
517395
-802383
121981
162229
-487269
908056
90665
717060
-839216
500548
296318
-11384
911651
105936
277164
-851016
232546
754515
-923039
-753870
-271285
-517217
752221
723462
800994
302615
-845209
-517841
-653804
457263
-701701
863592
654881
420280
25820
-832389
328336
-883516
884671
489120
617032
180989
-522264
528683
-713076
754901
677667
519471
509415
754629
765602
-761871
-762589
517822
961592
-961595
-179564
-883618
-479436
166633
573645
-181137
30224
228525
-760857
-943956
396137
567479
-827471
280808
56599
789562
-538204
534335
318244
-251279
289236
-4089
-731808
-201350
-249460
-966207
36780
-12049
551616
-1629
26356
-627948
114754
546921
538685
-311602
-634216
-431091
916924
-395073
-375046
313061
-827594
-202517
-406132
229005
-412956
55665
-236660
905289
804387
-947425
-98800
-927422
-148774
651740
-893629
888006
-360310
657988
-113623
666047
-969961
-998870
212968
568724
-310471
578752
-862367
-393548
-816321
-237413
919514
-643915
560070
-486619
585091
-852886
569047
-651569
-947598
373433
-598993
-46398
446012
252234
-394658
552383
140239
245032
210371
-973385
-88921
240410
-972255
-875954
-190866
-282726
702799
-53233
323727
886478
709354
243241
-757437
269424
756623
827655
416539
325669
-823914
468942
-300898
-422907
-577456
-854887
829327
27886
697497
-30434
-727083
-92133
-3818
183997
-851723
23927
308044
-42589
741202
10842
904178
64929
-102680
613532
-691831
139883
-117045
-935209
-32462
-700506
390461
143624
768436
-910437
720718
-809021
-765324
550045
218865
932174
-480390
491783
-159959
515792
-324221
-11682
-460281
983823
945729
-719079
-5335
849907
345851
891985
463438
654021
31868
-653607
718813
999406
-354113
109273
143030
-585678
198837
-136253
-394698
433513
-586208
824167
365687
-66597
315950
-794272
-550806
991730
194046
-11086
975552
139775
269836
-29783
-10319
-384314
-137799
-546882
-730294
894070
-200489
988519
893476
445399
97792
36505
859721
-703372
900253
-534977
730142
-685956
-710811
95829
247448
605140
301557
696642
596869
-504398
-314444
572421
635378
955392
-457363
-374942
-428922
404839
78177
-159216
298908
877688
-170697
192383
323087
927095
-771112
182807
-776277
-870859
647831
953865
-556814
937021
49694
690634
542160
-648750
387276
139028
-153147
-927169
-288552
-517770
-971777
254086
107289
-400699
-341076
-814535
440086
957832
-936847
-730612
150215
386240
-803517
379104
-430953
-579793
508245
-783123
-625928
951431
-846103
423766
642064
696057
775016
29339
-164916
-378131
102171
546533
104100
130394
-199382
-788612
729696
459542
-603147
169781
417374
-539994
439170
-432411
846246
635654
946693
-584708
-944140
454937
-367831
-570067
406367
-213934
853699
48431
-517877
628715
-922231
317208
-749416
179940
-136260
354684
-689666
664359
566072
-959971
123900
962926
209810
-458726
-577069
-351020
108863
-730823
-715367
55556
-315531
-659506
-489508
316639
-229572
916860
-897295
-375873
-34710
-415172
-747158
43060
902036
-496574
-777000
-234224
858111
-466666
-569866
424182
-426637
554035
387107
783174
-904692
810039
-567847
204172
-920785
-283213
-740273
-236315
57282
-229780
-919677
827710
-312920
-816972
-548163
652371
-232143
-295321
-304570
-330107
208105
-81570
435669
66216
451764
865803
-509603
-974873
419837
877505
808301
515146
687544
-759546
-280683
766759
-42759
-20956
-469556
-985477
749264
-389233
842234
-563657
-206204
-705930
-911287
561653
-1251
-215856
-768454
-793146
702575
667215
273070
154339
533017
763468
179466
-47146
640973
-12233
-532001
328516
228221
187316
95275
-814538
-833640
625719
-800014
915625
-763515
-957781
-648032
30282
-663711
-559318
-408065
335039
224826
-176519
541893
-72599
-509305
-185037
-918261
-976288
-421570
261206
-23433
-780598
-751028
444566
547919
477194
-368118
-356807
662656
-201758
-731089
862642
-286134
-494603
904861
65834
535680
-758850
506516
-872386
576189
-268658
-48905
118082
658743
441791
933045
740483
465504
-488525
1688
-557930
-269122
250660
886636
-721204
-272147
-481482
-78010
-609491
316760
190902
-746850
-969374
696299
-841989
96461
231979
-600838
-397023
359593
975351
334320
-689312
93433
-6937
752479
26478
-266455
217982
537953
735233
660052
-731169
-14108
546688
-452372
713746
-934795
469618
-895746
381966
-339481
-642595
412593
-643182
-484584
-490946
588797
-85422
112032
-51610
-110071
-553649
259078
983362
439414
11557
9840
-827042
-770462
-452208
908191
889591
-183377
-105917
436279
364251
-392172
501485
-166131
-287918
-116549
494388
69488
-703957
851207
584904
-194902
440003
-500518
917130
-611607
389412
-636520
647471
372774
802895
-340973
-617387
975854
-111434
-69594
884044
-221843
747030
-221873
-785565
111280
385955
715920
945150
-901963
-400629
439537
167525
-104585
290744
-247571
700513
-269253
251912
617642
119140
-358677
981123
-233390
-985903
784018
425638
-603290
759871
-685797
327116
643914
92361
74146
-577959
306796
-814575
807997
22716
-869425
906035
622087
570112
73559
-482498
-139144
825989
-781986
591603
77901
835657
-289258
719225
816780
477353
733322
600797
-97009
-869968
360667
217195
457149
4581
-690445
-468706
426622
616352
-283280
234618
-360933
-152705
140653
-738846
-582593
-785789
-221343
278263
-959800
-3329
-130134
118101
-167672
580608
-162675
-350893
57961
-429353
-750097
960953
-299321
610570
178147
-842173
-384849
487703
-310878
-958228
104054
405842
276391
743122
-746864
-582957
-995724
-329457
-368745
-217067
948807
-328544
779605
-181328
789558
-388068
-600720
-373117
261039
457241
197530
510943
418194
898210
121512
-403660
-943963
736664
-915958
-254841
778437
188096
-849000
54827
-68782
-595863
471871
-64506
74680
-896874
718427
23487
-225418
498031
842159
-435860
-890037
-758562
191023
371002
698680
-611448
-118056
116873
-713238
-996544
713213
-657201
740120
797256
87958
518556
-14648
238958
-426617
916570
643096
-954746
-147936
-282225
-851619
-429510
741262
-77036
-931479
583421
487104
-821515
824859
-321874
549487
523538
66679
-568569
-359590
353441
-565112
-646377
696240
-824992
-849122
-215802
693564
136231
-976844
-733053
52800
666252
-687798
904864
-615973
-539417
-524646
-874711
383547
-456124
708710
-129350
-277639
533568
548777
-728152
57106
-384544
-296720
697517
968897
138168
-948861
665137
313176
-797982
-550665
6740
338249
-527509
273687
-608951
-861258
585890
-704087
-477230
-953528
-228732
-351941
430020
315144
-643231
-699331
-962495
890338
849447
-690646
-52557
-535098
12634
-355040
-566201
-849199
-303901
-901064
463977
-101882
-451729
-529284
-763633
20762
744404
-372584
159505
330293
-76670
682276
376766
694598
-669666
-193215
9742
-312897
107455
47247
-422559
-43098
356601
524884
421804
-630766
-830157
855603
-479964
-134057
954540
984013
764062
-497190
-545271
-999572
523573
-800868
-372155
-316922
529426
551175
-634647
-93808
245773
-304312
712978
-744486
382792
-179567
302761
960233
777335
-340638
485117
199138
28597
654961
54741
548633
-479097
9281
532645
-715035
512091
987375
-714607
35664
-813493
-86761
718743
715934
-535586
-915905
-377875
710187
-220216
-664897
965701
-837425
155536
268462
-877193
-67130
927824
607925
-867992
-43580
262885
186750
-494947
783789
-803969
-962302
-931247
708123
-974928
-645853
-256214
-788421
267386
-537472
927513
731800
-453376
-450362
441987
326408
-115259
407688
488983
-959724
-323851
611791
-26853
-396027
219716
105156
560394
-517400
-708094
-934554
-733612
-512063
-896856
-664859
-803941
-871784
-310711
-60154
-660204
956675
402374
-732692
688475
948999
-183053
130461
275406
701688
-461852
-235611
741965
214298
-623820
-284889
818271
595896
820268
378664
-921504
-887827
444111
-655116
-399889
547255
-319974
-203830
675472
369315
736016
-984732
325990
138390
-717424
14464
87388
99523
-855075
-637206
-198789
-316926
127183
-456825
897373
503364
258287
715643
99259
78555
94307
177755
190728
-461583
522640
790840
-914328
-797334
-412991
761145
571982
-676975
776413
-102029
461416
-941011
912436
-451197
158512
-942639
-88403
959724
-259565
-961220
-497102
-362193
542144
761186
-646550
-358597
-160260
447757
819159
-969532
986175
341798
821308
-928153
544464
-591683
832992
116445
-268658
609404
-985584
-807242
668393
926852
-258439
-173095
984213
653159
-213372
-275352
691939
289527
362456
234083
50712
715906
875486
890453
163663
694644
920921
149838
36442
742228
221685
-419095
-849455
54676
697351
-118112
-335920
711768
74646
-667527
638620
816207
159378
622832
469366
946007
-652520
161304
235534
709936
-604614
-713754
425841
-729128
-823302
-410496
965516
-902381
739342
1957
839847
-38974
582863
990393
-984298
280214
-127720
-320218
-8019
946926
12255
-369400
763133
-828367
-746568
232498
-882361
-399088
-606198
353174
-689152
-210811
639420
736690
60061
816119
-673807
25577
913738
-934466
-972467
753585
26561
610397
743977
42263
-109389
-383744
722045
882592
-436818
-265700
-486808
-673686
-94067
-233375
558813
23573
367538
952615
-623253
678386
-258197
-983834
415075
801865
832286
741268
-172559
746023
806803
-145025
499607
-166636
-534629
243584
875627
355982
859840
597672
238574
-576978
-668028
751767
-250664
237905
-481609
-691851
-738522
885929
-739237
-361775
564315
2567
-345608
-20611
-195569
-513323
-279343
631872
-767300
-472540
-513154
732307
360824
-47782
-24110
236451
-691800
-164270
-165878
546775
258753
166094
298541
-991912
-596001
816933
-683763
-334522
702862
-422999
303703
267176
579568
958096
-753435
-616002
-555228
-32778
-984130
-322528
494683
-497283
-590221
-144493
454935
385670
-908043
763136
-778600
-73920
309910
480153
-907826
-391549
488242
-503826
-574617
804479
161652
-871756
-618520
-534645
395421
961048
-576550
641986
-654954
-131778
-390792
-639084
545695
-896109
-136366
955474
-40602
-681431
341143
51356
-918296
562543
977436
391615
42695
-930390
-999935
-469063
-434216
-574551
-664585
727436
-446306
-283104
-807210
949115
-322056
-383760
591101
22990
484463
-799692
383907
30157
-695801
-752459
-14369
263598
-433890
-673227
-685047
-352185
889317
-707612
-960571
-67988
-638002
-960505
462949
-72217
-535055
798365
-344781
18639
-484739
-151990
-32246
193205
464251
-441146
-783805
-51287
-240837
600102
978871
63362
847643
-35499
-673040
-586247
291275
-358087
61568
180592
-65699
100997
-887396
296300
140493
575553
-775917
605438
373918
-120698
-375923
889179
727312
591831
82384
191563
-849315
298579
-859725
-90152
-101319
-880854
973211
-253676
83647
-699830
160077
-625078
-57917
-778356
555514
876385
322642
668118
172684
-536866
243671
396768
-931428
-382411
-723931
-307351
-493232
-996619
-715521
589152
194944
-564836
-112270
335220
345012
786412
454366
318223
-467265
-461987
618393
692813
-87065
-439525
914457
-531551
-563140
237099
-863433
609545
700233
380238
6312
768806
997828
282382
-538546
-495405
285763
-254066
-906253
-519293
181098
-18522
815927
-473890
-232111
270293
844334
300624
808306
462726
-6564
-278759
-976799
-92107
189690
-539939
-855009
326257
-930395
845225
-293505
75918
614030
-295678
-641701
-924516
208917
644063
-178582
302664
-875231
-997484
-715859
940697
-471373
52031
210989
-627040
-647345
19294
835686
346092
740535
858888
-746016
-69775
-681051
-601024
-743519
-611445
-755799
-37023
464473
858231
667299
822772
933716
-123784
466834
-244867
-821121
591604
-242351
-536979
532300
286276
515052
-256712
659237
867707
762583
494922
213798
503118
353810
467783
-566658
672759
866759
-310176
-938687
-889040
652801
525787
969191
320100
348559
902907
-803685
-184608
-341961
-624806
-593004
415689
-161784
939296
-298035
-646732
-317416
-638799
-779025
-554833
856124
434774
948285
209934
-97444
-618373
-117308
-230685
71452
-55994
-119725
-275747
-530208
-150534
-955648
818351
-247628
-759333
-366257
410412
-384138
40740
-173899
454078
-19964
528067
807347
662620
889269
-971679
-892214
745393
463095
-943929
-44674
-634350
-562301
838019
134966
509151
-217976
-984760
-766597
251817
-135293
-722244
70168
617080
-481577
703912
27491
134285
-255349
853593
-411637
724688
381659
-604290
387307
270927
-575969
495094
16319
887126
551165
971646
-747224
988864
809664
387743
498015
-408312
402983
731419
843506
-732310
-990826
-86327
884770
-472403
-382415
-87739
661883
362237
-234147
-749754
86924
-852489
-354044
-525769
418439
69988
969325
-565242
-42886
520490
-593597
209890
509354
-783934
-402368
7368
-192246
-999385
-261213
-348740
-731694
-252039
564933
-846925
275559
-817482
65336
-62558
544755
831190
187689
-368321
978702
833646
105910
397140
-96367
75235
831899
860747
-404276
-761699
70637
-894922
-545633
668270
112446
262122
668886
851234
913383
937192
-400806
478315
-909734
874753
660834
155603
-187806
205589
-13207
999884
837268
-34506
833529
-56822
-637366
-262839
-981588
-805468
-402092
-385863
-567167
668545
-280785
-112799
336814
831662
-850677
5699
682895
-937295
-57110
-717911
541021
33157
-843159
201855
-811240
-30964
-592557
175553
-31080
-755289
-858953
-197552
187890
-496318
539609
206303
-301786
-862483
820441
131048
806062
-460345
-981751
142876
-628683
-832427
-851425
-945788
-769721
91466
-663699
771300
-875378
-506857
-26845
-686617
462180
380598
488937
-568901
625310
629985
233548
-186800
-866334
-226844
-980498
-168119
-89327
839943
962929
-283265
-620402
981179
859611
-249085
-851249
-991815
-194872
-620970
99651
141430
-849670
224274
634574
123485
537658
96753
-495917
26594
527853
-870607
-343422
-238600
-57407
-209755
534557
-37905
622126
-554770
-197962
585055
161966
181636
566233
21577
932552
714984
29763
-262321
-905986
-870586
879110
-755655
353688
513683
367831
-108654
-389564
871914
917940
-861712
-998693
-425482
-100311
-56100
364764
-565754
905996
-13111
-120523
-291967
-428057
-958557
889670
-861825
63020
822221
853160
-907218
-440100
947175
-777804
-560991
-808480
575885
952692
559351
-532770
-436872
431265
-614830
-298583
432572
-40311
601107
-623528
-675548
-964648
-717533
311342
-85170
-9499
883285
-43727
-119830
-978540
-980708
-297609
874621
-887925
262291
821796
-665729
701301
-986685
910157
653993
572666
-622613
-782880
3930
-237443
-81463
-563498
722247
-480357
-187026
-953301
-445004
95442
358041
469826
-914058
241326
-573901
-33887
262787
-554608
668504
137408
-442533
-69205
-40797
-108261
-367905
-27481
-198105
-713913
-454816
179282
-496793
549115
941840
421745
985617
664086
941389
-201409
710786
-503616
894033
68826
966211
979976
-689848
-607690
-53912
572939
-162298
-385408
-289654
395169
545387
669550
-713093
-822519
-357932
88803
-536431
187253
-731915
-33223
-263632
-790076
-611479
-278015
874011
-670091
520576
584796
-173706
414609
-346378
-207496
394584
-36226
184814
-659328
-463287
-977484
-44735
247060
417686
-499349
-83391
704593
-321867
558678
-206604
141702
-254070
61481
-891521
482299
271406
-503000
-795717
145417
-173090
724860
-269788
653204
139468
383835
-554292
-465948
-652391
630523
-125275
-115678
653039
829990
-868619
70724
-669359
47991
-224683
8775
-393332
568714
-849523
352599
-369805
-741044
-165103
901601
-244044
39181
47018
582867
-235960
777231
236070
903508
161065
681779
-562440
508674
312302
312285
-607004
-34659
142275
-475622
-963935
472916
572369
-188618
-518309
-820963
-619904
-367832
531636
10291
-108876
-633467
-88108
647081
405714
958910
229947
-830246
736140
-533983
-926739
-102795
-852204
-489178
-594121
460098
823107
-201125
-574562
-34618
323253
-538497
-561702
-104378
272886
-80011
74659
652982
552157
-393705
-336727
-556719
-27172
575166
-909639
-621458
534076
320309
-451704
270216
786326
-378442
-832580
934122
132381
-426700
394219
-44513
372175
819658
920870
-304572
-718840
-640833
591050
554046
279157
-334292
207028
-168686
272004
870302
274595
-755169
445468
364956
-376626
-20457
-314736
171671
-750242
-528410
793230
-582821
-594289
-74390
-9521
799931
881098
-637346
619588
801967
58082
900749
-838866
-350868
454795
440291
314841
-338177
-728396
-413156
-467876
546200
-168324
977593
-88845
455050
-42865
596420
-373279
206894
-931990
-580050
624074
-526278
345560
-385447
-726347
226657
-22793
893241
28624
-964711
793990
189758
-315578
248784
-369951
999263
910608
-98347
-413894
-557268
-552148
417782
-579676
359008
-127168
377459
-44572
499553
-415647
23438
919504
-791574
497161
265063
-177021
770814
-508280
800187
664055
520344
835476
458044
-289898
-480102
-293172
340151
-480840
-382565
-758196
105266
60167
-310343
-476952
480492
-951335
395881
-142050
4094
-104566
442304
-972469
-185063
650730
524693
-920000
-526291
295506
-428280
-726105
-40440
-907936
-890629
-582397
-197833
-370731
124432
-857682
148430
741868
-615878
-746304
-197965
73780
-223256
-717474
122445
-827375
140477
-873461
68059
-417220
-845930
882996
-766491
678763
962997
-292781
-25731
-465283
-18885
933829
-373219
90486
-648568
428949
719756
475865
571267
-131815
217732
955390
121882
-980234
29169
898627
-697708
-848386
-928749
442769
-721847
139310
-974452
-567776
22306
-740942
-889013
-14698
-33722
85256
520019
947393
19085
-853200
37879
370518
575750
-242365
-153618
147016
625821
-935887
102405
-252298
-916121
-868426
-353672
-613828
-716811
-282421
828942
-438657
856890
854490
-6432
-120804
-886452
104555
864499
79827
-810189
384517
27219
208897
531318
-934902
-420586
107067
-177267
425796
-745917
-551447
489910
356489
196255
573790
488063
842584
959962
771253
-439837
788903
-667405
-582948
643393
326163
296248
756942
-569282
160746
-163232
-379470
-454737
863988
829428
-923419
929086
-591159
183649
-248182
834638
437732
200372
324547
-205780
-603373
-101664
-717717
-760790
-141702
-946465
-200627
-352800
-613869
216426
-709407
712295
-487327
-952466
-856988
673420
-115697
-236457
-781317
-251710
-407030
-704736
-322625
1812
478913
429194
-163551
-83355
-370435
-839004
710865
26193
59333
993148
265403
917631
-953317
-935224
-435169
-567186
281202
-144575
-854892
793876
-97040
-711879
467295
787263
51665
685978
-464447
644636
981243
212929
-353553
460156
-357878
482897
-623200
271688
643894
-912335
-702120
-296774
-919187
563284
-379143
-872504
628060
185689
-439689
-90738
-958887
-294580
-296863
-55927
-6459
-829568
-268664
-954794
856410
266889
689842
837653
-520183
-663711
297808
121940
819186
674609
-606373
463079
762274
-308492
-833695
843087
-745209
-212838
970584
882852
972851
-469106
-207887
-986036
236314
495250
-41963
-770145
665682
689374
-724939
522092
-43738
964904
359745
436079
-698808
-342448
-441981
-879623
-667839
-48354
583457
-905566
643155
749762
937522
897947
-463076
908105
780798
-490225
-561001
-427090
-476261
675313
-931840
481777
905169
733842
171150
-819770
255934
-872588
-854867
-384322
563492
-553675
273231
-878490
-433297
605392
73157
-849840
699827
-283689
899923
637349
-385743
-563154
545454
-604946
-53379
984453
-32035
470361
659766
36126
-47863
564934
-230033
-876713
745164
-974099
-749301
890298
-358420
814191
-663377
914811
935702
-96673
520203
8858
53487
220030
725170
-46591
-142621
-660574
390255
-597168
-265519
-663124
-612716
702447
807237
-952951
-261428
-240626
611984
508540
-117338
357148
534441
133362
247445
-823979
-52447
584069
-909168
-116746
-512605
611035
892113
540882
-168935
617282
-505709
688444
956709
884547
-908724
-308811
-778578
-521440
-606364
-971341
-474390
132208
-211966
-862406
-359253
670697
494742
-824812
-195942
-257813
-648791
751611
-673745
-557959
-365135
-186349
-946924
-473023
-645467
-115858
-855742
-151176
-427414
-899034
-266629
-336138
-207844
-45206
142423
185792
-16547
668034
-682001
771488
805629
-41253
442184
300370
133936
-753758
-957443
485146
997854
-631187
927188
-367282
182464
980264
159695
536997
-135594
303954
-614179
436992
404921
119192
-899146
-802923
-926015
243278
382869
57439
-88689
700869
-171073
-283061
-340384
-728889
-982691
793552
-482647
-940133
278698
-484794
-571320
205885
147925
611145
186149
-692380
148141
-949446
611574
533963
487547
16495
-346846
588401
213572
-272860
-168322
-403560
784579
742990
-702691
-386494
-540072
-43074
-115383
-522762
-249523
401970
-462895
-970826
917177
-34215
235060
65101
-423071
-578792
372721
725071
-528238
-15705
259034
959309
-999211
912189
547710
214361
-360672
-620612
810802
-576093
-877623
-891889
37413
-417694
65037
922031
59544
815515
324000
596650
844690
241177
-437566
79749
-693722
139364
500957
678999
-135565
972720
-336707
-876532
932029
-335917
-964344
479738
878445
-325015
859126
689247
98893
981503
797358
-863695
-436191
-137605
-941665
623353
-322091
382336
220002
-477402
-376487
782437
602348
-70209
-78199
103305
-391211
786237
76024
272083
909705
8052
936167
945362
-512211
814611
-379653
-653085
503857
719240
-671582
301215
855546
-107773
-836391
913881
-484420
-158482
296217
735582
364117
919730
518019
-33536
-150480
-560181
-930231
458310
-773945
145793
-269607
-864240
-846156
-333441
-918878
-358366
-518831
-298531
-11451
985027
-579292
316968
286241
-723747
-790806
449850
-809866
-275226
-708632
486352
-539644
655485
406082
978375
-378051
-744399
-581806
-308282
713912
-355750
837512
-555696
-219989
991356
110864
-138867
-367010
592034
562603
621540
577060
983312
-61493
-136700
-740436
147702
-686850
-550301
872476
-395482
936052
-667168
-739997
342133
-688794
-118047
597734
-270599
573671
311646
373651
411182
755951
-846339
402538
-133186
14795
-964473
-541153
-422603
657068
-964094
-439292
-404426
-100793
-179727
743276
212357
269973
615752
816876
206024
948584
-923122
-451844
-740210
-41168
-854110
-10809
-467497
457536
-637158
943685
213486
-483496
346223
-919701
531299
381751
-460853
-891304
38818
-424947
-330595
634393
474261
489679
377668
-313382
-240349
-6580
-496507
965675
-57997
-419628
-486169
201793
539205
-340279
-809016
-928293
-882743
-446174
-984608
330744
70330
361615
411044
-398371
-256634
950191
-289674
782184
-474756
379731
416576
999505
-130591
-205756
-313878
629061
787664
189616
594736
-270333
769989
-891434
931460
309193
-231712
-877557
380900
-114455
-323730
396292
-783712
746601
-242093
627332
-651770
501273
577523
58556
283457
-897234
-561713
-299967
-897730
307697
494278
-211607
-63243
281941
978010
-468508
-988393
747998
-359942
943068
57191
408346
-934489
-561909
-706109
-258219
834383
-489820
-511619
-407710
-862489
-163389
-906438
715034
895168
377019
817800
-666546
-922948
920071
641151
571330
-291536
-422092
-146729
-313527
109400
-135121
-565529
749459
-192054
491662
157805
-126543
929753
451696
615239
764136
961876
-896380
-643575
-900613
-59768
-550013
814422
-164601
827007
632222
168854
904060
552292
-189995
475389
-739245
387914
-671341
-52771
-502687
193539
381700
-753228
-998516
-126639
404577
-125058
-196886
-143727
-509819
-432751
-181851
-406199
-76325
-82464
534034
373663
-268043
-630567
200670
-635822
538287
104729
916471
-651708
-419883
-822774
736206
-91223
124455
-766481
-897685
-493845
-519709
-896200
379517
884869
-21257
-817370
-258859
468924
-250120
559290
-937276
673555
-523174
596759
47217
208784
966192
-752114
572962
504478
352616
489433
852771
932734
666660
588977
-158490
-208886
822496
-56174
297269
-697213
47627
-323215
-812345
-973631
-140584
-71204
495293
609296
-511914
558018
282851
-35088
154776
-669932
-826305
120967
-422045
746658
-374555
930571
236091
-521784
863304
-97250
-932808
-295186
693865
889688
648641
-8867
-807526
-303733
667919
-619870
-277363
-472665
308927
-782071
-863369
797013
775948
419482
-238075
-69276
749551
-64379
-948309
-672495
-317722
-322863
-741925
918370
155353
-878622
-178881
222545
-173808
-485017
112233
-525168
506117
304708
171100
174036
684838
893737
701371
-6236
-888334
838002
-209223
887614
257484
552702
-181662
7034
-511678
-129970
334539
170601
547167
592615
88971
-297480
713993
910091
925065
-459815
-574927
37298
15018
931191
-657994
-813883
105227
-973157
-920147
-193402
20608
-808481
-355400
811385
-920867
902084
364087
-102528
-90882
852410
767502
-756343
23011
314669
836272
-888019
-982812
550264
-977929
942254
-909551
-552855
-20449
105467
-621664
321557
291584
483563
348401
371438
-709840
-630992
562958
-65240
-819607
642092
-163156
544481
-460437
745962
396890
-692935
989619
-580100
621734
825891
-468119
638922
376154
-446047
581175
466603
1098
-439274
-427930
379434
882284
863655
-137003
230684
235092
153157
599693
-201951
-912083
780087
-559859
-75238
324567
-20296
-329277
-278543
286769
-339658
141357
-91497
-513768
673239
-452575
862387
-772809
-871401
328990
228290
-310674
901060
-392277
-428391
764714
470721
802294
-194
-376123
401987
797856
-288205
182073
-762004
636557
-493360
217701
-692720
228097
-495531
-32378
-630547
412973
453855
-957308
960398
316242
-730116
-911003
-354769
498174
-221677
-453709
-894103
349933
-688995
576618
152226
310812
-799505
-445788
108667
-87709
736286
346664
-451153
-757075
-435636
-143873
471022
68834
823750
840476
-518194
277605
883169
-557797
-406154
-846948
-468799
239078
651227
309525
785370
757125
-340543
-903626
333743
811684
407186
534239
-634104
-484147
-553471
-897818
862517
-4623
-654893
-573120
851504
816130
495714
675254
656605
977521
-47141
539774
-580276
546706
692827
-49075
-214217
344053
-739550
-428848
101178
-80093
-332473
-565079
-268409
-925287
969161
97488
-409433
-584311
199670
-546917
411066
544777
-120036
262570
360907
-624322
-62176
17512
-646802
890684
-442715
-227077
437389
-749889
723849
-776829
594165
984299
-205676
-304657
-95794
461852
130264
635797
536566
99424
-266716
-872868
515114
932955
-419784
-73820
477732
460180
-811250
-161362
835859
126575
856150
-810943
17258
-586566
-38020
-545354
-336454
-314172
-322182
-742289
-329873
472143
-46946
574333
-66006
-916682
210130
-529440
182743
943414
-402308
-302144
876369
177909
624037
354100
-361912
812787
-807263
-526054
-60639
-951113
-336997
956619
-537678
624984
-588736
125868
-689188
89083
383579
-19061
-438775
-663367
-444729
495220
-580049
765402
965780
602694
708816
-436528
-699450
585184
741381
924587
-60717
-620531
737373
132021
-146585
-323266
180908
516419
-366648
643231
141403
44617
-230901
452215
-866301
-847322
-566846
-305076
-510689
-11574
-809857
-90738
-246173
-844077
-488044
-537358
-280605
-187494
-952175
-539225
-262907
-12891
-159756
-525534
-880870
693660
151200
300039
210079
784553
-56731
-648518
-170831
712368
803697
-37131
865046
-763149
657794
-645644
225277
847938
263619
979105
-996140
775576
-558254
-276744
-411918
-510428
184032
325175
476681
-975725
799641
595811
717936
-49160
-104151
-71985
-264607
839118
279497
564562
551486
83194
-472569
416531
320045
-814776
770888
-454678
-966839
34507
-475574
-962978
-189917
-33828
-239722
398165
455744
944310
-276661
-67575
968586
-477020
-471764
686522
473821
424085
-385464
-790787
263203
894034
773776
-185311
-22773
-698794
-768780
-702728
-513569
-997893
-157406
-480407
36615
367020
-443385
846698
-666808
316894
244862
788937
261203
968202
-278638
229789
-508819
249598
-83690
965002
-326317
530847
-825785
936886
424880
947991
-248426
-597893
-750803
-17205
-300621
-264372
-15098
541973
255221
-978483
-91007
811837
868216
242185
128730
113078
31122
-610068
81279
752484
619722
572461
2081
-463969
537463
675764
-933123
711678
612650
491758
659669
-635776
893865
908866
347019
-406757
-355507
-668079
-864784
899715
-646561
44209
711551
-778346
-713606
-159720
334732
317516
230212
-583989
70000
-150066
988472
-927919
385965
525935
747845
452843
237613
360495
-55400
-102719
724719
-161536
-193854
71738
431708
450640
403659
566924
350354
757098
-388867
61904
978752
-102473
902184
313484
-784957
132396
729495
285044
982330
717967
357125
368295
243901
104969
-178863
-518486
-534536
765737
378795
-809818
-395799
-815059
261921
-964091
635582
-334421
602833
-14065
-577323
-786034
-952162
-598572
111493
950023
714913
326537
82419
444407
-388420
64748
162373
968705
-566957
-593726
73674
254180
-112211
539138
19917
-733417
729321
624119
-548475
-8759
660028
-912894
656821
262861
73041
-920503
476827
120880
-519074
-411680
70903
-804162
914857
-846679
640246
-473563
218070
-197381
-504858
651113
208894
568816
-94708
-903318
107954
925210
-636735
-162725
549328
-185209
828517
209356
-98103
485338
-527784
974939
564835
949043
95819
-954239
-462637
-833279
-758401
-547781
-679957
881845
-21343
538113
-315536
473799
189226
893358
42615
-905482
990040
-849431
-980273
-646696
-12156
569056
168096
-183639
-221589
-930008
-698302
250627
-955069
866533
199670
140750
912294
737034
307472
-846107
-810747
627515
-964262
167910
165628
-279798
-358292
-645146
-386441
684324
-550628
-396402
834893
-530900
-43097
-177263
-961845
-875002
639098
-183433
-805010
940796
-932806
-760078
807329
266865
380672
719623
3898
-311856
873517
193151
-684341
909255
-638940
481288
-370544
2769
836142
243016
-312908
-714486
846614
-478016
-245386
-196484
344721
-207230
-71485
-16181
609337
123506
-75386
676531
363428
-268057
-56604
-255901
-548434
947294
432244
-674918
140444
747903
-765664
501505
229190
-136207
-495727
65332
-893192
191366
350846
953423
713351
-894541
-243061
58072
-101771
685454
-958110
-492434
-191041
-33495
-815903
-827614
698448
127493
-83514
-849986
74787
-651271
-524904
-784770
-903368
-290567
716736
325822
573226
-778992
-608847
680035
412374
742000
633458
125725
847459
-609604
-816204
-254312
-924151
-774314
253255
-115191
192191
437352
57196
-109361
-435155
973682
40653
639632
-677589
515750
854863
-580957
-774818
571598
744866
798408
792607
-863981
478443
204981
878019
111900
-669295
725478
502296
-485499
-528834
578146
-259812
724421
-537045
932379
161773
520151
-176982
726619
493832
863672
366251
816244
379421
221114
-764713
604603
-207289
980154
403011
-414682
-883827
-118547
790299
994192
993354
-878996
719670
495649
-364495
-809165
73795
375693
915257
536750
308072
77030
56900
-868910
-196352
-449268
994762
-830102
-633024
374182
391013
-397737
-21215
-816277
-417584
-618204
-230958
-301411
263249
-440659
-307219
256602
-319655
-587549
-247749
315850
-396713
826047
-308457
-481456
362796
999615
595574
-580304
-869296
-600779
-29571
-874534
-430880
337406
499649
960134
939669
-521566
-856143
-477915
-139770
-87101
220675
-876522
472240
913457
380081
-847416
-674093
-867668
468435
-70805
958379
-840023
447739
321175
-840408
43312
740872
-709703
442534
-288699
-584237
-988346
-951294
915413
971788
988376
-606154
-884356
-489540
254076
28543
731136
377555
-499217
644592
-242364
-346633
970500
-110032
-878199
-100306
-151653
-718221
-652568
-830478
-558629
390745
910395
-268331
-166722
-378305
147432
-155067
-329598
62845
-183280
-341223
456691
-67635
169238
-289234
960909
-99627
-911680
-538309
-455036
-154044
115059
-484537
735925
236861
415158
-415728
518640
762590
-246206
960012
153334
-335811
-308320
986613
285884
839113
-168455
956287
-98042
648266
-384937
-641352
-419370
784302
69414
-458461
-315326
157735
3230
229639
-996309
-881712
745102
739616
355149
160260
-676112
-126211
-77151
77682
-166199
-923817
741872
525482
-937204
27756
364595
-105658
-15958
-733448
-457392
599106
-374800
123239
383407
694615
664778
-931920
-147651
-331993
297719
-143959
-213704
42821
-404343
-858555
-796920
-80455
15235
125930
997228
849036
202114
739099
374517
264911
-233146
-260888
-840748
750896
5664
-298140
350001
630865
825099
-266593
325479
489876
-198512
-822172
-842117
-900793
33869
-55820
142028
629526
85625
345109
-450930
-899141
-528961
-453703
949896
673153
-714604
324413
-61937
52250
-936476
97316
-196854
69189
799176
-846854
-299947
624275
-113446
-974468
114151
688043
-796640
272035
787250
237230
-783786
-70722
-133245
301839
-725614
415826
402699
-254575
962124
352595
-581422
-752481
-322993
356642
299769
-259468
-546043
-897086
809721
-746867
-743939
-490227
877408
142616
-464694
-8441
-169342
-261334
-736407
-382093
975896
-520193
547185
-157349
781647
821572
-741523
184346
-433003
-779400
-463060
-14425
-531881
213948
-657784
767889
954480
-203826
870804
764200
49307
-873135
-726027
-73285
269481
-190721
918274
-899861
547946
-818133
-281953
523842
-338325
-734768
-633507
-556678
-913197
-375030
627669
-346200
-154430
-835392
639376
313690
378556
981593
81579
333036
-222234
-47618
97235
827073
79248
371209
-246213
-651272
-819513
-327939
-551132
728434
-146071
166915
252275
515604
432147
618768
958926
518951
-756263
586594
-827250
89308
751203
812127
-597003
129759
793719
484577
-537206
-428516
-563041
560030
-601443
516207
-68762
152344
864935
111726
824406
-686198
-159841
-321666
480718
-907566
-806062
-87136
711203
-847136
-568186
954940
739459
-395435
44248
490661
-583309
447246
-379580
-789591
-68178
83214
-218106
368781
-356756
180451
-115013
574482
-667205
-250078
-313793
-842799
63725
526367
-164465
-455558
618801
29474
457306
330003
182338
889121
284943
-78204
-506315
-670809
-587543
-89623
776437
32877
120787
-291741
-883909
902681
-922961
-240665
83131
-37973
-666184
415927
711949
20024
573128
-224327
-453609
-591337
320116
-834808
438137
-222578
495195
-379525
-333458
-219862
542271
160228
109329
954728
-929396
-114234
-12395
191391
594025
103696
94072
671064
863032
-822798
-366909
-803152
593130
-654961
216872
166257
120713
763264
574921
-559171
928456
13057
218251
423651
633532
884793
-796212
175803
45021
313118
130531
115625
-801116
-881865
-692984
792909
221832
401088
463973
84863
578291
-902937
281711
171420
-557897
-501417
-662323
562817
-738153
912598
-996355
-809698
-74346
221896
613953
-440814
106689
817742
734990
-848291
130860
-134480
267335
329744
-16344
574351
122652
-794513
-24562
-413375
290351
-446272
-316312
-427938
725148
125792
70645
-937176
-311392
332493
975423
-307747
522795
-98923
914150
136747
460263
20839
-45511
195253
172548
-914652
-939228
-560117
415092
44428
-985767
-462256
249916
-10328
124369
-459734
543400
808058
112329
268548
-66151
-817026
331373
622458
515467
306795
-685289
38261
-792129
-771140
-824992
668135
249699
129497
-136613
-577753
214846
-75841
-137870
-370063
968588
-123636
167681
218504
866036
-707950
758770
409436
-899893
-128902
-322017
33957
54072
-990645
-343585
-430462
316151
-28874
607800
524022
199987
782808
192156
-550314
-87695
-944458
-128067
-872850
-20298
734064
-242912
-51710
-389572
924770
-833207
-523537
-783181
925563
885900
-683073
-203339
-436118
350885
850734
-426762
-992701
-579728
889389
-21574
-971929
413410
-821588
810880
-394434
-371902
-276815
-338891
500032
-149664
640811
234095
607424
-410900
844524
532193
-244107
-679013
749012
-318544
-793114
-934061
478118
-229232
416824
328851
344006
424124
749124
233394
-597451
777196
-353196
-419039
588076
252370
209059
-688740
913479
-290909
161596
554290
943186
-230981
-856610
787710
-698788
-100717
-891304
-949776
580740
-684418
-883837
58857
86350
532988
-612292
-569644
-42889
-863168
663751
359660
914028
-689446
940622
502103
562925
149681
813364
476404
858772
-25041
30694
801958
743979
174084
589667
-954810
-926633
698364
-904585
654108
-986055
-788422
-287035
100295
744567
100673
530652
-298323
237506
194402
-938663
151533
504957
-998041
-346364
67882
151641
-533001
-455714
10412
441958
574980
-187630
185937
-250936
-597963
231128
-177568
-899600
326543
-523461
-885655
538122
189504
214641
282688
-709823
-254707
984366
527683
939695
-954297
-320785
444652
-952338
332851
-487466
199304
799851
56820
-790285
241809
-368200
22086
-572255
380865
424124
658874
-796704
524524
-14584
-320165
638870
-476462
869339
-146489
806227
-840485
598804
790592
687199
538499
836296
-633587
-16850
883959
699265
495685
83262
499115
-447496
292978
-259077
