-217291
-459155
384563
423566
396077
-296826
272452
253833
-401661
-105355
254088
14699
-982450
-736136
250777
-802865
-333449
-519194
-702860
-495664
-20850
-236650
-99648
569797
144839
346038
-466422
-460582
177643
442824
547893
960353
983669
-67544
383918
379746
635630
-343630
-366422
-766031
551016
887667
248669
568566
-848470
-500555
765702
-181918
-19748
-937158
322418
959402
-173808
-777230
529198
971031
568808
-937224
-489551
-253549
505601
-941658
-293197
489270
-9201
-909279
-130985
-373571
-252909
502594
-139602
-701893
390260
-890934
866673
541790
-391489
632375
-640128
588764
695217
682290
548165
-478591
905061
77363
-507560
473869
140139
2890
-779681
-354260
61232
-72878
-864991
-947969
17844
4024
-321540
764936
-493383
538858
-936958
896878
647924
929715
438668
-743565
562090
798540
845199
257306
480830
393364
778716
385890
-529274
-728845
-140241
610866
274045
80079
-743395
-664723
-992799
-608385
-612692
25045
395639
65769
-210020
902257
-395374
-146978
799135
-747450
-217263
237802
-491015
-655174
36341
-645816
602133
-482829
747549
380848
903062
-781725
652004
-237180
829142
-73951
842899
-914253
261327
850100
-522638
648636
-124855
873002
-285596
665125
775259
319030
-481854
574393
571581
300884
-187806
-919434
645710
848536
-565249
247842
-634294
-817701
-371310
-731232
-599425
-719306
31588
-770284
206743
-125513
-684537
-531930
-275413
-207174
-883295
599732
-334173
-168891
264856
-558915
-849861
783003
-984523
721720
83886
-172328
802287
-270404
-323792
-762963
977438
41915
-580664
-393872
310683
-180089
-113177
-657729
49628
-906435
216758
365092
-438365
941346
-842083
-321659
541077
-176256
509450
-194067
264830
659589
-411065
280308
381309
672822
-892020
183595
-597583
-215812
420633
-620145
826103
839969
-14016
136786
-340120
872807
479057
709509
966373
-304185
74600
-471992
-362840
232517
206349
-821764
-943739
-284202
-15830
321091
-624613
573106
-398602
756696
245927
-290622
-59709
648344
493567
-639077
-971801
319670
-799108
14183
-543545
-139227
-113011
935513
-429719
-146639
-368673
644882
381369
268487
-122602
-412283
446724
-66340
303516
-569106
-745250
678903
-996001
-143851
435599
249926
565528
-624110
-101730
59094
-263186
-73531
-621237
-62293
940653
-164781
798480
-172358
-229269
-631239
681004
402058
-986358
62373
-329455
-108959
650090
-882731
824702
-46394
-451837
-920549
-367491
-447838
-64399
-931892
802088
-498871
-556002
-299642
560223
180813
626828
938987
-881481
567480
-225794
916999
-604878
544937
-714240
-923875
-53005
-700597
138498
617540
190445
-211412
734809
15146
742194
-717028
94598
-625297
-164866
-969801
-557189
-362778
-468672
-113190
337580
-908450
-932378
-35592
-969463
-813859
-468112
-195257
-896860
-72990
-650320
-611100
3135
296675
-311696
-858367
-85785
878749
-69779
-350976
-106106
-327585
-68004
988493
47118
767131
-981309
489930
-595648
-449981
-623261
741933
-358430
-555639
-293660
-327892
-369497
238229
476851
-266357
-834761
826532
122543
168375
123206
810847
310008
-962579
689596
-759772
-313555
-416510
-87356
618442
-428018
959762
385572
-409327
449692
789924
140692
826431
531857
782263
-729208
-761803
-545630
-98705
476426
931222
634938
641665
757753
-242519
-189961
-119041
-431672
-879954
-81620
-742077
-639725
604826
-158587
272920
223267
413396
232682
-391162
-995932
-317627
-601239
144761
-491197
930619
-72977
-220405
-831185
381393
680891
645241
312614
315828
286906
70367
-926691
-903056
951326
-358363
-783009
-130295
-100439
-422733
-525470
740975
850187
697798
154370
82869
-693365
158439
765242
-294603
-696800
-725955
-363985
230223
53640
-195170
-388384
-265469
-549929
924231
-949642
736977
-5403
-876332
833922
-54078
-234694
-949087
815628
664868
-371819
-709842
405842
-521633
987956
-439788
561237
-705410
718652
326478
-12
-978149
600523
636003
252075
-345837
-559167
863691
388694
-109096
787921
439053
-372120
-217482
562721
-538198
728440
-671974
-487285
544068
992894
140896
834226
398736
619264
822182
958949
180500
-883228
677600
-493023
116760
699452
-892500
-247238
-48474
-238337
193595
-184783
-849643
-915501
-396862
589410
-287621
385656
152131
174181
114096
480158
686897
-341837
473052
-172207
-507612
-128213
-552944
-685430
-169264
627556
-568658
-491664
-865467
548102
-792213
-757966
-699136
159313
3697
494459
974531
154055
578958
-422332
-256535
-708663
963324
895596
465519
77419
375753
152416
735582
-151195
980209
-772030
720592
-572736
-457460
-448672
-945180
-26117
59664
-810646
-478016
267451
-568612
-177152
-573236
435086
-682693
-598706
-410860
896266
-21038
332605
-812397
-57714
228201
653123
-980296
-396046
-194462
755287
452759
-214254
983258
173351
213011
-474202
724679
267832
499681
-215658
457186
-978336
-948207
888575
-155487
-521443
323660
161821
-120148
912801
58086
858815
245406
245689
-198900
-526394
-101189
-179195
77561
704350
-423908
-469681
-509905
-440651
703670
703107
85148
428349
-29062
-415172
-787310
-571877
-393507
-735517
-683302
451007
-256959
640358
-387173
622893
553159
670913
481707
-201436
-83398
-717193
272171
815414
103612
-650269
519763
679705
-119950
-990142
-760946
-416280
712965
324202
-987932
-316097
909031
-775242
112026
-484477
-510758
428725
966530
232283
69082
-420644
-144825
-377760
-749731
-663118
420805
166872
-380311
-307025
-17715
723302
42706
-497952
403007
922757
-488094
642061
-493524
-775129
-33738
-481456
-91226
-124708
-256697
-979200
390816
232546
449525
357346
-535172
-481393
936702
320004
140847
-813029
656887
-438348
353843
-723424
254627
-663872
999879
-702667
-161824
402885
-779911
350083
44945
-273435
574954
-988793
245110
-516272
-113501
988414
-495472
-722685
220959
954054
634661
685788
-527340
571362
5791
613508
758334
-337322
-824841
112177
-60746
429786
448305
-60868
727119
-713520
-657984
947209
636564
386961
-326227
211518
398168
918884
695246
-715333
907297
-800227
-438018
128256
-846173
-803358
-185957
-373513
768005
819835
-760006
526339
-517488
-584847
-361485
421767
844940
-913181
-639102
572059
-626700
-297086
519267
-990137
-910125
-806960
221381
488044
-888076
-83373
772712
-980779
116401
-665307
147477
270228
-468664
961521
896715
-700660
781355
-863291
825680
-736133
-448137
-535806
685634
-603198
-448986
-953468
968862
-75686
-250553
488129
-65822
-160677
681169
-844441
-672634
793094
72186
-899923
812315
-811414
-565229
-40209
458815
-33892
-78689
355529
265448
-297334
492238
91128
-33466
-955900
555322
-347832
-559097
-893665
-301299
-590235
30650
448148
897894
964829
-712530
579063
-879613
-385163
372156
192574
-285085
184470
381161
149687
-855739
-160025
-884206
65573
-804496
381243
768240
687743
-527630
-265227
731844
-972309
386942
-827254
-865973
-914358
-417488
164678
533791
-519595
129506
821261
-940532
249894
-563902
431625
-557533
151014
-383906
823629
-699300
-239645
-336396
-583506
825929
-140891
797737
594168
-453149
-729893
-671060
-721306
-702202
715883
-548559
-568174
801525
33953
596504
335315
514359
-273990
156576
573828
975904
592675
5452
-581629
-256312
621547
-758001
44388
-618098
-94396
460882
-792170
764713
258619
801998
-688436
528726
-869062
-409742
826525
846821
41700
-741649
648346
-924347
854855
-16339
590013
-419136
-859764
163840
-443232
732911
-830708
-24861
-523402
790839
217139
520986
-827260
-877257
-18132
-619430
887456
-759513
-817432
-800981
769213
-686494
-210722
595738
-839674
830978
854089
808673
906632
708944
-207667
496644
-710193
-67431
-339516
-153424
-334520
-170224
821715
142079
-379386
38854
-336935
-206646
161597
644933
173925
49053
885420
356493
248073
654633
670000
-962650
250370
830327
868329
104458
638999
774960
-186599
-568669
271604
103209
363901
932088
949785
-970619
-238137
771500
171460
382478
-189646
834525
-824168
971951
479458
349757
21004
364878
-293750
-730924
19510
-623751
-693574
-730121
-793425
-825245
374338
845574
949716
-812261
-723095
221319
290948
640806
153406
240733
670188
915270
12233
-158353
297747
822588
-323829
473580
794538
-844372
-176664
-184459
520507
529587
84618
-459984
905836
391044
-190104
-887589
565800
-815767
957986
515515
-628027
-765110
-263167
662922
875697
890240
-96345
545884
805509
915888
-612469
103256
738476
63703
-423165
533013
219331
400172
-651446
-260162
-70242
433172
279854
-164406
-175784
-910251
-51994
-609985
-726017
-94009
905530
-354044
140882
-357637
-691122
16579
-467398
212533
-437537
-661889
128421
-50006
441367
-133104
-986304
-981798
-600091
233028
418374
-251536
972866
-651868
-818365
252720
183727
5852
342469
-868268
395868
616453
37724
301398
-737591
-821395
943761
-428713
195185
-523637
783821
757648
-185526
-87759
-292358
-744159
779137
-278662
-725957
-820954
954367
692418
-72490
927232
-959450
109146
179951
224277
-885003
-477580
356010
510866
-861127
-606267
-187737
-598718
-427661
-243976
-27430
767524
232387
-243610
525172
-953139
668631
-767187
-697297
447768
-45849
-423253
626814
-91483
-730836
-445677
-164251
-690285
663469
-984300
533992
778467
-461880
-109998
289332
-323007
283735
-898405
78276
856074
-142381
-949154
623598
-909994
-192764
148769
-863132
-524133
381582
-560429
923636
-664267
16318
550449
244251
285483
-895228
-920000
595198
768242
-904300
129190
546708
-366179
-980809
-163960
310815
302926
-62365
-610910
159000
795254
-560064
-217402
885261
247173
931367
-977872
723040
312949
-538301
646675
648683
478017
197124
-107067
-236500
301896
-27067
-641303
70137
68634
487887
-383155
702455
507078
452885
13269
-189996
-609480
402360
969005
-814226
842297
-248398
-928966
89469
-317032
-906838
-187491
995918
-445138
-540816
644600
-967121
656308
-462468
-203621
-41796
510466
155076
-971659
-420901
-357037
-354813
-718446
-849960
-901929
294824
-39955
-511408
-302817
-70951
-325634
-460520
680651
-254600
628950
-636381
-161437
-558541
-640464
393425
-99357
-995864
426305
-443049
-458331
-777317
515156
-947866
377760
543497
-368766
-979278
-811316
-87212
-829237
-713244
-792388
130808
-224652
-95205
-940144
449714
444276
740508
-804887
73225
-895874
33677
514684
-536337
-572898
-584673
-532201
853407
-27722
9468
-923910
-512567
61603
453850
-969070
692838
474573
-780385
-394374
645337
-493629
-186762
-223856
281719
718034
-163999
-268568
162309
-423491
-73454
-764467
-319365
960224
750218
144299
-612675
-834456
612099
-759269
137822
-378434
-683178
625256
683170
770673
656187
376007
245245
875802
981634
-109419
-617827
-205129
666726
663892
-487096
-497273
-604676
675213
79236
321871
910747
759872
282094
660964
-95830
669419
826508
-483732
910151
-35670
137835
-773028
-410414
-178995
997646
-754227
-802988
242890
-878425
-821355
-866529
-496252
-26484
800198
-832360
486421
-697076
-437035
161633
382160
884837
72380
142032
166930
-266657
-953799
-163651
-440149
-437530
-253500
524182
700306
-26527
-886233
-478690
-28882
-640459
-281678
-785993
-518884
-103033
-652521
-15135
870484
-852324
152505
356905
-549400
715471
-481462
832761
600307
590918
-25208
-232763
-675739
20994
603586
-115888
583465
-649915
-591707
283770
323559
-477939
805080
-705324
-118397
-476598
-491316
362720
420370
-143837
-652416
290853
3840
500090
-352243
454441
215560
166295
287201
-184133
-242787
-738007
583104
81474
282988
186689
965586
-133548
536775
-626121
-849779
-139666
-104059
955302
155010
777544
-521297
663695
140263
899073
-480143
487848
189926
523698
-12063
837684
-21862
-796503
3979
-734661
19364
761192
-472668
-397533
-157335
810320
789157
-191749
-323228
325932
182131
-173007
-813735
-921929
-217706
341275
855616
260998
4969
-4121
160070
524827
-516274
-650004
48525
471664
-812321
-973338
675162
191659
-707998
-305475
-47150
-180666
296993
795516
-370346
86150
-396233
306426
-587919
785898
-866581
-401653
863969
-84286
939623
719585
-823289
-55408
-284537
336781
-530581
199190
686778
517944
-329147
874458
544607
-653986
66116
836609
40540
-981035
-344057
-662468
814482
285598
423683
-581752
-407977
835764
-795855
-274557
-565889
-931886
641157
-626267
787700
817868
318325
-496838
154649
787744
702353
-158574
305687
-626795
-284117
-149707
-280780
782000
-313098
759760
800966
342845
-902708
615447
-371558
520976
-966305
220466
356740
-762160
945909
790851
-694045
587065
-835417
-906346
404933
482908
-403183
-440419
270652
-700831
401008
-423661
-327625
-883109
426633
391595
898891
-886466
151355
699856
456379
248648
315303
-915180
-230377
348998
305287
-873638
586839
251195
917213
892795
-161740
-918205
986450
-756807
564704
-416734
-197226
-164644
-117564
-796218
411695
554811
-679326
-161673
-53594
-780436
-48139
-902240
919421
-591761
346408
234724
-506940
-883969
-416279
798347
-757607
-829440
49542
-840395
-936646
887803
-758599
-950196
-869005
806106
-366930
-66230
-358539
515507
137552
-946845
70317
458226
-108518
-983278
677791
843343
-885517
597212
-748418
460892
-168065
-255357
576923
415657
-457010
819316
586217
592532
978922
649572
480334
-779677
699376
611330
-973572
-667554
-454901
-332111
847953
682652
-278955
-81730
140878
612528
-65008
-181331
455871
49476
-584120
707453
-489633
247815
-547904
-912711
-336528
-4914
906606
-750311
-412382
885528
899261
-932048
-894150
598637
679282
-867722
931083
-775619
-199832
779036
907033
521214
-302695
47910
133741
632298
866579
-410389
-318227
-717541
-702936
192141
530275
-250840
279431
-806254
744247
186036
-556565
-668136
71563
-657304
-600184
177414
941333
-920902
309693
872416
-696521
-890139
651452
-789489
631075
-651244
258422
-235185
981055
125001
354427
-337172
407460
651491
854969
-62266
-599349
134400
131481
-855103
-679565
574916
-523238
391999
917612
-123422
-430587
858945
-44324
879106
731360
259155
988967
382811
469667
620041
731568
-271911
-615144
712623
853090
739283
-624550
260550
390774
-769581
-801716
791425
364819
329765
936323
685254
-95319
-586916
77253
-177707
289663
646666
-318763
-754662
525771
-587403
504494
514738
795409
-25839
134778
526977
702250
519634
239599
555340
258917
615049
-184110
-350310
845468
14174
-558885
210286
-656062
-622562
-104460
248620
-209478
972794
-929088
-919815
619459
-247851
-674477
145230
164746
830018
-340033
-39845
-195821
794746
-512869
-493571
314380
726730
-938232
-426704
341778
-122342
222987
187246
891833
664103
-602469
-764229
-958460
293072
484391
-167937
265865
555303
-87752
-114676
-692549
237772
-969447
472198
67790
-309479
-567647
871969
-514733
-80516
-621603
799647
-353787
-559834
-627058
987992
317825
595930
175237
209658
260032
572769
445429
301572
-134160
-70181
-866365
-868296
-514879
45883
17028
-207427
-716346
47582
-735229
351444
738103
-302876
223413
-776631
616608
601811
-976984
-737179
-958023
-604042
-749188
359803
991889
426050
-430540
251920
-1182
-985112
-446508
864658
-55293
-312873
996363
429829
733011
13390
-777599
-983335
-939029
-512828
368110
799075
184297
-408478
-977556
-199096
-806667
-954540
63726
-764690
-558581
314538
595113
-566693
-259412
-835427
685228
739407
-820538
-761281
604064
124169
-74153
600426
-446002
-341143
-386184
-223600
-324477
-325213
263572
-956368
-526138
-552132
-364846
-503693
248773
-171513
-458233
-687502
63798
-16813
627037
-341089
416494
-632375
-176516
101722
-892969
2946
340441
711095
-872885
-733712
311521
-318886
-74854
925338
457514
600669
-399875
-278914
644301
73987
168955
-720545
570294
-582273
107943
-887939
-269774
-828260
95248
-642737
-169348
-488258
-275112
654137
613464
-168081
-342917
-46095
-456986
-215802
220193
854536
465313
-854662
779873
-77174
746007
-620003
643912
390308
453984
-187133
669763
24278
230594
-222295
136340
960821
-50554
-768413
-681917
780098
-256670
42971
434234
-643207
874891
-908684
310699
-582096
-124485
-469109
-727561
-659173
-323770
-947689
263654
-577763
-567692
-92435
812545
886293
720432
482308
-89429
-48974
-739988
-953090
-88153
209459
-721502
229930
-10444
21828
-727099
-576210
378622
-852209
-484893
-310680
-434305
390623
220212
-161865
731450
896442
-109554
-4896
-681321
322755
902670
-868777
209047
623101
613531
-880382
-425873
873544
-833472
485975
83002
-554973
-284096
-927442
466856
-11194
-503651
-154522
136597
11456
534799
702293
-597922
-244990
-459573
-866472
-348548
430874
128632
-29869
-246372
31301
101355
962676
-345598
-285114
-917707
228530
-411570
-751178
-285496
671433
-306151
430409
743991
-839295
-580786
-759660
6183
555812
251796
-459019
258104
653875
295991
798532
787404
947444
229405
-83964
-82426
983034
947338
-981071
945709
-398261
-266185
-971999
830270
322245
-723177
-455227
-6322
-29327
975183
-262332
131378
-605604
-21991
-862440
950209
-770195
-321459
208313
883680
974533
6844
671084
921976
-763751
-412881
-160450
-780718
-465544
-141520
-835010
136196
592296
-807009
-33535
-85460
-530185
511239
908218
440488
486421
-354114
-428135
880818
623895
-290574
831026
853700
387967
39338
737380
362500
-953818
408464
284476
-717569
995583
-875975
-498286
-469961
-17495
-333296
666236
-425199
-140304
-367299
489341
329512
-856061
397559
-230001
630361
-956555
341865
511179
667341
-948710
342204
521041
439258
-618458
258421
-198243
-572275
-333116
-913768
-289843
-337534
-789742
211871
192506
192764
878576
-141259
767565
-261728
491442
256906
-932217
635382
-345535
-162217
265743
-302089
-820352
-223079
-634749
-769061
-880875
886293
670197
-499333
144713
-528046
-71607
811597
-441813
638550
-525937
-231554
-149580
666569
961211
-271004
-474690
728776
467268
-983248
-14319
535051
652134
640147
-627166
-82124
-661943
-447518
694798
-296691
-216579
813923
-410399
-546382
-685410
734315
-74427
242983
545911
483761
-118468
-980027
-747794
731953
686543
-786583
-539052
-788147
942193
928216
-771395
-72126
463267
880740
-431980
836101
-201384
-93922
-611418
-506586
609388
172004
-692664
-801011
625622
-378074
933304
-448805
864910
479214
-965045
-253558
499188
-712839
-521606
185731
-499422
-60658
397585
-557229
-132442
626191
370645
-669176
506931
938666
-833076
-694454
-155257
-444493
-201039
-545869
727512
106297
-346880
353134
728224
-413576
904329
593134
-934362
939284
-660425
564827
-773555
-182031
-249443
-272976
757311
-851858
169795
-375131
774333
-459561
-44307
281263
-520895
122618
586810
323849
678125
-614230
777980
405636
492068
-568901
-241231
220291
17524
-336902
-186576
83162
-397619
152999
-352012
-171173
970969
398546
555851
728280
546688
-274354
-646852
321020
266086
308841
-397718
745191
-568542
-810908
69039
-890417
-425138
-152982
515220
-933071
278118
-726011
287221
-704359
-62913
-899355
378804
539469
253645
-973209
-631705
224613
425337
924146
-47107
-27976
-350208
306041
-706956
915878
-385118
-104673
661068
46341
84419
-269893
155924
659282
577125
-328857
726211
-144757
-54868
13432
150885
882220
114077
-470312
421688
-632278
-443521
789983
592336
981817
714129
-454772
-46160
-636080
851270
246885
-720203
-533849
-857789
940866
512492
226630
-329028
-331585
-114089
-751904
339559
-387878
103340
-715309
625554
-745776
-833090
-260369
-216087
588598
107354
340392
378581
-300311
322209
92709
244917
-723951
456629
96186
522934
736427
562338
665145
677292
74829
-108226
-651737
743245
777685
-403640
82803
-610193
699700
367495
-984640
953925
534406
-245008
-262163
123004
862346
-921771
-498416
-437965
400438
594294
806952
676487
50922
-96862
199420
-212651
-534524
-135436
-535360
540305
756338
-187096
283549
534023
409264
-633648
923830
108964
733848
939191
62888
268253
-305818
800726
-608744
-443472
878955
-107159
118563
279392
-512866
-74485
-44122
538056
828654
-844702
-674595
-705871
19862
-209955
834435
-223800
602950
117984
-689777
12213
484337
-765948
-878823
218184
-826757
184065
-513564
-132574
-15210
-122307
423954
-136255
770534
-457483
-856864
-742333
468033
99015
795724
296686
254313
-878872
590816
-725826
-88826
425250
50375
-485877
-456766
360598
526337
-972430
594651
647514
245754
767894
-168421
732191
-364681
816369
-390116
-940727
-319887
-619583
-398209
-176750
-361915
-930177
922265
-566191
366510
176577
-445063
-42674
450752
466112
-617425
-498874
980236
-74190
861724
506572
-46620
456374
154085
-800866
224268
985664
931325
859587
802033
-458791
918861
-517854
-78373
-479348
305396
559712
-409525
227661
993521
956986
-595763
-451542
-85689
854990
-985430
296887
-643885
994806
-777304
-782161
501378
176076
674214
-344538
375210
-101519
-358874
306535
-241932
-556841
847745
-323071
-74695
-230629
197581
-769299
-670917
788057
458362
-677396
745042
862600
-128937
-340648
717589
-114367
956240
-926296
-119561
-821065
-708456
-618184
355012
965758
37278
-269778
-135761
678405
-963243
622307
-878437
884502
-700765
46868
-346127
496817
277570
-17044
284873
-264069
305560
29914
-401469
-823378
689267
-683880
62256
645506
-610175
942695
824442
-318631
-675490
179453
-352873
361789
909675
511366
40194
946432
133673
161757
830934
432909
-791375
-515194
-70275
486195
467762
-785403
-777874
-226678
244512
-179343
-50055
-66221
136777
-987800
-420716
526602
954896
-596275
-792029
-720594
583179
-144902
641195
492853
-633536
-318612
439285
500137
843146
270219
-66955
-948230
755025
862771
537966
222787
-922632
760092
996110
321880
-419251
-53946
-744342
717527
-41745
-165057
244128
-86850
238669
452100
192557
-178153
-692803
-166248
-685300
-326338
515140
753985
-826202
358286
24203
106844
410056
-220772
-30386
-51978
-997986
46982
-291887
998124
-631138
288863
-55822
-375480
6389
902433
459464
-749483
-184417
-301868
702617
-991861
519979
-990186
-158109
834679
-316524
-642969
588664
-142725
715318
-387133
964119
125374
392095
-66267
-926605
394110
980715
-218491
392234
-650423
-929629
-663589
-25903
76760
-761156
-566440
327277
54427
131693
29894
62567
-348329
39708
904459
-513651
723184
-738510
-924987
-419541
976808
-312120
-455423
102181
-920026
478310
175576
474085
459025
957086
-133682
808602
-972544
202729
-217301
104217
441573
216260
-568507
-504000
-652048
461387
558568
-377
-498905
463026
485973
-775722
724517
560986
-195262
701324
-751135
349315
-196496
-671160
-172375
979081
802925
-713350
936166
-330758
-904749
963623
871972
-122049
67839
313545
-905790
499332
809546
-557837
-39281
368113
441786
461814
-168861
-72241
686093
-444345
-511255
-509170
-743021
-262389
840146
60484
66451
-332229
39564
-130624
-45579
-24270
538619
49673
-60648
410590
927624
-992809
-275865
-978166
506524
-466320
-536003
-532758
901794
905784
929057
-267068
-166458
615150
288588
322288
-894021
545567
-940102
946126
-393950
126350
-386104
645615
995727
568317
-378655
534345
-382011
560698
-55065
-454387
567889
669070
-432553
74412
-797250
31445
541655
-895457
-62772
470712
-162524
770771
85861
-873937
93058
191841
671631
152957
137966
-722320
-720694
751862
923296
-724968
320179
-455360
809378
938169
-894663
-245688
-516219
673227
-576618
51229
-252362
-373868
-917327
-710707
-269324
19901
760005
568152
-209329
-154135
694216
883730
-962295
365846
36687
175672
643527
315993
-72466
566822
591026
-752288
-888538
400403
-814120
-783201
-845285
-330338
890026
-421903
720891
-362336
204230
803564
-73043
934906
-176535
-313039
503058
614137
532827
197273
497866
570532
-436882
-465447
-253796
-793355
850546
673738
773467
441572
921450
884929
-158025
-892670
-898272
-3309
-223008
991755
574789
-502117
-370581
-220982
-698553
556377
-286076
124912
-756663
-783019
-260952
776165
414255
-763086
346697
977373
-228533
-907100
-815983
-377987
766638
957485
-936415
688088
842414
-94440
795418
944143
902252
-427590
935898
477040
70294
-434684
-743942
371741
-878308
-30018
-503348
-634970
186963
235701
-858806
-398783
472615
487891
-421410
-755918
580792
-237392
-133905
347429
-279907
-70319
35517
-437493
835242
-169066
-493351
737493
403345
-557454
214532
-526362
7863
470590
845379
129555
-559428
-657969
494585
627536
577732
635780
-771247
50347
123671
-192657
294429
-295538
569952
-839476
-948109
-709955
90205
87408
-147448
-74554
918343
359201
-337061
321687
801748
877472
795326
-190390
348061
640705
939166
788634
982736
433751
416169
560468
69531
644922
-389186
-806799
-547735
905244
-102336
-977784
-934233
-50445
-687739
155973
-963037
164814
-918581
955306
-475985
-255642
276993
-674238
-378171
72319
135373
969891
-286977
74539
758525
-304241
-491711
174693
-743774
577820
-180386
-132960
771022
271879
-227716
-331315
294096
-161948
618241
606358
994025
655205
-228829
-924556
610511
295186
-180197
-112496
620949
441633
959823
-243678
411524
-327155
830861
170048
368604
-660850
-655260
624831
916971
164354
-508130
687993
-563767
264155
-643322
730330
-897794
974919
336687
-903769
630124
-892142
-828325
240634
403045
-8522
-871863
23993
-566890
-912041
780316
844634
-239195
611177
14681
-870591
950327
359422
754240
867298
-476225
-753890
555290
-39991
510265
911968
-309662
612471
886887
-972976
708702
517010
-865118
880377
-242356
537928
-128145
-114218
-438080
304965
-26259
-657764
149599
734547
953413
-835720
863956
903740
523702
618195
771037
-952523
864305
326327
7486
374569
238294
697824
-12960
125181
724849
-304259
-357809
859732
-423882
399835
397659
447973
-714384
959580
-247062
259358
-698185
902538
-6096
-744773
-933183
-142140
-841033
590519
-523946
930004
637996
-659641
256330
-354518
714928
-505376
-656694
-298033
619805
-931845
397709
-738005
927887
973828
661831
325546
421801
947447
285126
-825262
206805
586941
-922724
-799291
842169
-855907
58569
-998865
734613
534624
931140
372609
874983
187469
-981910
589910
682094
-638603
-708123
301898
-570448
689587
563894
-642561
663414
225724
682985
85214
173171
-31890
259953
-620024
-444949
337229
-419315
-602781
481323
639255
-601645
215936
173878
-670506
-411456
48860
516964
-393365
-361230
199057
-31967
-69352
-499045
397585
-379766
-935151
755024
-716353
290574
438008
368862
-536256
-593882
-371186
-156279
-38831
966044
424406
358389
447367
63661
756745
-336698
-762462
-913761
251847
286399
603203
858482
925169
-197740
-173486
-144184
303216
-775901
476050
368065
979123
759698
-341361
417131
128560
122383
823250
757375
966105
-215581
723418
390511
-857193
170785
-545829
899553
834087
-308291
985792
85933
978108
588995
-55585
903277
-608745
770930
-240908
694471
995029
-764858
62536
974152
994841
721176
391283
123400
-156442
214532
-119225
-190337
998951
-395807
-799827
-858242
774978
-345656
-958690
609064
346054
-972898
-305003
324161
616097
639412
227438
-992648
410342
986531
701824
405371
-778328
-235640
379522
-783487
-514465
-229196
339914
329094
985337
-779312
-861244
984287
-175119
-661071
-873955
-400142
-6727
-832644
-791078
-660674
-805542
-96081
663488
810556
-456669
-109075
817909
953674
-122544
519732
359044
99128
-715909
-261434
315642
-230374
509371
-344445
-901281
494707
-123756
-762524
478994
701125
-423595
605039
-699017
569679
772396
-490095
909005
966855
413825
572493
777411
957157
-536582
595319
910830
340874
115050
269873
-559998
399141
-991562
755644
-831233
517809
-588801
-732513
12516
287444
-495037
-508491
-11431
81368
-903452
289552
-348954
868945
799458
-439949
835799
213283
-867456
613209
170439
-404037
208527
81268
936837
-676423
-648860
-623161
722718
-640421
-867518
891486
877389
-456318
-841028
-110096
831127
-336065
381414
-180305
745304
477963
-890754
-603650
346907
908705
-43598
182705
121987
88946
-204086
-707575
684909
-995559
373694
621746
-671982
724834
998585
-949264
-915587
-868933
942222
961802
-325250
-898806
-148295
-494124
-234870
-766881
325571
-489566
711082
434818
-93216
57988
343523
863187
-759307
-534491
-47867
36607
-242065
-362958
41049
-868372
-741213
369067
856463
-742628
419803
940876
-611561
362025
902677
63189
463219
-245618
569066
-771652
-12499
-105363
-261217
-301418
-670546
645567
756571
672977
508753
997264
-861514
-539115
33871
-103578
97927
-925081
28051
356715
443987
-115487
614087
-136211
-174611
-997474
-774187
-271935
65716
689033
482448
-365219
917382
-530052
529418
-343836
168531
858873
-698269
-74899
531849
810484
-77635
670336
-728631
956237
-433243
369297
-968844
594808
-273988
475143
-520679
-659902
-661069
304710
-657376
-435255
-967225
408340
-746222
515223
-956879
-828841
985172
572539
-172676
153702
431411
129055
-921197
-36740
-60461
1169
-366404
210909
-42595
200353
-419795
-11439
-204839
306218
-536297
274483
646316
-197365
-420808
988941
367381
-388033
397281
621159
-872810
440402
792318
-887639
12941
-380358
266063
-555649
748697
344867
407612
-311765
-653965
-958793
899144
303440
241561
-520651
-707999
-963279
785567
-244296
311204
431883
558340
890397
420824
-74280
-497637
-181896
-453122
-370447
-741494
-660804
-258085
271447
-41162
-992022
715798
-292465
352845
123410
395770
698880
164617
294914
2320
-593823
774263
294321
-557101
559830
-949975
754104
-8287
608365
644500
-587464
-465915
-853137
230640
80964
-223583
489146
420160
518332
-239408
-621002
526310
-523610
86533
-120845
599801
-517697
-421965
-235583
777217
580356
170594
551480
-125324
613494
111310
-75298
367597
-896978
-466933
12096
-484442
67152
158959
746199
-851885
935377
235345
568276
453708
995938
947275
-19982
-527672
33807
859174
-927872
516111
-562792
-163455
293328
-982437
-992861
-155192
-107760
620633
956118
816942
-11771
-940860
-649991
-999675
-425301
417161
159285
-679103
565277
94661
556243
133552
-451631
552180
80826
528387
-975493
-885367
387560
-903365
630744
824769
-66820
-75928
842332
-59680
768880
-265428
-439048
724998
-448486
549181
784138
-98477
549507
-641163
-681317
-291209
-320265
883960
803452
-764023
17512
-648180
788157
-901663
880208
812664
-787030
267768
909300
843715
92536
-157521
-232214
-65132
782799
-463334
669441
-656249
-738337
-779046
892933
-954200
122477
442439
-595363
441160
-848771
84372
325120
954681
320350
-657369
-693499
108506
-559031
-813291
-78830
-346060
454477
-169531
-502346
-452987
672949
265441
481882
455748
802107
151322
799499
-936231
372276
692431
-890430
-505248
134870
-485792
935913
286099
598581
261033
240780
-81070
603664
547282
-972564
-955368
733991
-51394
-301427
188467
779076
196227
735481
452024
-538332
217363
-92228
-736225
-631316
-292730
-672456
740961
-600299
-562885
-764287
534571
-48677
-828374
-179330
-450096
432659
-938551
468835
36323
608731
496271
80956
342721
-555123
779529
-468812
-776048
-24244
-733331
675977
437424
484032
-416252
701199
852717
291019
-971257
593677
690721
-534142
829390
225292
417182
-998985
-954039
967087
433675
-892590
435921
-530003
716142
-67809
550953
58863
377069
330481
590052
601021
-693763
856721
276998
743661
340753
860747
444860
193469
151765
473603
-212854
-157514
939462
-383465
-932223
356644
-382449
-886262
323730
-948774
-778851
-240350
-478777
937291
691842
-927824
-3846
68910
402658
-413795
-330069
708895
-557074
946929
452555
783679
807675
-102585
-22852
-40560
-628982
764294
801926
-689520
-619171
869704
667124
-1619
983442
-9146
49607
-795410
750504
570831
-858119
442346
643007
138035
-488745
45664
724240
181187
-245442
-832835
128115
-792887
950845
-64210
104529
-72008
895231
475547
-307715
697157
786027
73115
566860
453151
-928505
550301
-555996
121102
754892
-805492
-308068
896773
636854
-665061
34807
-851891
380603
-240954
329296
-864839
-73788
-542589
-657725
-122943
393201
446804
805049
288432
-77649
-502666
-14412
-291622
570449
-447553
-838472
641945
-897253
-394467
-236954
857639
-199959
454979
754411
-563105
789919
-210782
-414996
170522
548265
914301
305683
-525523
-628289
647959
351534
764913
94763
156582
53344
-982886
653917
-961069
-274508
224366
-408622
-112979
-133690
-305874
492554
629357
-448236
-707405
84336
-693825
-270510
-125746
95393
314495
-955225
-356342
228795
350459
118135
600507
-1582
-530332
365419
-906820
626251
-581238
-889706
280168
-542307
-164213
-495467
49071
722808
370844
743198
215362
201
-705039
507958
-915464
-398863
-762552
-41209
696531
551944
3567
-659812
-219262
-645975
458323
-618756
352444
927992
746664
445624
554242
-834575
555919
-165591
-376881
-608294
338943
672190
-885486
-290214
415388
329876
709987
710349
-162166
794524
-688514
75283
-246686
-991984
-372774
756881
-651795
407964
-889094
806529
789209
463350
734520
535872
-91026
288761
701298
-535107
-876830
-675584
-143401
462113
996607
-28887
-828101
411994
-699011
881887
122343
138823
676410
433829
-785894
-570276
441845
-158668
-813395
790051
-750704
-702488
596579
-961495
760863
331098
574378
-330163
-380141
275675
134730
-256970
600091
991329
-794858
596698
-37558
-622958
8691
263431
-741072
-868967
-597746
935339
564863
-383640
-634937
6708
457692
-448331
-203242
706989
-150819
-606664
745494
-389957
724435
319871
279880
-655707
-404455
-585390
87323
-804364
-594061
292466
792335
368381
669509
-198975
-368189
928437
-67941
34066
863776
-503079
650427
-771162
503629
108119
-219492
-699613
-184893
629689
-306276
-439400
-760268
-581842
880472
519613
-237548
-523983
934223
849775
-328347
-659839
142241
-536013
708542
-188251
265013
-659647
-259814
-802928
374420
-396038
-306007
24846
-167199
-802378
-867036
613309
-501990
-51928
242997
191734
508672
482730
609892
389143
2342
-627657
865160
-63435
-777882
-463187
276726
364360
801
-14732
-823891
-734186
325622
-83705
-537114
-299958
520257
156880
724888
-646942
354503
857853
966367
852513
-194076
209364
44246
-685404
-307907
-345862
703739
694435
26482
568899
-369000
248601
-894288
907727
-387040
106514
-107006
-210931
372328
-781384
705365
835214
-81342
225622
-7906
-356454
578680
-653404
-498602
545046
-800892
307322
-245590
243355
621918
446503
897494
325657
140938
-76025
-105444
771938
-827425
269
679664
-214465
-893218
-427342
574605
479111
-208725
279969
314325
709933
-494410
-693582
-646522
-915731
-346986
-145123
629316
-147877
-837801
-616275
-904522
784118
830229
992972
109775
-28834
-83054
-995670
-256896
89521
4600
-577233
875057
111382
-4574
449661
-409507
786701
-270370
904818
496634
235220
-788765
850113
319490
-135750
-295011
-51194
716373
-132812
332532
811852
-348694
162760
804823
761081
-866074
-278232
765411
-122970
811290
-229989
299798
686346
881393
-704777
136007
-528114
-918077
865638
-623297
578557
100858
-412061
428669
-579652
452189
-866342
369154
168562
847
-298314
-19587
652153
864446
-214765
413233
998373
507004
178644
-124598
318293
948655
-824801
4639
830048
-529577
-859354
-698067
-447653
-993717
-321363
-869096
107142
266576
559574
527490
-281236
693233
-103356
887327
-305921
598330
-132261
-653768
462776
652975
759465
461148
159978
-61891
-663450
-521729
-113236
-488250
482910
-283188
-17827
623557
18745
534521
629840
697382
665425
-263018
-36042
224999
-735529
682722
-81769
161115
570049
612310
-240555
-562212
958542
-777780
-909238
718007
683369
250741
-343884
-980082
729012
542880
-468332
211922
-740309
513842
-164522
278437
48362
-534682
-24181
-286213
202300
939777
938786
466771
622499
-142983
-372114
192547
-530673
387332
630335
-572131
609552
721098
-854125
292921
-28161
-198008
312839
-299150
-655129
844507
912773
-395437
358348
-251750
883000
-593290
213569
-141182
120497
-584132
-201406
59283
882640
-578907
916300
-489474
613640
-614374
897858
243975
-186505
507410
-34928
-40630
-199670
936911
761363
-886832
-362239
-893767
957676
-449467
-289204
316024
298784
-406205
722734
-487648
452614
-156770
-71779
-748792
902513
-189140
-327699
818812
321386
-714059
-795562
219243
529916
17933
-273347
-505012
977304
526983
-568101
738666
640151
69661
844899
597827
620195
-444305
-86150
-81022
149491
-363417
431331
-397896
479814
-640449
-146687
382326
170411
525615
201138
-508203
811556
405576
711041
341472
-576491
-562307
836461
-599188
964676
-731641
-860523
604827
338021
984377
202653
-41785
-459929
-883497
877194
689563
-246914
308525
-708333
-767101
668076
144980
615226
-161513
-329406
-183636
330284
-517851
-778060
41325
823622
-354551
479018
660082
46262
443694
928442
185739
48521
266462
170116
-748826
-775323
710188
-632323
-898129
399750
120764
410396
691417
353664
78471
-163604
-31110
916958
506991
785255
247242
989141
-992806
-711433
812762
-347356
767585
472844
698906
211279
401285
-115355
-740201
-332253
-945240
-489026
-107576
764949
-121349
-5705
164698
999416
-595309
-143886
353079
483162
692511
-678032
400120
199501
-892777
-352638
188642
-885583
-64071
1403
-232938
-296486
-525754
-534033
914793
875531
350613
-825408
-456722
405373
-314433
435703
170321
564219
-570003
-664981
563634
-165311
191134
-83287
-682150
-116356
238682
717971
-916855
345905
-634667
271787
460322
301262
-726810
-772617
-995225
-252564
-306649
919569
-377033
-956037
-905839
166245
449337
-220272
-398053
-380342
-656054
31945
-45323
907581
866634
-854190
-175707
-815516
29455
-937026
902456
112600
408879
-732212
-615613
-130799
569050
-342423
96585
573826
405013
789936
493395
-972020
833900
587557
194226
283236
-632716
796174
902894
-288769
-171881
-142430
-381189
-305247
3381
443105
-120763
-967165
506079
-218307
145435
-85042
49481
529823
784159
-381470
-812601
-119256
-807644
592413
-329321
685752
620394
-495421
273308
-185381
787815
640592
-389208
690708
-648177
438912
-451722
-29365
-866336
551659
-586261
12902
584495
919819
794595
-270070
-165224
-155925
-740248
-381065
462606
-552849
499679
654963
-960436
-829642
340714
659958
-325063
-385979
-525424
-537249
-745387
85369
-846541
-393563
-475720
-298262
577072
-342055
-746603
990811
670847
837892
910630
465441
-432179
-254595
-690484
-172427
364340
772122
274725
-135981
427084
314289
34377
-232202
-25754
709314
381819
448823
-827935
636433
-465808
-674475
-757131
58473
27263
819941
716418
280660
810752
387264
118552
721381
-147295
686374
-533214
162221
-486053
831127
-65657
788672
-304855
-638573
102961
729523
129225
-922793
438837
-488957
526031
610902
-852525
-939778
936428
-609656
118695
-36310
-789715
-164887
-755650
-978963
-777623
362903
742418
75082
49276
-790796
-762697
563223
-959670
171646
351895
-264524
533073
-545145
-535001
-337703
-467937
903836
173341
-941907
514738
320817
-881685
451165
711162
237011
-585145
921447
-927877
-340794
942484
-705500
-977892
684902
369582
71385
894107
606886
-365393
934437
-221468
986503
-330087
-688395
-558643
134912
-26098
-26579
38748
-852757
31514
-446515
468060
149830
-995350
179221
-613160
-580495
100668
-541037
78712
43152
-246537
100820
-271947
-876955
-827795
-377841
729932
-193188
-443404
-491537
-206685
226510
-179932
234672
-638579
793971
-791907
400169
941215
239607
953655
409274
-610564
958305
-411505
-223723
-622190
689164
235240
456522
-267685
988704
-442658
460368
-888251
-270453
-917473
841682
536360
-360876
-649856
-670326
865634
170213
564347
-772945
-35817
772440
627224
-94603
12047
580879
-685329
401484
539184
-96833
-822240
916994
-407670
413001
373516
324645
401705
930858
-214987
513455
-339595
-132459
355136
-803235
506665
705280
-473560
372298
-124508
-909213
599353
839676
863228
226577
-254927
-124726
-192545
59744
-723242
-653362
962912
-545482
-736368
-444759
867520
637148
879887
269224
568006
-335101
-217322
-771589
532441
-862187
-574823
39105
843094
-48383
-588597
-281415
42404
-989245
-441739
-94369
237333
303334
780906
-955213
-636922
-942337
-608574
-674011
-487818
-344942
-118769
-620299
-707794
-238882
648925
860213
426018
-568397
-911377
-41542
-430584
-486200
997563
-587491
465418
-591035
131095
-492179
-580279
689356
413453
657054
-7310
194359
701842
355768
252022
-906733
681758
764205
-251674
-437011
-856095
40533
324107
792831
-99255
-249876
-775567
-10631
708582
-206150
503170
706145
206359
-31413
-884890
-662546
476409
-465169
-973191
-110139
-808115
19499
-915780
893727
-624733
336243
986995
-942975
100447
-264679
-379986
244352
775854
944121
37183
-323401
-305755
261616
665968
-597174
-944534
169137
-891029
261825
-862277
-775919
599279
614133
-241087
626089
-496006
-49202
-354412
-411786
-155475
20856
924457
-168481
77881
24903
566840
697895
-730745
342694
642016
306439
-980708
-663740
-431945
685261
-260913
-376479
-145603
-151942
885346
-7879
72140
484625
-393747
831054
110714
110247
-218149
756303
698461
626377
-222842
622918
-542105
855039
-352179
-975265
552934
-82923
367429
194949
-776485
386721
531209
-208430
71981
-729705
415091
926379
118354
300437
-81501
-809507
-214938
524753
-978454
895776
-365001
-196602
652079
-666540
-570225
-570764
956379
-112330
-715726
-395801
-87595
837209
521276
-720167
32157
744791
666555
-436635
-463639
-261464
-166340
951452
-335086
952014
251889
583414
-857493
-963050
108166
-835946
932727
743166
-32547
584805
-923374
397228
-985959
-966996
-715102
-701684
-362797
197303
-864476
-841521
477137
167681
903271
143692
731046
-560369
882228
-435294
-608917
-452859
-483280
642972
-869445
-340773
679923
238721
-176718
612650
-18113
790736
197455
58513
187963
211496
91518
472862
509812
728722
-329835
645336
887201
-852699
-186984
790471
290994
-455938
-769898
173221
108768
-378814
720363
625488
-735842
850918
-715285
944081
89639
107997
556731
-928475
-101267
-245815
130039
-913305
965681
-778444
559557
475492
950279
-770279
120828
837479
-622977
933844
627950
668017
-522094
858053
-158762
586674
-520762
-438400
212162
-256604
-587482
496877
-312523
502157
-395126
-755792
573683
503607
-1607
-296279
590303
-35927
-74722
149860
-560435
-124443
379582
560394
-286964
756606
494238
-659014
424622
972144
-800962
-734140
558817
-321723
-172540
-229022
421674
239979
-732145
-890850
-257865
-127271
-646642
-684183
-623664
351752
19539
966639
-684175
944818
116499
-244610
-179625
-503920
-684216
533411
-747315
810022
874397
677308
782165
-926566
943169
340982
-248288
-229372
-888041
-826615
-989393
-620185
-717465
-247258
252544
-364106
68560
628881
987646
-911901
595520
-696529
-967083
-287982
58861
-146708
208098
374646
-613298
460784
184667
-738902
138092
-33169
-665467
81260
-692188
86245
851889
-580228
259630
862496
-200413
542166
-384762
-947869
-821940
683798
681012
-834294
771898
276531
-530823
804815
988550
528039
-341893
196647
-97316
44809
-342569
-912650
305908
795524
54182
640442
-123217
361994
-273314
-271329
781767
986317
-408833
-418647
528483
206405
-366515
706543
-109798
-685504
872250
-337900
591028
-658574
-533086
579577
869465
125022
-223776
-227851
-830170
433656
-140501
475739
229179
913681
116180
-894039
275675
842867
-165367
57441
829184
425800
638795
357666
-367795
-727720
64209
522408
-413224
-63542
-815493
-822196
277885
-348578
757382
147349
776444
-466395
919498
946275
967262
-221003
422013
196440
-307322
-461807
302402
968353
-618940
-862965
25794
-789757
562835
-335411
567910
-804960
-63131
-367882
717448
523646
568577
901955
701451
-153539
-446623
458832
993811
-670180
992438
913308
-723906
959699
-307695
698108
156139
384983
-763699
-541460
353336
-382639
-404425
-620870
-172395
-841590
43719
-604486
-646550
980589
27633
-929102
504235
-403791
972853
205685
442671
-473771
-335483
436481
-143950
-343046
349789
132144
-383347
-957907
-169748
772792
427077
66553
-768669
-219588
683915
-173093
159543
-488481
-14683
-796738
-92966
338768
-816150
934667
409666
688086
-469124
382519
-106230
973548
908749
558287
410028
-235202
-784759
-240183
896943
-168106
-198089
-272806
-395314
-771013
793748
-163982
9400
477662
662925
-831058
989182
-351758
-627796
-103785
987010
-443945
-169119
396676
-755860
361758
-220806
137911
335305
-312058
-303802
-254668
452741
-88561
505150
349683
743334
-692940
-923123
-651981
-463952
870625
184037
545448
348287
-153038
714391
337468
495204
-913406
-766318
482214
-357350
64564
-121110
-113209
-573679
658085
-975299
761626
-653973
-279101
-493042
798768
632339
-987892
148450
375673
-680832
225328
723692
-144784
95952
-92271
-599336
-555761
754692
-884946
781707
249896
-798351
-984611
-267890
-155701
79953
611000
731091
506275
269084
755792
267901
615112
-523309
774860
413879
-890970
786968
-437671
484703
-893865
787657
208395
-38648
-116391
-883876
362016
327848
870816
477070
109555
120712
678719
124944
852822
-476982
-795103
463822
-745892
711173
-267094
-990100
-20927
-651983
-513408
-246067
761896
-404378
-459100
-675775
-919675
-352964
-888119
288720
608389
-4509
404845
-29596
-676662
275661
-552526
432894
-603628
-873807
-442162
-750806
-350788
-237265
713016
-96680
-526092
-554079
-86779
452982
-206061
399813
-793086
-444165
995436
-252186
-119940
-924240
394851
-8058
364480
3239
987433
-230675
973644
-689229
-955015
-578882
743665
-558643
-452689
-698498
-309449
196523
64238
-596433
-900157
538146
-150511
13065
-8873
643428
-587123
198042
-800738
-591688
945856
79323
-515928
340707
-928736
848553
-656055
-941304
-382122
-682411
-630532
-337137
-261293
-886868
104221
286019
-585366
794773
-517458
478873
-801661
-417615
17018
47828
595451
-991855
-308744
-991673
206187
-109481
-583360
152043
969842
-99287
-507251
-958895
-250734
-163305
-900198
367144
154285
-530730
-969994
892992
-417597
134228
179010
-2962
-71000
661552
-524090
127339
-756063
492929
-824833
839388
501075
-133577
847716
-292738
756942
-735644
859305
726784
165069
-647946
767890
914336
188750
867693
281479
-656965
-663037
311486
-763974
-80634
-554287
415037
916405
374713
76589
-607686
-497948
320526
885244
-322781
159914
386319
543643
7630
-906420
300585
271986
952886
27369
-562945
-695061
-204742
-648609
493690
-337050
632871
836725
-87
-55644
-927249
919280
390070
487788
835684
-235217
-435623
-772002
266836
884903
-886759
944056
44817
499560
487698
-947553
593141
-211717
324434
546026
815652
761489
850966
-389091
-887121
344656
273860
745751
181380
-726227
-309894
254132
-806948
-919824
-258081
-971264
-155040
306296
-743266
-888205
191199
-630024
-944149
-763984
869537
543549
-711537
462677
-668168
612898
8703
-852517
374386
-140332
-241607
487266
-795677
-967747
233016
385704
-693974
923123
-360165
-500921
-996701
381755
-472185
-151740
-311949
-215450
-39944
879251
154527
15907
-884734
24064
-440544
-596270
-513259
-108712
-983373
495444
38772
391014
-644888
797166
-121720
-440565
829419
-888704
945140
-864555
-965581
-415026
-365476
-962281
966730
162340
-114021
-345220
946891
846035
-465970
101418
-138059
-350703
-874519
421398
53028
-387778
-687315
69656
-892334
351458
-539330
-537222
148623
338951
22214
-21958
450248
-32646
113487
484667
552328
748012
522387
519058
-89648
-591635
-826163
-142757
-745600
-292132
958661
116342
357166
-915858
-462261
-589806
-303636
-149575
479850
-195969
-798118
940521
266809
350505
279471
-710977
-671453
-270282
256377
442034
-785615
-191295
190046
736773
-672237
-899603
-854863
-498400
-42359
-600462
209469
-83699
515880
-433366
443
-946381
-23172
696808
-95956
-543322
-499162
105927
-602802
767648
-543569
676670
-943329
-215021
-593612
313049
-772988
-379226
-878246
417059
-642454
-550483
517456
-497316
-48882
-524903
-97778
-839414
391398
-581898
-272779
-608159
-528278
704050
-911351
375766
-839273
-410512
-518307
-442074
-642864
-61875
-765404
-586193
723104
-359016
726857
950116
261758
848611
367174
619304
-701873
-115370
-878012
249246
359728
24210
409832
-248874
442313
-862948
142967
914035
841103
231617
289801
-998170
821105
771494
-440244
-821760
-290382
-205648
-407952
-567279
435337
-681095
-617163
-302906
-832485
750012
-683602
-534357
-365358
-561613
714889
994370
462597
124721
-254505
-95090
261774
888463
-181055
102876
120079
-891254
104706
-58816
880240
664462
119425
-410142
-541186
711473
22580
894151
-969623
405418
-408755
-802107
155430
-92356
-336464
790072
346031
-621575
784442
-191372
503146
-470064
713539
-235081
-581601
-467517
867795
538478
-358771
-27499
-520338
-478531
-363037
599087
111328
95777
310559
-866092
-10072
340937
539326
581174
538831
-305244
-511182
-797634
-515173
834850
-419208
-730732
-356523
-916063
-200795
-642984
-151143
217605
-110501
-283348
-243917
530729
689153
235745
-947802
-673885
-165169
163526
421893
-854610
297435
-588179
486328
-163239
992995
25158
531517
-518187
227525
-983657
-683338
808317
-714388
-39860
892255
84818
317156
-258889
-697577
-793345
457764
58506
737384
146916
-705750
789582
473032
129082
-46892
-105075
274472
-749457
306746
-239201
87304
299741
785958
-381180
781554
13482
-364836
-901785
-178201
-79223
58355
-285947
-994405
-624490
455165
-691982
-417835
-87072
366524
-680451
-940156
660775
-890869
532877
-210144
62240
-572199
-935673
312783
734547
-174873
-599914
34287
-388916
18907
-184160
624567
654071
-85944
-553635
-425152
972411
160418
-419557
-652080
-384417
-111538
-69914
528511
-745015
249635
588356
915761
358766
121233
-294384
-578994
549034
-230056
733789
283581
595071
-866125
-682132
-793845
152782
133708
830722
-193147
-952236
-722914
381702
-979826
437505
962145
-631905
-946913
-149393
298181
581599
105593
-452184
169954
21353
906583
-708814
726969
-672412
840221
-503088
-938623
123801
-908017
-804748
441669
-701862
348034
-424623
-871140
-845113
-376859
-594054
536589
-356684
843451
498734
11411
896538
-650660
-690408
478136
454933
-142591
-351910
-523715
-236009
-60723
-796746
91580
-220502
-299833
152957
903299
-207850
348210
344968
90289
-303757
920346
219149
-148869
-456513
625095
-612281
186803
468546
886454
-801786
365083
-764207
-492194
-156781
690727
365215
491310
-832988
-870794
-569414
-629733
220786
210085
70434
-626257
113384
862584
721953
-541649
-47128
-581804
-621303
-827980
269327
-77816
797116
657047
-891013
265661
543500
-692799
-369256
779294
-184992
473963
470020
-819777
-34727
637033
-690571
395860
-992701
530216
-394056
77733
903959
719328
-59683
625912
-822321
893189
-955892
-443624
-934791
313435
478561
862325
-29518
587549
127986
-486018
894750
758730
-706725
-290242
232693
763296
-110019
-802035
400329
199410
593825
407628
-270375
-800232
-514639
-366416
919097
425678
-740504
-903225
318866
-696396
-346848
384076
617040
-868287
246401
-412479
719262
-625614
101504
614012
-866884
394779
-676231
365809
158075
213750
563774
-441597
-586840
157599
966032
142786
357368
-548608
776371
276464
877070
-964134
373240
195936
-660529
-973608
-419989
956511
-841895
826412
-455968
877367
-799202
645536
491379
-666086
40315
815148
699723
-801610
28898
263497
-243206
442058
-578904
-277175
-415156
778465
174217
-638786
54928
51286
-602919
-571832
-752778
-263448
-545440
-172767
-306937
-387335
-346355
237095
-509968
-145556
-117369
981412
188358
922947
796559
-111919
-878663
-174543
-848422
-121869
-732485
-427325
600956
-147641
-648861
-224828
213573
406068
826459
610655
834236
-926320
-652794
-711204
-99086
40269
-98538
554560
-722636
391495
-590996
159996
372906
597363
82943
169465
-514556
204280
994922
-362978
-917589
-737563
209698
683367
114796
560837
-541461
-671631
-33095
-715002
939024
-198859
-641322
-713770
89937
259593
326499
991399
-185847
603864
382894
223157
-236140
-244201
-179481
846803
925264
305963
51083
920185
942986
133494
-817378
152684
-183139
297418
-286479
275400
625788
680426
560398
564812
-518434
919077
851042
571504
178670
177541
562903
992823
-218595
-54204
215980
545265
701595
-963501
392068
626858
342463
-556849
547043
285449
576645
729666
-561868
-606494
27083
151653
668906
-347129
-167922
229304
-782318
313645
148381
-931277
-114851
-672950
246265
-551949
-680127
-972331
393848
535854
572934
95442
572353
-34998
-277700
-85184
408153
-730657
-799736
-15203
999009
-361604
378304
26092
790049
47209
678963
-377873
-723487
896646
935773
424894
965370
-179079
751945
211634
268972
-928182
239303
-337181
607672
-187763
758262
180025
777239
-519438
-905160
185391
-250095
-704896
-829812
-251086
-66499
548492
775007
-276451
-404299
453970
345677
-127786
350615
281449
-702892
315984
-897630
-950948
-472383
371342
-879130
766921
-965839
728543
-420843
792424
-91433
-643605
-727015
3407
541786
22891
298512
711974
771805
-767988
260465
546811
-44439
856166
781
-698762
-271620
-648605
582688
25488
667379
685058
74541
-805004
56400
195412
961917
90562
-76046
-458927
-117015
832521
-102532
155970
-164072
-560746
-821140
-865561
-848773
950666
-633549
411693
497477
322013
267858
-501743
623251
996239
-150347
205939
21726
-482969
-109004
-903733
-287972
947397
291679
-326056
37958
-784368
215018
920943
-951847
-887514
76912
-115919
-448260
255773
18520
-297032
206439
384971
-885340
-296085
-293017
382519
202173
-669766
378757
-948175
536173
-599517
-431143
-572831
-503250
280885
-625435
788429
954830
412523
-995939
169848
333465
-947786
282334
-589623
-63705
834074
666151
954816
-462958
-127411
339786
-348298
576505
-953231
-965780
-221323
-622997
412978
-169498
913177
813461
399359
-659655
-689790
-319757
-285090
-901361
-364927
-872567
-897300
804921
460899
-845086
87254
871277
91210
-78672
537427
46025
458370
-589984
-614189
-889928
986521
-567420
-855708
-234803
-190416
557270
595699
-277240
370731
-4942
63106
680941
675302
778017
779581
-689626
905450
882281
-884706
366348
-962805
202549
237624
128405
-876123
-224949
-825570
582248
185067
-439759
692320
171587
-7179
836613
936784
802406
393883
532483
-474835
-235387
-472460
588272
-554447
-797159
366288
-774867
-486785
271737
-892586
-371490
-361915
-855391
831060
875709
273015
954937
-349240
447445
537185
835827
-992314
229504
7413
508
66116
-55803
-197087
-540001
-523321
328079
224612
4220
-83650
670165
207062
-717362
895299
720278
554375
-997287
-651213
-807540
-852678
-820153
-931831
420338
-865217
-281071
-132217
671969
-445245
-124531
-98528
562169
875977
967589
-493635
-321110
-572413
-16955
-993032
652199
987265
-76681
322364
194326
205957
217663
-85397
-239668
220376
263391
-47208
367699
443238
20962
-211963
578022
739891
655820
249990
-705354
-468711
-848538
856815
-592734
-880949
-636821
86156
-453361
346225
93125
-801162
333489
-983556
521202
-472185
222401
-261135
442419
982734
959242
-294190
-64474
326941
-850953
956488
-885022
727070
696378
770799
-22940
991025
-697913
128523
847839
-290646
247574
-788982
795510
794213
557243
-111365
993051
-109268
-94921
514253
418547
-872520
-746882
-139034
-889787
-787640
566776
45739
539301
715823
2226
654279
442893
-301396
425077
-580047
-310372
727165
548476
-462533
-563482
-203951
-251515
-767972
-409738
-694273
120663
-416687
196460
-974259
-902434
-384994
-846779
-649316
475972
-736565
-436956
42748
309174
-897655
-241430
-688600
756625
-798537
10004
181702
-378584
699633
-91134
-830109
-762901
345385
-34059
-14415
577413
556204
291313
-301924
-860484
-512228
-276182
-762918
102779
-122960
-412233
-421249
140475
150812
621499
-550352
253157
-619932
-238951
9781
-418468
771053
-808518
202949
470686
100349
372841
707786
-554267
-661219
-306630
-976855
894986
984683
-278779
-965499
-527545
445039
-728416
575234
-677922
-140648
-846016
462554
-989837
775483
912202
263320
-844449
-326750
-726899
-262917
-555697
-535417
940033
914990
564933
312873
622775
-989335
651654
-683855
-966189
546639
-699172
-244968
581141
-226717
-799929
852726
-651484
-477850
-287923
-497499
984704
-277760
-722017
896906
985561
-566466
-429844
-741339
170618
14460
-276755
110650
-70551
-711822
-576477
-447776
-701157
-924824
-131631
-667346
621816
169198
87687
202957
942481
287759
55682
-709003
809909
767760
-206502
794613
-510000
71482
691518
-524439
505017
-738327
-265777
-324365
276134
457468
786286
-794418
745647
-790192
-242194
-955511
-715016
626176
-622856
906801
-204627
464832
109758
-262146
-247410
-834560
28851
-437501
933200
822350
-642889
-576800
-106169
-951371
-101239
-601152
-689697
632984
74483
586437
90452
-139232
792019
-163902
70576
-450175
-119412
355561
-823999
257732
262362
-28625
-277437
-627881
709229
475154
-462441
-261920
-962348
-529241
-439570
-605237
-106041
454262
-556607
792720
853110
-246304
425704
-72408
-659868
-483845
788360
-867850
352253
-141064
-318024
-767160
-785504
-142022
490573
476858
829353
-786864
848978
538582
688290
-613464
-723338
725942
-142705
-162908
-879295
751255
-708647
-435902
543975
-855538
317794
-30322
72055
657926
485833
-139585
790077
-161914
719351
-527947
70927
933848
330031
-438501
410706
159384
-225364
259683
-302035
-537075
646220
-25373
-811133
-496485
811720
-690428
-745231
-896928
-126329
798744
-752465
-808535
-231579
319591
849391
-745746
-819995
639468
92340
899357
-888479
-836734
833205
441553
-275234
243910
-399064
499402
-496408
298902
962328
-850188
-726471
-848806
-346673
-914752
-539233
-91904
-811679
334438
-293161
-564143
525903
475261
755448
375294
729515
935454
14762
-178146
834811
126283
-14879
668015
-432165
709888
-88076
168772
209290
415517
-532327
171617
565329
-258798
322811
-781345
-173550
783579
126752
14772
118016
833592
450629
-356081
308852
206077
-980787
38367
141531
33975
860221
-23659
-839742
-154658
-355645
-271907
-444771
556280
896865
764520
-28203
-635462
-63864
-462874
105740
-741053
-244218
932191
-957475
882534
-53038
160542
716125
-602410
804461
24977
603668
823675
-936657
-254802
-142351
923565
721539
17908
-231094
-634106
746002
324136
922175
642867
88655
-106028
-992596
-975209
431098
113144
-716262
-813121
45334
-673737
-930587
992297
486806
785538
-610113
291267
-189485
993555
114941
-126142
-261247
972591
-202578
-539709
-9502
566329
-173814
-263501
-109535
-251639
-620635
979120
642333
-613231
-996089
73430
499914
-712351
260310
-454752
-386087
329723
-462456
-899281
115261
-72568
391986
925776
-79014
-493074
-200366
659740
-520483
597056
-879969
470015
163384
-53783
-793486
-946152
694578
-414120
-967032
336911
-27350
-963120
-589660
-527437
-675471
670651
17812
-61557
373
555357
39162
-884366
-517212
-568853
-958590
403775
-61926
-158956
63514
417591
-561901
183545
-112394
601484
-870238
94120
655333
824341
680001
688302
161251
-347350
725182
571592
125213
-950289
242242
-856975
-11845
-757385
698382
-972683
-641750
-818830
-541536
-600340
584946
396539
240705
-351541
-185870
678805
832005
701737
280288
961768
-204144
-64379
786109
-524143
-376077
-52640
128507
-650895
-481048
-746280
-601184
761195
-603255
386972
-996190
-904873
414289
-637940
-723703
872754
-238279
861244
269292
-997575
-490297
-916578
681230
-658293
785159
-38482
-696525
-418985
897140
-910416
56872
-478938
36944
-814622
-129833
555896
-560901
268984
317091
-164156
-344045
320901
-69028
-929757
682961
207270
942998
-555318
68513
212289
-552893
578216
295712
-871663
919924
80870
89855
-776602
661886
-13006
-687018
-281243
508057
349927
-95864
-621777
-94177
343235
647208
-777087
-820921
-696838
543815
110051
-626594
226775
-682680
-683597
671458
385833
528693
-881436
-35952
-175595
-753099
-116029
905275
336757
107370
567160
-676249
420353
-714083
831808
-229721
190053
-789969
676103
-466712
857239
899017
-287633
-839599
442831
822419
-466193
-330394
-860262
-149789
-658937
525572
-621096
-540372
-510381
203309
-293471
373591
108584
-956714
-519040
-324257
-632963
901314
-38339
-801156
-328407
-848286
-591125
-652305
-314998
-733886
-753288
397370
-573485
689543
219788
-39677
-640852
359527
810534
-299788
-114902
-810562
159840
374718
392747
866370
-251691
-498670
909656
229269
177074
-723308
130583
-861266
-524463
802176
-709551
-115588
-850129
-24548
150526
-603417
-627179
577042
-913875
592610
-462636
-554726
-47864
-652102
145487
837235
-462664
-694674
211952
930084
-828304
960261
-568586
-918649
189530
608488
-641956
-679888
747223
-166419
-877712
-962328
717994
-727841
13124
-131480
-331258
385945
-554439
-245132
-21445
-17074
200143
930691
330824
-654371
767926
868161
-349044
-20123
798245
-177348
-59862
-770342
-95996
-870333
838147
262048
-550220
585370
-904372
-427931
623042
813622
-155772
-363834
-317858
512971
-977890
127703
-732162
666
-889372
467982
-68643
441453
813611
-300718
309614
-535434
679159
107858
287218
-380703
337517
-808778
-251035
175663
453270
198745
-238967
548899
770815
-615925
362521
-384958
20241
-955338
-871987
42352
172365
-604148
-956983
282994
863834
-25626
-275554
