239069
448981
546053
-499726
-802647
-698350
-876757
-982485
322851
-2231
233249
98962
114103
-599050
-142461
-862188
597650
586563
432102
-308787
-638672
107073
-488622
-300374
-108996
-994977
310744
-10557
-742942
446934
-104904
496127
-104086
-558852
996402
93267
-257202
-880356
110782
-934352
117414
-655969
164611
-768483
-255018
-977850
-630670
-657369
608714
801432
33844
970042
-91496
545222
-330332
799509
550246
980412
-211048
807304
427345
684048
303431
-676741
-874805
299832
416527
-132007
419477
-472692
-66358
-463110
-128661
-901747
-231593
616322
-879597
137737
958953
729117
-60831
-7204
699158
847673
-461982
-631175
647182
-911737
-650763
-563867
895568
776583
-879820
198998
-900158
-754625
-501170
516369
113369
918307
-956323
-952990
-544804
-84983
-854737
223604
-468662
-734333
-638660
-509710
994784
300509
483087
693942
148182
-978896
-937233
-204637
-890632
-587995
231496
-995065
-811412
351676
203934
-711570
597051
702764
804800
-289580
621070
848477
-242570
-923735
-236507
-97306
299870
294831
168361
661211
785121
163145
-38280
268207
-142913
-890099
289312
-80146
-94735
398680
331860
-863240
403616
520448
488437
-392451
808879
85488
-689688
613678
795908
931383
462154
-446662
-992353
-774354
456032
307518
520478
-375607
-31272
305598
787538
930448
-426195
-355376
-959652
863118
564479
-54387
261798
-103661
82374
-334587
-583213
-429189
272963
-774335
656300
583276
839344
452207
514658
301498
-994455
522306
527145
461578
-170177
47622
-914030
798551
-646780
873509
728998
-72974
-481867
769347
-209857
-917388
-285040
-948060
-21049
797334
-282646
395738
-631855
990317
621404
-975556
573592
460747
476652
88250
-237755
482197
-389445
-710611
-56226
440378
337011
29745
238928
690232
-96747
-32074
-382743
421387
-262728
407400
503999
452232
459341
-517051
249566
-823305
878688
617711
-832989
500091
642156
740604
-39162
118807
-171147
723083
-398997
439409
-987529
544778
-120214
349483
-425478
-881286
39714
477776
86640
656972
-100838
823912
64371
-596840
276143
-476288
-113890
-474292
-299593
-235202
-856581
-132581
-735112
785575
-391977
225727
-95619
436877
-51191
505385
-123715
-38719
50162
756072
-689236
624685
874786
350479
102460
-38575
7450
-998379
-214663
-928179
-595218
-938520
-404467
290893
-412812
295941
-944310
-269392
-836641
-679421
-483818
-228617
546306
420564
-791741
-504885
-74051
84544
456397
976112
-159385
767161
600796
-284599
117639
-296745
676827
-874912
-295123
-537837
-803090
109660
-476357
-207557
-599448
110832
-911616
-543757
841441
-748256
-223178
-642378
23127
-676872
778187
231386
-181756
-295864
-684070
-725360
-319753
156546
-958200
-718958
871947
159440
-15702
548774
284529
689175
-989064
481439
-201165
-465420
-726118
199388
645413
-637734
655631
486853
-385990
-567547
844476
637137
-244419
622662
-131477
573825
-673203
184454
848466
7044
-659001
890267
288087
-787054
49706
-727616
761721
-665766
961560
772657
815674
-239605
-692763
-910445
959783
952650
-548179
615413
439502
65832
-952135
283977
-297031
-196553
-93361
571493
-622728
233437
-244054
-774263
-759519
96946
-883997
528568
309893
165710
800953
71613
499945
762513
-155730
315618
-477093
151507
405173
-517311
104157
856995
-901899
-456342
-77173
-854033
827636
625797
-50586
-265726
197289
326687
967711
953235
552425
-791809
50181
668429
736760
-639927
-165862
537712
431687
-665918
300224
-724044
649701
823131
427464
54874
-694180
-468380
-88131
-596079
75278
834697
-450111
-97087
460493
499304
637188
-342219
-174010
604898
-388984
-621585
813090
661197
-953157
549849
-978730
-119019
87561
452958
215064
-612216
728914
-135235
-789085
156378
919639
-483265
687998
-168493
-79343
-236724
-333797
470547
666190
-873304
-30150
303377
-215523
795841
-91725
395494
-825745
-278635
56690
-778901
-728787
77961
102080
358775
-469082
-682856
746560
-740168
181909
957475
416210
101548
-525790
104208
933056
394868
867484
-400742
-134585
533674
-274046
835266
-162949
510432
631107
745326
-94075
805363
-533309
962616
-973539
-262096
40576
128542
-903321
571495
445686
843239
831327
-372405
800714
247537
729143
-725077
-648256
662198
669792
-780772
-738544
-464794
752902
-12589
-629528
-410048
-502157
-998422
-664722
403768
806941
-198031
366383
833402
539874
-593041
-38057
636553
978455
-592371
479791
809782
35225
280504
57318
-235633
555428
409063
-573435
225220
628291
-311978
760427
381192
675433
-869102
971145
-826725
-867524
-693577
577044
939418
108392
-56573
772819
-351734
350387
-265238
-715181
328841
142392
764611
138622
-822384
45115
-804060
-58016
-399458
605003
368550
825763
233293
-943429
586189
-385515
732005
717088
-414370
905280
849564
-107947
482324
788981
-999555
-574250
561800
-351289
776137
-703438
-66469
104978
438954
-301859
-756401
616571
743256
-560460
-441445
-656202
-955458
927105
-830440
277836
983676
755750
892322
715680
472837
-522049
620960
322400
370004
103283
111381
370449
529034
-326819
-980840
305171
-30256
-47309
-589852
-591302
650832
-346252
-974732
394087
93288
-416177
737886
137830
-489072
907446
-584334
-505397
663195
-692013
-789717
136031
-214062
831244
-541569
-844058
-65473
569813
526392
-536440
-757006
545552
768731
212738
-501758
-821122
621437
-850926
-167374
646705
543162
925915
-769472
281047
63745
-258544
188493
479411
236060
-148312
787399
446344
987720
-426664
277587
-553849
-270721
-787887
-984037
-744330
-324326
-741042
801222
-555596
471697
-700536
-376717
93133
-551462
455910
-260162
991701
381824
-29634
272748
-554432
711823
-538760
924980
-52117
312928
712378
-605774
300647
-714286
671814
746798
14993
883927
762762
270663
-440399
-978280
71885
4005
493417
371349
627289
-413451
819888
83199
326388
811589
-534978
-703246
84336
-89409
-991424
545577
-164429
-43540
-141495
-452051
350687
-840849
-166337
22500
905950
848657
-93573
668712
119320
466028
690433
-808796
-529967
183849
562554
-902678
770399
382442
180521
96786
194031
645544
393540
-721634
-443865
402117
823944
391706
-641423
-317552
939656
709264
-158400
-226681
-268236
-252450
-378025
638192
-583739
741296
104220
-893307
932501
574254
290543
495054
671576
60942
-122504
-147903
-842272
-928474
-502360
551268
-650107
53776
-46615
-826164
-554518
311962
-143716
-614863
21226
697884
158456
752990
-554567
780432
391182
-138305
521727
-504599
-31611
454227
-930346
-741068
-50719
741230
319874
826778
-406673
477603
898305
90967
28870
-751803
-855258
982256
-577966
-409776
294218
278319
-24638
-684557
-23797
-866183
-931567
421637
914250
459615
-716668
435976
955016
251721
-109797
-975330
510654
839484
765901
-169472
666261
-640773
-691870
564565
450194
337001
812763
594937
319256
-765203
-814839
-386526
513116
160523
-71083
-510682
294341
-2649
910955
208590
-543035
-805714
-355434
-588019
446008
534769
-563349
-43338
374252
-797449
787190
40513
-438222
-904681
-394922
-988028
432321
-582160
606910
-248423
-347363
792071
365051
-834247
-47406
-706032
-344929
-753066
291319
-433974
455525
748285
-239687
-899910
-839734
-793679
634859
-403082
162983
9111
-200531
-49828
-950377
361248
45492
-345299
373221
-522187
72542
-19870
229390
725180
-227799
-405560
890933
724795
-111591
-453996
971730
-820272
112031
427254
928014
872345
527345
-911721
-921335
162203
-314803
241648
-828687
484667
-808180
-779063
-154085
237313
-124361
-780865
715126
948182
199266
-55485
673361
971467
538956
564294
696261
-572635
-889702
667991
-392907
222330
95244
-464894
94674
-377412
-376614
173339
784792
308584
-585013
956106
-206749
-393192
-822957
639166
844121
52682
858302
559247
864
57568
-496238
-325775
29034
-957282
-761482
-274705
-529917
-651183
-606715
77177
571147
488530
612283
-334180
-888882
-764331
839160
895910
544253
-745853
852015
-662497
-139045
-970943
976670
-294924
81740
834972
-735677
-917397
-107461
-231915
-243172
921574
-189197
-4653
-353132
280886
344165
40154
-641938
-84689
-471317
970346
581132
-360199
-793985
420292
-464289
750269
674439
-612274
-912228
-464606
-583217
-935559
240471
498524
899414
504794
581128
-208048
-727122
-662044
-286474
83681
333304
360394
-635433
-322532
-599452
-277370
592780
-70768
-307024
173911
569033
-101009
-405797
-895256
-350741
-731358
-507530
-262968
-195964
-90746
-198527
-955494
-592223
-299113
549300
988906
492839
822179
-673139
-793635
-94140
660165
566759
270427
-662367
967308
993058
930413
-103461
-313966
104324
-534428
585026
698527
-429684
-765716
967169
62786
-28683
-228795
972040
772790
-184289
-620183
-526323
-634989
-631278
966517
-812811
-304417
-827119
93049
-644252
739641
-636524
-306619
706948
-643466
-376207
-396514
42568
728117
69058
-372407
426644
639375
-138122
393813
-297840
833195
-834983
-325801
605985
-19271
54016
-920339
345741
422739
-953823
532930
-881679
-780941
-374021
-525930
958700
-10544
167451
665647
345991
791245
-730867
-611441
519362
338192
16153
-53995
-22434
878031
-660183
679726
711226
-495165
-646075
317211
485564
407942
396873
-168695
-169320
443051
-635765
-50998
662110
-9785
423073
620809
979671
-409477
286455
325662
-618232
555588
714221
901130
-106220
-269627
-152865
871346
-391596
186953
551072
-680370
691788
904998
636841
177352
312939
33714
-991344
-856381
-523236
-627108
92622
-861127
363107
-484306
759682
342778
106218
46137
-331561
487986
-398275
-617340
389116
495505
113033
-763750
366850
721438
423204
-82078
-958933
114992
-177081
677909
-707656
-864142
-288378
-698999
-720522
188386
-326107
372100
327260
-963001
887795
86942
379777
-5987
-866922
-951785
-518001
-265196
-569125
871115
-769691
543909
-892635
597160
265347
530570
-484919
306415
-354439
338000
-15677
-62095
473859
695946
238906
753337
-115669
912799
125436
-788410
949798
13231
298533
329574
-992757
431612
377790
-510758
-833585
808666
-639643
-603276
352575
-532277
993884
-382079
998293
-491035
924336
-356147
846965
-91341
581758
320823
-395396
-179336
74160
488936
-266538
-800405
700527
-316740
212827
-941
-987167
220070
-569330
390624
709313
-402914
199289
-930330
-6190
-448136
-462607
-12306
169786
-464314
496659
94122
179539
343624
-997220
-238703
-335553
-392615
581962
738607
-903680
-684577
938203
796847
-1317
151029
-204095
11517
-628901
226576
-597859
-919588
823662
601431
-849918
-182528
-846706
-312524
805166
323080
223162
301825
-582799
-597299
-354552
-580018
163999
309896
27367
-254040
48502
123687
61384
-13295
-79466
-939934
-862267
716440
71584
-491167
-56985
473726
-410755
-233324
75156
-260672
584148
228451
426804
389314
-448469
-350034
-308862
-31267
52667
336587
388715
-783335
-353518
-583918
-37374
694985
539769
-975991
-318311
-539697
-915924
-180577
-823258
155660
328256
119757
-370614
917502
886434
704542
-343171
470582
-67007
-916367
-140105
484524
-266400
551033
-546744
786267
-112380
841971
-997068
534103
-741948
-34442
229087
797822
-10433
910777
-741875
73643
-269801
-565133
-770697
-941545
554625
-141311
975958
441059
-436769
-367213
-88360
496224
-283580
771535
-19253
450020
322568
434003
236287
-789813
275974
239220
744290
534027
-795223
-26623
331849
194345
-115847
589974
-732013
614353
-975159
-502709
672808
579466
355980
648766
20524
919212
-718448
932165
415435
-2027
703699
-603818
-552007
26267
830185
684280
236454
106159
-76501
-19256
-359815
128277
954122
972035
-677379
-161726
562009
-409391
-547373
586850
87900
-874565
166316
-556120
774201
-813160
-636909
-944248
-880996
778526
53725
822703
-825293
501719
-151030
-995108
185998
-914576
111052
-890503
66168
751238
237774
20289
723272
560396
858564
285280
-848996
-688810
-127871
238904
-563375
-961555
682784
-789174
-774715
-954125
-733422
-655711
824402
320304
-833008
999109
-177978
15963
-995999
-991980
101387
115053
-882483
-832446
-133709
355292
187844
-410438
-84312
46408
874843
66692
357599
-253028
-694404
794225
-214583
988381
-994950
10702
-965745
-728372
354992
858657
591933
521985
857766
-586046
-462053
861768
-578026
639334
-23179
-460508
806889
843112
894785
-5267
-567327
-189528
-958859
-692485
877165
398740
54487
-817240
192964
839905
-828859
198014
-149393
-794604
469643
-794401
-935947
61575
727584
921820
475529
-734469
783587
897504
904866
-239592
-563005
711755
-396481
-668221
-293513
36193
142252
-252372
343709
19416
-853632
-601804
202177
339332
-761900
373318
-462654
88707
578715
-993012
294307
642768
68563
21891
564587
-455908
287422
348174
-558405
192288
-891419
-121410
-95958
-287899
210370
610530
748294
-647379
-641842
92002
372038
-495474
490199
-425786
843859
728299
947532
-618796
-182994
526246
-611808
-888688
169014
456756
133203
-266399
-999153
-579375
-918226
-557558
612914
-809644
321033
-483045
-97543
-468597
-872515
-349249
-115975
-514357
742753
-743937
-9830
232952
-169723
-165972
-38750
-222191
215233
778257
-695946
603425
889570
473069
60181
22773
-793331
61029
443399
-711556
503472
56312
-521200
-175496
573268
381258
355908
700753
-967992
-760067
-813604
774762
-504004
176566
7713
326273
-989406
968964
-895919
225827
747221
-591864
-170748
636790
881205
889433
-340438
-912126
-49539
-897040
-623682
-546068
159273
-144881
278437
-267460
-763624
-365655
-566708
-731615
-125722
-380312
-956853
370275
796255
50860
-303452
806849
19824
-199371
32675
-232956
208766
861928
-596167
89971
751360
63396
177845
-298179
166357
554164
155753
-674370
-590718
-565810
58170
-354341
68536
491463
-85956
942814
-888849
-42809
313088
907406
-991949
-990364
714255
27876
-189735
-253070
794920
-980969
-391143
-801247
109003
-639784
262150
-713153
62037
-571493
841012
-782210
-245863
-749707
-348019
812307
-104047
720517
303769
809997
663331
414920
-232812
-23581
322326
-224760
-13945
36580
803116
796321
783510
598036
815352
-607634
796790
-75645
-247417
58939
211202
814621
487446
52214
-967590
-758418
302507
-315608
-946112
-801541
-595091
357658
-991544
-931761
-227422
-224355
44658
-905097
550886
-969287
131484
354002
827034
-85007
-47963
642386
307360
-251174
-433260
-940058
807766
777943
874563
295211
-169844
906974
536794
-867337
-408634
590682
-668878
-3725
-51660
-660421
64514
720918
115225
-890828
815822
-333890
-860115
-52695
-979889
966920
862299
-27851
609305
169658
720975
-823955
229601
528740
953988
104163
-176049
-215857
11137
-639256
-83194
602503
951427
247929
-401223
-100233
587509
663291
-379316
-297267
772464
-563494
368843
912349
383811
388955
879268
246110
-638897
488573
-584233
-917923
664618
645368
610818
618605
-250469
-565231
-597252
760668
-204486
319555
363171
-253060
-432516
961948
646707
-845008
625239
-732609
-142274
397702
-296103
-773432
310051
-912292
615523
189318
333818
976626
-322109
749586
-941297
-657492
394953
669522
961113
-855516
-895709
-636139
905153
-100195
683416
268323
646746
-749100
230271
293452
-594107
-144491
560844
263619
-746789
-735259
490187
563262
-647551
105710
-247420
686267
82336
430471
435853
141040
772980
-169194
-189439
734093
-24710
-85147
-902047
-119557
814658
781370
-851235
461403
-967731
379037
-245145
-561838
-765454
-684302
701781
-512243
-419561
191968
-948981
-67111
-702322
-196400
-380844
380014
-765929
-944992
-478947
-992950
-114186
331615
741143
861105
-753533
839096
-258453
-938875
620466
-109687
522529
652735
-730651
-722617
-909103
-496105
-406918
792679
-8347
173522
-15353
42673
-893590
282325
846273
-274434
-337662
-919657
-219425
183392
-912606
666389
-484994
828537
527494
-238526
667633
-730960
-177401
288098
159353
-654873
-59167
428703
-377489
31731
932599
215593
-175590
-75749
-610885
809057
966925
-504475
91382
813198
221092
753720
893542
-998334
-62888
980936
668056
452119
809472
195550
-786407
477105
464590
36193
-234797
-376057
381321
706036
-947354
-996169
-262233
985245
219425
562177
-90504
608540
371233
-123580
-895935
-537386
-310383
325157
-783666
-416842
326824
153447
-435907
-5120
-394435
-626435
-809571
-180841
850671
655020
855352
-384127
-721037
236672
-678091
-668391
240504
59676
-683147
-540072
-378147
226350
-931532
993086
-897231
-827467
-544300
-207613
497690
-327965
375545
-175486
825483
939639
819395
-568952
-686796
-990176
250207
-836125
664844
105558
-220252
943808
-657771
101658
-724584
582733
-838667
-407730
-957339
-216814
818620
-888871
-223728
921390
-716338
231973
-286224
781353
904009
-910679
-394133
729492
-971040
-574739
-839461
-657835
-564915
410746
-493960
-900071
-483696
285789
-956264
-141467
-612554
-680847
-558734
-451220
-88577
-516072
331967
-269958
-404943
-891761
-348569
-121280
340213
365208
-339928
244222
454529
265939
-26287
483489
691200
134252
825655
-873715
-455002
-668306
-773786
61302
617484
-730049
919836
-995070
-410896
-638898
-446290
500527
-154970
885678
-769431
440087
993918
-117999
-681194
334130
-752792
-21121
-421649
701738
-755183
552065
185227
936018
-313684
10881
-937698
231314
342576
-711483
-707384
-39941
-441532
-787549
-35010
147572
-426447
518701
-351901
418583
404378
-121331
-141330
398296
760670
177477
-267575
-992122
-843645
310777
709617
-598827
-137158
-105157
-662810
549158
905725
-600507
-219528
248301
-311989
73089
-791640
246479
285540
173350
-605949
859093
-307950
42151
277676
-903572
920820
-863655
494724
681490
313823
-772851
689369
470178
537927
398985
871351
-599232
-706172
-791459
949927
-800448
-391965
-269602
447854
296046
803487
656214
-457475
89027
-170437
-63423
-51880
521614
978728
-774205
618042
899548
-637859
112765
581037
675964
339915
270406
146142
-122159
-330610
17493
278609
-36781
226034
228535
162772
834070
958934
-389375
130115
762421
-733162
672641
-148553
96401
-390783
799567
-381986
-412055
-974638
-763944
-512508
-612497
348822
-931471
-936533
-311264
338936
209609
566577
-991675
-772899
-154814
-28456
453136
-926280
-865685
287205
-967346
-255060
-582680
795075
11779
-910039
-353479
-891820
-300821
-553912
-273805
287124
-528550
-37749
774617
-141046
-688928
843147
-77579
-191
182082
-867970
-433615
190408
-640868
411572
-838049
812269
485292
-703733
99474
517947
41208
516795
313021
-947013
606756
959543
-838833
-694066
-594370
-112638
593059
-122919
849614
367676
736036
-839315
210822
-341544
160495
-607096
-209513
726880
583312
149620
138452
745264
-38112
-376256
-958469
-938639
-858310
82739
578156
454711
135726
184912
414254
296894
490847
819885
-815745
83906
-303035
-966132
-548419
-567000
-805446
662403
91457
355049
-944693
881945
81929
638619
31564
-779620
383882
993453
-155875
425413
-945187
-14185
-491848
632970
-559474
643879
-182118
854780
-59228
-691271
674664
125028
392635
-628371
158897
844216
-195370
353452
506619
896088
-291499
561926
778032
790431
200544
-190404
-989189
-415574
-196952
-145064
-990161
-142138
840751
-482009
-509168
-718724
-838130
308714
-863944
102643
617444
810721
-772330
10078
-817651
386568
-145707
-13020
-259981
-639088
-116933
448521
922838
-338901
238951
123382
470695
249762
707808
-726257
-895303
717648
131605
945449
-764362
622438
-773276
-602491
-68848
-637219
500152
-451405
-826499
727823
558673
-644149
114391
-587034
342832
854411
-226122
-774102
302931
-303285
-113002
-458119
820098
-642308
791644
527906
-368565
896341
245553
763041
841789
481192
385478
-931487
878701
-683371
-568705
378853
-134776
-395204
106676
-576103
-39352
-778934
-163137
-696521
-924524
610741
-470622
378407
-692544
416376
920289
-872447
774069
711932
655460
-594497
608273
-98988
-831456
450062
-617796
554023
518576
-739096
870652
949871
639758
-264124
-445333
-253567
159773
515315
-32501
996636
818795
42976
607377
-651828
-578618
914834
764548
-658329
-957613
538616
-946397
697847
944120
661876
-401141
-887336
111938
-18937
666687
-369487
241968
537338
-419617
-118275
-726786
135051
628158
432988
-349635
-404343
429623
-530841
638633
37000
-182668
-939985
-48167
-418120
-598314
-5780
-879505
-544710
-307933
-935385
-882834
290926
-822721
229104
-728012
843966
859618
513956
381304
-559999
-604319
654519
575052
-976162
87506
-774584
-380504
-482871
-305424
-741872
554129
511908
-681856
-494038
-906213
-280169
500183
-785717
175121
-807751
-721101
292287
483175
-543821
-478609
755164
-699856
-618992
269120
681449
-178991
664801
335967
-603939
688640
-576528
-378522
-691865
-59398
316054
-433736
-505270
-172038
-115592
693
-78250
604239
-499125
136033
-220641
-306876
414933
-928354
-823701
871112
-406963
931464
-828744
-25954
200583
852705
795055
-134617
188672
-808884
-445978
612145
-187406
-137842
-447254
-871353
428422
47477
-43390
-687171
-951831
878360
917069
-450955
14393
-303573
242170
-570675
-231926
418469
-699563
361111
349933
-528307
-664844
-449485
-675602
-869789
415898
513070
-678673
969921
125215
133921
-167922
677962
262569
-739500
-274561
-780822
-426670
-226392
-902462
-509602
322654
111931
186826
-435177
541257
954900
983293
841694
316010
333225
-686614
651167
883740
-362216
781379
299638
-849146
-897294
269559
276070
236628
-898363
-45968
-500804
-637863
679471
-281625
-64533
-546921
-184087
425865
775733
927845
-387310
-659445
469102
-432411
-676152
310795
883600
657073
624182
534767
540813
-738034
316145
-159549
-587179
418852
-889991
688891
-344521
-788354
-357078
154675
-426216
-677607
873051
509251
-224528
-311036
-64885
-448796
-383192
547806
-108240
-914091
-884605
215609
396705
998996
-127318
20886
533763
-586506
282852
-150093
253946
695673
-731241
363955
384564
-75762
575602
-972514
-921088
-850615
-650121
951964
658636
125352
-359073
-406249
676557
257735
-858443
-431684
343645
-743048
783926
-259651
-744052
-343393
761236
789711
70101
44088
-360382
-675954
-260240
-91623
688002
-875676
832615
263604
-848189
911528
412990
-498309
863491
71625
627043
-495583
665377
303599
762153
806935
871916
105798
-936114
655841
846148
-680165
-687553
607383
-890455
382549
-348530
-250837
706596
391231
657540
394597
515556
490155
-341799
667367
401682
-928810
-830943
265172
142816
796100
769590
-191808
99698
531743
-384873
-28387
-362460
-320987
-372546
-516312
-1151
-60099
-908930
108394
-677551
-257459
857557
-970956
-866229
515097
423642
649327
5252
-918158
316694
-593067
-846968
485751
672106
295849
281851
441696
-895959
-618452
-26562
-280832
353162
610979
398182
980617
-905334
-602970
-79483
-814263
505424
242967
-71722
362981
272011
62050
-121922
-304347
-288623
883330
-222505
-971930
-709738
-69472
513822
962369
-773624
-204328
404064
-669583
177221
-622498
49585
-469617
988481
-552234
-489001
-916853
-155203
431516
-731116
-649780
-325518
197163
713202
946494
-740787
-408721
-357854
-29410
-525391
419642
-1339
-235129
-649831
-487518
-272760
-423454
308154
-868697
-93036
-514625
-491195
956549
15758
-502714
-595685
526757
-419567
249112
-41727
-150682
599333
632756
-953519
312534
579249
-694306
903814
-778605
276284
-621578
641037
-725056
143294
991207
-212573
870534
-432248
-904419
-998163
474717
-419044
-489357
431266
596714
7929
835581
123471
588363
84693
-918257
-562319
-315974
714499
-515838
996560
293748
-210144
900374
515143
-933860
-721205
156180
-658915
422089
147386
128513
292623
715139
224094
294460
189855
805050
805103
-378880
401764
-186968
-543299
-474766
-598606
541395
-393022
-160924
-774580
-678523
323238
-778020
615225
-886906
-877647
130368
-820765
-598851
-713452
-479679
823239
433934
648834
115861
149073
-127073
-589679
-661072
-322023
-784577
-39952
-920260
28456
416750
-395026
429851
-41856
211952
-731074
183565
533430
592164
405545
148654
705259
527898
-720978
884494
929048
-434430
-595185
752286
999505
-946352
-131854
148577
-73425
278467
487505
604552
493891
-552447
684293
-477654
864303
-710734
952197
-177553
501219
-778878
-993989
34648
813287
411556
-816698
518546
-60546
-537676
403040
-131499
27895
807855
-379213
27399
861503
488933
-824024
-211922
-232600
663482
-607370
-738710
-888965
-923078
-216363
975339
-633812
-264166
-202215
867408
-43044
-196203
-97945
-229757
-784647
85358
-711212
154807
547683
691828
-976692
-424423
499682
-355905
602977
361185
-866972
778954
-850738
-99572
442435
-458108
161719
553470
-381186
945357
528808
-14997
-318810
-673407
-147590
638147
130390
754466
-591611
345743
-160176
-302822
-499450
-612494
-610994
-476141
-36916
888689
167955
-433939
249874
300984
-654986
399136
-798588
787450
941029
363131
340919
-440157
308487
-130273
544846
989678
196321
-602744
627824
-673289
-848278
-963787
672454
-8454
-266608
-826996
379052
122399
-303136
-657865
11087
864820
-91804
-739040
165803
253211
660097
367215
40660
601125
-269654
-618421
-839033
-961168
251307
705814
-971490
-552373
-896931
656334
-225662
-745208
692548
-553208
246338
-574061
-380203
-374611
548338
316661
-32475
-440575
181480
875722
-179615
-652717
128932
-519518
714498
-830408
-918394
-555157
-448829
-757426
-516324
802478
948389
-487814
-749895
-948542
-831480
24444
-693750
861068
471236
552588
-712993
-908968
-822023
835345
407694
145503
-605231
-410826
21224
215155
-63543
-849844
695637
-349045
-680252
777244
95798
-129080
-980182
579475
-326602
968207
-908339
-76497
-980336
-739819
947947
-674085
-878751
419183
878503
-591744
510216
-943520
-756400
-82091
201983
-361630
507084
-776794
853526
-556460
-626637
549162
94495
-306888
326406
-809707
564032
346225
769769
-762570
314431
861430
160933
334096
-878390
108880
660011
-757140
-471938
538514
-348884
-961723
594994
-105283
-43813
-203024
533087
-536730
20183
386612
-93189
393547
-64226
-998694
-913342
-737820
-808401
650691
608405
961368
888121
-77164
822798
49053
-743069
944409
-842067
916943
-812732
-314004
455456
-161616
-275726
50449
733102
680461
847426
266189
-856269
-132392
-347200
50543
-738846
588575
51849
-652187
850756
243449
998504
459160
204817
886624
-618005
27614
-64323
-361073
-27978
93610
-444131
159290
779607
-988675
997675
-496120
61775
730777
-815659
-90800
-3035
-671927
776809
649765
378616
-962037
238340
-569536
-614224
89095
673913
-615721
-451745
-121271
-729097
-69749
906344
206580
569178
-121635
-699810
-874954
-962345
-920203
-863628
-964670
-416323
198147
766107
-231981
-892654
-236929
96092
884155
-587164
-525293
922118
651177
-94828
-692106
-259728
-420915
-307827
288527
457815
-36923
-781223
364158
-830343
787955
-757478
-530152
913002
-719822
-450355
-950626
-684491
133322
247521
-918385
901342
354867
-155313
-2567
239022
257523
472141
161140
-91301
-622688
469034
648972
-43602
-838793
-62502
-585788
124284
156276
778370
293941
-55770
-979108
763790
-142768
-698929
-686566
-93394
-383420
446757
-845873
-301805
348098
508994
542882
-654469
-251984
-199595
817672
909156
709105
-805016
378189
358076
151382
539397
-704426
565595
-336319
451850
343964
957623
-603920
364857
721412
253313
665928
-965155
-840082
-717493
481602
-685955
-19297
-170300
823040
-476415
175231
-428945
323991
-7097
-519789
33095
187887
858401
-608829
-660731
397797
-313255
904864
-938523
-861406
248828
-980901
-465325
-386316
740511
787988
-720389
775357
947907
-437881
256958
-738049
542822
-913343
-915009
-933593
261889
-343953
390398
-745209
136258
-576507
442678
-5342
-185336
781948
-607545
501410
686812
-546068
640004
-64361
-526968
-825322
549323
-786457
962667
828935
988900
910573
-608947
245857
-827477
933876
332515
-742485
-999718
-405597
-86437
390681
-150805
-950180
814174
-708127
44479
-371163
-926180
436935
-869754
760632
890868
770251
-303730
-636101
944930
-754407
-422557
907596
-925472
-433658
818168
-534419
812200
990692
-600543
144714
-751793
-600260
739118
161770
790421
-411688
211591
604595
-119815
-743930
-766569
-45994
693005
-636322
-285362
583872
-866071
410909
947772
-921142
656502
-474786
986455
731030
91556
804623
-803389
-96245
795314
-403931
-951531
-956480
-4191
787588
205291
-213770
-624100
-583119
-609176
256085
-327049
-375744
-789909
-634045
-12065
-75271
949828
121864
-664363
897599
200723
992140
-577187
187177
723169
514369
-8201
919781
-581876
-212887
-484150
-533406
-169366
511660
-745819
-964076
-702110
-369919
-547194
-311286
886167
125757
312971
-903743
491713
-699095
20986
441540
422770
356624
339139
-376508
348763
761952
810670
71932
276321
-197532
-8287
694445
589582
507563
-838962
-579785
19222
-584781
-543860
317112
45301
-91054
-994174
-68533
-965297
318798
27724
526416
619703
-951290
-32044
42472
405334
-692906
665965
-245904
-930955
476634
826029
345366
-720898
-182259
39811
868685
-674697
200850
-711101
344526
616070
-254960
-338363
-338630
653986
-332536
592837
688689
986262
-379439
215105
605965
-330729
-816940
-351563
-925395
-509846
-685599
-171298
-440800
791036
-345270
904567
-929862
472471
-55623
938823
797774
-854773
-772279
142299
761297
-27238
803937
-577334
-373252
-528599
-984498
-684564
-542337
-363936
530542
-936373
305335
713602
-287935
379941
-796245
26467
-791358
-237044
-182498
-136628
-332478
-112360
-664157
611900
-173538
-866384
757127
54184
275916
518423
-973054
79853
941089
-346306
551254
956592
-30870
-991083
-407345
-500329
-927456
897991
-786727
-215390
277931
-582972
811077
486574
179985
-371422
-650054
847507
516219
-314211
459406
-657319
-180595
216533
396866
-904679
-265045
423812
175175
-323956
-922495
-273572
-367364
46636
-264655
225292
546307
-192110
123282
759581
592500
-598787
-823392
403576
887788
356594
-967846
-762267
204100
548374
-76478
-336494
891055
742928
880039
287920
838249
-385006
-288269
13423
291038
-210764
739852
923674
835872
-524803
148965
382179
283088
-727753
141759
-124412
-326539
318368
-720836
-438752
-325039
-688682
-201019
879062
859692
722503
-457433
750747
465431
-577394
38666
303679
37600
750398
-682898
-671362
-460367
-943046
-747688
-624495
-467849
401278
757684
815240
673525
-100557
-309173
-653015
-782190
-30009
-91766
-107228
281310
707215
-228166
141002
429718
314401
-108252
-104852
737008
930414
-801173
-225392
680811
-484071
103246
-779556
-427116
355558
-404051
105036
-243165
-646367
-79725
-569640
253077
611102
-222654
470888
-418907
685580
-636341
862403
392795
135493
3404
-177487
-550106
895152
717662
-813098
825566
916489
-38490
506377
-567582
-935244
726821
5302
420315
-677230
-889663
-822850
-323596
30613
-392490
929481
-358286
384857
400368
222808
70437
764028
85210
-536768
-100479
-911386
285745
349415
983767
3406
536318
809332
-80105
-502173
315709
352313
-437417
42530
-642385
982899
365300
-532048
-839952
-958296
498565
-232442
971185
-859721
-847585
371553
363087
222852
135580
-551703
686084
-964900
-463089
-28171
384516
-479323
975235
-79166
-669991
-104871
418661
645719
-752558
981245
-311752
-394943
964143
-946452
73010
-875809
-904748
-428425
-108251
-933564
-288145
44165
437990
-925059
-732984
-426431
-476761
953101
-391330
60151
-75071
993187
580828
-99836
-85980
910838
795293
-667319
556556
-957266
-686075
-755197
-352208
-721932
-701648
720802
-597741
-606396
-707623
294009
-539959
4232
-661826
898031
79173
-394809
-528400
602413
-441709
80270
-337437
483221
73457
-756609
-616616
987477
-845772
-821323
-679843
710785
-778588
-365917
955589
-130796
-87848
-746060
-409994
314412
-352456
-117617
-391579
107586
886615
-53405
5616
-34212
551786
477217
-431800
-889923
-442514
230763
593298
630944
474154
976682
618420
628383
-844641
938578
339168
-623229
-427339
294756
245976
484813
548697
835982
-200775
-803759
-281635
407646
303827
-395020
-645760
-690557
570768
906027
786660
-861032
-983897
-655854
369731
609401
975090
-156115
586083
593510
-527732
741442
532088
811436
-881787
-895252
106192
364189
589562
-345111
200171
-611214
-148870
918536
796432
-845043
-476485
-849328
-535600
-905717
-943302
-748941
-766749
-927199
-404794
602983
682202
-429705
-553132
268284
-836195
-80864
9726
695893
-269428
127939
800641
836764
-507873
390202
-508348
692299
778989
342783
610835
575420
497740
-865650
726092
962140
-771367
782790
-786801
-538115
855592
-191595
-935133
537793
378701
-488265
-193923
542506
430872
815803
238399
-838557
-56258
39040
998208
435870
-570758
-510140
128168
-791770
832643
-260998
783650
330382
-126648
509742
292522
101986
292532
505721
563871
148123
-685874
628739
-314085
692827
-859526
491993
235333
571347
307796
-526268
732790
-748463
512772
730998
687407
942014
-779143
-184426
-849757
-946501
554577
933894
383882
-572071
443635
-323597
529916
-263834
-817877
93787
884290
-503750
-277475
-429796
-810923
-137000
-937803
424410
-565654
369993
898142
-832864
621530
410914
898134
308937
352927
-881009
-875490
503170
-827510
679088
437063
556373
-892983
-119302
-767225
636933
616865
-585101
-269281
501154
-88851
453245
-928642
100226
-683756
-866445
-475364
-249409
503548
-577222
-82272
125078
833692
-184138
-565986
186618
-65147
-441475
-310212
107344
-762387
-873149
-336284
-655370
7549
-103508
981563
-375587
311391
-287719
-874434
-777460
-834474
-803075
322766
-518229
-669520
847403
232362
834029
-729820
-849910
-40893
-896129
-34048
393122
290490
900806
951647
980278
8150
-810740
-892871
671866
-466110
114678
-431643
-484547
739092
879749
227735
864659
-897712
393261
-938417
425055
875032
-607936
272457
107394
-773908
542638
257484
185200
646509
-776564
-421679
-63001
-875758
-470032
-82723
132392
-280772
24406
-195743
253118
-860916
372615
768572
878177
252364
-3694
742835
354653
-610434
804419
-220293
-735402
-803518
-947836
371992
-577425
594802
-370524
607775
241311
-147087
-813905
-821691
-22845
-283937
95587
-890454
435292
-880008
-86196
-311590
-740923
-713581
-543019
-862747
538783
453287
880089
-106565
842853
684508
673143
-892549
880990
725307
479444
-696435
320109
-891081
911340
-438581
-38167
-902565
-260271
938989
-186501
835316
-951466
-751210
955309
-37661
-62799
-785614
248758
394182
-648360
-212459
-152532
-768272
680977
-309679
916236
354119
-202228
797226
79426
-722785
-899209
-600466
-613865
-987869
-39046
347969
-890434
700683
286957
-76934
535998
335491
171857
491307
-702170
-890943
705693
546589
503239
-942668
-665870
-649293
-710939
-984894
41029
-794703
369226
838801
-997477
-551348
-883984
-896686
-151813
-497848
-884555
809141
850121
-774989
509823
137077
148078
45821
-527432
-680066
-462873
-229602
-571008
-757180
-683013
932231
-699848
-348883
-717062
-410786
-333776
323967
-205489
-964550
162768
-202966
-515898
278784
-99652
332289
780936
15793
141429
631057
240805
-348748
-231867
-611117
697073
240701
-291183
-765800
-988901
137809
-522980
-671914
70040
-222827
-20796
352978
366387
645428
-323056
-839103
680878
839713
-42069
-835020
118496
858280
497270
-100568
-125927
-361302
-469512
-885122
289951
298622
-496239
-12977
-460677
212579
221223
-449578
-649613
698244
-121491
420428
-524584
857714
-226594
841803
503141
450351
-997300
184019
290063
-39369
349000
-591442
-181089
-153731
307991
692984
484968
838480
807863
-225082
137101
-688377
761941
676424
524202
-16836
-773154
874590
-318593
105356
295017
156823
-36931
-931578
-1374
-533790
518774
1326
650230
-191164
961958
-771
217395
-219132
845498
-474615
-526148
330465
-636136
-718286
-894618
500966
-406663
867323
177390
-882461
-149513
404237
992129
531894
-490407
287146
-311283
472662
355569
687343
938873
-125658
-311332
589102
683178
-349374
-411670
-99428
431494
-566173
425958
905347
764292
789822
-812939
869675
290788
-219601
736998
-531822
-102062
-412516
872415
-109934
-880622
-617993
-822788
-191905
854670
532781
-504562
793542
-592878
184107
382643
-909701
834733
970974
-9129
266227
-595200
-583172
171573
-830908
-793350
358635
-961234
497439
-860967
775764
965617
36971
-636753
838032
927038
-517374
-779962
-895751
290721
-925292
637030
786160
868250
-955849
-29734
250893
-865549
-195002
221866
125323
-928775
626666
542151
242799
795759
748802
-398567
834525
246241
-259534
610289
211857
777438
973537
49888
704475
-543838
269927
808725
746883
344635
445754
533042
212885
489906
-496692
-536223
624357
308307
685644
-250321
379532
312309
-708170
-377670
108068
-959368
223764
-57408
286873
964230
-447119
-501270
741668
-473583
548619
446142
-17421
-181455
254866
-270539
-836820
-299380
-737497
376065
-809474
-234189
839843
814884
-925883
525486
-435438
453650
-162205
-143607
-924020
945863
-102975
299744
-111545
-816102
263974
441336
-317372
5641
967753
-768754
-548217
-49669
49792
706650
679793
212972
-592731
942297
-410963
-402205
-291893
-571120
-587322
-217775
954367
-22759
-764126
-207839
833635
-688145
-261976
-269340
611599
626480
-85442
-124427
67816
597186
881214
35568
828433
-667003
985900
-121776
-960354
665693
-908804
-553084
607989
-319766
44712
-683904
109114
457391
98321
63481
-565369
334196
855643
-731734
646051
-406334
-1074
257650
-779854
913484
-866778
287962
510670
-985564
-676470
339102
-652566
-690570
-782675
-612920
975123
-691478
-166004
583111
-11244
878709
899208
-902130
336099
-2471
161351
770730
-668276
16993
-961004
977776
610660
37922
235426
830806
-48595
368649
118768
-537926
383086
442298
801176
730520
751729
-981499
-882400
726851
-672977
-48403
309962
315779
-169695
209169
413650
-833597
-793303
-425000
937134
-461578
591994
976130
-483802
202653
14051
751625
33459
965457
120273
-847773
-572470
-496641
594525
-771294
-766122
346253
-752793
-648521
73104
-425769
303076
-616934
890011
-866620
592235
303660
-700216
798933
878661
-763083
-662645
470654
-786953
-146446
-326693
227098
-394822
706767
192554
725452
858994
620085
-771190
453519
848791
-537311
-200228
-904002
-185832
872877
-329770
-882757
-744058
-439760
-749376
848178
863901
-449591
647111
742561
-212673
984466
213215
374
-161980
886523
-772528
443198
593290
420027
168649
452284
40111
397459
-94198
-111098
860148
705575
-15099
-325684
578451
655131
-208441
834394
-784629
42184
682571
-920729
592593
329681
821832
-620081
314147
35047
380294
-847833
-78431
607766
595365
-485142
27792
-235986
967142
-932097
-838527
-127056
-43195
-978380
-421481
941707
-304064
-843031
596838
487496
991364
812209
-470320
673934
891480
-877727
3615
713311
-497807
-682238
-251642
882487
-530071
669927
490253
-934706
-815215
-481956
-170691
-848073
-414052
-9218
24871
542753
12403
603390
484460
708340
760360
81297
195836
751723
-106495
725516
425657
-215016
847790
-570728
-501705
-650017
-252965
246653
-767530
216965
-83420
722723
282260
101365
-759233
-888432
253292
-173285
102350
-721837
-630532
-885248
881554
853928
823092
641914
-64776
18927
393637
828730
-255557
-180707
-386286
-407768
248566
112010
-57785
995602
-641338
174685
212566
275243
-102592
-505175
-623393
138175
-393607
629900
964890
708744
908064
-665643
823496
789617
-811715
646587
431531
123510
-334486
-174833
-47761
409957
644461
565954
-997811
-106973
-322037
-55595
-111372
36625
-880911
-898807
-688132
16498
-403981
-311525
-845328
202413
-681625
-880438
-88844
-773561
-546080
-265349
-983944
-357795
-618762
447587
765715
46753
-727247
-282046
-543291
917214
-716093
-541102
-189760
-38130
403304
698869
998496
522394
800062
-689637
-461109
-603919
-1161
-306437
598494
317215
-186874
-490351
543654
267046
244301
559710
909251
625539
7296
674966
-327709
280050
-607081
129001
197264
-323173
587900
-992496
638697
-8797
706373
637193
-486404
506434
947557
52488
902515
-53605
746052
501009
-736391
-440823
-989343
807264
826223
254958
366973
735474
-119503
-625732
410439
552789
654319
803359
-318210
-148418
-519815
-730311
-140914
-881118
260893
-434542
756076
774490
-928108
703632
-173023
974408
-349973
-426972
475416
-86363
132205
486073
-279100
-41572
-258969
-912128
-306099
621528
-537859
-895660
174317
-883541
907699
856107
-31959
-612116
-874205
827127
-493234
386689
-607415
-737159
161178
-535523
966473
988155
-561116
-383500
-438817
914300
530137
693388
400373
-748964
-348185
-858597
-661092
345717
762932
-198950
450057
-62752
-82490
357756
-206646
885551
745640
-80850
712678
-747595
-694161
-894738
-484753
467017
-430261
-518280
455172
8623
98220
-983646
-77077
-371644
709742
-676705
-120608
-638443
-535302
218301
707275
-772371
-980650
157332
164878
-63140
-484913
958233
-177589
-739274
-122618
-464911
-486868
183222
-359649
28380
-349762
210091
510100
-894591
-781286
-391680
-878236
141637
236676
831506
464932
-883932
-806937
929631
334370
900339
-842740
353720
57670
322138
-709420
572757
280370
112992
833484
-842248
648081
-653384
340974
-711568
374996
991213
498523
-114904
-903379
717237
493416
-781614
-141127
-269908
-950109
-676195
-153840
-757045
-746565
-819471
-856707
-589305
534250
200963
732833
824831
-226280
13203
-62177
-392797
170956
-414096
-46181
-488071
-125664
-671185
-496858
-627142
213911
-400236
-909905
-292674
-181850
-51031
437419
-131958
272774
-716421
110997
526210
-535891
254291
936906
998359
-544746
669738
823190
228974
-317059
-238987
836178
853897
346917
-210004
-634174
-778748
118812
-131032
-405889
-667278
468732
-315793
40049
-713119
633176
-522533
154923
-94050
-238954
-734080
-567840
225155
520211
-630935
223514
975466
-961197
46704
204439
-278256
807717
40616
-424359
154633
830613
-58532
375885
-50576
810437
969997
282147
279168
-345797
-677805
566050
-712622
-200337
-279027
193329
560709
-13106
625489
-214136
-492896
994554
-990622
-517430
-966644
56082
687009
-244899
-136202
-272375
330743
-981569
-441762
-727790
394316
507662
-917354
364313
-210192
361815
-981485
112004
-72135
-694106
911667
648838
499224
472376
-364269
124712
-741761
142836
119266
-732383
625406
152623
323700
312415
907724
-812503
-959961
238467
-794072
-401723
510677
600245
-894061
593324
-35443
-104252
-44862
-16927
-992249
883003
288967
919419
531841
-211810
391794
-832429
912903
650034
310408
32168
917651
-64186
-815209
241350
-751772
-907485
428848
-711733
330982
634777
-113455
-158342
235022
-7515
-565019
-800422
888233
390120
182652
895985
273123
-528382
815404
-195037
259809
207197
-27465
172712
-142770
-717058
-795120
-225119
218756
-610329
-983769
466985
-517814
445079
755253
813168
79856
-358203
-345174
-685123
634283
89808
-485544
522516
-520073
697108
418501
753050
-831274
233904
-441988
428536
-558900
530548
-398753
298331
813491
-193873
-926788
32247
195798
-910557
-500769
677984
534523
-745517
491152
-385622
-103719
-854023
-70745
-469437
235785
443711
-946921
715712
140819
471580
468762
309545
-294517
-973226
-261920
146584
557322
339328
-555085
370812
-854546
-481873
-596942
341252
-392430
-97711
19236
-857908
156773
-489613
-243529
-946947
-343635
685726
-416383
892150
129437
-363304
607862
-729745
-891724
76623
579801
-186241
103397
-682119
960344
-339281
657209
-594742
-968470
802663
-76614
-565411
143915
530956
336879
-836850
673049
-506349
-326462
-570481
-453295
329903
-884755
130323
222053
244682
767019
-170086
514938
875296
906538
94738
-310946
9934
412619
-350602
670653
69827
54657
702184
-127510
978043
-863227
-983596
508999
473652
-820445
182048
967304
-146907
611567
-485992
-817004
726812
644331
405050
-28506
411350
-765037
-513569
286645
-858500
581170
975700
151435
-6212
-374903
-177912
-936385
679755
-475728
-63895
657797
-338955
-47491
166796
-865304
132065
-651157
-898001
985159
960411
-383992
-831846
687223
-739661
573205
-341284
671689
808168
145148
-41666
949669
-273683
-65967
101103
720106
559131
923192
783722
238885
-552537
-280173
-103318
108508
672337
-936523
243205
-195599
-587679
345205
-210441
-627269
961213
-42286
-940047
-778449
-469082
-281330
893241
-660914
863818
-148426
-711246
-409865
785607
389858
-689759
344738
313049
-906038
-416378
760513
-186211
480305
-130980
-513875
543782
-887775
290527
956104
457430
-919915
-671166
418643
37800
-611213
640194
568718
107457
533435
907804
-28725
-614992
-803442
561410
-829385
586416
871652
515353
-100535
965615
-901025
-340023
-220597
579280
528998
265529
123062
641223
-443944
79165
98652
-363859
407999
-482706
673941
796787
-842512
242659
-95757
690923
150463
875519
-924070
347022
436928
-753454
-66563
308579
761899
832903
274193
860874
-507121
-946404
440153
-978124
319126
-436786
663100
875182
642380
-238249
-488677
50378
279046
-814736
-152835
436534
427924
751408
127457
-421614
626926
203388
925409
63854
449934
-141155
-627567
211832
-308252
646627
72705
184627
700224
-487142
206504
19350
76073
-130397
-105468
-281548
631355
405856
768831
-89599
591120
-384005
-653066
19044
-632597
474392
597431
994330
-322221
522839
58184
-872288
-618317
430618
339545
73432
77244
-587751
-741941
-222532
-74892
464563
796818
-998819
-665834
-308650
-280366
965522
-902795
-511536
-124078
688325
104460
222857
-292632
471864
-302752
-695201
466194
375027
827638
-475622
502740
-790679
954996
-157716
282753
32240
254534
540812
809708
-820358
5375
606526
-819177
339542
-702125
-99543
305063
-604920
388922
-819016
-916595
-506618
403842
-209226
965247
-898911
95573
431440
476117
-76790
955818
-21144
132531
910814
821141
-584716
-56947
75674
956096
-247240
255316
-38530
-640714
436140
-698989
-342838
-663404
606075
52243
725519
787060
135648
-781100
190901
926423
