292539
88473
8699
871800
928730
828102
461584
-803405
-926039
224130
647297
373510
-606478
-955798
-769462
-513939
-95323
-214583
611487
-902007
748751
439123
470434
-764671
462226
-744341
-91739
597022
-881540
816502
138285
411000
-95026
-853016
282799
-166296
975086
-255617
30299
-950953
968513
-322405
422557
-637965
-278202
653096
-151903
626476
-561488
-540417
724470
-812737
898707
194903
-577408
360932
450562
330854
-42046
569023
147355
-903762
-19977
-947671
-756777
-737178
-113967
-781691
7205
916332
-732644
-24282
-406073
689914
337753
315725
343009
-814150
-57799
781522
-354566
-333330
968785
-455860
861573
-608623
905073
312134
722231
-136974
-118843
-130415
-40735
861180
-78086
202488
-875999
807948
420798
131206
724279
688154
-893077
-681795
378067
444677
633931
-278925
630527
-423868
-497404
-724040
242802
-528619
-179899
104374
-137242
-274827
-583492
-415012
588200
297665
454574
-452535
158845
-623512
749954
282846
-815565
170751
-585948
908715
-141096
-479025
-773080
-763029
965653
860852
-41954
596179
-563017
460643
872140
679785
932025
-307759
-215842
-205218
417414
200667
379771
5614
-501668
-165655
553079
657177
210834
303032
-59978
395269
-526217
354075
303984
332687
875051
530904
569658
840703
391755
-472296
436882
828738
988348
309022
508522
920373
-998738
-707320
-284846
418677
493348
-905075
-575710
991680
-70730
977370
648856
-859897
280402
-411122
535373
754185
942953
-160644
86872
818003
-629740
-343470
658705
762015
184235
95587
590753
172583
-595392
99275
92955
-594130
391955
808110
824547
-114697
903035
-751163
-123018
-167695
-773794
-474163
-27591
506609
114715
-492219
260794
57668
347138
-652335
-124329
717398
4196
-465625
479413
-811570
629963
70165
361013
-965430
-830561
-546032
-559559
561395
-737923
-735013
-553303
-834889
-486175
323679
-2583
-259969
849517
969826
-753360
-35768
-522393
507434
-978101
824746
855100
-102430
542143
-140705
431946
21556
47726
61908
-908280
-591262
96479
-738840
-137294
536920
822555
124784
801908
-730748
289895
-684268
592931
-712688
55764
442448
-742863
302404
-593321
-265256
-190162
-571421
-440511
-335063
326149
-898368
524233
-241905
123188
-428042
820004
214909
-19304
-83518
476069
843403
-546599
298623
-31813
-744692
567875
-741919
-428959
160806
-454607
626805
-396746
-197469
-70792
9933
537276
739047
438512
-903236
-596017
-235339
-801603
928216
522756
321586
-499827
342759
-463506
480870
-740759
-987438
324273
-287358
311186
-707541
-32049
-120939
-449459
538992
-960133
95935
165797
-356879
898466
-904996
653055
435741
834051
91567
532506
-761966
856228
730904
-833751
378984
52489
-333577
-278258
588983
-852707
-19016
601546
471566
693626
-87269
764025
-338423
791793
-685434
-799431
831660
410501
366366
-525220
308967
461371
-872165
-255292
295422
219402
-722787
533456
75629
-991883
699706
-545387
60606
-633872
176356
-350411
-486579
-842661
-748866
984988
850966
163866
749013
-487458
-44342
-936422
-286888
-212683
474079
-920523
262098
-216955
540849
389933
527753
-163730
-390665
804967
-630275
684965
813085
-930569
-860423
-126309
-564440
315933
523280
-51018
473272
774415
-66031
324237
-61719
-317019
836780
893939
-253441
-450109
-318744
-779362
-370631
943355
3684
-829783
333288
-468563
6487
942623
-663596
376213
627587
-850512
445644
767164
23179
881204
83097
-453542
-169815
-443632
-679127
764155
880606
259154
-552865
717385
153093
193695
-732724
834350
414333
-103355
777704
-581983
66863
110991
-50546
-926651
53614
285858
449563
-318800
435346
-104794
-551636
-541476
-223590
531461
4983
606596
-912171
325856
370750
968435
-414990
817885
685820
738103
11580
953096
572453
-574087
-150259
350156
-156070
916604
-538853
793384
989954
514761
79241
439516
-804039
-485414
-665279
-355675
-26889
111132
-824214
978094
-282273
-736385
303950
-911524
-767950
888961
906362
917870
627064
-82059
870965
199516
343854
-279294
-450328
-812216
-362691
10819
981168
-372738
-474420
60408
-933223
-278459
574995
-598501
365867
-451894
512631
541654
-473800
-769643
805270
830151
-681166
-962681
719111
-774804
955189
346174
143137
826154
-454311
-513009
-453141
95361
-325225
184168
-893820
-344057
811431
-368240
716352
878208
353302
291346
-720293
-280831
839452
792338
-739177
-634348
-977305
-933908
-804198
-658470
-896589
914913
-433274
-941401
261087
709864
884754
806777
-803145
-568388
-97862
-128369
615781
8318
527574
427211
640079
243925
305419
-6619
-464729
585126
712551
-625277
377464
973374
-259625
400160
-960535
-63823
741690
-857123
-148910
-691585
-798524
-887824
-981721
-913771
918954
-784866
-482158
-178909
86765
-866378
829410
-385661
560834
469489
858264
-133748
-537131
-606466
-548622
-824580
-231742
828842
-851207
508633
229001
-811741
-555190
-29309
-668864
295900
279107
-467387
408077
297386
-381157
327030
512521
136685
-851879
-400715
270307
977531
213625
-168859
447019
71888
697393
909889
465423
-851229
-914692
-766320
977613
-765899
742314
206614
-577639
-812876
-822695
-246503
483024
456412
286110
-108899
-246203
904954
-781869
-733683
41638
-633748
-134397
-688055
-656218
-920773
143086
790802
151116
-159521
700690
-383461
-10750
785998
-149780
-33137
-979901
-407467
-826523
-557540
-220342
-649218
195957
-737318
807194
-517933
153783
-439009
-612980
371914
-172691
428659
738167
692913
740604
-918052
772141
-116310
872750
-76744
724169
573439
539796
-286581
359437
-609985
680282
379536
-17451
853759
821996
762207
-795460
17953
-975112
-988266
500021
178672
-427274
887041
-449415
400036
315700
-711249
92948
56304
-629300
-134911
939994
-756550
788346
664163
816890
328141
-622419
176326
718157
-942137
-444139
-299295
911622
-622144
-537088
-883838
395809
-512200
-872103
-104171
666473
-299377
-217130
-782943
-899341
-901430
-494191
193608
154874
-123490
-941304
94868
119960
847042
-240970
-63151
175183
136612
-886825
-106661
194475
-330964
594044
106097
46892
-943044
222259
-557299
-455244
350157
338531
-788772
-949220
-878599
-571714
-848561
-780029
-65904
345047
374846
810607
403744
-530287
-69433
250785
228744
867417
-574032
-634645
980592
319307
559831
-350373
-86649
-334073
696520
-29693
888187
-860779
515064
238344
477752
726293
289124
599154
-845421
440563
819125
88675
-214390
193971
-100718
-810647
663684
829849
440139
-107573
697266
866107
257783
677857
185413
-182387
-672516
-901236
483541
-975996
69071
371728
-836775
-415866
-389929
640978
-689574
899195
240131
-534995
339758
59256
553681
-874633
-746774
-547038
-685280
916911
-717189
754860
-190662
980077
620966
-932880
657934
-193621
-115266
985418
-94857
-631725
-990578
974214
740003
-827353
-441652
-649926
813626
-131226
-750731
53756
333780
589027
-886988
-112539
714395
-633761
340424
-970886
-716850
623235
783975
92488
603312
404940
159609
261245
-788681
-955658
246663
116462
-587382
256085
90676
-847379
428733
649024
-497305
242358
-482202
-248036
-703886
851578
-659010
-590874
-260962
-944615
-224634
-920538
-915500
58516
702697
868475
-848997
306009
273414
310612
-432747
484734
354955
813917
-398805
767573
70002
691871
920194
-501266
340895
-577111
741092
858693
174853
-962794
710271
515844
-553668
-550691
571229
221699
-471229
655729
-719785
-768533
524204
-568782
537476
-202382
741831
-895271
-717649
96786
918647
-116454
-135641
-11352
-424583
-215447
487382
916312
207442
228474
775004
-617705
265680
485275
898140
712013
934584
469369
-66288
-536646
125098
213927
-305178
-350699
645146
-767702
446920
386977
-662972
729271
-516238
-744326
-387184
348122
244323
188234
-867326
-268295
104545
340117
960179
-120451
722413
225859
-635177
620553
-62128
-700594
89922
871584
-237239
-784980
85510
457583
-135678
-269344
689882
-688759
-882368
-973091
-959489
-398605
-717416
-346672
949517
526907
841562
-917809
-741389
-53893
422309
-781210
825656
144721
444650
-809522
-234726
-617479
-510115
855196
-745895
252647
-929785
339616
-289771
-65463
-929729
-599889
245778
-812096
-572979
286290
-210701
-290395
939618
-261185
-763488
781180
-178993
-504876
-272714
-756685
-286086
-447059
388036
-841436
-256580
-846690
-458914
233306
-991495
-204809
-514048
-921279
-865194
196182
13259
-794922
596293
-740964
-607018
-976687
545327
182282
-267081
484944
921098
-30569
266123
-257896
464555
993409
-14581
-821531
-453650
-626545
-662967
289771
-473235
-121881
-476924
-464729
673311
9029
-386008
808118
-794790
627251
-986805
801504
886288
-593822
824818
431614
588461
-442264
-83442
509558
527168
-817320
-748339
-8278
-823911
237081
170192
-277561
610536
507225
-987791
-862699
-614656
-464714
-327428
-941346
544315
286565
866772
749525
-86185
879967
551029
-199898
-713855
375846
-768284
874606
933583
148274
384164
460750
330954
635825
-547528
507044
-127094
622664
-770518
-516558
129889
-758308
-379257
515233
-223021
293316
573887
-678707
-420120
440658
-929182
493695
320625
621847
-706203
606771
-2307
-474486
481376
-68724
673788
-134461
-607975
4742
-498636
-155502
-488215
374271
-532839
-258732
857713
597051
-17039
-521545
112283
759940
771772
-313831
-918767
-648349
-873173
-847949
845347
447452
773899
-860856
54222
-228409
-335342
-464402
702867
-661554
401138
-905108
343188
902503
-60610
854974
276773
406552
-403758
134485
3602
579204
612941
-884116
339143
384712
-197946
420377
736363
-71119
572428
581710
-623667
346326
720854
430555
-882083
-614489
966153
820785
-276042
367291
915677
-932855
269793
-144933
922120
-453435
-738381
-481638
681051
265221
-902435
293991
381106
436709
-321298
-816840
-142915
-584935
112041
-570487
996775
488374
775839
717629
-81071
893757
-896861
-114918
714541
-172903
-747628
630217
-105757
522166
-514716
-183637
-931270
-253097
334725
749782
-987877
432291
43772
393230
-131001
722475
576390
726085
-862460
-311569
-844403
-865685
-823195
931436
851944
95734
825192
955084
980817
539732
-217819
-766812
169949
676424
755354
655233
-507213
824085
-597865
827512
573866
-585741
259802
-382362
807489
-871199
-659887
383879
854886
-522347
-927690
-989518
-388032
-750885
941919
-536088
344850
767110
-581005
325666
306842
201176
558855
-523209
-122400
314208
-867977
370387
138293
-465841
197898
-287841
-51582
-542300
329797
-244093
-413499
669910
-860214
-558613
-852437
-787904
-548131
-240468
-538789
-606213
223444
806062
-839103
642439
131727
467739
-156386
-309419
944530
721214
-995211
-923447
91600
143082
-389288
-710502
855242
559131
-252801
185038
-684963
333701
-145052
-545176
775088
2511
-333080
-773044
762043
128132
-379256
-14513
-65807
-218359
-372075
-934081
-750620
471539
-243499
-806090
192753
-238710
-729537
-715647
904373
-118825
-426149
759614
-559694
321051
-55349
-244657
-345249
799600
210167
-570162
-197889
877088
-343205
-435846
5219
277539
549641
939412
-940821
-822435
-994669
-691440
649105
-238168
-497530
-158143
523123
-227067
126210
427495
654109
700062
187108
-905586
21112
-868241
-150242
675864
931360
-940075
-894299
-266530
937014
-237504
297624
-57768
-959965
-152736
-118356
-900786
24829
-113024
-592226
-326066
648809
-89755
515791
171931
683178
-357999
-400574
337287
-657937
786534
431702
363176
918294
-718541
39039
849653
-658615
144740
-416877
-721602
907237
880747
220631
947272
-271990
-897725
-953514
752840
-10749
-545739
-573227
-361940
364506
942565
809991
47684
-415434
-590584
-615030
-73371
-804050
816672
-710196
-885756
-901869
328844
963898
-560483
-526417
-452980
-282085
-619180
-572234
938547
-671909
155777
-959179
-625423
-91383
30073
-171161
335390
668133
-806656
277955
478124
241028
862521
887541
625999
-210851
-916509
442670
78954
-802264
540802
-592203
-838367
980319
-118619
-291346
-301767
262201
136421
-363220
590293
-707803
-322399
964871
200814
707675
-206291
-463796
375808
-12946
814159
-146069
-771919
676680
-258528
854080
-534171
-175037
296750
544783
22700
-162449
952581
184333
-182131
-166038
892987
516103
-903838
29407
-847118
686456
321605
-169516
651327
-477581
-461841
-554965
58624
913967
432090
-127217
-232102
660171
-450538
509370
514251
15291
-665667
-188999
-439927
357034
648553
-487346
-458634
-533579
346616
-565647
982525
442779
463761
-864594
129235
-214634
-34109
-219439
307785
504050
225596
-633592
418017
-342315
239191
-814086
-682144
788654
695285
832108
-196056
-970382
-356891
364018
386652
-708339
876672
928019
-241917
223288
-637629
-259393
-333934
826133
-123987
795301
-388502
841905
-424139
919284
345954
801458
-714309
-236029
-540857
524883
-50115
-223000
313537
-354830
-390892
-882520
-325212
252217
481499
-938560
543878
358170
989459
-698040
-418543
-648170
42568
247524
-822038
918582
42825
-210539
760486
618687
-291256
106440
420144
-5564
870411
879288
-480681
-179704
-343713
832856
465466
265395
950336
-859746
-482388
431834
-798306
-938510
-209996
-808848
-636549
371462
-457017
406019
-381014
-279055
324600
661811
510407
85085
280497
-780850
-808475
-299359
213586
-938065
-420072
732906
-117769
236216
565761
-652304
-498389
516097
-512049
19223
-52069
-310355
80714
737936
-119202
444165
109397
423781
-149817
728384
-855274
-825217
390194
655133
259868
-329309
874284
451394
371332
87870
513329
951261
-179225
-604440
187477
-613465
-256743
689088
902632
231208
-291689
-149437
920853
789025
-411502
-198349
233190
697895
-774569
-916628
426279
-629842
-741845
-183528
-974709
518024
487164
899575
-30583
-141504
-12556
-517254
-190243
808219
-121694
997234
-805246
621564
686321
-902614
-147229
-605368
-52051
-226376
-816344
536447
575275
416846
234342
800707
500219
-339380
-829136
758375
477093
-803844
276399
-35743
-904270
-754184
822753
83175
-271438
-367491
-108606
606869
-370258
86149
228432
-683937
183535
-918797
-289305
-868517
-145173
-105648
667931
-569899
-688802
-97727
-769193
811417
562893
-598328
569792
39986
-402172
-153809
-995758
-306441
92007
826995
776735
820570
-540496
-331871
427439
89247
754278
-344130
405310
-62188
-262927
-883995
69296
591901
10357
-262774
-977999
321555
639499
-747191
132972
202392
-345518
-297236
-757622
252311
548955
-753380
945871
-359039
-926385
722605
-538469
-466880
-609266
888970
622367
-854989
-455161
27676
82824
281913
143681
-847881
-126186
-845963
-110654
-104185
475593
-471155
148625
-391435
731237
803107
311329
973615
55417
-139717
-779765
1287
501245
-706149
-276108
962776
-173029
114626
851745
-550663
259637
-603416
477013
-657540
678498
-379306
-505420
-447689
-225268
383926
448127
-749676
912771
-403249
-141110
644008
-600143
-829782
617623
455275
30502
837858
-543438
-468254
-868292
180454
-505479
-41321
-704920
-653734
408016
554718
-257150
-114971
897179
-578653
505723
-608242
-26341
-719545
775684
-578215
-469221
688455
18536
389670
332462
418394
559888
-49915
-126332
-409611
-212058
330231
122135
-80349
-489316
616657
878330
-194235
962923
286346
-639518
-294227
-828626
-742340
127121
677098
-350582
-899221
957553
-574898
-477436
-511668
-886443
541101
878002
446020
-40506
437890
-603896
833163
-971722
184047
163393
150414
-896303
674078
-232929
982027
-520158
-270007
268373
-159675
435767
439748
97985
-437113
116845
747404
-336334
74398
-827494
186231
562731
-713937
-272668
440733
732084
686826
-121378
-871813
519989
-93099
312234
-316618
-942685
415931
-642541
-175614
397958
-162698
554380
-333670
677627
-9854
-893923
-224388
553033
222923
-476985
-783301
-702679
-304479
402931
860053
-18415
-869738
300785
-286332
817089
-820594
-158145
337077
86308
-845911
-979542
143623
570021
-622082
968009
-32022
215221
522388
634309
-107153
-487466
740387
668460
-934434
-36690
-808526
-717734
260631
-113004
685197
120684
868581
815459
-578532
-417752
632547
-399125
424104
-30376
687183
578194
-9918
-169195
148214
368001
-201186
-883809
-416779
-678799
750501
476069
-166264
490887
144528
-100698
-545804
336003
181569
714828
-777002
-133235
-164489
-908421
-317777
256980
-326173
-685230
857855
-902069
284394
545038
676126
-725524
-624158
-175661
642477
174657
-59469
-774302
495859
-308969
701768
-670406
-818082
-153704
228897
-363885
-817702
-589535
-649057
-594703
277230
186454
-503124
959454
-556566
170704
-725777
-698712
268635
558618
846326
-55240
833094
-777832
769100
475571
396826
-290370
701270
-107316
400662
403038
222278
582581
-750667
-548826
-781305
-568369
-138361
-430362
-163072
-861131
756093
333805
-901678
-800474
-495492
-627454
-499185
773144
931165
-652859
-282096
764259
-430690
-512997
239830
966136
196634
-58901
-141181
-402704
-655863
-918903
-820124
-406530
-467728
-601429
25102
393912
-31791
862031
532781
-275698
195835
631104
-76172
700343
-996350
424644
473486
934815
771785
-808610
699073
-658906
-321607
-61097
-692771
875028
880003
166049
-527677
-775861
247146
-347801
-182391
779419
50770
842712
173330
-981021
704742
-293890
-256718
-99423
-662787
667110
-399080
-659136
91753
-925594
-724322
-136462
-734204
974752
204632
-55811
-86346
511861
-180783
-206344
-322090
291540
17795
925057
943739
835405
704475
-5491
678116
-122196
13489
382858
583915
756771
-716565
921128
423881
-115645
-738008
-484366
-41239
-462330
379172
224558
-487579
-416197
-831253
426076
-904336
-12036
-780269
-226426
-720497
237527
-301370
-776759
72931
-596896
217751
-248953
280909
-768761
-866095
-135177
988010
-582660
-214049
411890
301695
47943
927524
-739544
585613
306696
485014
-901966
890499
653761
524111
986164
-358276
743842
-240262
-78772
-18632
458368
144469
-945701
861473
-637781
-194654
142381
-406542
-60748
-992796
-418532
356592
-206845
993359
-341714
841098
920882
-81257
426711
227578
-596243
524746
118076
-942483
48856
104240
-300758
-207302
863978
620470
774067
322346
-235061
828366
183818
127159
-366288
-673801
720618
572964
-666597
-697915
-70444
126559
-704557
587843
-32344
-783675
-493415
-605633
443903
-89658
919113
-438021
-32140
-32031
666219
667102
760667
530196
287572
534733
-147458
-947490
363099
-963641
179669
996812
-637441
-99714
569776
-304037
202372
-500669
822522
497815
-912827
-209822
714141
-406241
184545
158043
504101
103658
720023
-528039
-928374
386241
-860937
832294
-83563
426635
367026
768979
479146
-269875
805339
-341186
-273064
-832102
559101
-703288
-136139
-238528
-203957
-313618
-740713
-116783
476561
973428
476976
-338895
131471
-18923
764763
-148507
453039
836390
-762266
592102
668683
154171
18737
35709
-76850
-502118
765834
-271512
156697
-507230
-103614
-284203
-210518
760248
477270
585526
-553370
736558
-531257
923191
709985
945720
-415705
-158545
-73203
-650942
692949
-620165
-814553
930683
971937
854131
84853
-9327
-110161
-991997
488556
-344327
-263508
-354748
148443
632879
361050
937926
393126
-161681
523452
839756
-425123
992195
762946
-715139
937915
-652759
126317
-135289
-303700
-180735
244546
-118253
-250053
216483
-264122
834801
-792844
625717
842805
695712
-718611
-420704
-659037
429833
-787826
702014
367758
605301
-459667
-108790
445056
115210
-116596
208002
400071
-178682
555244
-473612
686030
-748457
345653
-69425
133291
-904400
-852943
869169
930402
-645786
494886
773206
-950075
776275
-647499
-609111
206107
-435324
-907098
-426135
-830024
-366765
465075
615033
748445
-651522
-176965
148516
169797
-621721
674904
-144174
-370178
20557
786402
763114
116158
933460
632282
46559
-712327
127167
-180235
-662402
-96558
172266
-271513
-890452
736943
-178610
-316587
906920
454625
-851513
521952
203070
-503034
-655013
-648415
666764
-276734
-973512
-477410
353089
47046
-691009
116202
-836797
-757550
-251516
209762
-469876
875652
-970474
-132278
-220907
201793
596210
-111358
-61264
-582401
572055
-154345
872225
720543
-632393
75294
-782491
-287406
426880
884274
435860
453368
-593137
-211051
-499587
-284145
905151
-336384
-41694
-346366
873379
488430
-470714
902905
-643848
308379
104698
952362
-802980
-956567
-630039
769076
-110912
-757814
489619
256695
317480
707128
969290
-255641
591401
405150
-802273
998265
-805902
-301859
-285881
-900752
361758
672425
-247117
235136
160855
282169
138041
517007
-409452
-757261
469369
-212432
-713828
839330
-443356
175261
-918484
-953738
-568045
398997
753391
-598755
-856644
344792
806395
-658917
343056
-999508
39225
-942826
-900259
-599018
729600
-147375
636119
-109546
-865206
-225840
-592540
-274658
16899
876829
512911
303071
716159
-930445
-521668
797675
-884183
-89713
196671
869208
311533
340027
214000
117927
681111
-442945
118420
-279664
-385771
218162
121318
-656171
-929214
-242563
234283
-794419
531597
641743
-69076
-451505
518572
-556166
851567
234731
-486611
-670102
32406
-370793
240186
-770924
-501585
-448282
569104
712415
669646
250215
-730531
-211935
970551
-116301
-993773
91869
227528
-922987
849307
-538189
-717405
380903
-896446
213519
929399
622126
657354
780965
-143143
-829257
-889137
889263
-200050
351049
-881661
298366
902768
687443
10781
572414
-62342
280250
-639522
-91791
-836051
-633295
-999922
391478
-556281
849385
853289
-273685
230287
956844
939834
159686
578969
597187
-59349
-564174
767931
51514
-674912
-432120
-597437
-556573
866247
-694669
-869130
-122973
877745
68528
-842723
-761777
976738
-678773
-395071
976816
712705
48649
826200
565994
774964
56487
522837
714798
-783828
101806
311984
156824
537632
79914
-791662
862720
647795
-389099
-693853
514042
-83767
-562983
-608932
-206023
505546
-451655
32201
482283
-130428
637130
459099
-417723
-314222
285298
-851730
-539258
-658215
671108
-824461
-442043
-227087
487524
714782
-689455
-432562
923120
-826735
-784767
-465980
-520588
729275
450254
-83570
-879658
-755770
-578025
-331312
276431
904259
538261
-86439
363357
-879462
599340
-351345
-731191
-939919
-9560
939917
-764380
548398
-287170
723145
263179
23375
-709418
186298
196640
-494185
720319
676053
-764911
170572
-407518
-644568
414803
14458
24121
-308766
-81283
-437618
604795
-717927
-317080
204134
-69272
-48270
264216
921169
-108354
499837
469566
604477
222981
-267256
-372149
513563
919042
824492
-980622
639361
500544
-745532
-190068
-906974
-390099
-775266
107484
634022
-84032
-973800
-803596
-479237
-691726
-120676
724898
239003
831054
-10887
160171
-277300
-511051
-370264
-672824
711931
362481
-44972
225493
281523
-220481
244872
-79117
-719937
499340
730815
-626911
-890760
955550
480574
743263
-128482
506774
939667
392281
815049
-181009
117178
54051
-349955
-893709
-785779
372746
-404760
-156042
699922
-692829
-793562
-345050
532665
487961
434470
-222464
-591156
714533
-723124
-860342
-912378
-613884
-904792
568196
-870621
-33274
74970
-930955
-640993
-109982
-111963
476185
944070
538082
582476
-841710
-89172
-822284
2248
-389251
-515113
208687
265700
-982449
-303352
-299831
-204912
105492
-585298
71964
245151
-497675
458081
340359
-929479
587460
-692915
145492
656506
-333908
-964491
-455457
-857724
979579
-917376
724753
-862131
-6548
902470
140118
604202
-612643
-651196
-130098
-595091
45453
570072
199997
-849056
984775
-728040
396095
-512901
730042
-263546
-442380
317501
43539
703113
-25993
709631
738623
518550
851908
718202
601175
576661
856071
-405373
479131
-3811
-801171
866488
344994
68731
-728604
-609554
-361197
471393
-458610
-376423
743354
937486
110676
473395
-326061
668297
-209104
717479
371409
764904
427109
110032
283453
279017
-171767
-115372
-144322
-315697
479255
-665192
680493
678084
-798705
25486
-253185
-527308
415932
385618
944086
957322
-990806
687439
894807
119871
160834
-431254
-211832
951731
-713776
-840423
716634
713334
269609
86
-7650
-902159
884714
848029
-217855
363969
-817164
-537363
42053
-615868
488123
788869
-143176
-95946
174486
-199091
-138624
183681
-511652
-243818
-696448
649182
324928
91720
600912
611153
251298
317546
324486
-479094
-682369
-683165
-381253
-797655
-835137
400892
566315
-652300
863530
-391633
-268168
351652
-602765
588656
-744294
571722
-610436
117082
-244597
-122088
873265
58956
-472906
198193
-849324
-871994
-190655
401974
445552
-866170
922880
763184
-549334
-458373
965530
-384470
942520
531844
-36770
806049
-859790
695063
157701
-462555
283718
413407
-890833
673283
-469511
-135430
-448805
-596247
923527
78290
601946
-925798
206296
-588710
476176
-348153
-454879
399056
-584969
-4213
940683
-619440
611318
883202
912404
-425453
689251
-947387
-730391
-153049
-409941
553328
-739642
-300773
226611
-209153
563798
777806
194600
487324
-143905
-203454
561526
-937609
207837
37701
-285761
752958
-563243
129270
-251255
-622561
509830
-639938
-739359
422234
-65391
949892
474848
204219
-203157
-935094
-242453
57202
-235866
984159
848049
-672069
761964
42649
815255
-381941
839195
376780
-319549
47031
-585519
394690
-200012
-148762
-476040
548733
228678
-966211
908796
489319
456024
-156595
439211
-69129
-952376
-763946
-4222
-194829
293256
759912
-210671
141304
-912158
-448707
-816047
903097
169353
-976853
279877
849804
70178
694358
244494
870167
-454404
768454
418900
774274
802244
327695
263593
258267
-828901
-297197
-810863
-781277
-61142
184916
23895
-767887
-55173
813225
373418
32669
-635482
557371
-64234
533871
580518
-784358
383675
-349304
910001
-371831
-479137
-544403
-603378
939764
-770130
-801134
267459
493464
457133
438558
-803734
646271
657282
135124
-168814
-318823
367238
776014
-505599
-259345
-191318
-141080
-701974
744449
-607209
878544
960091
776467
-470760
870092
-595365
50104
-674312
-198742
-10133
-444441
124
-742675
-950978
-542743
695884
-754711
-896472
353166
380414
-65285
-965658
-252349
-289272
-471256
488307
519411
387664
786333
263859
780456
664877
223950
556922
-805884
94042
961557
244221
419730
-237185
-765913
975290
762939
-508588
-975689
-779804
-812704
-730399
-676276
540462
650015
258440
574804
-602334
969168
-896452
885974
488579
491213
672306
-247563
271668
337183
976388
-171411
531300
70429
-209854
-224480
-509842
552961
9607
-534552
315899
501020
-510240
536096
688316
-240639
859821
228777
-590624
118260
-196419
-192958
87428
-92871
-306985
-423994
-601658
-634679
328443
670010
702504
304830
-501401
233803
-624741
288745
-990677
-134582
-158295
18930
330866
-842396
-480051
820626
693700
-791736
-420014
553520
437042
-10637
-328220
-759378
796405
759208
147752
-510580
-664787
546094
-145258
663657
216104
-442754
-31513
714703
791049
343746
3447
800373
-790837
845152
-180698
540029
-997244
339252
360655
696456
547516
940642
249976
-15442
-69996
921757
225180
-273591
680964
-627069
215829
-983823
919026
-929430
679835
135129
-372183
-351679
-150169
-581134
992068
853278
-780762
-798770
698430
38540
741260
701186
-622209
101915
397642
925308
42556
-352382
-90135
972560
-430626
-864955
-301032
-749662
-492023
914798
-733485
-572998
985369
946350
562132
-386815
-405329
-588038
32051
-413262
-734760
251289
-212031
963671
-710171
-470771
664856
-332380
631144
62498
-407072
-326301
710116
502794
-353741
-720511
637840
345227
-470173
-854184
260025
-203657
-427181
245393
-257307
-865049
858578
337364
-453087
