707816
518460
43751
-554119
-787671
-740489
-153858
599338
350873
-915460
-489399
-512257
820010
65816
311856
-168998
337210
-945682
-98790
-83877
888253
26955
47012
-163355
-221279
238331
-487711
282426
-587561
-855750
-734917
-879746
662711
308834
-433864
875040
568346
412278
474377
-80781
496819
984979
406962
316829
50795
-281182
-852170
-611995
-226864
49041
304128
-338612
-924005
-648861
498034
-145284
589471
-989678
-862858
-998090
-845427
-597774
-877836
817284
711060
-311699
692324
279406
-899422
166700
-801376
597397
151679
605587
-85774
-797526
-675595
62056
-409521
97541
-888903
894607
758930
-812908
-754254
256963
41809
835217
267285
178952
837127
421859
581178
959292
239143
292238
-352408
-68534
-428357
-251829
-901834
-229732
-654432
249845
-624145
259794
452319
-299740
-678150
-957202
797801
-567053
937405
556731
-379960
-816850
-186307
661850
-981633
-919022
-159199
855495
502837
-578022
814786
-258021
714216
-537622
673446
-714141
210550
771612
56128
556118
21456
431984
-184088
-526225
-867757
137763
-483426
930045
570711
-546022
486775
-809250
-362871
-699532
852600
-344503
-618554
-306599
-489009
884284
115380
-674223
-373737
-170404
-211845
-700292
115456
998706
-928681
-828417
554824
92776
603567
-629264
566552
735811
508499
-916875
665855
79209
-462896
152630
269960
174234
453098
122560
829731
834545
815961
-659279
718829
-68660
-333502
-654909
760936
454654
-355200
-123609
453360
-283880
47975
8183
808896
-348458
378919
375448
-612647
-112583
458574
-946793
966627
995678
205838
236586
169911
-341064
-640854
-358
-506520
-824893
340363
-787692
106447
-993139
-442600
-132617
461516
202200
743775
-85125
918320
-208250
923059
727216
443293
301977
102663
830646
-810606
-438764
883854
-843979
-443086
89691
392608
726826
748627
751754
-273533
-757893
926861
-933170
-545584
33308
-926308
11816
900692
535208
-785985
644466
-549917
-867665
-563784
-626859
859551
879509
675118
-37786
710154
864513
523451
594007
-979467
-919636
-316302
413141
807191
-567676
164894
-466343
-325568
91755
-399512
128848
-874938
-325820
-859337
-974247
-790612
-645321
670220
-340528
-512986
-893565
32613
-653435
985945
-292269
308780
696098
-427757
-167770
290105
-407223
-87405
973803
-994083
-280214
-593873
170812
253443
80559
-737434
853932
-790594
-612372
-471889
-649930
-586618
-262500
-295250
-916399
396972
191764
-809963
-570415
538330
-824019
137316
-152890
872080
709560
679341
162184
-697664
-408064
135987
-691746
311722
542114
479066
-434835
-377327
741633
-580904
-167920
-870740
-52792
182150
-457357
684709
886900
-373756
81680
78664
-183718
511265
-383006
-7736
-351419
464104
-135657
-641859
143445
-973473
-339523
735381
162514
-31268
47102
-295372
-552203
612268
327301
-810570
-968637
-840620
-681310
-21428
341531
-138666
-336720
228431
487579
744961
-692905
-696140
256226
-75910
296124
904807
-611806
-839533
-737053
531639
-813006
-76575
267019
349508
892158
-685879
-945865
-660046
926389
381437
-470615
957753
540817
-151925
-63676
-117652
709410
599604
-889221
196988
344564
-582126
500849
-399210
341964
-203028
-494404
730159
-42560
-231456
261797
144434
691970
-471184
-506058
584127
-157063
-451922
924082
-230674
929515
-546534
-272922
470332
301542
663403
-647321
10951
263007
-536542
-792061
-392429
-118667
708788
208361
-776703
-494240
713957
953456
463200
-517499
215252
-392366
-825530
744069
101576
758598
-412995
649654
682679
356332
579168
-863856
-916590
49499
437687
746813
402179
-551363
9819
865638
-343423
617390
-253029
-634636
-174250
-29732
-128876
-460293
-76276
-665676
22208
-861024
-58042
196679
883045
-956467
-44724
-529950
693188
-362045
826382
272355
-225900
909793
-678146
-788214
656605
724033
-339576
-333577
589671
317001
-716187
-663359
682365
109563
306909
-446511
649271
-769367
-112186
-328521
-630391
829772
868158
-747346
873306
-176566
-277296
566493
461389
-450914
-161152
-764512
-541122
160702
-552726
-884518
-115266
107698
-218094
-525596
-575301
65720
-188954
-892936
-824717
-882045
-339446
824554
-651412
548368
-503968
-281803
378140
-635811
-29149
251445
187623
693556
-182062
-350988
-757359
656786
-115500
-298480
-182513
331775
-182997
702222
-560528
598909
-823374
-135828
-335372
-12328
-28764
-160088
105628
631790
-335535
454216
180158
160497
-827587
-441703
524687
143265
809743
-287690
-163180
-372320
361322
79462
-715534
-754178
780982
101954
577597
-402016
-195824
-982931
-803107
-19197
-118759
-138478
968476
852477
701434
74103
484267
-634101
-471682
-335576
526397
-299268
222721
51084
843997
32464
763394
-319183
660145
124716
760279
944611
370539
541261
46565
-51865
-860755
850741
-34796
-663862
-168456
846446
197661
-199981
698923
-100905
874123
183189
264994
-597560
847613
-208609
103172
70334
842475
-52831
-897203
605869
627986
762943
-269416
388264
707553
-898877
-70475
-245882
49258
68770
-395141
-985538
404909
436403
860909
-397430
-763578
559831
501665
-889456
-256981
-233341
-487015
-409368
558050
616157
660967
400524
-436674
763765
6392
-808689
526707
736977
579575
234260
838100
-490900
988378
-112642
577870
-406764
-98179
-17222
-970361
-237271
585348
-733939
-677441
87013
-623395
65579
853672
-110409
656212
411722
-494253
317178
-187754
69074
80942
818638
260385
-392351
555615
-160040
841909
393715
349060
830286
-718928
-73071
-576478
182894
909708
-546839
945623
495056
-280778
-731818
-417931
95828
333761
-564259
985419
-10028
847463
-508834
-692850
-340292
560240
388093
-521654
-179376
995742
-966040
660585
837650
427675
9644
667935
708748
936573
-908544
-108359
846281
-455382
-162736
341336
263840
105446
923405
-640332
-560793
-640855
-654913
429180
-793392
-163746
736331
-133684
-603506
124423
344663
217119
120164
378623
-122297
-42187
-193702
887347
-374252
-484954
823920
-282795
406688
670200
261823
-756048
11536
-474337
349398
-65059
-114669
788606
294086
230419
217786
500695
-933328
-45884
-632989
-536833
-921462
711674
680286
198702
90297
-442012
-843485
896596
-554665
-217737
-588359
-730746
499468
818330
939454
-238710
-937719
-49010
286954
411680
885931
-827715
200285
180017
402704
-581929
-319289
469377
372187
47722
932544
450726
-240604
612830
-350572
849693
-829183
-194057
746288
-383847
588207
-842071
-114593
87675
976259
-175139
848966
-961461
775851
135919
450219
661782
308204
-349496
-158202
-289093
68575
522510
-819716
-559238
-429768
-887172
891488
329628
725658
-459085
179321
896476
346859
-74391
-487372
-64934
83538
398036
-977260
59797
-777104
871706
98336
998748
7624
-451445
660529
-684172
199060
-497673
26736
-732365
-975163
207020
-291602
-404931
319849
-400115
924698
45506
140801
104018
-58019
-512340
-970374
454610
422726
113165
-147355
445466
-827039
75542
317172
271298
74289
-675204
819853
-265182
-359376
18913
237146
667361
286549
261983
-125620
994947
857053
-805772
-405169
781750
239735
735633
-114232
-818284
-776708
-84606
636326
646019
-971442
-511029
91485
-798480
564513
-591343
472818
-361198
-266547
292671
373621
374078
-688417
-389234
41438
598132
872750
915819
593078
729802
-889953
-812091
511551
349783
923543
-602681
531499
-853165
312713
167825
792854
341272
656796
-115661
542792
221309
292996
15609
860112
-973552
-691720
233732
400527
-380137
844499
-558035
-782005
717248
-642217
811074
447050
-532169
998984
-41399
817614
922526
355920
349112
-930640
-331368
-483063
862215
-990096
-826268
-253447
552697
395042
-960452
-431694
255153
-934003
-123414
-511115
466525
496450
-666617
908490
714445
-949369
-733728
525519
497681
-265896
524502
-543719
-448283
447027
812201
900830
516388
-519167
-582234
378602
-509262
-408501
-874846
-956566
986542
-835297
-388260
241694
-769299
488326
730579
697226
-15225
-936038
605716
-300780
-885407
871989
-775262
612274
-393908
749241
-931445
157810
196267
880757
58639
-287345
-638410
476406
-908744
-147672
-932096
-783589
-104237
-945554
-618885
507503
296140
-388184
-4171
26719
-690958
980605
90682
914758
-320175
205275
786747
-95436
-182451
-607162
-346196
-113895
550648
850072
-233139
-390714
-437274
128451
-914308
-346018
980780
-846403
-129606
-123458
-791957
251509
-615955
504184
863326
379875
-469097
-827632
360480
621585
-912874
-959696
-173140
873873
-55132
644409
-733289
598673
-469487
817359
448744
297375
-573355
-988531
-574174
-487663
-334548
-593394
-334065
535847
283149
-126022
-212644
667194
-621839
-349318
47069
-90935
-176950
-592451
-469351
-89823
-552147
357510
-215951
392722
1918
50760
-8605
532432
-131881
-559862
-170193
294765
-548392
255633
807102
117061
662239
-526963
-347092
-54612
347015
440264
-387419
725177
-909055
659651
-365759
-86005
-932801
164891
824173
-484947
-477600
-391778
907776
524319
658983
-100830
56751
-472899
339309
886558
821866
790918
142191
628968
-92022
-195570
-897996
560886
749818
449020
1150
-637601
174196
92095
-977950
808438
-993910
-910750
-26672
830263
-395697
495729
-561516
-487921
20047
-902534
411249
-923203
-375432
-249442
963356
-553566
-458525
105547
-924598
449454
909978
-822594
10340
659795
626427
-988511
-977806
-199378
103584
-955756
-390940
109675
-866505
582388
-60063
-262202
78117
378422
249878
-901837
475889
-338874
-825039
-899543
411684
-861683
-453109
953160
243864
-377707
402613
153842
-200300
-587048
-186363
-573873
-575559
-164169
226750
528026
-119924
835810
-362300
13571
418198
577638
751370
-503686
-43941
1247
-405523
-568052
662374
-230561
-467595
74058
-92244
79297
27217
-848380
701590
-570170
305462
-498710
-157218
-880902
-72582
267224
-45070
-845833
-204751
835007
989977
432949
-151423
408174
10586
-400053
904488
966646
601195
-501035
-601407
263568
268404
-69001
-662375
-823840
-989705
364843
-672220
711886
794673
633243
-786824
-362545
752342
140594
904679
-292729
294761
-300072
-457723
284737
-867123
390855
-307090
143464
990802
-402602
110109
591996
96363
508703
-144436
-635234
-560299
193190
-459074
-550004
-441968
-131293
-838118
-647295
-498050
-624942
-9840
-745709
515652
-105161
-38438
-189588
594768
503840
-904851
727645
-105306
-211940
-128892
-114504
385458
981218
-522508
-518180
489920
333056
-153413
929622
-473755
387514
-620382
84278
-743779
-458500
436983
-241829
-83442
-572857
12462
-567790
321983
974025
242622
-83250
477864
337771
-355606
-627442
-874169
515503
258055
511289
496720
735547
993110
-13360
68602
-160303
-83738
594848
-772789
295880
-320875
-516568
837381
-883892
241604
-246061
-456749
-745934
186149
865235
-771910
-571230
-218016
705955
766542
426379
-921487
892373
-58119
336568
403662
-561399
72115
396772
425242
-859283
-763531
-658497
735565
-536320
637384
-585310
-52887
474764
-469201
-811284
-771298
74050
-557217
414851
-60715
-329127
843622
721269
-623172
610164
147647
-544658
502537
-910472
791911
-93802
-471870
-135975
-697030
953372
4742
-460561
-705126
-259693
3120
932259
154998
950233
407022
685797
-861051
635725
-240153
-418268
50576
699132
252606
-105803
420400
629434
-495640
-431953
-915224
-993104
-342424
876687
-86905
185706
-259289
216065
139077
745454
755505
433952
-514239
-241376
366210
640759
-291144
-226768
326555
-152195
-591044
-913599
429537
459532
785533
-317858
-646271
205933
-688424
-141911
773981
-603647
-135014
-568443
-726961
778081
617263
13751
-5854
-243660
-240796
-250349
-809708
244966
508275
556503
-114276
-782869
-670266
-787722
64937
-261309
-701321
-505526
-801777
-915788
176617
-448048
290145
488193
410042
64126
884546
-724972
495683
-842415
-946891
112945
171336
47255
869286
930541
796906
-940423
175506
305181
616081
-938771
522312
945815
-726492
-412752
-315494
-427812
81722
-117271
-343600
-741662
434682
946546
746532
-155277
10671
631078
119752
-493647
788664
172861
619299
-40000
-779885
488584
-109460
-982979
548162
-933954
322203
164242
-872724
-155486
110057
-599216
431763
794563
-27027
-486515
-322708
629373
-228176
-888027
575918
-481645
-43303
-413412
-850567
-923552
92942
938097
249310
-287760
-101904
469425
-799176
788637
486447
748987
854684
-191351
-86771
981961
653164
-976714
-617255
84927
817850
355718
598412
-504859
-14910
-629765
-392885
-438992
-111409
563813
147597
38025
640262
-759462
-23878
-110429
-47221
874219
-641004
153604
662856
845444
-97409
517539
-345907
815821
499499
-692744
839107
882244
392183
656957
237961
-9405
-847902
-776949
360830
-240787
-215941
-750579
-676974
931656
287447
963289
-827806
-736432
-147141
124974
-862214
211856
-721422
800642
57299
181169
318181
711392
-3011
-182320
-981352
-163904
-300077
410832
-506948
937885
-598574
-354850
-839065
762257
404364
-55005
-988322
727391
-123349
299125
690679
48846
562693
-456463
-826181
700480
755394
-547603
501122
-187307
633566
-180698
-475915
-369445
636982
-457267
466652
-663095
953566
959705
-725210
-645008
-395145
-564275
-882751
-990781
380721
-871073
736610
-742628
428053
427288
306218
-9254
970826
480037
-308775
726219
932434
-807654
-461088
566000
11649
62997
-803445
-351369
605730
663208
-14464
559296
622913
260326
914288
-772233
696052
-968464
-763013
76773
-839536
973597
334145
588517
400885
-359638
-420738
371711
-879602
270488
97930
-947168
462835
636842
618833
-525517
-300162
815389
123115
-694432
478596
-891349
864864
101509
368977
779151
329277
65029
810687
566264
-858198
971152
539861
475947
559668
-59255
-883691
-861071
-687545
-763292
409418
410385
-710460
-127748
47227
908374
346736
747065
723763
-530150
-947368
202358
-421499
917496
-696133
947479
696646
633144
12507
507333
199407
154310
478484
-260733
-369744
38152
680013
-253435
177082
992468
-16727
-413501
402853
272814
458751
-549921
181188
-194514
-802856
-95050
275336
-750224
-892692
853838
-832729
-588825
801316
863918
-955682
-186177
371251
243726
968133
-150265
982993
-401611
887887
663005
344954
64968
655473
-671773
651468
58326
601042
110218
508406
-217771
915705
705550
687180
191041
955326
794488
44878
-877403
-794337
-153806
986515
-750019
660017
357766
493707
628149
-792500
476700
-773463
-904614
139705
571492
160355
-204822
899720
-188178
853504
500761
922041
361910
-717010
837745
67459
970170
28786
22785
764658
-926337
145382
970321
-80143
131897
-779698
-420126
-510337
714010
-791978
-302837
190709
-565440
-207450
-669586
-993948
952905
125592
905773
-235273
-20904
406533
-313233
-658995
689524
-475488
408465
659694
553298
-568750
424351
626962
576633
394672
-453182
-291470
614974
126693
198193
328983
334715
895356
-480308
769276
-312095
-149894
775329
-359190
975699
681101
405538
-45205
87634
-907695
295801
-222842
-383183
-295735
-563149
-829885
135516
861203
797077
-287852
255874
-656105
420678
-129152
470588
-381130
-800169
-194697
-485774
-280477
-425421
202132
569630
-650093
842943
545329
-968992
248480
-499877
118643
340785
795925
895801
957603
-499810
-667348
-872283
635706
-806146
924795
-652147
449729
-731311
768532
-679423
739278
-612598
-479592
-455419
-98372
239932
119160
-896241
-190438
469068
946702
-645110
500076
195181
-144986
-381281
-464034
-349062
-485481
-506432
151128
-152829
-378714
-213166
41026
-453920
134688
-509245
-185231
-96781
-188668
-445953
290621
331740
98628
-807751
-428329
-782213
-703992
381234
686856
-757290
736125
186932
437892
-408862
805651
973858
242077
-679831
-532574
-606795
167341
88712
180039
-791633
634792
-685273
-300878
-550439
217946
510454
3608
-491433
-157806
-897764
-299184
413866
-679976
-3176
-204901
-993121
239535
-468777
193811
-322574
122362
-539
-348716
-635562
319631
118710
-242356
-513028
-792579
937684
-304661
842214
-747590
394461
-708226
470356
-95085
295383
978924
747109
397619
-320261
160975
717643
676564
956074
724522
-83902
-512704
-81667
593525
609659
917794
-755192
974097
237424
363518
-268260
724396
570940
-330576
-580265
413153
-78166
814197
704928
-607810
-280889
310
-628887
-533780
-602071
50852
627195
-884428
-272585
583269
840095
643514
-929435
-241573
237038
680224
-323780
481846
654321
913645
-154636
-613939
638041
-583697
55485
-942225
829457
977319
871972
534384
-630492
-408917
-465306
-259379
57304
-67376
791474
-315501
48196
-481112
-732233
-111710
-837598
-661668
646717
399440
-981444
-677063
-118715
672877
-763418
726649
-941063
874623
-857048
114422
932399
972409
91741
804371
506793
461249
-604547
-958513
-798130
452757
-25889
993344
-862745
-977694
-487768
-594977
-89403
-325366
-256644
-442686
-925927
-238088
-119748
-44641
-565211
116834
-317992
-506274
-8543
-175039
608149
-76145
-202630
-300110
-271775
-695838
-838861
123679
-654351
-636991
-423564
319761
-643647
-286309
342068
-131414
118715
-747336
543220
862071
-190021
617294
-376017
690231
-427347
58772
-192936
254662
552499
798521
-920378
160648
-277624
-123008
860538
450602
181154
-978323
-425720
526804
-615314
150716
-153435
-258960
864408
-811368
609626
-16878
-558703
152846
-154807
251276
-229860
469176
-58494
342793
-472052
748571
-402546
-919553
547091
-322924
241095
-730533
554068
101633
720069
-264778
123310
-705652
-737974
507997
445064
108591
-750963
309471
297224
858663
-707407
738521
11508
137786
-10204
781648
-393038
931303
124441
134910
679873
721895
215357
226964
-601029
-543548
496431
953040
558085
216499
-311738
-318605
510848
-49711
-810608
-44088
-941120
-561571
-734617
356104
-702908
-442024
94624
308600
695763
-915580
90248
-697276
-984278
-785311
437634
695595
936585
-347009
-77441
-664445
109443
-581011
-711405
-332472
635489
-23143
348924
146337
927147
538316
-897752
986027
976746
-632368
342130
-726163
-74391
-563247
582438
-378629
-478826
-327315
-75905
-463104
-112625
-638271
-767509
-176041
14720
155050
159515
-875837
574040
448110
-208308
209529
-575033
-859385
-644135
-647887
678931
-541886
-661861
655676
-174254
680270
929513
751355
-882977
511951
-627275
-361803
-815365
296821
175094
72011
658551
407585
895970
-326729
-437365
55485
-202566
-863326
-496406
589126
346203
-71438
729742
702069
280676
408673
-839818
618816
64348
-14072
299085
-6139
-262717
416108
-494189
110009
-945696
-309553
-593171
229398
762459
-934620
-363017
658428
-261349
199618
-286088
536086
336293
217507
125211
-317505
-853931
-145048
-615436
426746
-736376
-455254
45561
327973
530675
-655355
-678166
-732043
760753
-172354
377967
815058
518094
784797
44456
280552
850177
681439
-61020
-411173
-118944
652893
-875088
-782651
-129600
250124
-100155
16470
-894924
284409
-556785
-631299
829155
488776
696675
359830
833422
-981491
627788
594174
-153845
5754
409232
-635751
-209450
-546313
644802
-359274
-864875
-416218
229553
16182
-763325
354466
233531
107076
-395411
-866625
-876455
-290335
417785
-433239
78367
246940
-944464
-224959
-393231
888958
-206450
-765444
483132
639706
240310
-107637
-996045
-969140
346051
648757
-328414
481176
-767461
901140
-502642
-530785
255606
730890
576291
860195
864266
699837
-430140
282050
-733403
648227
-471011
-677867
-576733
135758
-788909
216817
370315
694224
-143477
-389375
-413414
-139522
-358515
932637
-490765
313072
413813
-258226
214212
911172
210989
-530183
642061
-212720
-669988
506326
-512884
-100128
-211624
-246287
-451901
317365
75846
-28633
-546877
286938
-811816
823439
-18839
44707
-565937
567748
905185
75549
500385
-585581
-611379
-85802
156193
602833
-174631
-632818
-927350
-532571
154462
-597338
973756
641578
302535
-237869
-604710
850634
-920504
471137
-178000
-467380
-241925
10184
-643942
739236
-945109
-209878
306983
960076
865671
-192632
-625506
-745709
721566
530688
857125
-453066
897871
929775
14364
52332
-667564
-11881
-306090
634972
750251
89201
485605
829748
-439663
-692395
-637633
318413
317790
-281575
57648
372681
508547
-635369
332756
374218
171999
707251
628510
-106436
237938
485634
440498
135809
415409
-545139
-811859
747846
442981
-117949
382817
193232
971252
-131579
22979
-468411
176027
385346
850002
-506184
-896229
-92350
866497
612318
272281
199252
-13464
-555721
-93497
-384955
337844
-855559
-899321
-221659
280250
516088
233203
468391
263934
-323816
-649559
-353250
869416
-678307
515172
-107605
-146717
-308802
-722260
-296715
185014
-618489
610935
51511
993830
-116784
-749237
-19635
327496
157266
595411
-334661
301707
696090
443681
-418044
212178
-323117
-949653
-523889
353068
-599212
122862
222484
-277518
-361967
-885122
575766
329231
-607381
-720949
-485755
-225870
889986
565757
-232040
-226798
816520
748325
-899303
-26215
343736
-233964
-724508
39825
-790284
-142551
-747997
-113400
-92204
-271886
-760332
308585
850977
462152
-968934
-510991
577031
606833
818241
969650
885884
-667514
-256220
775870
898243
511740
-450929
714762
260065
-350231
-311453
-396200
415806
-35961
643626
625523
821488
895629
-487877
-270717
-376257
-248209
-962133
-525281
-786057
-931066
-36272
790974
675768
-218031
760624
561651
114455
-495596
337521
12697
-983857
886592
-272541
276209
-463639
416006
880009
952167
-619956
523635
577689
-798468
419263
-910189
-69184
-956995
-158397
-31317
-482275
55546
37618
481454
-153480
-286614
-736578
-392856
-724964
377878
111548
612557
-609426
127692
499149
118034
-596100
-964490
-465961
-716091
987677
-85916
807544
565366
115616
226806
655177
-953569
269812
-503220
15115
787538
552327
-947267
268991
-601153
-233881
532413
5991
41156
-89709
-882461
-346287
300865
245231
-847138
-581102
649131
-811628
-47062
933040
-823952
867022
740584
741414
-17362
-32610
396591
29070
-762798
893372
-955815
-975261
445698
-903082
293730
844545
-136962
-173857
-149465
904194
736434
-31925
-442093
37299
-786695
-289231
456198
862436
-100858
-590865
795476
75190
-723843
536059
-183396
258796
-496551
-786805
-712135
-259349
-893434
-667950
-234610
552264
-571031
-940880
396809
292007
-114736
-752656
196201
-378302
215419
754108
658997
428724
-535123
115195
291160
364019
524331
86635
-560791
800488
-377306
255814
59283
126144
469010
347149
866795
575576
679200
-367816
127840
-891832
-308695
-475352
400175
576569
-228007
-403624
-801734
987412
-649516
857264
416135
-184638
-27542
-292705
-820620
-503212
793931
-381410
-702724
-583376
874405
356560
542768
343414
-296292
409563
-81010
-617093
-958253
-953170
-508924
-266948
-428521
891252
-690379
343472
-512373
-492112
330883
-161889
-634849
-252982
653473
337610
454313
832854
834399
248243
-548556
-868326
664868
-674151
488235
207636
669263
-808057
-382802
-411747
-425149
-341055
-364917
65927
391998
206562
-42822
701620
-449967
444806
-790493
880916
-717084
-425341
-372066
936390
912270
-917754
769244
746668
330490
-779312
878343
-4643
-453463
366577
-797008
-784200
558521
-179809
-195947
-866629
479137
439136
199298
-128865
-354303
-843524
-427246
195730
601282
-217739
76646
884199
356921
704580
820589
269190
786827
589832
15858
117316
810521
-105800
-887328
-642943
-739223
-684335
-427143
819298
135856
376910
952669
-385008
-183955
151967
486127
461743
308443
-941119
-342528
-90275
-158857
734119
-206077
-801937
438699
-385488
467254
225525
-795657
-516889
-657160
-985136
377311
-544487
-628079
638088
-228821
-55221
457385
907035
-678311
410054
-477973
137735
-437980
-991846
-400523
870464
-932964
256950
-219811
-91821
-8932
574113
106243
-570234
-811376
-426504
655292
-607032
56607
998133
-592168
-566082
-546355
-220246
-927994
224824
724533
529392
131859
-953779
-60555
653887
183956
501466
662042
783434
371930
729078
40383
-847882
-362744
-968550
726231
743499
-538783
914856
-683005
-883492
-692177
373603
-885360
-284345
807521
-431714
495409
879528
793111
219942
408919
-75030
266164
-651636
-421144
-549880
849831
-759103
-766447
221760
969975
273936
373879
-392769
305387
100110
-649270
766604
14965
-332275
883113
322788
-958673
997754
-961558
848849
-433961
533852
728376
-640850
-246206
137295
284120
-980043
485659
862977
-529922
335489
-896126
-296369
-442751
-926151
977568
931128
-318920
282954
31237
31810
49558
-953799
699535
-67330
368990
740863
-69577
407433
589711
496463
-58715
318086
855613
695079
-544620
139732
715037
941040
2709
-814886
276528
106583
-111255
833778
180432
-133687
764905
861512
-850734
-203858
-106678
198825
-157656
-407143
-868506
-788667
-666281
61918
618767
923431
-441620
-439949
241516
-586008
-744871
696897
553725
970166
637936
-443566
-844721
-85536
663017
44025
-251759
-156552
910339
-486854
-295040
-940395
309289
598283
258430
-848368
-808861
389924
-637034
-475141
-548158
981733
-551711
10222
-458217
689806
424215
-203087
386702
-22060
-232922
24638
534374
-77642
939102
197390
966384
-312657
-959162
876723
200489
-254201
936328
-490222
-655919
194757
-338590
-464779
-415319
24377
60081
36523
6110
508371
-953256
547894
198176
470960
-655194
-415122
-551101
111885
609516
983273
-965757
548618
180663
-999373
-764040
221501
877350
436450
967300
813677
946228
-688619
8433
-392362
-153398
593114
632016
906683
-370363
-361875
415053
-323618
-813981
-386771
-852659
-469175
198107
-403760
642711
-192377
-420487
676954
-643760
760176
677581
-407799
-18324
554930
-971349
-51024
368607
974879
260357
-622960
-417483
-893042
970155
-785467
-986359
-400209
-147342
428695
276173
38678
-958077
423514
569503
240031
-980246
212213
-952347
-400733
-110833
-596106
-640558
-433252
-3905
341119
-878322
24746
-709906
490285
-375
550451
867325
582143
657410
837479
796676
671051
-562730
-350666
99745
713443
688012
141669
136957
257515
-618301
156712
-530273
-570648
755980
358895
-166754
-884579
925643
829342
456541
-952680
-145912
746636
537605
853714
297086
404930
435856
-45504
242409
232531
-374454
679679
881866
725292
393122
569877
-133040
-469921
-172609
248660
686792
297119
678012
442771
-343987
-488742
558193
-418344
-659400
14733
-371024
194688
-238632
-833419
48401
-941546
571512
-515743
12950
-186080
716789
638497
-506401
598654
363789
886722
168530
-769251
-583200
995922
479409
-896408
293041
157421
546363
949055
668680
104555
-469290
-990721
-880713
159687
203968
-119344
326269
-747631
-60890
-102220
-263374
952061
711701
-546585
590558
-794701
-947932
-45654
-907979
220599
185096
-491178
216521
-335496
-387586
-490439
821926
-841224
-541385
490605
263331
-10675
499885
382619
-850988
-296148
-736726
475281
-43778
202385
-626940
692849
154446
-915240
-853737
-254997
-709940
-801669
699350
-617919
418931
-115555
-109097
-364549
548949
503317
145012
370874
662093
603628
-138521
-74576
-407047
-638637
-691958
-258035
65216
-428683
-782755
-978563
773703
-409695
714286
-71852
-324934
860549
673152
-34874
-941120
372501
347208
477811
-743055
-761890
-886738
805895
741428
258275
176769
403521
-138098
-961753
-671056
454855
-600389
-363013
-803181
464827
208304
-585936
486265
-17993
4370
200550
910156
679437
61099
583307
-355438
119979
-44193
991771
-402210
212753
-770120
-288947
18647
971308
969328
-804585
374828
-168771
-766337
703773
-713916
-366726
-659241
-517097
-901900
549064
-103032
584365
-468930
901339
-215085
-558774
580775
846014
-975468
-774664
-34007
-19660
-782894
563784
-806908
-553013
-725164
211739
-581705
-755837
407155
793124
75393
640818
496896
361477
-725909
837656
844381
-627808
386720
-258652
956558
917791
-357314
-258527
-640984
-776540
-412513
-616452
-551203
553480
363889
-334096
117263
556981
112892
392100
-231280
531187
636264
-824126
324310
-288344
816693
-178794
-926867
-909216
-341138
917514
-537023
-954419
-341138
-580465
963372
301548
161008
-677613
525009
748495
-294064
973807
301975
-930176
-360290
-580762
626805
752602
811338
-604475
283789
447601
-428600
-391902
-840743
-611908
429305
-767610
-521123
-911834
-850096
-58146
-866253
-191234
361389
-902881
-889687
-477603
-580494
635323
-729108
125442
609129
572868
195266
-751162
992106
-177929
-998560
803444
217596
285229
251045
788996
893328
410303
-822913
322632
642693
-344036
410799
792598
597819
544547
-398637
-40792
641666
-288323
481606
-938829
-653001
752498
186614
956128
325366
-618121
-795034
317471
203950
-793593
120915
-578455
491636
-628041
-789460
384963
782263
-612372
-292405
424955
43593
-881606
217553
-358589
662941
818916
600620
304607
-469408
82225
365779
-122409
-165277
-447608
-166281
-839912
-65728
38686
477560
-861779
245093
-401526
-440233
-263271
-29566
-229692
-878308
-247304
157937
-170713
-822349
-798471
-52318
395204
-157059
-389377
214119
-556440
915230
744712
525786
281009
-377698
-639492
833401
456022
-479403
-232328
-505293
998157
-94106
739801
-403370
465662
-523471
567065
-764031
-401779
-680240
393906
427509
-502588
595436
-624810
892616
-561624
-14187
106735
-118063
-98957
-148554
-592278
-817949
473749
-231769
-984548
-70229
288828
-216875
424479
286985
689020
164279
883616
154681
640809
450680
390651
-760971
770441
-215443
666539
-732148
-620007
-958272
-839532
-181630
27542
267204
700307
928586
-881350
-891971
-889363
592400
-123739
-873911
-477830
-834911
-90785
946649
452074
-401766
110928
335689
752916
-248264
-213631
143567
-9234
-443191
928125
-342696
-175338
-691883
-300967
-14869
126487
726575
-747665
-173206
655160
-629015
-65177
765798
963385
811085
891887
-514445
976174
-198898
-567796
428247
399336
543132
-236064
152252
-705132
550305
-704182
285634
-892887
-776057
942939
-68224
-467940
-358029
916907
658548
-631454
-830759
-514659
-976294
-459773
420165
789504
-496388
231249
681391
-10833
207423
-517508
421372
-364331
881828
-35496
399605
34080
259372
-50090
329899
-454994
57023
553842
-512055
988799
-914098
129916
905706
744451
498462
-925054
-770208
522168
-384827
649957
311672
118785
-118794
-6938
-892048
-911371
475554
529324
-275701
357382
-506173
-876097
-608539
753200
73813
721361
-701795
-869164
275202
-213850
-880365
361105
916067
-974660
105555
414529
-899713
335347
-63304
-284540
-14696
-751633
834246
866511
241430
942199
955140
-283017
471522
-320562
-925636
965350
-196658
-534174
718549
877156
-812814
-983246
-992008
462389
-197095
-872373
-176507
-281029
-847032
929049
-866501
-746745
264396
70196
-31285
-750300
318564
-197039
-883790
-440007
-254841
-928650
276977
-783319
-249211
351342
-817970
554132
817168
900580
431288
-995646
917334
439280
466743
-279761
566908
-709764
439210
719876
-780716
572710
973132
483680
-357094
-58154
733380
961471
744808
849591
-478536
-510033
920942
798441
-293352
-328270
149782
-111321
-774138
-33051
-210742
657150
-28696
-293408
96430
-561954
426831
-336662
-271718
-133959
-616786
-52433
-561250
-643655
-568754
81657
298192
-835374
43127
43000
-985783
564591
532967
935159
363031
-760386
-393111
-487187
128294
-167248
479763
917552
-510098
-548934
-375857
586333
-110888
-949026
-750330
617394
-82985
-367115
-435040
355766
-10770
-3793
-562578
-712578
160834
480549
330422
175052
45139
-136612
110211
-591830
103003
717101
-79017
-768704
-450148
-599255
-851152
39754
-148188
-227008
-373914
740924
-176034
-124243
358318
740981
508642
923279
96746
-502128
-80514
534168
-214706
-919680
14717
-884285
255372
-940144
-20896
-634418
-531974
-917894
-917318
389010
-686597
-367465
789756
-537749
672289
-358433
235244
-701625
-617509
-940791
174132
740809
800191
-317227
664088
-103063
180645
-416427
-568896
965940
-336106
445822
-918345
919266
505678
60759
-715152
973705
142866
-632469
362714
456270
66
152469
918521
-327645
794036
153765
-29270
-823474
212974
-855139
917336
13164
-172365
581423
910102
-991720
-835004
-658794
974220
-171110
787028
-944125
-251844
292705
116634
33005
266409
-740500
400536
-370877
715770
-599398
781592
634291
72957
575628
-211945
-956313
752155
-998972
-811452
669491
14193
16184
250914
-75706
24464
415911
265500
-1316
-755200
52528
54559
-7043
-654767
-828807
-974039
611642
-569307
426498
-759235
-853538
827100
-977643
780753
-99943
597985
-431193
-56256
350140
-430164
132293
19631
584030
-851524
-729456
-491677
172941
686455
773824
-828375
931256
-173649
226185
-75788
171584
397378
-49826
-216774
828071
-623329
23992
974534
-796229
46349
755287
103828
-355666
-675907
-952428
994474
-106070
179865
14104
-522041
328342
284649
-13717
-498717
-28897
-239894
-327092
-97642
586458
899093
826571
-241958
296470
-223256
541269
124541
153416
-434740
99074
357187
611609
-145639
-538985
-744058
178454
-491413
-749584
-927616
688453
264521
-449657
16794
-450831
536626
518077
520273
-703268
-809015
-577369
883191
-909923
-750799
-358767
386548
25946
-817499
-488912
-820638
-252239
610163
536550
-640630
-535477
997565
-384688
642978
-493848
-134271
715362
-805395
-869751
-734295
211400
-320581
802332
-270524
-800309
-900936
-79538
-377678
982255
10539
-128477
-376512
-602913
897470
-194011
-91825
-923169
553751
-481662
613381
913121
-17138
610946
-471567
-374160
-882902
394162
-658798
-688297
524412
-393093
523103
-796170
-590761
-747421
-596479
-491697
173041
25843
-509442
-816420
897367
114046
-419333
794837
920035
488842
871668
473786
-992820
485049
386906
-9958
95994
915340
615882
213092
309501
957085
524796
-166087
-436009
47898
37743
-26770
300477
441265
481534
-526483
-532893
972092
-342903
-635526
86138
237765
-840690
6173
-273394
-969022
-520042
-266213
516027
866865
723830
-387979
782204
339712
825114
91705
296796
349909
925618
860788
-602194
-36639
-165983
698284
-595375
-684449
-828200
-128267
-712357
-171102
236207
373781
-933338
395518
-620046
-206731
426496
-140088
527057
-57477
-273223
250886
554544
-491019
-409403
379657
600686
887394
-270434
526304
748181
127372
-510336
-417802
-174345
-105710
-102251
-2544
766023
185392
826355
2230
-440827
893018
-602252
-60873
-313713
824244
799040
-786657
-233233
-474183
464230
-678690
34798
-945173
700968
-364517
942221
-569467
-838213
690401
557906
-348548
-727401
-616439
545742
170348
381018
311765
-644260
207372
-686005
-85086
100390
-288257
854042
786677
-464013
653082
-999980
302754
-821102
464250
624065
213696
519077
325032
849180
461298
755566
-989033
151699
313472
-337581
424298
697033
-791839
-405354
78051
519927
-49614
-714577
833922
865301
385813
-454336
719342
172490
81652
372423
172510
-615595
551322
-363241
-991531
-234982
-844164
333502
-385803
617134
89068
-374835
-231168
-597461
287584
-806870
-900428
495746
-212224
177623
15672
738163
463046
-150406
603463
-151141
395259
322804
-978652
-523090
-304773
193858
-138684
-753451
830618
-130215
11567
986455
-796713
625765
603589
292356
-749071
-627579
694895
538514
-434449
794468
34259
353327
-27909
-950069
91489
-564864
-100475
-305048
283996
-705217
-982244
305344
-228307
-287016
-500798
633009
-40467
-670181
-497206
971100
-683726
-293918
596864
919863
998438
847794
-707717
693333
386307
-142166
487801
-579435
-788839
-540109
-529504
302651
-104972
370022
997603
-820977
664805
-984641
484367
-563502
-271657
983570
-930493
687876
-686612
-427698
658976
-370337
278384
255839
-450475
276822
103633
-158192
-29846
-510061
699643
-542046
-89495
910804
-82154
381002
213455
812874
-248977
211058
991898
-584173
226417
476265
-147674
954760
459834
-78167
642636
773223
494135
301611
-597115
-227481
-442550
-47590
-950660
661083
794219
19495
-848979
493861
477449
61527
404665
-604705
-557472
-381881
-791831
193551
829178
-799934
609379
55594
676331
-538296
10353
136164
383538
-347011
-90614
-122327
954600
312272
650192
-487951
-735319
699532
-826869
-941101
-280974
-675847
552761
-803525
385680
-42575
-408230
828208
575545
-200061
21759
404722
6
-368863
-539684
-323664
92842
470670
812501
-523620
-876342
-278113
354053
-921743
-965842
4244
-409693
-701161
-296224
-236562
-642261
422803
87592
910501
619278
-526728
-132074
-788952
-698520
-556530
10988
323239
848193
-989007
954377
-691491
-312670
47218
779179
-500170
523598
902837
221718
-122349
981095
255876
881895
-428599
554716
-414329
334840
912456
-991527
-577569
822956
627751
-104297
-309119
838800
197183
134352
-150213
-479578
-17455
-139219
-525202
291054
548111
522017
70232
-952059
45615
-26931
269659
923266
-45837
-474466
805161
525564
-919750
-609169
-139596
992706
-600695
282835
815661
-972944
-821462
-493459
865856
375722
640893
-284357
896144
-376562
576424
-629058
914492
124534
892959
-15276
172476
-61426
957793
-557866
-138161
-88044
-32331
-333000
-562480
47919
57832
297924
40625
457137
-419241
-143715
484193
-240702
362827
350048
-864981
3720
-934310
-968837
627158
642115
-597895
541649
-233351
-704936
-473627
939125
233638
-515834
-618742
-904523
396123
348928
-237522
833643
-603153
820310
131567
437472
277446
712326
-706244
-238361
-528376
656584
-888313
-393357
-339697
-822622
-362193
-712539
819493
39913
829110
-413859
334977
-644517
-474735
-431385
-160351
-93476
-335907
-764229
-744549
426571
-930586
-347702
246881
200981
-910230
-475673
-86693
-616474
285966
384931
-959890
397653
991575
-299587
575031
-370619
-12126
394524
669295
-183016
980665
4271
172468
-494071
572887
-987884
412454
-763020
-752112
667905
663552
-682697
-679797
-89568
518285
-590027
434759
-568409
-206500
-279275
816523
-166390
-881622
808098
534024
693410
-562521
-478102
87933
-893227
338882
68598
111045
-488650
574527
-316068
-476533
-13019
-79088
-228645
-345115
-415537
88658
-24911
494896
-393058
385062
-70345
38534
-821439
650381
-144943
12172
768759
-336845
-453805
462169
100634
68094
-449898
207407
-593025
618700
-681548
-81674
193227
2384
441793
-819793
923297
-786853
-164908
-492240
301806
810182
-997345
908749
195243
-67689
-52717
373805
-417309
802341
-614023
-648550
-534505
-67827
813619
566129
-999734
-636280
-226464
-592758
982421
91989
325568
175647
-905628
-232640
355854
-982332
-19493
-809054
-474572
-717687
-998873
-471916
-808938
196371
460395
138345
-429824
-956914
-59315
-43847
-605464
406181
888326
-791845
-27690
888592
-428125
745846
-704167
-445704
-162165
621402
729943
-67793
-611239
85797
-50124
369268
276743
475305
651582
277871
-996611
842644
-525759
463784
-19012
44418
506871
921674
-999430
901407
327854
888897
-890439
-699837
777488
-318563
-953991
-926679
235733
-116156
694723
-34324
816052
-916517
-948528
-234072
452752
328215
-758768
104334
-393914
-755378
-53023
80328
708407
927966
-875255
215277
849640
-874685
116683
177494
-985789
226244
477658
791700
907682
523667
865022
143414
-592489
559745
-890911
-776437
643229
-839438
-10509
95981
488777
230724
-799686
-905137
475346
147292
175191
183752
75258
299937
-600972
-75103
425252
515712
-897610
439464
-258044
580048
231164
-350363
103715
96186
793052
511227
-344070
902142
734790
-700841
-937297
-275720
395140
551481
955005
595455
646345
430350
-257254
-178465
-385898
818004
-878529
13131
-257099
546724
-471157
-154709
-13812
270799
-574661
-782648
920437
529055
313538
713489
40281
969469
615631
-224930
-731373
678334
499351
663768
229815
454355
259222
-123841
-115295
-998033
697695
498808
819972
819167
-488061
-437128
365890
40782
408164
-647922
-688419
833504
-430570
-767983
362558
882968
945507
-597162
852437
561137
177909
-878937
239471
-322741
784831
-530715
-868386
44052
345445
16319
46020
43139
-484873
-134008
-137695
27066
428864
-771805
-932153
-162972
-419727
-620572
-329469
149703
-388554
-966911
32671
-443048
-564072
-114893
-881911
613837
6171
357560
-708904
-208998
826846
-577289
835055
172290
439031
-118925
-784571
954158
747067
77735
-18777
175931
305931
49071
-987042
886204
428500
-316510
35907
-960054
-283420
-931422
-403101
152508
-46314
-285012
-233655
959857
-927453
57442
-249141
899393
480153
-414087
71683
-80817
466988
287113
-126660
214055
-635153
854564
-610015
670778
-96365
-597056
556982
-667865
86435
-407111
-627919
803015
-338533
-31020
-44478
615153
683968
721868
575010
756516
-220691
-674132
655909
-740539
-88218
-272408
178644
-621230
-985296
-948016
592826
-620448
906549
982811
-949670
-189817
-614246
607312
142318
472190
-799800
514399
275204
-138332
-516621
-769275
-523180
-832653
952594
-948170
923863
-268098
-622301
579772
-8637
289482
-692636
-829993
668252
-677932
-778009
261077
-298379
-871461
243888
-248049
-61277
629643
-640737
-918960
101832
-440536
595440
-622965
421132
-921182
-392239
897953
-753835
-439646
949783
-829972
292257
-672518
749801
-716381
616964
-942836
-546373
285216
-620767
-324381
-453707
80854
-195842
790181
832806
742882
419824
-807932
823922
-478344
-248468
419362
-101308
-827336
498180
506453
-929384
744346
-933193
-979601
914375
359065
-652119
664176
642685
964846
721340
-903689
250061
-899427
-228070
796354
181427
576089
586535
14233
318970
6359
206301
142892
528015
957834
-437747
-573294
-869503
-939568
933160
-798886
804779
999968
-778487
719154
359032
-430606
383329
1716
-465761
104669
98027
784301
205242
869958
580655
-613331
446046
167190
400902
-234984
-826452
-392797
907908
701564
-434964
-529840
-871731
-304466
-469407
-938571
-103351
-664629
-938604
118162
-945476
420428
687557
437854
-577856
-778204
-457478
520172
-993904
747764
390129
586752
-865568
-163825
-246059
535335
601192
-72510
-857463
509099
-370947
-292426
979259
-242677
403109
-490148
-181248
-700243
-154777
-119851
417920
-100252
-699423
105476
-662398
-277279
327272
-119876
-757107
333369
-372112
633023
-79879
-237679
-530803
674062
-702345
-929611
-398448
-559807
579488
230605
147767
558747
987929
-449124
-931402
-193319
-149367
-86178
686830
-731448
813571
987407
374029
-848828
-289873
-298699
31297
-46980
-965330
659185
-413957
-45209
-578495
55240
-371147
-280839
125630
230405
159354
-294883
-538990
-692879
-736136
-551061
-142003
-667538
255620
708631
246285
-57551
977184
59856
-70145
351212
211028
639983
-947488
-757675
-406997
-912817
901510
179046
41974
-676985
-765714
670828
42176
359917
-98767
-798470
-934967
362244
-491349
-671103
811183
366649
-338640
66803
75279
907646
-990749
52462
-32499
-60893
-596326
-821471
-420910
-543813
-579146
172094
-456630
-677637
-648860
585345
-354621
-414573
256173
687556
945344
-842595
889086
-989623
519649
-602264
-660726
330832
764386
635
-602366
-160336
-91720
-593114
892127
875781
345993
-704199
-945691
925084
-248012
-524836
97177
295359
-202473
448318
-119297
442907
-966256
-863125
130462
979089
-705719
19547
989466
813931
417284
-671260
144762
181669
329375
542396
-978667
-762345
949282
913460
-886564
295275
-790740
-832254
220359
-38751
-357090
-682464
-743393
440438
765854
137311
-116656
799599
274187
-986195
778687
568469
33353
768152
382399
-549364
-903108
-472840
632306
426268
-930444
653639
663923
-981162
567098
777359
314114
776359
945105
-465528
-262392
-411985
-147992
-5785
-971548
-382138
-868474
-88204
-582540
405714
-74398
-803854
-25818
958955
964299
-643420
-590409
-938809
-116259
-958104
487459
-46703
695535
151381
-27864
262633
-71260
-713751
38992
-126155
-179278
776600
461860
672730
-229185
490312
-709409
-97659
-597892
-291948
-691945
327710
-95801
282237
286664
-131503
638817
696255
-70312
-477443
738151
-582854
475855
433686
568528
-552010
-303682
-502733
-265760
735311
371113
554962
511910
-167028
227692
-717275
-676717
518284
185067
-274609
-773665
493122
-946899
130534
-224642
339765
999032
-585825
36020
-71280
-63268
-225829
345867
-587413
-792144
-85605
-139422
-95825
411662
594818
-360514
-217226
149780
-848605
615747
-622528
-565879
939031
895757
619188
-335578
-877909
112309
-282477
252626
887667
-942713
251658
-698158
93308
-819622
238575
867479
526245
651162
-924665
-559361
-488261
-20489
852302
-893443
618997
-364924
256338
770393
-749177
633810
-795487
-810147
529566
823701
-145725
651658
-63991
571798
-95716
-176324
629086
-844059
125519
-277607
-663680
-635907
-410129
862565
-984746
-334793
-696796
-473006
644718
-844494
-366449
263714
-209417
889889
34106
41406
523699
238619
231260
53265
62320
-914466
-295078
998330
657333
609207
-177994
286418
765149
947525
-991189
-898532
-688383
-401317
964034
-673129
263890
-732763
-146135
-91393
-577256
487417
-827679
213328
377306
206427
-745266
-98995
-554954
485994
954270
507366
571529
-340808
505695
228861
-731602
-672300
-484721
-966454
-724775
-475910
-864986
-413158
122774
-900953
-86287
-613337
-633715
767579
295271
-210970
254996
467592
-997643
-367698
-325981
-742908
533307
119065
743087
487576
-373569
314615
-853233
-867875
-456524
-584834
-540174
58756
-551288
-264949
582847
-416273
321894
-294380
-317226
-764393
92284
49060
-996815
-612446
838090
258182
855146
840448
890484
-470836
-902461
423791
648230
840626
-88634
-725340
155241
58134
-593214
698717
473301
-133387
-242527
922013
601665
-659681
-494261
-76442
45939
188514
159165
-861778
-762427
162351
-474223
-924338
-579468
-619078
916111
-688984
-89913
-986351
734807
-441684
854275
-353827
-167023
9515
704307
239763
-291768
177607
-893625
465705
99620
708040
806025
605360
-368402
-148037
-206126
790763
-9814
31447
-46887
515964
107110
373646
896886
23220
684662
-193027
36870
419468
365290
-108855
-934360
-801734
900661
769948
438030
-391108
-52445
544405
-925403
-952825
252445
880622
652535
884044
-267415
-553591
674806
722772
477856
-372081
238735
-415034
-998436
135621
608187
686226
942594
-354944
105694
307883
536202
171335
506150
436862
-58718
-55821
-954246
888838
-511416
-879649
936013
741030
-999027
588548
625073
-266442
-965044
299878
-543670
512813
927797
695065
-902221
929362
-169314
705966
615587
-226721
-648978
-278719
-918838
887224
892616
587312
324086
-166102
-468509
369840
-277265
20075
490191
-341252
-238896
491165
-752704
-613824
-775277
-717748
686055
-318947
795066
613852
-623882
892845
543213
206804
598811
158800
980084
949834
880081
-938755
837058
772697
648558
161143
-393406
-819951
-469018
329330
200124
-978827
988079
961229
512338
-764626
-652595
737061
-482373
-966541
-581887
-687308
647311
-205769
-794463
190524
-998965
804348
-650677
981119
754181
-770597
-957636
591238
-997900
690923
-247619
-391306
870972
283363
938025
71096
304536
926103
32324
-183127
-838524
379729
-446067
-320897
413189
-27953
-8204
60500
766279
197333
-748977
767314
1680
-399654
748432
-244139
-170250
790796
-652901
-168150
481719
99480
440545
352690
-617157
378569
-576215
687379
304671
456110
-495748
466148
-164161
58185
-854750
-750973
-969768
137046
309527
796511
-665621
560551
563824
336060
-839103
312255
-908080
-9353
103051
-560980
822498
-415231
538501
263043
937460
921345
-358389
-638755
608723
946283
817355
-887026
412431
-346807
171160
557681
-97779
201393
-305273
-788252
-2097
29106
772299
-438274
-634834
933196
873982
-542914
-76157
-22967
-103893
-253659
561803
-565392
-990617
499262
-644048
-349005
860507
964676
-402723
677861
-922350
-990293
-668946
248811
567389
233275
-549797
-737884
445023
448106
291223
217322
-990169
656389
150517
883814
-886525
-925640
-139154
9583
-179299
-577352
444191
-169916
921911
800144
481080
782417
764819
-921644
460278
842469
-911936
791332
91279
655454
24607
541483
917570
-530370
-10412
208793
686952
-580
-134819
-162532
-116767
-21343
-88171
744080
988240
732530
-833272
432431
-437386
-911362
232574
-956307
871055
-2608
-877950
331333
-160139
-789885
122664
931141
865569
-852729
472623
783138
-383099
-537789
-8070
-696148
461631
857112
141321
-655136
-164232
-946851
-911057
-175992
785680
-744328
-743562
-651706
-655690
489012
-608012
-784635
-513596
-485961
546698
326266
-275846
-330638
257406
-410278
-183367
-269971
-627140
433534
192240
364790
737387
-346130
221902
-121293
-1265
-942330
-68143
87679
-118322
-282463
343351
138116
65832
687662
-372872
457820
903027
113533
971859
449725
-560202
-303988
-880914
697205
285735
-64280
-572766
658595
-630746
619474
23385
-893360
-726656
-754714
-14652
272079
-697043
917205
-640242
184635
-365258
703109
-677249
700574
390770
-50120
158393
293797
-936588
130252
-256479
-496789
826265
-137393
-799585
111999
798328
-372350
-229406
-832419
-752877
793979
-725779
-479532
-960735
259569
792547
-657778
176774
-847696
526857
811517
855414
849609
512090
246184
-200512
-329517
-460020
-137100
800736
283502
366112
627000
-853891
566528
-261001
944437
-805823
509594
-887983
-558700
303572
-613761
-38232
342837
645808
-245685
685060
-177418
-93380
211917
-365902
-237966
61525
-853812
-991783
861013
-183328
-451802
-276087
-382593
831700
-909976
-755593
977810
656552
-16593
922246
850730
-507000
-965737
-707971
796572
-579498
253798
139409
-933690
-991888
-175532
-111108
-85267
-963615
522991
676767
97910
669180
684984
-41077
-514149
-766818
682837
103258
-935118
772861
347665
-957309
429413
-668928
964938
280143
-175928
999201
572172
-379357
-580297
-174030
760053
-513987
-165917
-415479
374906
748816
-379094
-102104
425583
718817
-432924
110567
-322261
52927
343749
-639425
-843815
408631
-866564
503851
451323
562850
834923
416260
-157008
-341006
415461
-584836
279638
835164
241134
39691
-678824
-924784
624212
696083
824033
-754882
-406021
249615
963935
161055
-639819
-358327
-786019
703931
2249
-629834
112561
135685
874018
-436116
-301465
708940
980145
541527
-632067
395605
956691
647572
230769
197825
-312738
551946
273042
-688527
248028
97074
-443408
842007
-653311
-479474
3062
-293129
162200
217043
-589199
-835551
587210
523363
300135
461227
-912754
998670
170167
-932610
540196
538100
462996
496887
185672
-306235
-305289
872934
-754289
967753
-815593
493739
64827
-259001
335746
411516
261525
-661193
-881614
-576275
555851
-470812
-411826
143061
-947450
888309
-395712
-860204
886978
774455
-792813
427174
312555
670184
-75939
-501774
-636051
618772
-628840
-390340
586525
-444433
-896602
-348648
296566
439145
-937132
-441909
777953
-818745
-18184
333803
-289557
569991
-523137
-237007
458299
81152
-97210
345277
-144394
109978
-227549
-831839
-219839
696512
-333612
144110
315284
37548
753770
-98192
593115
857169
553161
-110320
296314
616029
447771
74266
797284
-570413
-591932
-492274
999578
-115068
270720
457877
966084
-826491
-196847
-178310
283487
575604
-10148
-936352
272116
656240
207759
-412601
-306212
-38471
489208
-713098
-181302
42368
176583
-884989
-341604
-375646
189277
-544320
53942
597346
-36594
53519
-517722
-765875
-488604
-551639
-592365
314550
270052
691123
-109846
-740097
754772
-837731
916144
-37470
-250332
-390069
924060
-761125
-103166
-257242
281244
-926583
-142231
939641
-302229
-952954
-604680
751713
644392
358727
-194768
-873331
592852
316628
-424969
-999513
-368823
845084
691610
521331
-895013
446381
683601
-978869
-591089
-566732
-368937
-667030
-327856
527897
75728
953389
601314
933498
893029
-700915
980545
-711652
-949203
624936
647075
-143971
751606
239927
-827343
-673363
240414
-196165
-828279
-67977
-674835
-723292
-621596
-991235
-702161
-212685
-557966
-71098
120285
114179
-543201
-803987
67567
-941888
-870489
-39405
-642803
-889945
248944
-592005
734992
-103981
264025
486598
-864055
436682
813235
376360
-759484
984957
-691618
-434318
-738336
-313214
-425552
-440496
474102
16483
488406
-405613
-869339
945206
-209600
198228
-996683
-80088
-841177
-639485
29967
407767
-231489
-235042
-696215
-967465
-748445
-560269
469218
-935210
816091
709735
-950254
-875527
-724584
-688589
-188740
-150135
-129085
-714639
866348
-640679
-120252
997009
-695474
670149
195237
-692156
-409940
354060
-331640
620028
-238173
436871
-615015
65613
469406
-363459
505344
-61376
-298668
321434
-351642
-248921
445907
-76226
62490
-742834
773640
933406
-457472
639987
-707274
422276
636996
-402747
92425
-167768
-94903
682485
-813708
573457
302512
-51881
10327
687498
-986269
-520267
-675961
519076
418357
25371
-159491
-933286
776451
-713584
-9511
-161060
-456417
-235872
-227655
86111
-595885
65072
-491613
-958890
662325
600812
-126657
-432579
283297
59635
-859122
-414191
-992246
151205
-726693
-978515
630939
-402654
540561
49295
622718
-618930
116010
399168
-332513
-893501
-761892
211070
-129372
10454
-702819
274743
-924475
-194431
315854
737850
-593619
-810804
-694729
689679
248831
-553851
-724513
256586
597355
-451205
278071
228293
146142
-181368
-722412
-231140
199703
393598
-831973
867190
500097
-593864
78260
-629275
416590
375442
645468
492115
-818990
-38679
229965
-412609
150518
535236
-722930
-600651
981386
-447442
655935
578740
101353
-65994
-192967
-752506
752638
84621
16354
-47660
-521781
184382
-180470
978316
590518
897790
-650960
7107
273231
994509
-500778
454242
-44170
729187
-958368
-893652
264423
-681298
-494303
245808
-128740
-838368
-175452
972614
95638
631581
-779892
-151724
-283799
236463
800617
194420
-579155
-379854
172736
-988638
-482065
521777
18470
791167
516286
517692
245408
-527885
246879
287041
-421537
-488699
605744
84161
757110
-522996
245793
-418343
-550383
-658570
-786762
-330274
189706
-70560
906189
-9678
-876140
-672967
610469
296597
-661604
-871596
-181626
356867
919571
-665341
-125442
164979
-193225
-878563
-547981
385239
-367262
-942237
-530601
-610152
-465233
715193
-28494
-15615
-943377
184744
654111
246330
-885817
560300
-763348
-761957
887333
847121
534640
-774271
975526
-646987
582596
895096
-312327
-542846
60075
494448
-421409
512095
-120313
211330
569858
349087
601178
-895376
64279
-427317
89010
120903
757428
-256880
-632768
871611
-696581
-396115
-890346
-809248
-548994
644295
-583519
-573469
997309
999078
-678374
-315019
-543769
381702
-820571
34823
-106204
59117
-753848
-536347
-591797
847331
-431722
472483
-579987
657288
-406614
-822560
-599593
-39382
-950949
-296173
564504
-841295
-105420
-984491
803001
311062
-557960
800309
310139
-236333
-514710
766371
-854632
-335280
-198807
39164
723837
47345
502818
-867960
-105325
-928905
604524
314689
728384
-802091
492130
-871209
158528
541181
-167382
-276969
699887
727198
-261460
502888
38259
180580
303196
-651602
944247
788487
-885232
-910385
-546794
-84039
128779
-822957
963306
-368403
-690917
-142019
-297307
913607
-827331
-568924
-888484
664800
-440133
270044
205980
392486
993075
-94133
119684
-268386
-591246
-842057
912195
711951
-493659
856441
500437
-378891
946056
953644
537071
74835
-869313
500377
706433
-560229
-641643
-590875
-646622
-468973
-159799
-535106
-804174
400069
734938
401807
-207446
728012
-692326
912238
-540374
-283572
-929820
-628180
-571621
-423478
-771739
928816
197632
-825683
882460
-265298
249153
-986853
-764921
-44415
-547082
-406564
364710
-193704
124464
-795089
271191
320291
604981
6128
-277903
-602466
-265860
29771
-690228
193766
746200
-620047
565587
-825422
-43525
793848
-896606
-845894
968165
985855
-111191
217317
999002
123888
-827099
-548080
717325
537612
258216
-158211
742524
-470593
-837921
347504
535535
-115823
745039
-730325
913949
-945190
463441
660148
-565237
29027
834727
391238
-177125
938121
545345
-208961
923975
-565846
-991644
922977
558042
-818742
-625104
275367
718870
633113
-882845
461394
-837481
-720765
-191103
698055
163412
-446065
967730
77361
-391255
431171
-262492
43509
-539802
-427766
-565253
283073
-489645
980092
-925889
-565670
-585755
-917532
-642693
972288
-736274
-267797
247655
982596
-634685
364810
443990
-472165
644046
-747114
-774111
-192542
-193178
-806382
884819
415568
624789
-377674
-540924
-915013
194561
-106176
368060
704917
-126085
442172
-860754
288161
524640
-503447
260449
788366
228757
-491897
770962
594073
872914
214951
-878093
516960
467838
-652203
-675583
-725340
-458585
-790765
690228
-833796
-168438
-850696
-748808
-973877
43128
619252
731040
917044
61423
870287
205205
-413937
-633160
-534347
-625571
595597
-26243
-854610
189670
-153329
360342
311577
-636370
-171821
659375
-311952
102839
-799210
-102717
-206933
-633005
728845
-57629
-381813
754969
985500
-762562
486008
902543
298862
356294
107747
884925
723135
573401
-740647
318731
-452843
-595256
-491599
393829
765086
819978
757459
-406735
479353
-554494
696105
680143
342790
-510828
-952863
71635
431543
-334676
-173397
417042
-97238
-687389
319585
-798376
668906
-572669
-913451
392040
-999269
-654098
-289229
-452111
-249353
219172
941718
-484267
39150
699177
108998
-481498
-855317
-194897
-801356
487473
294275
-754219
-440892
-274182
-88895
385712
-857140
813868
698323
462445
-984509
367228
889776
-897960
-240733
890508
-552057
470038
-561604
198591
-310790
-619887
714324
728360
-920710
-176678
-753139
-776027
628425
-554494
711447
-77300
-308713
-729446
648518
602393
656266
791379
416260
354588
253823
431752
-278184
143599
533792
481084
34106
981736
-48878
472503
180326
640332
852617
-105350
368692
931907
717972
615554
-844121
346397
-938941
867326
-730904
-247653
-862120
917615
-645261
794147
708993
771000
148735
-37185
202751
870551
-893586
-263457
351634
140520
-281721
-697245
-386978
898605
943088
-534361
-206746
311779
-602455
-488774
-72668
-446576
857623
-11609
-579250
-873281
740738
-441369
-955667
-904523
-647223
753326
866477
501512
-283859
69227
372063
-177445
805771
-276303
963076
-475951
26453
-423902
-577346
-30460
41737
215908
-718682
439282
727135
208650
992707
584757
-802960
-586543
711476
937779
-27911
755810
-966745
324866
509135
899733
-173622
-774724
-31040
-801559
47832
-225270
-77862
10907
298779
948591
587006
721433
-81870
-371257
-62659
199449
-931976
-335524
-591902
-939269
-750768
-394861
-525811
960709
-457082
446278
716518
-423826
-228856
225653
-524094
597523
450929
444866
795964
-501239
-780405
-281898
509669
518375
-333308
96674
239808
584823
725417
-822851
-215728
793442
-158375
192370
854174
90857
797510
-671638
51565
-659573
774640
-231917
-83399
-454216
993736
392508
-856694
444665
-162627
939271
943426
56969
-342628
453094
-424657
324065
-450232
815152
-91112
-724816
992301
693160
-931374
-166075
-114470
922800
924782
-316961
-748839
-23653
23467
-974199
744430
940069
-428414
738166
332576
-285108
182830
-830052
-345838
126255
226918
311535
-420651
802261
-364401
129117
617412
544487
404302
609713
237647
472928
-556363
-876824
395727
-631582
-193784
646889
344766
829683
672691
89196
769751
-755723
-172638
102327
-40831
-989809
272275
613332
136447
-500808
-75133
715796
-698547
560466
-155087
918866
104953
-750786
528578
-657400
722142
972216
-534224
117869
-659366
271993
-235242
685400
101675
-562551
-225404
-128574
-318274
601958
973753
640896
612150
246028
254228
-251404
745221
-820906
-535609
-953326
739561
309305
965540
-155487
558519
494118
187114
280661
466333
652890
-601470
806967
-75118
163289
492367
-973443
600738
-733037
-102017
-717536
868921
-128264
923360
481070
-882237
177588
-770335
862984
356682
-305943
909658
96242
-996639
875198
940756
561881
369316
127869
-157459
-164351
-219241
241072
-357384
705642
-595640
-865018
732200
-994903
-598055
-369818
-712438
-729134
501919
-789078
751936
619682
388510
981602
482666
-254809
-324341
392323
841434
-320979
267521
782190
-759099
-363163
-89942
83443
472486
690818
-675486
-884899
396459
-271126
-749916
128658
-266028
-347970
758841
21535
-77104
260759
232457
-325168
-119559
-379034
-343566
-636894
366158
332094
755430
207591
-988886
22951
-10220
-747984
659788
899839
335460
132273
590656
659975
247375
-12885
-611151
497459
-884227
122821
-850511
874615
-855644
72385
135374
376813
747218
-984186
997780
-596349
-621079
363937
735746
-865649
-428472
746860
157302
561309
998877
-182911
461148
334336
949362
51804
-5689
196737
-961082
383160
-305805
-845308
-494019
-156316
-970694
-349663
916070
164681
-972851
663287
180496
-975071
-933062
559417
388866
802685
693768
960395
549544
-148931
521704
548421
668159
-17149
-117243
617521
-965346
877068
-185743
-926427
260227
508452
-771735
766208
-647864
-742428
-583455
-731795
422254
-556305
931493
-397251
-531376
998432
-837835
857491
801116
855934
817885
350660
-292997
339589
-100919
-624839
-677561
781838
992682
-642907
658905
-193062
-569334
-80868
-684610
-341068
-314660
-332473
-83495
101885
-64268
-661242
545580
-132775
-58493
-985796
-134343
103673
871695
-333227
-40393
689580
-982567
666610
29168
-83486
-958229
351607
-301649
-965547
708701
-642744
-158608
-860634
276388
156782
-201701
961729
824309
714804
63613
-239959
-946439
-390807
627267
-4932
-376603
-507076
-901259
-504909
159697
58348
-815330
177131
-275043
213839
-906356
-233271
-434555
-208004
-198818
-725855
149252
642574
-586488
-574360
-200644
211811
-612632
-376335
-73385
450982
383706
-19824
-939826
10973
975245
-316429
503897
-926014
178663
-336406
132334
363334
840725
857292
-422828
934370
-375980
142617
-273635
425203
416763
875618
67777
830276
-698743
867133
42086
-311374
-509203
968702
-860392
874504
-51122
-800218
-114524
-75878
-116646
-610628
-1892
-937983
52967
-869558
425351
-106308
987734
-997478
-171939
-388246
145140
554426
-963044
-438097
430044
104733
-607822
731302
-28134
434265
-580073
462663
402966
-440464
337166
-648157
-240682
-777359
275966
642673
-387986
-725926
704690
664982
-595484
130040
-441327
-607751
132563
386734
4004
-722298
-58840
40960
-160395
-628797
-854307
231783
-897496
117559
-333953
-477568
-419779
-930987
81968
917388
-579144
841287
-859971
696822
483959
-247956
970897
188649
-582975
-624588
-681312
-24302
-232338
451252
-637568
771666
728954
303592
-187375
-431441
674796
-41681
800343
777300
-924123
-533610
-700268
-343901
-464597
381700
-426514
-43740
222986
-286484
-346918
-293055
465560
-376022
895594
882585
-610
-785718
-141717
767052
665534
220715
538717
394488
-475693
-648658
963047
-800897
309662
763390
976403
385540
-770221
-723865
-958362
-234818
657835
-384875
721442
-119179
328641
-625476
587767
-205799
-1498
483361
-323215
997892
697643
535069
764944
363177
-244216
303661
-242335
280091
655004
-279288
479194
-35335
-515899
455597
-649796
-286120
731733
-608157
479062
389568
6968
200504
-729612
-664391
575029
858156
129810
-426470
341516
806596
-428578
39159
341664
-663635
-597664
-902552
640026
160001
377539
295029
880713
-143267
-740306
-635187
-687670
-390102
78694
-955938
1741
-442244
433630
-991291
758260
704019
-655682
333288
562175
474129
906819
-96310
280725
-521760
942850
-377612
-185395
-654815
-280163
-545369
505187
-902625
749661
385899
-45891
-990646
750713
266440
-380747
-170594
310503
620995
387162
-255867
629704
145422
-551848
974023
-521290
-989674
448151
-614471
-85983
-271125
-136231
-143134
351264
678375
202052
-928899
-866995
-292762
-831524
882667
-906863
122586
892021
843851
-610974
-488726
-326744
699529
-867732
-939582
-556338
761972
205841
-108186
735994
684552
-97860
184145
-929920
816157
913021
-66151
-326977
264285
-387777
875075
335386
-254771
-417687
503863
-372104
-324550
-373551
-480083
-480700
15475
31191
192557
-284996
163459
252976
158666
-74569
-541184
-949521
-338575
-856633
-47380
845571
-786553
-231223
758591
147297
441801
22876
759521
316876
-641738
-495251
899189
862126
132645
-425362
-511426
652562
93939
504050
-316247
-713505
-780946
847212
539472
377720
-227357
998288
428200
434068
-858346
-619180
279638
-644898
149598
38229
502399
-408602
-938895
261919
908274
-580633
766669
807462
-718507
-100686
-617900
-229932
-448124
476040
-725883
235629
762536
-506828
82841
302007
870892
855484
300294
299092
289551
441949
679912
-430811
797052
-170490
607418
299450
420908
668523
-438631
329182
-912110
-671962
136644
-630617
227352
518745
139452
779229
-5216
413569
14858
-242681
906742
-902302
-940675
777633
953183
359620
76725
242733
-198431
-243363
811923
-401380
586147
419340
898071
7055
87863
-540560
-663764
175753
-212522
472881
545137
-985170
-8375
-315412
794060
986409
-901843
-191083
-256273
-995102
-93385
-196947
782532
-140202
-837327
-140744
-897470
-35758
615893
914454
562863
202040
333793
460933
-790905
-578345
920373
-454669
597409
-292149
-981789
142545
-277319
9837
827133
-483259
-3755
925291
325658
739973
930189
-767727
-456974
712720
92071
-294301
-428024
194602
669942
-812131
109055
232804
389909
-557153
-306264
599004
-135497
-385891
-855665
-538089
321961
-837453
604457
-955358
172384
431589
-438617
-831371
356879
887041
908602
287068
-880687
-548373
-213
211385
157327
571764
-594014
-172732
759633
515041
-939928
149542
957889
-246191
-251454
-177608
367919
-107119
284304
-310121
55429
-111240
-265479
-772187
-679651
295904
-603558
677229
182944
-694956
-35704
302258
-243328
964084
-486358
914000
535847
-80371
-258733
295480
-565330
-198660
-554979
-607441
555149
193567
214951
-76933
-913552
-500746
612946
141878
388014
-652534
369691
708363
643371
766134
385591
-173686
-928823
-650113
-871428
-172150
-686030
-357786
-258151
849818
561844
483117
145297
996514
-715544
590319
-610928
839606
-216115
604023
-237328
-129666
-896723
-624382
-987789
491291
-276915
381903
199654
-633545
148036
-414755
192770
219214
-64867
321342
-952936
249104
963557
-211087
98921
525400
-727970
-755782
521913
-443514
834537
910985
-603908
-381578
515008
158764
488757
618285
534383
500969
109575
-742533
-117129
-690771
-376077
-969093
-105525
816693
250122
829608
138034
297186
78711
101590
-913901
-822369
-373010
-641871
-578150
-851098
-85384
-743613
-940113
310708
-125190
574895
-530529
-636434
193179
-996146
864535
-697246
-738679
-252594
-388017
-114756
-221686
506459
-298063
-971565
336066
839971
325621
-585224
-58439
411721
-407592
568551
769850
14258
717453
-315535
270646
777341
995173
-854545
352235
-535356
-490979
-454587
-531502
-626444
-151832
-270180
120963
460152
615065
899277
-33390
-682999
927712
-697325
-843028
253333
-282548
98533
-334947
309860
-332916
-565097
-675882
-615463
119368
594764
-838123
114540
740220
514112
579185
-750759
-940475
-952317
-377203
-92307
-222497
743761
-632156
-607432
643037
334454
-290430
570749
637130
-133458
-175919
-645419
965076
489135
664441
-367840
924038
988560
16697
43405
583323
178574
-842055
323542
-307314
737131
572783
-247788
784814
-804420
659905
-437683
939341
-972252
-45114
582378
362203
664456
153126
-668
-469002
977207
353913
-503926
466342
18354
128234
390379
6913
-855070
-566216
-409764
323505
-408270
913779
-983809
-671140
486562
-231597
-886326
682142
-571693
-324009
621483
-543944
630877
203860
818260
295333
-643015
-182409
826331
-665808
-828496
-677596
800534
189858
450638
190913
-803229
595569
624697
-212993
-80927
-783573
-299215
-64736
-454713
-812654
703668
-341039
869489
-868025
334953
490971
-411969
-34171
-305169
-593709
-738839
51817
223883
-912508
386009
395387
-590104
186543
-414755
860534
-622544
-217984
456103
-997847
569024
-624825
-781420
-730192
310440
-236133
-542845
14107
422829
-673357
146083
-242219
817615
734114
723611
-487554
-859595
984772
564263
364288
-927737
-49728
-240326
-517840
-863185
344920
-657306
-485729
-873065
798797
-483576
695960
-826028
-264996
965769
484412
498872
-577077
-501481
-78300
-250433
644602
679482
-432818
378716
403092
79629
519121
387863
-356109
-116592
460127
594164
643083
942287
730980
-11997
-715019
-754749
114938
-916223
-238324
-189102
-742251
496680
-223334
742162
-4448
199589
-759320
917253
949157
885283
596734
-483661
263999
-175
595968
-216880
-612312
-760142
666529
847816
834023
309612
790103
565003
-702386
-924917
810254
412553
-841140
-428071
-776550
-583390
-931391
116
-841229
64161
-800295
-600548
-18586
-851138
-715265
-421853
-334799
548734
577973
-738832
-668147
965662
-498973
998383
813477
-664951
307994
603580
900052
605608
678663
710306
18160
837524
-717766
241610
-745867
-649157
-758274
-587096
415005
-558569
-187643
-603582
-409707
97092
-25434
255494
-354175
-447461
516662
-22321
-481800
-982311
-23939
-668323
-647261
-715946
935257
-747209
889663
613920
963097
-92178
451443
-754670
-850569
705577
-403826
-608843
-881520
-988821
-167411
-69162
-592402
422883
-972071
382164
-321624
-326245
934704
-804962
651434
-547096
-787273
-372505
-215419
-434534
-88450
-280162
-181743
-198788
-666243
-218646
709034
785201
26684
858466
490777
622859
-750377
609258
634038
82212
-459905
-958365
-494906
-431976
423800
183471
241779
358503
378510
-106787
811407
591237
520708
-404012
-843297
-567742
315827
-25039
233470
649585
756315
-57497
434785
-217001
-199031
-74439
-594143
50592
-465181
-960105
-867196
74914
-918470
-362101
642939
505330
821370
-115282
-136167
199879
777931
-324760
-208884
298639
271229
-52180
730897
-412945
922781
-35633
-763361
679096
906871
671425
-537906
-292161
-403014
-132049
758432
