261086
-164919
430304
107428
653088
-773754
-787206
496419
828085
583915
-433731
361950
35746
-40608
-564040
160714
623654
-171161
655620
876383
-918183
-479090
409482
916689
698590
866081
756951
-344445
165174
401395
956379
-573740
-763525
386682
533688
889563
612929
746483
385982
441013
330397
952252
-197037
-633858
-88357
238923
526857
-464703
-932238
182477
-588320
-850421
703387
821162
-933732
401977
687243
823219
-942468
-147583
224613
-986090
278677
461088
400593
-187636
350651
13521
-441153
-263368
-545466
889244
-311116
257497
-744614
600527
-503580
782244
-864176
-435818
-35280
-452496
-286238
-331893
-631334
-219970
-929916
-944092
-396752
-872384
-91675
827862
-858473
-812999
288950
542120
-634
-360399
-444359
558214
376233
10176
447457
-934883
-732328
702843
665644
-235908
485086
801469
328275
-550194
-651028
-957964
117914
-282362
-177934
187998
-226453
425315
315614
681873
253177
457141
868875
-457874
-739
-131759
181727
554902
-573546
-442040
-434923
873911
-376923
-167250
576754
-711279
596843
61839
-909811
-74883
511646
-560838
-32846
-370441
156801
789220
817557
930349
214535
133170
612221
-532289
-409689
481095
9838
589572
-650665
-808436
144474
-224211
-250475
709551
-350301
372603
-457699
-773548
661324
-860856
288292
751514
64262
-200062
-809324
-968585
429498
347478
820636
247054
277826
35170
-619776
-109954
502882
-29465
-628859
-487281
-439893
-279524
-295716
704581
496265
453809
414132
-854036
-173589
956434
-627583
-512265
-904423
660710
-760751
159839
-539353
-570074
191255
890145
777404
11890
137199
55230
-952940
517424
945277
549942
-512041
-683583
-937339
48066
36894
-233055
-247353
-466841
-779246
-833222
-320877
47165
-876788
51541
534901
-781211
-287750
774151
378629
172898
-795924
-430116
63043
981481
581775
-799758
36711
628836
717666
-18012
178778
-794376
298405
241439
253691
-664701
-991617
-993663
-131542
-770863
-826884
547582
276303
-703672
-400878
-188796
-484882
311373
-414646
893748
-515729
-210569
-536369
547314
-229088
-954594
747557
807624
674242
465222
-210389
-146981
670847
-911984
-905543
-75463
-576685
-897159
-69125
291773
-668021
103991
-160646
608283
400320
438477
-580514
915439
-250151
4841
809187
234120
794273
-727182
-218566
-434815
-681776
-471010
-627192
992466
994213
162419
-154515
665059
250435
-60058
-410404
673751
42784
520471
-34477
374764
-375538
804878
-16954
-975218
243354
402533
940221
993204
-592626
749407
227324
-798353
-977776
-991243
-233168
-659551
-462252
139641
-667086
-468040
-697941
178400
-802981
552495
-881658
-213385
226245
161126
-692914
-808232
-464111
-68451
996647
518936
-43669
240001
-78532
-103448
233204
328843
-354041
-539473
530490
-331816
-530715
-702679
8633
7033
436963
341548
538994
739022
-480053
736013
291517
-361711
-477372
-482238
799416
-170286
-290469
-664696
761263
-293823
854241
-282406
946178
-224291
614146
179382
-895449
-739896
639909
635041
-71711
-890807
932363
936922
116227
369325
278469
-344780
108347
798416
-608767
-600136
-563295
-86139
-82374
-763880
743576
627158
-428575
504839
-666666
-574335
-777568
-720488
201374
836579
458894
305926
-903318
98802
-59033
24971
207996
-126671
-38107
-675777
-757346
-759639
-20557
351002
-961223
370677
750867
-524517
-715463
-331508
-288397
-971887
-704350
283028
532952
-371016
708693
755384
-91504
-89933
591962
-632611
-784008
688645
466192
156959
-286384
-325813
-969712
675509
-1590
-727057
915871
977854
623946
954649
348531
374812
-569869
633069
-956696
141735
661182
-661046
-575238
194133
-32062
-866545
-50483
876435
43523
-458522
-756177
259516
-769877
710016
-583526
-56261
-615798
-553237
-380752
382613
-280294
-464881
360467
-656348
-510232
-291002
718464
-80100
-657934
761768
-938366
-996753
-899279
-513603
197381
68660
-380147
-853103
-54905
663376
-311624
188919
-77109
-81501
-101066
339366
862239
283136
786129
-518514
-334251
-494165
16606
-973784
-150513
506374
-264786
-432049
-573727
77280
-670282
-512092
80528
-569560
-25695
-722092
499101
594158
-575194
-555805
257534
113182
633114
-819575
-968320
-467953
519791
893919
815184
305920
-624595
-519067
811756
392012
-492851
-338758
-101615
242364
229193
324659
-680356
558912
812567
400172
989353
-213129
678081
488454
-618971
-897114
932649
638563
216068
565763
818988
247749
-902190
338779
141668
912995
-355302
517073
-606073
-543547
-90916
-98923
117696
807470
-856559
-653111
132128
-536915
905802
-55306
863257
895155
731566
541338
383608
-887406
644224
316257
751158
-139708
-117980
570146
-891960
-20170
-91076
249708
-107175
553623
-233219
286753
-989924
675866
-812171
127773
483335
-668730
474662
-384537
-205644
380464
560158
-342387
275618
291723
-801050
-340775
404318
843175
975482
155476
-296534
-142499
-274379
-188494
837332
634546
-938787
-269844
188168
-172005
-983092
198244
-496140
-795262
-673984
987195
-463991
800679
-397342
330365
181142
-837185
987979
-543240
454539
-813072
115985
-141143
-969898
91467
-985667
-266432
948969
-260046
545075
786301
-625501
606288
-483544
562668
-565718
-466635
-239088
-61857
-261896
86929
-74662
274113
-112393
527996
-395522
-931251
690812
-407544
-474491
145351
-220616
641495
-995792
-190513
-267038
-981459
543056
-318070
-241505
88130
-531770
132995
-305582
-15313
-304338
128701
518052
456574
-933157
-743844
-456498
-7819
530269
431110
-479823
-865253
499860
-789012
-272797
-974632
356339
506588
666864
360547
-683926
-600175
379088
859130
81755
-862417
-52741
549986
270579
641678
-465328
966241
-229622
-947276
422815
-162779
-691120
966318
829402
839150
397428
-650422
973897
-102713
-439433
-298901
-77344
916907
-792313
-410480
277454
-476239
-10655
-343458
-617109
-928900
-205875
330151
621086
-935297
-28172
-844242
-969056
742206
-791517
453760
-420574
-482636
420078
-591172
-643486
-182494
-241593
-669590
714793
318974
31510
-362551
235880
239198
226969
-486666
762960
-783686
169876
-854150
-712586
964001
476002
908501
-971296
-552170
-935741
-940351
-809965
-727257
513410
-230538
-209893
-66513
178291
146622
750994
936699
477032
465787
255672
-491458
-896765
-508448
747740
330205
4886
510699
546519
-825238
656550
833934
-861238
132552
742434
-832533
580382
806694
-772883
770418
-920564
740527
-460120
-130456
-325986
718171
-983835
-574993
654869
493198
890794
-89459
-998261
994030
402094
749480
324234
-593020
260179
-129247
-418258
-83271
-295314
-279495
-950720
-552880
-112028
629663
-746187
115089
400080
-666751
-144384
939960
202793
529630
658131
218958
954637
313000
-287845
845431
-776460
-286105
839460
625635
-536625
163694
-967386
723555
-965554
-385644
-359717
-260868
334861
-310436
186253
-777167
-680774
440066
337923
719307
773316
-806462
659267
-23892
723169
317397
-804934
677805
-369603
-92778
523236
-146062
621118
362695
-520428
-915508
-473611
-487814
808048
-439165
126543
-551669
299968
-538596
137895
-513780
-315762
457122
926287
-977840
176429
699602
-784302
-164305
-324290
938867
-846908
-129223
616672
-216511
777999
139908
637427
399116
-497398
-883001
483609
28991
-370814
291656
589827
755729
739987
-110206
-782867
-122118
376015
-98629
-664996
302302
-76469
511434
1903
139230
-652872
677613
78097
-499779
-451610
-305231
283710
-673612
834677
-78863
725505
-662721
38136
209113
366271
667322
-499231
-43903
423051
-759244
845892
640184
118639
221907
-458446
453644
-475792
465086
-34923
526111
-395685
312206
203724
682413
812427
752114
-622819
96136
-921498
-788142
-982727
804007
-450863
55410
13120
915408
-277269
513890
-128495
-854219
754647
-282604
785966
-126715
939303
-672481
-673071
-536490
792606
292006
989622
-603079
-395789
193345
-920667
-583362
-54541
-543485
512775
23961
-331627
530048
-172032
217511
-414543
841089
132918
308189
354978
-995578
453971
109624
-278181
239936
982910
-338879
567456
-690161
124632
360061
601845
114253
756982
-793944
-692402
836316
-377305
253058
-707170
-864531
-722981
-38797
665517
104987
-821286
-749026
-53925
311632
559163
-698947
316055
13133
410678
-962127
-746931
393588
-301005
820525
703427
823628
180586
305272
-62120
-62433
511329
245479
-226117
-865977
-501463
66713
-730508
-224444
-972084
935010
880544
-793370
-814017
-173381
518263
745147
127672
-165683
-241720
-461650
-127809
11349
931938
571187
-168126
635364
394814
-987541
-59364
-667307
-49973
-548036
578173
723911
-414013
-923291
-209377
-144521
-147735
-181460
-209512
-267191
25170
-23528
559428
-456567
-278381
-312901
377750
479899
225450
-750059
-508752
157387
821128
323123
-207249
215941
335583
733387
548635
-714391
-814650
126808
-990480
-228662
203517
-199857
626817
-944218
618683
-582695
-211409
-356147
393778
-651982
187286
-884604
35118
-434964
595295
-739433
-185022
-913457
417955
-363895
409666
-789294
852047
-254752
944093
400681
30858
-870557
-472512
40378
-99219
731006
840521
-472402
786789
459204
-55097
-424621
-896943
-661320
-76602
290344
-545924
958517
855381
-950629
-780916
-329642
-864086
637039
306464
545580
847745
158510
-709173
791838
-440809
321685
921282
86680
-637938
-177938
-182315
-797417
349661
-395527
661788
-705437
179853
764846
-366756
-896750
55189
87321
-938234
-89431
136693
-719150
580927
272607
917890
-112610
-181813
765635
-954100
109015
557472
-394909
-569300
478753
691771
-207237
-699185
-490545
-4653
650476
113929
-342866
945040
-706219
-578021
-421716
-602968
477169
665606
-541201
-612262
-197702
-260350
968665
-925095
-342461
-143945
-106908
-576826
-98045
-997893
980646
507047
-567193
459399
198817
225570
760214
708273
-779083
410690
-177798
-121949
355730
115983
300031
934014
513016
-222800
599619
971816
164938
-598084
-288535
133603
-523178
369005
989658
369914
792179
-108387
372022
772824
-601340
804829
232223
597477
30399
-7563
305750
251317
-596873
-872049
-870633
758857
243935
429399
692870
-243050
-793401
292489
-271235
371537
694405
440231
-494861
-828774
-190765
-505203
541141
-398587
386411
-86837
-625763
785071
-282009
606461
382548
748391
-401103
-311703
-293
2024
-183752
129075
-239120
-939817
-441526
-546250
-182867
-234927
746239
545899
-863390
440644
-13871
-358251
611871
795365
136547
153012
-603223
-477042
-933826
-228985
-691972
-215834
-622525
690577
-467444
-23628
-621127
532264
978397
195122
-338661
-260723
255305
219814
193027
-927562
984888
-60735
618338
-878503
-620091
-395534
-236753
991780
-600170
899795
144791
-203392
-577248
210965
567623
-269219
995131
945099
-578643
-472313
-78529
-199769
-940049
-100133
995354
-278709
639144
250658
941105
-167829
323097
925992
771437
-58566
-952511
-848655
545901
-189263
-856876
945731
-289469
287916
-257661
133283
-501119
-690039
864064
-505989
-744940
-714579
21699
176531
85652
81650
-923602
81006
802941
715543
-668337
744046
-452287
654761
670038
-680851
-403806
717527
-529505
-857905
-471736
-386380
-912175
238795
901536
-169836
-627922
-599584
140126
-763858
-105572
395187
-478437
916127
-428283
607216
-2223
-351885
-311779
-199283
-636343
19885
-455237
-88629
-325354
-785200
230520
270841
932328
701016
412936
-539409
-685365
500761
699387
-783830
-669075
-928536
-383413
471052
-692394
511015
-133762
-170831
427142
437956
-563615
-575082
-913929
124607
225636
-550271
-855509
770399
361100
-180863
985200
-408380
-910023
917527
-707364
502913
-621882
-392729
3674
-922496
-176558
334600
-851032
440029
-194348
-543425
-48956
671891
285745
-621815
109847
722130
-196897
195918
-153264
-971261
645648
-8772
799138
6748
810366
784338
598369
900343
701865
891005
403256
-920018
-501725
-593070
-842513
321717
741530
-693544
-238254
-452818
-236969
712790
-780928
-951225
-909026
328919
770906
-105922
-475163
-382359
-77183
-829516
608870
-278045
177232
419235
-493707
-224400
319578
-791843
-333396
-277167
-711860
164880
129764
-554373
-513404
-128706
-247916
248342
418476
515115
-38868
637549
563890
52107
-33533
334796
946185
491305
952437
-130998
661789
561306
590958
-160979
-19460
-902750
614621
-699882
-694592
-718775
22952
-406452
446105
-847285
39176
932702
24009
791260
181044
-557515
306374
-857825
-919967
-129736
194282
46501
-794941
140467
-462195
-842504
-990531
-800406
718803
600427
38615
-300657
697678
-346765
-539
-996915
-65539
-977588
-403366
-619434
-824873
635810
-686733
199137
427069
494311
641622
-266557
636487
721656
603708
-169232
-231844
808768
971235
305962
966264
980705
505556
685067
581131
-455830
-615591
278809
197406
383870
281894
-868134
406283
878529
-487567
581410
514338
-174300
-219453
-58594
-679989
-577831
674850
956498
-856176
278557
-212734
-88019
87324
-241499
-782058
53588
-260795
723498
-261346
-679664
-732332
123063
599145
465074
-493067
-118961
596941
913216
-240433
-890627
494626
-726096
-64926
-724827
215311
255085
-302658
-109839
211583
-158834
-831283
998849
753147
256042
-242651
971090
-690370
496554
694587
48284
816890
962255
-828653
416035
427329
-321719
-702927
24269
-408503
56641
133643
-913877
330545
-931284
-638704
-454144
323801
58638
436017
-464617
899805
604735
-465768
652952
-139223
291581
624041
170407
-211865
318628
-781309
-394975
280883
-609961
-978941
-291789
68321
-681867
732481
659819
374774
-133877
745942
-294681
-65161
-892763
251176
-741360
165876
-312807
-205976
65681
-708072
328256
-281368
152705
-380164
-657327
-676888
407972
661301
-458196
-987004
-57817
-68156
-965944
650395
-999836
-647810
382875
659983
726965
-751002
405924
-567717
183838
513162
683460
442478
-320962
-629348
-763498
744720
-337420
564758
-536648
815286
-815406
-193975
-861603
592566
-532674
-319799
605563
409510
612046
639620
59904
612210
991810
-557221
272193
718774
-308222
-321883
-848943
875616
-808721
834518
318094
-129683
-794831
554596
-384964
-132250
119353
78388
-316965
303947
884414
-178567
-103488
-648261
501635
-497925
761249
113680
-858306
-178847
-274111
-866497
263932
998083
852278
955710
-323801
-996665
831326
-132522
837853
149419
737796
-956979
-295986
-647169
-89228
823367
431220
593807
127314
315634
-584760
-976174
667373
916875
-474099
428622
30554
-332405
-750226
756444
-198901
513707
754526
-346624
469417
-569275
-343289
300742
298203
-505437
-549839
35998
-462415
154175
388830
448357
-22458
-179950
42164
-895145
-864317
457404
-871318
803056
374279
-345417
231678
-595168
322179
481452
-838724
-876723
-4841
915803
-223346
-535425
-653473
433366
765318
644730
927930
-784522
-319272
-534485
369654
-930443
913873
-652805
-110393
-43963
-547949
25291
-586560
-419267
-171653
787720
235316
-939976
-807449
-442505
541477
-646172
-319227
-463365
-730370
457428
1211
-383843
-109206
-233472
-739113
-181277
-17993
-58384
284239
-648340
11173
198112
-301144
900781
-845852
150907
-73928
-432411
731640
754419
-644692
-33044
814443
-452141
524452
355920
-98312
-794776
892555
171318
662652
-106234
787476
-446555
660295
-951637
372169
-357699
-10021
-343592
-6038
-998848
854520
692818
901934
-991333
-156276
-171995
-423744
-424636
-417577
-68436
542321
-603134
479424
66772
752786
-618889
271996
645341
552430
-65352
-460894
339905
488094
-800599
388268
-139737
-158298
-621753
516671
835665
-620601
371191
528482
-718668
379858
-627794
109337
956115
-52429
691761
-112321
-510109
-911374
-632897
556663
841413
-251785
-171341
486753
-699356
763307
-974141
640550
251401
-774740
28818
-888337
66963
407065
628335
-97373
786465
-475
-568891
-932204
-620617
-196684
177133
-664503
750887
-131107
223177
-759223
-42480
590280
797441
-201068
-661506
-373901
-714315
-360861
-610594
-688456
-720311
640807
-463195
308507
752470
603768
-284428
380804
-493605
-497964
-619671
-62496
-430168
-240288
740821
746966
95210
491707
-384141
-681614
732485
573379
908666
529925
-627689
-752840
-843976
-342004
-113700
-454570
-30459
165989
-813764
506346
-525504
938707
110113
190068
319510
616508
692105
699839
-445988
-738063
-540449
-705167
-991098
554761
786541
-375238
873147
519025
-801859
781813
48950
-429548
-971027
204975
228449
-84727
750405
-802011
-918738
936642
704335
-444242
875348
-185552
745827
194857
-569044
437931
-105304
-15031
699868
354247
279802
708771
-90992
66343
-666468
-217846
-414632
-468327
-436033
634318
102126
-407060
-160707
-669426
508214
-410303
-471436
589476
-473662
-767101
-854767
-598315
47347
891061
596543
478304
328991
-508761
-536727
28859
845487
743076
-262371
-245506
-190582
71162
536649
394786
602835
-899385
29104
-295039
-306444
868397
35535
-798231
-541906
564100
791245
-15568
796999
936479
386118
-155654
827539
-17339
-677350
156530
473900
-214077
-814612
319387
-471002
-76982
-926119
338416
994181
610530
-266798
597016
711146
762306
-698024
-595299
630702
337512
-393530
-911205
-98389
-602286
73228
-301390
-665808
-540654
542956
-838269
442007
865606
318261
-84093
-348471
503650
-764707
180527
-573332
-690826
-481057
-579152
919705
252145
-982137
630850
14451
-680161
-964450
-354848
657352
-357979
-266052
-441038
39735
807176
257572
373928
-733479
-199472
535660
708529
-333866
-146080
-375565
317663
-642430
-140271
-501810
-215762
168904
17134
205086
88608
-730721
222950
-280542
283730
542790
-244991
928883
200141
397030
-337170
759104
-563235
-529994
16675
810694
-263472
817204
346353
-554944
-516662
-799728
69492
801002
-442157
929221
-700809
342081
98124
316326
-452833
-813268
585605
770117
-93809
-130665
312907
661201
-201783
-486953
58230
461047
-727850
494996
931054
288826
305689
-332419
106030
-347959
112637
589368
-147686
-817872
390369
410157
-888651
689561
-247762
209474
5887
299405
396207
-408508
69522
-697602
460827
-617572
963599
-740957
-104524
21829
720091
167627
-483176
651145
-543547
822513
-681275
562483
-525446
431363
151851
326868
613492
-457781
-262975
724841
-768220
489263
-65685
237667
-211332
-669479
829159
858190
-367081
289985
-759382
-403482
549029
136095
618347
269120
-696279
-864830
-79736
-239825
957684
238989
-677343
-567763
-329649
474508
759106
-716157
-983273
-503870
-991316
-751493
985394
-57001
486174
-225939
273521
315332
-367749
906440
-394683
-127130
-497043
-845655
-991036
-878697
423465
-687314
-743526
-656271
72861
-785843
582718
395519
-353605
-746931
-129973
-594500
-463088
-113245
-98369
-454404
135262
-112975
488596
-378564
661086
-237884
936769
-706663
-331444
-457915
166207
171513
-303569
175171
292817
-880104
487858
549292
-536375
-439281
763449
-953657
956239
-590156
-700588
-173735
-184656
-163675
713020
716976
381922
-151718
-396000
-129483
469718
-734914
632633
406487
-441577
-698812
948572
724630
472702
-354997
-100199
-234481
-235100
-612341
-685190
228525
-51622
-921741
274869
-95384
-511897
574282
730882
303448
-589394
443902
20424
792528
-707817
624425
-336956
761901
889511
-704323
168387
-552066
-403135
116959
-827437
-930434
761963
72365
-164914
-473138
460024
149897
755388
-591598
228156
30256
313019
716260
-395462
43900
19708
15144
-512199
-959868
-192328
-220015
664557
470717
-458115
554068
766394
710273
-997999
-636742
-172768
-825436
-567175
-410805
246930
267912
116058
-293046
-582192
-128555
115356
645965
901702
-571625
362224
-493761
472275
-618068
521384
960077
-577936
-670945
-259939
-913379
799772
281947
640689
566166
-7780
642690
929425
819453
817255
-637750
-591353
64184
630162
524705
771139
-952031
-603850
-113505
693934
-702148
314870
56158
-195909
-212855
438091
-674525
-252778
860155
-345470
487283
946776
-545698
-230770
587464
-979533
761451
230154
949893
580903
47408
-687858
989551
-888408
942304
514255
882731
990274
910406
-230775
684208
-791743
-915905
-259634
12349
-128760
-821544
337825
618462
-961389
992355
105745
985387
-553343
874975
572851
-532875
636425
-196995
-582983
217328
850413
-270841
206878
962005
-328537
-278867
844736
-338264
-368462
-386040
-654056
-160204
-301944
86310
852146
569296
264766
189970
187758
303377
182325
-706497
288764
628983
-831523
-138385
-903893
804903
664620
-486875
22230
515032
242285
-770892
477037
913748
-49759
321772
-424516
581780
935733
-78572
-578424
-366212
-992263
-726278
-796916
272503
463692
390843
-424120
-353984
684346
864644
-725002
852824
-273742
-628894
657726
-609123
-115769
-320044
905910
-873485
-90935
382946
-959737
859307
-295282
-384253
441087
-359549
537175
862663
274239
544913
-863616
477324
-182584
600077
-131834
393296
-753907
-447488
257939
-478908
-594665
984198
-107802
-936939
-624926
776430
-256982
-719016
902946
652083
663931
943210
511389
-631352
-441044
-47524
9099
-903869
-184862
-716662
641044
-48477
760663
-541541
-448400
-371171
851756
-202307
181341
109694
318785
586676
93891
-789017
649738
468966
987414
-607245
749951
890360
-955163
413881
833569
556227
782529
-607475
-491298
-208372
-511344
323841
74966
-870300
-724636
-164372
-411840
-173035
464457
-560085
624658
-354202
549610
-56557
-767526
-356499
154427
882212
-887533
141841
-725033
862418
32200
-680196
276298
-134232
876032
58826
258294
-615266
850454
746951
708576
-74580
876651
983941
761049
-535189
-189095
225506
-95274
-564437
871304
-545664
379006
-896223
97837
-466567
985990
210304
675274
-739044
72721
-292527
-419239
-650982
573242
-543207
407845
-168465
-158473
258299
-421515
-449897
-816282
-544864
-465957
944768
-80053
344948
170273
824674
780511
41576
-720991
159517
145354
376847
692951
131343
-412850
368224
392300
659872
-924303
973061
-991110
648939
-570147
416736
-519526
271381
-324966
58960
821484
-141247
514097
-644473
-196480
-565956
700475
973793
-741283
480986
15369
-462273
-359497
-839278
914574
-666547
292066
-498276
701677
-315635
-838404
777375
-342575
-829513
426314
87279
587223
906788
-641341
-737744
-34252
-819857
121010
-520155
-464330
924530
-86111
-763855
898323
172607
717132
-86309
710335
-642366
74414
624908
-308912
-633521
-873368
-607235
50845
-711772
-829861
708271
-541285
596453
-204450
-954062
503241
154209
-691805
-531011
334353
429205
-51166
870023
353735
862724
-893833
252057
35330
823300
-834252
-254336
-819067
240163
-629428
-127978
606643
-502795
264787
-342513
-214566
434927
-634242
244149
31379
161308
290088
-465380
-684483
598283
3609
649870
27487
952444
519892
-618778
815167
626060
633280
-149503
449359
799028
596162
630293
39191
966734
-497686
-354167
-536062
767102
303320
249372
202028
669079
-506479
-766594
-169614
783609
-231973
145903
381892
771636
-204228
-590621
724079
-684336
-209399
539246
941725
-576120
-610258
391084
-777092
985904
21377
262099
952638
523691
907932
-583424
290793
211252
665949
-507180
-119670
-840531
-273773
710716
943079
494254
-143381
324971
265889
652392
734350
-10032
968056
-475050
-470787
909781
-51169
-81044
300865
171739
-95141
-677759
-566163
-142503
845932
-658231
274073
136725
553021
-59979
629545
-566649
99491
-644229
-855933
42570
850026
686
-632460
115915
-346923
-898111
-894118
-378867
-373160
-364904
-469086
575671
554052
831779
-252591
-541089
-845981
181247
316408
999952
523016
-409520
136676
76037
530502
-233779
509388
-370008
121993
653455
672562
-27982
-345860
-959898
-912068
307218
-858008
-806185
928352
-231168
-171088
-540735
-655498
-617037
-708957
91912
-158125
-554938
-726842
-841718
-554986
796175
-251237
581690
-127789
-720736
-652090
-618402
-90743
469903
-964947
-418181
-558080
-310806
-378079
-470147
996412
-236087
-276331
924763
532745
552581
-615972
877248
935545
-324929
-30841
-222581
120134
242318
-64298
565148
38492
684465
146837
910704
963730
494748
-707699
-127014
-35349
-672645
454805
406572
16549
-923274
936425
12961
-159360
-339906
-62276
-626616
-787326
321752
-749368
-851782
996823
219792
-74362
116957
-537891
861340
-317896
500602
545804
828942
411305
509534
323690
703607
-617481
-711660
-969038
837325
694912
47511
914052
631337
-939529
-245309
-708570
-1804
128076
-495896
-680053
378708
-347677
-683230
-401500
577961
433727
60609
439300
-884169
-438789
-14896
944773
972517
-505363
268462
676124
-122843
556803
707086
-285518
251714
-245404
-371467
-116950
-184932
383225
174480
813264
-488700
678585
-866789
890009
-669093
-550019
-511492
908868
883709
549117
348168
999540
-889672
-666728
944313
-917156
-172091
212775
758969
705067
-230423
466054
-580452
-978710
-779350
48082
-95659
35718
-568694
-921180
-151018
-57394
757406
-17807
-167386
-911688
432175
321122
997181
315883
-129761
345349
315423
-19432
678621
259735
63413
-493470
-527491
-177619
-788404
242087
-711566
-368855
263378
-490916
679227
-832282
544803
-889467
-753461
-606216
53139
-996056
375978
885754
-907743
-191848
206876
-910562
-875965
-922885
434787
439458
57684
113407
-300807
-878904
619938
171702
-56523
831534
-586211
231912
-537322
677167
740997
-858096
844886
285799
-747562
-908575
679584
305577
-904630
55562
191331
-812373
863715
-601793
-722934
987750
-524677
711853
427208
533007
-174740
-873600
654103
-554803
298103
-402420
-723269
711892
829493
-260591
389059
570489
-118686
233944
-143712
133752
325369
-464129
-560671
420739
591433
630661
608367
455148
-971133
885433
442897
-495810
597286
-129895
-962804
-577454
-3495
691300
-132256
-705393
-711120
144475
-993501
-881628
883884
395558
688862
-234802
-370498
-454851
898950
954871
81021
-661721
375610
-327546
968940
-16023
-872399
997807
-130590
570499
-498003
-533304
-559397
-460806
-110758
437108
-769507
756986
731716
-480626
-98540
738215
-362254
-214656
133773
-673393
550542
763275
-128243
449492
718146
952778
787771
93756
-374768
756711
-922268
-247167
754518
-52857
-676669
-743486
413839
-236065
-204292
-696919
-798957
26202
-939934
932759
545576
-38473
670974
-816678
746872
-195254
-490070
297414
-431979
381687
-253095
-713834
334465
-465324
379922
959697
-708613
457655
-287470
-954096
-595203
35862
-697582
818637
799797
98127
-878283
-999160
-875671
-818216
933599
669905
143311
604573
853227
-109818
-590681
-636844
-812405
-22660
744844
-65499
263506
79309
469178
-356573
39006
760565
-898919
751536
806469
-494121
-212603
-891113
-675485
-412806
207015
-553768
-411966
331344
-371984
-478367
1248
771328
-873795
-145525
-338490
-464476
217632
-150894
512864
-37524
783608
-223630
-958216
252785
419797
80790
13349
520879
-167674
-180182
-973242
619724
-71295
-648727
-793082
-864280
-202494
-205048
467064
425523
316586
-531688
196851
442792
322788
858361
978317
-459580
-292533
491180
502896
-508926
-732450
544681
743860
687348
-374529
-242792
208226
457797
577027
234985
77520
-494268
586258
284438
-358548
-616236
-920610
-891485
809288
395977
-423172
6138
-161232
899616
-135501
-182916
-559965
571966
-691736
942931
-936960
-424186
487612
806900
-736839
-886918
-435892
471388
570879
-858866
-293628
-351601
-353133
-707370
932838
288319
-323605
-987772
396834
-514318
408205
973663
491821
-753028
873278
-643681
64057
-686688
928286
372321
-743757
991326
948136
743855
798226
-788703
856937
-637667
682685
427816
-496532
-610943
-923786
150335
-318312
-990948
-561346
358083
-978720
835489
843766
429485
809151
335586
676458
682428
691905
-259485
995740
620190
-887164
-748017
611516
-939029
995838
409742
-727731
852775
772076
954955
280590
-724457
-655989
356805
425879
25700
365857
864533
-616217
387137
700022
-772452
-183378
509172
563134
-506920
191599
255039
233595
187339
-124771
346432
439322
-513256
407403
435160
896487
679673
287934
668562
634627
-431476
944106
978639
925329
369984
4338
291186
234517
388121
-321677
-65462
615669
494945
-556290
178803
988026
635309
-566159
221621
-177352
309070
-431948
-738031
795815
975456
697130
692301
655128
-14937
360862
289754
553587
304967
268392
478916
-325049
-727270
-229899
909469
660851
448424
-155993
276520
-56631
287717
-544678
-68606
-76974
-110836
-846985
745674
-801767
-278933
-992357
994049
-303478
704773
686350
-648350
-310164
47211
641404
-756577
-647822
-90204
722339
27130
182526
-507560
-63401
-156623
940864
780606
-880104
-115767
68323
-424781
815627
991349
464383
968643
737022
662616
-310291
744665
656665
386232
449437
343014
737882
-860728
-609775
379286
-617305
-257597
-710918
-894966
769534
471608
-402526
-293868
-685015
-461662
-513262
-565119
422571
555061
10100
238198
546409
-525518
206840
283430
-862902
896549
28095
793763
282781
-522469
136776
20663
-383196
527001
-600052
-500
-730596
-310969
104534
-961063
-839361
702008
-254930
-524376
-759655
231809
-89495
662917
-213131
920606
-98886
-666722
-604912
-892047
616708
-467814
-995498
-355198
-674052
287283
122334
462725
-692055
739138
-10275
-292106
-261363
259130
396925
843172
298068
557564
545179
-956863
-966812
785525
274947
-56307
448441
-938185
-135701
-650446
-604907
259387
-542492
-988199
791573
-537990
-343396
-882479
749293
778939
580246
-942762
518076
-430029
-234868
-743287
829101
-837943
-900116
127169
719622
645064
170307
752810
430589
-554747
-303497
-120970
-492931
560802
228585
-97838
-179812
686093
-86036
-388239
-851898
570569
-270717
897396
349507
-690472
954634
-132417
-120500
-280234
124297
-291399
-118177
224182
835770
-398555
-130755
6077
-645745
-700166
451330
50758
178864
958399
-388440
-592551
-139439
431748
-906459
774525
-956491
-758356
345094
-227208
-860961
-305400
82321
-906328
562183
961822
-186562
-313520
-329578
695262
910662
-493808
-703294
-220093
512269
-349039
79741
-36401
701720
-741395
-78003
-686721
-333946
782558
745028
-240404
557083
788538
1240
-97824
-438671
140279
596777
643651
233952
158960
605472
-952611
845440
-724106
742652
756101
-217913
-960642
-463993
-705645
-309680
615748
257955
-607961
874354
-820049
-294681
-459592
962510
-549654
300004
519592
-761117
-698756
-578232
-199787
441524
-981456
-556137
-324525
177504
-950665
-277135
22943
-674771
-534484
-220957
107316
-495125
315051
401672
195195
-69202
-340374
587235
-194848
-160422
-707447
345560
-197913
-257100
-354436
-678322
-18216
-53192
-256553
781997
-611669
-238009
-774140
63807
939495
-724805
786672
-37562
-399575
-747812
741482
707742
-242937
56532
109413
952258
987331
769040
539492
-207518
-391383
832046
-861959
410704
-425055
-216394
732383
556730
730414
-524171
338727
-881255
237821
564587
182552
177316
839783
-30777
-860247
-559793
221411
881235
-852052
978474
-62234
257362
930732
-74904
26401
470224
717578
635019
302270
855620
45722
877216
-360774
-221895
433945
-630360
253935
-227329
-511615
-508245
-662743
670938
669071
-822960
-359840
808825
-382752
861572
690059
-234803
840046
-372176
-977442
770778
552921
48960
241001
270499
-316022
-456730
126119
729701
-579514
765345
-492194
854431
-865016
761741
-372899
-376630
-746504
-35641
-705693
922567
141399
-65532
731391
758647
-203960
421450
-476157
-363914
-950726
-453598
-593137
602195
595362
647865
-127307
-720660
-808865
998813
-990959
-388379
764157
-483153
-533949
899142
-721413
93153
-477489
-467917
-942489
-183182
-545350
198911
751287
-813959
-42442
-452674
607492
481402
183412
656766
-972197
590276
258960
623166
238140
-868347
902506
429275
-869535
911548
-959104
894623
-571606
-493053
793764
-293018
600101
-683725
239066
657612
133094
693717
-143477
-115620
879758
814081
431707
487249
295482
-384882
144014
323286
-794607
-597026
-53549
443534
-465373
-151043
-127191
-334907
-239496
-86295
-440285
188898
420653
-646521
895880
20753
-330245
134946
-321635
802849
-171338
534888
-312772
-291581
348969
-881065
-804332
-355550
-265947
339683
967736
-60553
742658
-85813
-617020
-722715
763144
255790
-57622
-476353
-830506
502094
712546
590147
855574
608426
-389100
-474672
-256629
289265
-671824
572033
-175847
15405
-719548
-826879
134340
-523879
-182428
868394
815805
-214692
-192159
558462
699495
190821
835747
462638
-553390
-221875
986286
-383895
-719781
698832
-793748
-864208
307258
-182848
-338880
-949371
-893583
-10704
622663
-69430
-995299
903116
103691
139042
-620764
921264
7435
-804959
-293429
815276
753503
-593935
6097
589250
868704
452708
-632625
854990
-931188
-352406
553821
-724935
-216614
-138921
92217
444507
-88292
198634
-566197
-465630
-870796
-561496
-562515
232896
577546
-183278
154159
-415019
11763
860730
-599743
-234734
-733206
406354
-645484
-864502
-140938
-278109
990488
-72125
369485
544309
202940
-847129
-594613
-704844
597378
317095
493791
-968820
851466
622995
-530315
-711050
-144110
-952769
105672
-989952
-367788
-882565
870779
32469
-117299
-862427
-561177
237217
-726929
297885
959109
-736442
-774241
328593
807867
428700
481465
-786746
723857
78843
530350
217647
110023
381815
-159358
579709
670766
696533
626940
-223563
706582
-740848
-106127
577360
291621
776574
714933
730445
13791
988004
28329
-27101
-748438
254089
-698508
-940571
-317211
782958
-727317
-593355
-138200
803033
624293
971824
184848
-535066
551532
-144387
-838534
178472
632051
868049
437624
-474077
445408
-270755
-697503
160341
-540311
316289
148345
488019
-710812
399908
-257893
-409319
459337
424897
-626362
732021
831542
235438
535054
455834
207262
-280099
920769
-241207
575514
-917765
937266
207564
950284
374889
733488
395692
-895867
-964016
-443968
-436177
352273
704378
-948159
641462
104285
-206051
-767858
-436379
-781155
-394220
-704359
-949614
841219
830695
506221
48480
-449404
426989
807274
-873891
509224
744539
333674
459507
119428
67161
-144802
223562
103146
411231
787385
-544582
115608
839226
-903121
-780108
-366825
-670978
-216486
-147980
-65198
79156
-97593
-223979
-90149
-591373
824501
460447
835616
631775
586557
344839
376314
-79770
-195655
-504259
987391
659544
719304
90537
70774
506688
545955
-813618
345914
642835
-593726
979089
971857
189789
-168891
-93341
-731056
733516
682680
178795
-857858
507181
-360758
977759
138956
-774202
322597
-484731
146028
-873058
11011
133419
786487
-269685
-776045
-142740
-762998
769911
43643
582917
412746
449917
562005
384603
-360294
-606887
-708739
-91350
-873372
973942
-912555
-731229
481123
-273313
-753471
-379922
-47515
569127
135348
-901487
696069
-853641
231933
482555
-123326
455888
-660185
113677
225799
383458
-303407
-361456
-166625
-741403
-976853
473081
-348289
-685591
-618269
-221660
-711650
-530823
47112
769474
195864
293641
-610449
-851651
-137232
524900
-753137
-441163
671260
478796
-958608
-452067
-65317
-618792
661611
-839519
764666
-641797
-200974
-401959
-383199
-177827
-928878
268513
136582
-547146
-953148
424933
-77969
93964
194406
-882105
-612395
583958
-733756
250374
108858
-486893
809211
-219883
991903
850603
328051
-73414
-768190
-10339
87068
996477
347864
886095
-405482
964666
-291733
-334360
233178
844850
118494
280030
269783
-959475
-626006
-535812
-841580
-238400
-951854
-575335
-988027
157004
-62228
821185
937122
-70325
671787
265172
856262
903598
-745168
-56671
900075
602697
-170576
-505408
567362
537692
160233
-199460
382541
-721273
-919430
-347676
-680748
-545436
116513
-522327
216165
164659
-97662
228138
-678337
840111
49323
-741216
-230214
-278891
523957
-373953
-375293
778790
569377
-475219
381486
-601200
19374
-51152
936492
-820394
749388
319033
-541667
829959
971357
-222414
-715477
87869
255259
500688
-747472
-842404
-271174
-425808
997708
778149
-167023
-232507
-500742
-643067
393540
123965
-864278
-37083
648747
517209
361718
-331880
-533943
298210
-152273
-784555
-382758
306061
-954597
-411401
-916354
-670074
676469
338906
830614
928998
496502
-440560
-496811
494210
-662412
336166
-738298
-163153
693100
655243
960813
828823
-381841
609559
346031
979877
-722321
812088
278087
125407
-972467
895329
-568533
-927064
-516072
-484886
-597137
-839603
854020
-766524
-910606
350522
-207083
-407416
-155269
130505
928750
106433
967353
621850
-238325
928165
450672
379835
537723
-203297
359712
815403
-391209
-362202
-59191
-363676
-466873
372277
-290739
17055
887391
112124
177452
741410
345601
266847
91931
-861483
859431
936662
269023
788181
43095
236375
410030
804770
164539
-139298
184605
-297738
657405
-455684
-482336
-733805
182114
458474
-97480
715242
-169250
611781
-267704
-281859
-276096
909749
-540450
-930496
176596
551482
-791979
36026
488144
477044
-175793
-468762
-286582
-765763
-663992
877958
94939
520613
-419781
-247656
-935071
97884
18540
247044
-443643
921060
-37715
387108
532840
694582
-894751
-743257
604331
-435200
-673753
-219074
-883719
-465731
816953
604426
-988687
-358841
-864337
-275268
-124604
-528328
-397311
970336
992285
182908
-277321
-942786
-719208
741219
304258
-162850
662278
-733458
-775742
195118
961124
-670493
451861
565454
-105693
778109
-653620
10589
-687622
-836668
-384986
-676309
-195508
-249322
48423
679889
222350
651112
650224
214635
-165980
-627097
271849
114812
-885879
-423894
951963
776400
-157352
-823780
-28482
-196228
-494273
-576622
-630774
400035
-798513
-284394
-589376
-486134
-121062
25638
-162443
683431
776317
885981
363319
-1334
537093
13542
-786699
-628888
386445
485150
485925
500567
-938744
437888
276967
-96095
614108
-751516
707677
-880165
-328137
-923097
519870
-126649
-207491
930494
387217
671448
-43868
-775227
354878
-267552
-889246
-281804
731115
647847
731739
944416
-981041
118183
429566
504885
-381250
490822
-57228
895717
-605274
-443121
-855799
-897597
-323286
-183936
-820694
-803416
689415
-28184
-872922
76631
-356737
83210
301405
998142
815659
412159
-283663
546773
60005
-551925
491189
78964
566259
-79245
-416151
-814992
-588424
526621
-919275
-193697
-916501
-775074
-91293
-239786
40990
88014
-43201
-269595
-940171
83877
807036
-296907
-832914
108441
-298766
982745
-479401
417572
529518
580605
865648
20707
-340431
431906
941462
243418
616915
-646962
-229962
697641
159342
-146462
922567
-931951
613753
-36443
156063
-429449
693963
215893
654428
500999
918987
821515
-390561
-379780
804260
130038
-962208
333777
-289357
903440
-645516
370212
335346
-704054
-386371
-47739
-351015
383667
-350099
808328
-762796
-427532
876377
850958
536026
32440
-578492
229988
-751668
-924065
-269014
-832682
897451
340426
-212461
701710
-529537
-174669
35487
181106
-271229
389971
-448683
-935883
685918
164947
16378
-665098
-451387
666280
-856771
-214182
-761253
-980394
-363225
774774
52046
58284
4762
300378
134219
735748
467697
31669
76174
-744765
-266621
546637
80567
768866
-272257
809338
158837
279061
873455
-155246
-555993
-110167
179657
-7379
-443888
322886
778440
-205141
342492
-584786
-430367
-605463
473498
574395
694916
-392283
310143
162612
639387
-613684
417848
-627235
932954
-501586
-858369
-339304
-692248
300468
939758
-818793
-854779
-616235
71040
324878
376387
627152
-352236
154826
-577989
990257
570041
-8356
-615206
43539
-433961
-920291
651256
876182
242322
290643
-737503
-339830
663409
-804550
158585
805040
-143853
466337
105507
-204095
647545
250729
179670
-281415
-424393
-443944
-654263
223371
710883
-232252
213628
280923
759393
598422
-675539
-674569
678132
975718
-798387
-79547
266360
-535890
580623
-70231
-340439
-260793
-265192
515709
-794456
840316
-688387
853090
91045
491284
-428326
666653
-952660
-82589
-109976
758223
685159
-896349
39145
444552
702073
363607
769984
380204
339324
971597
-699343
-394316
-564293
881281
535453
95268
-379513
-729739
-389023
-173968
-889423
-77410
-320879
201623
-586127
250795
-131725
-538786
-831795
758299
-780564
853365
861950
258582
297917
564022
-377812
67900
-55774
961513
39497
244883
-432804
475204
126163
-897351
-429528
746651
-627089
181449
-427317
-516512
-895961
251805
685111
-482087
-497401
-446614
-20873
-329195
-688316
198563
-475830
-826367
-542856
822088
737656
79333
-110012
-318119
40845
929485
926765
608042
404689
52928
710692
975161
-200421
-916397
156610
372263
-432908
260649
-375933
-747797
778562
126667
-194411
-242312
797472
117273
956252
-678358
290906
-586604
-856271
28562
492729
33717
710444
-466426
-36798
637208
-858384
-632110
-309864
852309
-656950
489716
935912
499661
-138022
-496997
-239691
486045
-244794
-461129
-387289
560795
296560
-589817
-321932
252811
-268174
968974
666208
-124444
-2464
158936
909274
-292021
692511
-127525
-654813
834128
240365
35323
686436
583416
-474962
622347
83076
387016
-874650
843386
-126939
-119444
-617743
485772
-558649
678817
895956
119419
-68372
-372219
88393
-402165
503338
-914072
756772
412611
-206093
449282
-714915
139094
283409
525451
-825583
-30155
108867
-300545
-407809
-808057
-913529
-282459
-964672
-40467
598098
-582414
-554695
-960552
-903598
-658740
158868
28031
-30958
-752740
625866
-527621
-666812
382638
884990
127096
-168080
-829925
-733811
-884672
695526
-559394
85174
-195607
140062
677365
-3664
226534
-605094
31664
-813934
993004
449251
-368629
-967548
545653
-27368
191320
-426317
941675
438581
-800451
-585946
771769
582187
-700956
-101136
-585894
-530881
165054
-470565
-835355
605661
614609
-30962
-254278
291974
965374
972257
686881
-2962
-841677
679885
-553712
-210306
712337
991942
762327
-96343
-434375
704002
-657763
-234825
-881945
-885994
-652639
-582901
12871
-238532
-113782
-822075
290904
50864
783586
-94487
-980099
-470692
-802514
985276
-498436
884368
-17686
-340113
564252
428602
449582
276589
420544
211909
-819754
986169
-84090
-477517
-248657
33965
-363510
98705
451064
649362
860173
-662718
827287
151077
388146
610872
-943411
408048
-859820
-745924
393324
-358255
-861557
-624363
301633
702695
804240
-248786
-20716
224783
963124
159530
210952
-120967
682014
962296
912999
-681497
61000
364063
967865
-78827
701345
795152
-927751
89491
406023
-871161
-502462
546204
-617085
890862
-812052
-478642
-733501
489581
-775947
-929262
-759205
203338
295522
-796082
-637133
-493527
82952
-955120
-531231
-4050
-636616
529769
-639987
-668751
-549058
-938643
-873600
-476808
150849
532424
-347969
648388
78627
34946
539250
266575
556305
805749
-243845
780359
876487
-3050
-16304
172009
200869
346563
678483
-716180
391444
-852749
279771
754829
677020
639784
-913923
-872038
701142
-787523
-348846
-148009
744901
303186
-499622
-176472
-661868
-960373
-909898
894437
845376
-153742
674796
721863
843209
-341509
-106129
44077
-994946
-427647
327898
396498
-280395
-392332
151326
-603376
-752548
237404
-475413
948595
449881
175741
-199415
194782
-521073
300963
-981691
-182941
340591
-891588
-288504
185966
-45330
-613709
-92171
-202122
44783
801701
841956
49837
-625946
169853
-553665
93659
777522
597662
490284
-975026
-164935
-985130
973569
-715054
190612
-225846
479729
669539
-924883
498039
-513402
415708
606451
198094
-398326
-438879
584385
509503
359000
-370833
311203
200955
679005
685258
-629193
-874661
-221084
-851671
723001
-730801
-826697
-441934
-715931
-853128
-156987
474682
-78974
-677259
144220
-3857
820780
630818
-588149
427230
-171088
13525
988352
-586704
-476972
347351
42464
834232
-451695
-278532
519489
-80887
-153192
-701595
67442
-430191
-432396
240746
127875
-148326
387618
970888
-673645
-691357
-706371
470576
304787
-885592
101394
716639
541639
930307
-269836
529990
-656398
253192
-122659
386067
87424
425646
-892465
-393088
-655241
-45657
-94682
412202
524153
472922
-347053
-347972
-675404
-959435
-377084
-349048
-650792
-83455
-878473
653996
30954
222922
370634
-427407
153228
-899203
-897417
496831
353990
-20076
-117102
-558587
-594430
-9567
48326
-249671
944777
953644
-837469
468930
426566
-184521
-879043
751162
-143956
-256127
-597887
205253
660419
-476359
-140752
-308628
746563
-770118
263965
-100209
-669320
366548
-603378
684670
-653529
279520
-873917
-247958
-730048
174409
502371
-785271
128053
664903
683659
-445382
-519619
804616
-694220
336425
-451511
-292106
-458323
-791093
231535
400926
-99720
-21902
630808
-835755
877889
961488
530793
-725490
646157
877265
554031
772240
-370693
823983
-53351
-868323
-961288
-925298
796581
722372
-370679
-723039
526988
-64899
613386
-924524
642995
-844937
-715616
-125470
555989
184665
852628
186796
348910
730517
148283
-120297
-994973
-205560
-243032
559058
-433320
386275
383041
513330
517953
421753
588032
314533
144124
-782647
591494
-328888
152454
204880
-253412
-204551
359943
30973
669979
-84069
-784363
522607
-897273
564548
253123
251011
-555750
258150
-954549
201218
-182793
-387869
-412508
-799753
-874539
-894556
622001
713494
419978
-233875
930847
11471
437237
83300
-783649
-816175
878750
576295
214798
548729
-507775
430436
71335
-405047
-5017
-675543
845964
439233
582608
891416
-359549
-600186
-496454
227943
-399938
-370992
333388
-777938
-657499
-246634
-11813
-726653
764838
-574576
356648
981189
-390751
235398
557483
824047
-215874
-950292
254482
855461
-355339
-750535
-820082
-509375
688698
762527
-617960
-670851
-837660
-114413
557093
-237597
514596
-109520
-15534
857097
643847
972654
-869557
408684
-601923
487092
389872
7326
-277511
-52645
-168628
506615
-2937
-914146
362076
641725
-664680
541995
-867650
-975983
304521
-485609
-646834
466862
399979
910260
-770736
-85426
-199261
213731
-228330
-555414
186384
-97886
853270
584461
-610794
243142
-408213
111695
-809504
423159
-381690
187559
509014
980386
-170716
844334
522381
-38366
868352
-173099
476026
-778482
-706238
-123996
-868223
-476973
790578
-67483
736758
-437752
377103
-76858
464363
230373
-492398
853569
-526486
99389
-34736
-335990
-477452
583574
851570
-968438
563960
-319147
875897
86340
642488
744249
913241
118513
965768
-792997
994518
-902455
-269969
785096
30063
-533211
-652656
-592834
389931
811707
637539
897534
665276
-888948
-3077
-369461
-224937
519472
-785888
-373368
551034
778072
307485
426931
-135588
-50027
171180
-222347
-931514
136947
-15344
-936997
234492
714688
848100
-735446
-818524
-804557
-328280
571407
-992851
-690741
468940
672426
-579689
-534137
-697036
195374
985335
-482924
822006
536369
-704852
129491
-36701
159560
-920536
-865521
937213
-852050
271426
-78131
-789046
-494082
-363444
-940946
-229527
-181968
-745503
442193
-610561
-738353
751453
858380
934073
-828237
-675758
-762964
367138
-690424
-245887
189144
845945
49261
-681365
-190756
-791180
-601901
-56277
-853968
-453950
-784851
67901
-242995
-278933
704457
-183941
491540
-477511
70557
-66267
-88072
332204
-314815
-229693
266277
-143051
94549
503313
-775914
404126
-742575
413231
250071
306687
731866
-940685
515507
-870035
3039
661540
-323984
218188
-270560
433022
939256
-566103
-750919
430795
-43614
319638
-635472
868315
-348158
49714
-361379
918119
906663
733171
421432
-869251
137297
678858
543981
-612633
-14456
275846
-553318
-498949
405812
449722
-837410
-918172
-332091
-107970
514850
-392836
325928
763931
-962041
-717686
83569
-597512
-849372
735411
452202
-210750
653529
358865
-477580
74961
489614
659717
-246182
33595
-952916
739363
-690560
-506233
-759587
715253
943489
-596997
797082
-388602
295034
311932
218563
-379039
75862
256522
-96724
-840569
659011
53904
894842
111212
843154
548371
-529923
-634426
-376668
959692
-974709
377150
-6714
-927625
116513
302727
-433858
356926
17979
-490369
759930
-184939
121029
54963
-873008
-660409
675925
202855
596114
-420800
362286
255124
633104
257128
-633664
476258
-194502
-163587
841833
428830
-203896
867124
-194020
789390
939500
922493
92116
-494358
279419
-889905
15273
39348
-74844
-863699
-905690
52148
-524107
770236
-744998
-927994
-650565
617288
327130
982540
-125584
693467
458797
679914
-470121
300629
108744
325984
167753
914725
115373
107252
837218
-792511
612894
116636
-682416
-371834
-844017
242740
-235532
-749706
-705112
240361
-979471
-450110
312368
-630036
-832822
-360502
-647496
41594
-667036
811302
-278492
-137156
111931
830253
-811173
-720317
744977
304200
386935
582194
511690
-171
-301171
829274
627996
-145187
72014
-607537
105108
366902
632825
125637
916793
-54808
495602
-916029
584690
848106
125565
917655
659407
847074
-219502
-228663
677326
-30675
51020
422303
-726475
-562045
4496
785215
437785
703326
614488
65780
-441861
-313498
458244
663247
-946597
91068
-211117
970197
-963740
-715515
-945833
620951
-867410
179733
538605
791998
26806
-680898
-436666
-295868
288428
614355
-873565
561953
-947690
130931
347168
490095
-165743
-38344
-444126
392397
648158
-985882
55643
701562
105187
844527
671758
141448
-870988
725925
-237602
-738398
-94343
-698997
-946400
932464
-379894
-383066
-363404
908534
-768711
-236969
470487
-716401
893963
-182346
773694
-271780
779310
-670432
-879384
427467
-656313
176260
129028
448874
20787
-199215
-409679
149799
-473290
352720
411402
432368
653723
465002
364832
-726172
-918064
-998573
-817638
-686775
-235542
652849
-403176
-341579
-529498
-629482
386641
-750189
-299913
507258
677279
43775
-316483
-193694
-507352
704305
607092
82970
-145896
-866198
-564311
-734495
566170
-910589
730508
-68999
-636760
812444
-67571
-454398
-874331
696888
-801550
-277506
-644692
-331047
93013
741950
-81236
793100
249207
-403957
-163126
932725
402350
329523
637029
9442
-587508
-508868
143244
-151818
-243362
-290586
-62407
-512855
640415
300834
-700411
-427156
846436
-574742
-730269
-955115
147753
-374961
-286162
-759235
-633012
632603
-966135
616195
-771355
-129261
548920
630995
-799738
185948
-359564
-387245
677081
783681
460937
-566281
-506906
-601471
-79135
-866491
699363
220455
-293647
545799
645713
-23916
590685
-206535
601124
-695477
34231
968113
937126
68096
584308
-834229
938836
133227
796767
-860903
-680825
-562797
-248148
996257
-779117
-787211
-570025
-286022
-388681
350840
-152513
-689319
-428706
553841
856481
-782993
-470076
447165
10473
-868952
751688
-955297
-900840
688814
112799
683468
854585
51634
-183306
651352
190732
135869
-911446
942585
132126
-690562
-844627
562101
23417
-233308
-87059
870904
77374
484236
424745
-66146
701244
954670
-618981
-288284
-914283
-867294
-243580
-815123
821521
869220
868346
676106
-79146
-314960
327457
-888415
820909
416012
-945831
-46965
725451
-790457
-484865
-251133
-23765
428077
-380229
-946392
-87688
-955485
-12537
-386445
999185
368482
325272
-915098
501189
-918309
-730220
322709
950912
-861875
-1186
-128235
-176835
-673729
-16649
-355926
742283
37521
597109
467733
247064
-887756
-783400
-776701
540321
-163629
-723092
-547368
-119113
264371
66188
-119928
-367147
-608541
-35026
-865959
-526849
234754
456751
-575938
372880
-544435
295828
-803955
-218164
-720822
-159881
-475882
316699
-562772
991852
-436237
-450528
-791549
-212938
-910208
44823
63970
-457575
925710
-671659
608613
-194219
-38806
-999929
770756
95236
-526778
5510
-448014
-102715
-621611
7551
-806888
-425566
789388
-527709
414554
-686495
788990
851782
-694644
-647248
-598746
-486192
139814
-508954
558631
-796216
33471
484341
-467875
-357917
-709878
493319
-357845
-939123
-411445
115378
66388
140542
-987338
444777
-851907
-794225
-980789
937481
-321934
433766
-749015
-532945
285547
-443658
-180192
686802
70151
959623
-822153
-371218
-836594
211319
-886878
-304469
853403
-596756
-811150
-504443
-535878
-222595
610935
530510
917948
623598
-24713
-933960
829373
-5502
-996480
-492562
-571736
-745494
-25506
713812
-189151
794303
400613
881000
753925
578460
-490219
917331
-210221
-377097
-387138
-356819
26148
-198287
138739
490270
579119
-250327
20780
497066
-626729
996067
563106
-797357
-9435
566626
-289918
418829
821133
684577
132640
-368019
478879
-466748
-487020
232803
-888288
22762
150134
-98508
645666
762997
544673
-328187
-435291
-316588
-837917
-856172
433086
182863
640894
806357
178930
203999
-991000
-830506
-229375
-280917
588324
-408243
-596341
-279037
223738
882538
254216
736719
115341
365929
-240519
-734525
-732580
-594854
-971528
812094
76960
-406818
-504495
239043
-262990
928591
-578094
-622097
734948
600837
581903
743948
770331
-647473
-536970
358654
-55716
-133311
-920383
-831978
-250773
333833
904742
864569
-300238
-335777
-869956
-32818
69369
-841483
-220724
-853672
-248301
274781
385372
488710
203372
807279
866613
-61680
408115
448515
-317733
178446
801043
145298
-462900
-254674
-988013
-383283
-86651
-238785
950551
-181909
-374217
-349688
482314
-244172
617495
-448317
-85655
-603230
-301988
666044
671552
-916616
154753
-125076
890664
21366
813244
298779
-530119
-504489
-522776
-729077
640809
14325
16250
652796
631042
929600
-585990
581593
-252310
39794
-768095
-769996
795622
849400
-218313
-290034
-753830
479700
-623990
917722
563084
530764
-207354
453747
-447870
-394111
-247475
22011
101400
229750
292934
-257791
-755926
-690816
-604996
875117
-761217
-190986
456709
-13527
848809
688614
216478
644430
538014
998166
-645604
784184
477865
-269593
701906
40949
-738829
-505449
-505305
-186698
100440
247221
835313
-798160
-523029
128247
-55951
-278955
437431
339054
-403839
676214
-851932
-947130
-337313
996877
741485
879166
641306
279498
877331
995703
63682
355196
-273890
-234413
-603856
-12719
260138
-109160
800583
-639422
-861940
635896
-437581
-384969
-235857
506468
336077
-798427
-154478
932239
877788
-6410
985110
-459525
-9534
726594
-580359
-368228
6092
-703029
-372526
-930227
652168
353585
-164640
-951689
-659135
-904503
-60849
-858552
-543925
77212
777344
18494
692244
-458514
-475038
28321
-256940
370484
-39441
-379152
-635927
-54332
161324
354540
-327738
580965
986312
678354
877937
-386214
748127
530104
967371
-416514
578415
-691764
-321016
-482434
-550316
135060
594779
-772972
-846446
287023
-231485
-321483
-684657
511575
-951000
275903
-867577
-586926
-778430
293747
767615
-106168
-125289
753927
-427814
-247353
-632288
-679688
-717250
-664917
-96201
861166
-356681
582783
-621269
93004
-282158
973511
320032
-128603
260533
-911454
549914
575876
600122
598914
-148222
732545
-988012
73349
26291
779604
967182
901003
533530
-460633
-346351
901243
-140321
-63600
-763675
763479
-202435
-120355
346261
176297
972649
-935897
149807
292681
-64500
-589661
381228
-514587
986216
-18651
-915673
-162006
-286106
-903684
911343
740185
875920
878524
641187
409449
-582109
-705164
310691
277570
231236
547017
41048
-971200
-573339
-612691
205098
-600690
-548588
-645096
691991
386913
-234756
73218
872326
-248541
-945433
956654
589453
-231539
-947031
500795
-491354
928889
379319
-850167
338338
797210
-555331
-350971
74780
675905
-803955
-884172
704706
-377293
-496863
-90197
22017
-45450
264708
-285992
-658538
-970049
787226
-786212
-218590
841794
-829559
-629137
-389745
-776590
871659
118901
-847701
250978
268734
490638
48187
713404
-860334
-877033
389309
-664289
-761205
94015
-41581
-258067
-996183
980436
696484
268526
-305557
-962054
298477
-518331
-748266
-920113
-676538
-577824
-549250
-66282
-354413
-677591
-947382
-202113
573387
321353
-711476
-378426
34757
-571810
-255459
-575935
-236098
-16663
518080
722321
725270
521898
702757
421754
-209577
-602801
459700
-911101
-121132
711435
-831213
202331
-866389
-380462
-863951
-220802
-58053
-811333
577085
-484666
510021
865610
136908
-455223
-706201
881449
-31157
57702
-135215
-513078
-219977
-409945
-991181
-517221
-988191
-200757
-120022
471510
-111857
758847
182945
56930
-38822
316556
676469
97227
-904246
-381585
285895
672839
133749
-204084
538449
-729343
340693
832248
-847895
-690465
-110050
16891
-203542
669973
606947
-194722
-847249
618756
604521
32730
90266
-507337
-208423
-726790
549594
752755
589766
226062
-150019
685520
844477
-864124
358359
-21774
-68208
-103193
248883
-727515
-270945
400989
-417979
619005
-582120
