-254296
-10006
166360
-55054
722202
-578348
308377
-48874
792166
322727
-384213
-550257
-515109
-831086
827138
420726
821501
-121612
739376
-731518
-885056
-225589
62727
345300
198192
893317
-339095
-965443
173672
-209481
-529966
919376
780514
636395
-135679
502715
-941954
-827303
-546159
850212
495425
69628
-700045
980316
238543
-872908
401042
60044
5481
140417
328526
120425
914829
-608748
-534275
113020
-715431
126630
147577
458241
917150
617612
377616
697663
254006
-758063
200378
312053
-585365
654219
162265
910060
-276153
462220
890375
962390
589313
291416
22434
-405207
-568167
-649041
715219
-653338
-257788
-819057
459682
26781
307574
-392741
-514979
224723
-775129
862638
-77614
478877
-895425
-877237
-209070
-480790
776982
953195
-570731
-499172
415414
-680356
-536782
4726
611061
485652
599520
-957106
836612
314738
-610444
-421177
495682
849238
605604
-196744
-543503
-909375
-972021
-318632
953264
-49635
-839755
-942162
73128
-48825
-422952
-149890
-95631
6318
350939
-680218
325962
814157
324509
-62977
299809
-75972
-20083
136421
-761235
369473
715244
734447
218711
320848
-462298
675208
411474
-434319
-643425
364737
516047
-483180
422576
-410826
467995
999625
439284
-627637
5942
-209778
-307854
-668096
-395621
-983346
268927
904189
-59318
-751156
40609
179447
618317
-244148
-86106
-162973
-923300
451597
-487765
488174
-982722
-131190
-147089
533325
385631
-724514
-877502
-146375
-724889
561783
225989
281053
-647996
918136
612958
-43616
934790
-118115
-139428
-124529
130729
901182
-945082
-250954
-342966
-31187
586074
-266266
-579591
-901692
-778093
-562313
-32881
74818
971013
-647251
350305
-906490
206375
625416
655293
-567636
-93531
-992703
-649501
-480573
-36318
-714711
401312
824255
160760
-467959
725436
215679
281088
-617531
-815508
-132839
116203
-395099
-34530
338111
42589
932590
-587071
13601
-714661
763235
107112
491714
388650
-237595
924079
-704881
-230297
-725422
-185454
733385
-440133
-784142
557639
720628
-252100
283074
-63694
-971012
665544
120798
-103850
-218253
725700
861620
-880142
-231711
794210
-467213
781891
-920452
-703978
-110998
571263
684672
651407
495341
979792
-578890
769919
-205662
-845506
-670214
10197
712134
-949587
758098
-4792
-13280
787086
-339249
-892482
-316765
442498
833218
-455145
562356
-398493
-660936
-904857
-616603
-581388
-608835
272399
989875
-924163
-76194
485216
-944371
344916
255135
-150033
499411
584921
860165
211544
635334
618262
-793249
-377947
405347
-132497
-270429
-911419
-689999
-437211
-366563
872357
164296
-27499
967501
547694
391113
-641334
-179908
380988
-565497
743899
-133796
-509868
88814
-878662
340100
-411775
706259
200264
799769
341593
-181475
-993480
963646
-776128
-125977
-306783
-687546
184024
256007
-54109
56381
-579697
918392
23881
967997
309505
382547
-211911
-309508
817051
-468013
556696
-692817
620801
678035
647283
-790975
384294
-152453
-991206
-274114
666072
-984686
-310468
889944
-110662
382750
-797602
-926639
-361244
148289
129743
59060
66680
-846377
27056
-623816
536171
815145
66677
353222
-652869
-376627
660405
967933
-698592
307687
-823042
685702
-844767
-814247
-588413
821306
-798933
101119
711250
90406
-516132
913648
163767
122625
61937
-706490
-818316
-871384
-552867
208741
-495199
983305
23885
571479
336526
371017
-805148
-3070
338950
-503740
-695383
515908
-818039
-540149
701661
-406452
-718843
902729
694668
992407
-6865
-821464
906055
-843098
301162
-32009
-549588
482846
96608
-102455
-308414
601409
-119150
715472
172888
-782625
86489
367740
214306
-574562
864001
518924
941346
-954039
978775
643007
-360490
-740069
545736
-665822
-747662
-461130
-487286
-841607
-304228
813876
126384
146184
296722
-777008
-956271
988309
824402
-75421
703780
-2711
141955
-209732
-634971
-643740
215706
-770971
875184
157052
-725010
853959
-199941
-85499
-886110
-654206
248679
-633772
-115336
761393
-475379
580436
575269
651006
-273380
-128010
873998
-229651
-139702
698400
694928
-435922
-304312
-163117
354347
60718
193144
-429947
289747
68327
727106
564738
-77714
-472836
-520762
36176
-127042
727918
402405
757622
489311
927027
338058
64579
578032
-935323
936570
452030
-164973
-203132
150429
-470045
360947
846118
366838
-284707
-93165
-440019
285347
-803419
628309
12452
761320
-449406
539616
-759442
586771
-587427
968476
-10825
-829805
457786
-83799
508253
-477635
-505767
572931
-541066
946264
-592043
255803
96693
-62088
-383251
-57190
-695251
332043
849646
-135269
-382611
-953773
-506961
629841
807547
43634
169456
-951896
-369596
582029
-983420
619580
752225
474366
-464220
260477
996732
30014
-166592
-544334
-23723
241365
711469
-927031
-820723
-671783
15780
-515973
660260
-134575
348758
-722351
-88348
841798
907490
-280801
-114569
76945
-232697
515836
-341026
-216116
135415
-588802
-741751
671196
671676
-745019
-298791
-494917
-289353
677487
746449
-577885
750457
925727
-249667
-233763
-590247
-589407
631662
758512
-311758
-456686
600309
-404268
262513
-514260
672677
-970184
-998425
-668349
-186300
136991
-257150
71950
-191814
-585475
326932
509396
-80391
-962422
186883
-333942
-540306
-62661
-408216
210027
703576
1538
620621
335238
-239950
-691138
878553
-639642
-95406
141065
-153901
-422729
170882
-152326
-91077
984583
984665
651773
56533
-207149
-933702
-616536
-697753
-14092
-578958
489130
651967
-119264
-573531
-756249
-909237
-869956
245289
711384
465283
-994662
-979754
343835
-634303
-75159
-515100
211796
502113
655783
-940530
-588965
640365
-955865
-937192
-303102
-163014
-870893
80362
139234
115015
501405
-371637
-233018
-617859
54832
10733
-527095
184877
-743978
-815711
-349840
-738640
-795465
993995
-372942
129377
-521105
838855
-368511
-865323
898326
42525
775043
942461
105334
-528060
-220553
234441
552303
918681
-650544
53708
-452957
116438
435849
601876
-872830
908754
-213248
-616808
-906958
436913
-355447
-702422
430907
271612
426956
909803
110466
-941555
-955521
8792
100970
819523
-48748
-793697
-708537
730699
440745
843766
649380
790201
-102526
-803577
-93361
-666678
798299
33809
-757924
-414949
417002
-664881
-978037
-938445
-367302
452871
333167
-940347
362673
-556367
-881902
407153
452425
219068
226676
-596324
425372
518139
-865625
-133883
361905
783756
-343682
-740622
980179
562957
-407299
778478
-403234
-165223
-636472
-986233
169897
-614508
-924677
802595
838364
408490
862248
201037
852123
980346
-391810
304548
199414
834866
708225
-375214
353005
842600
490904
-285090
626356
-852779
-25712
606534
710178
566990
385011
-693056
-598233
748540
-679288
571664
-865968
-603965
374258
972397
804525
236506
173433
656648
216852
781624
-38804
-583734
616489
-330580
41052
-30506
-487981
-468045
684404
-861626
-320823
-341308
744909
-610645
-774319
129920
-303701
-372552
-121541
17011
-800889
12492
413047
573370
-15112
217572
-190125
-841679
-125780
-973273
939945
835416
-557007
556434
-495165
484046
-474073
16855
-983999
-789670
155230
-304822
-130977
-99862
84533
94704
-969943
780832
722152
-91483
-202157
921264
921010
-789111
494634
-94103
428462
-695491
64218
-697319
-668764
4163
-861904
-225771
-439404
-357069
-741725
86523
659786
-725724
296854
-184985
-30546
-834124
715154
-946014
260580
745212
834819
-17268
-346271
-367338
-96004
-425262
-156448
-601371
480636
-727987
-296862
-455146
-425306
34374
549017
-287209
808604
-890388
355722
-933122
196136
15508
-658846
-507011
830524
310609
-341134
545677
364596
919447
290889
199414
-97822
944618
832077
806175
-480645
-324372
-795197
999991
-52358
-92059
-455156
522336
942316
-906140
-764874
750920
-796527
590849
817799
399609
-393644
-841047
892599
-563120
469562
-448536
982557
-165843
-529090
273445
-966429
373089
218062
865649
179263
737418
-458724
384066
737408
488918
-707993
-717748
11254
-765677
-623888
246381
985243
-420414
-162770
803041
979195
443586
961994
871793
880466
431556
-576744
863023
-734287
-105833
136468
-700716
-732745
-645470
-835068
446518
-908053
-293791
-169416
829356
-804873
122591
-888393
206381
356915
-512280
-547238
342158
67306
289992
145199
46501
-266422
107193
-81707
-385956
-461252
341550
-522933
-195539
-764284
613535
103746
-497029
968065
268678
949490
-939988
974888
-219927
889369
-829986
902665
-999025
376396
259579
-511304
829158
-398264
556003
119150
746935
-397497
852728
-145872
520797
-533229
392876
-137654
-56162
-802664
98062
-442627
301082
601034
-474562
-430240
550523
-414549
-455353
-669405
-525181
-285338
-766741
-524205
-908943
492839
-35509
920216
-905425
-479506
39365
841511
122997
-107907
-304362
-356207
358864
-911487
506139
-697298
-714150
-395799
-139924
586933
-794766
385514
-843307
755757
970965
-298659
-913648
-554216
416003
-680388
-78421
507061
812451
886071
427276
907027
-593436
-533360
748537
529561
358734
-555825
-826646
-282403
-467311
679494
20300
-181460
-716306
880377
-594528
-511071
265890
-437834
-755314
236855
263507
-668962
682640
-320490
-349350
-395782
-813430
-536899
-509712
613847
-629873
-103147
-919513
-881336
-573587
439221
-437161
-400232
-843182
95528
-720739
177119
914069
-437044
57495
-680460
51885
-676615
-118293
296571
560241
-854786
627610
242880
-175276
-721741
847099
11295
-258639
-662614
-374859
111488
234240
-294371
230153
660654
-855151
792993
-739579
-698333
-111479
-460317
478786
-197411
102639
-463719
122130
-845477
-140334
-996164
451095
-580094
-850950
78704
662786
-26225
356964
509884
985071
-901676
847271
-389788
209813
81511
315841
-560035
-257836
460690
-767043
2585
762358
121478
542268
241144
924067
-355094
777425
46196
-200570
-362909
50033
-749475
56997
199083
329229
-280217
-827142
-313808
-770333
-842072
-215484
-923062
-231860
994329
158449
-916020
-565706
900613
544671
-332748
-96803
307029
788730
-554535
-451827
712797
90372
-674402
-241007
889803
-37311
809026
-859673
-980314
8109
469557
-260531
180967
-844252
-30864
338895
-59735
46075
-892966
-65406
-795477
-808985
368889
-894865
735687
-963860
8333
42715
824870
453798
590889
537667
-455830
916487
-703341
-566027
-120825
-894316
-425700
-101138
113793
-956144
638331
-705240
-800395
-392533
633655
139871
653542
740690
-925535
858065
931706
443354
963201
667392
479494
-28467
-289893
304364
-574669
-699005
-157969
-30498
-782518
138690
403475
96658
244375
977775
995520
-641832
-978369
633851
-347072
-778763
-758683
-713417
361109
894860
-972727
435574
752925
958979
-121073
716125
626371
-641579
-312342
-663522
662786
112989
-362526
-495184
-917510
-145044
643507
485966
951614
-112119
463740
947134
246050
485372
580984
898978
706610
822302
-814439
67718
717162
-787166
-496709
470086
-828187
382219
186211
798185
740641
873869
-865338
403426
-13142
-227864
908243
69348
627093
551749
-444687
578707
-560370
-980947
525840
685680
504426
106823
584657
211035
-70875
770219
-721248
-353714
983054
-217956
-883628
-845134
-835737
302583
953051
904904
176451
-912287
308330
-836692
-140151
216572
232657
-513058
-231679
787971
-934352
207951
807025
591488
-106370
311451
-301689
-521713
-477515
627436
-751495
-198762
-726278
-768442
583283
-609906
-613575
747546
692678
-660524
652450
-130872
-572811
-39220
32437
287039
-822648
-734906
773981
-54327
-946935
839629
-846377
860090
431117
47254
171540
-870573
525541
694026
756864
774047
-504736
-969415
-994396
-921454
-579320
-607970
826093
-886643
-268494
478543
-17514
158695
-560678
-985078
-554266
-383326
-719983
-780286
562347
-666918
-940657
715971
-806828
490460
-236776
364712
619887
-711235
58738
376751
-937189
554003
407336
-931585
632550
828017
-539554
458642
941374
191952
-62815
-76141
-649353
376507
-61218
-203619
993182
218799
16096
555529
551882
75440
271499
745054
-434101
-965277
109766
-814214
-676512
-831497
562537
-613701
722506
-30127
-545285
355055
-202111
