-845089
-951068
-664059
931121
-431992
-49368
-373413
896394
589982
-375069
171717
-668205
-976665
-337170
366327
783118
264941
947766
-146026
945818
584329
-993645
794609
-211069
-223609
79261
-111233
-863425
-362933
246502
-365830
-208021
295435
-29889
-276901
863443
920744
349686
759837
510725
974618
-68447
842520
997954
594384
208847
781071
-140676
156613
-364956
-194859
-259059
-358601
-400251
529872
417791
679011
-581361
554366
-683923
665141
-811464
108056
-39424
158647
831156
-175981
79390
180842
-416144
-409885
155459
515409
-567365
153413
109793
641483
-65517
969117
-201905
569528
-225742
539037
-789074
374008
68908
628718
53018
487547
183083
369096
152688
371619
-522848
-886736
-469734
-691693
-62717
609657
489149
521139
-800228
-355392
36548
-367593
798021
-853660
-726111
-267496
-884543
71985
-697969
-110285
-388979
-487042
-736278
679930
-858325
316741
167476
324759
-314164
-679836
-303623
162988
-566572
226644
471296
370712
-163700
-39556
-108150
36072
605053
928399
668480
403074
-925262
942370
-864423
-809804
14354
-562392
79912
625375
-49434
343635
305304
92242
-339625
-527220
-583000
346212
-207056
113378
-490800
226373
-659979
980496
-402916
176322
-59060
488935
-787606
-454008
417333
880874
949067
492072
823243
-915357
682268
-162404
-477748
-237821
-537030
472819
-894186
768275
-434940
-233811
-758946
-17940
-887599
33999
-904562
-378399
-739629
-564541
-397904
-142544
611781
543037
-653610
824175
-910971
763724
705049
-961905
255795
528291
-877262
-61937
-634113
-355009
700242
-171142
-882191
806056
-402868
-317131
-427755
-161813
664930
-315354
872186
760368
306248
-867443
-804173
908344
-9986
807609
451381
336405
631784
540410
100128
336832
578505
-644077
-134877
701244
293986
231010
-653766
-5772
-940132
-535957
-199717
-342999
146913
372529
495188
-188157
-942825
367374
-427789
363423
499932
-231962
271767
-510055
-424353
-276853
826351
-792570
-736444
-73522
544263
842062
282402
-590615
543305
-423613
640396
889540
570615
700265
-646417
-629102
-642735
500497
743427
852453
-687661
800603
219827
-115450
164025
-280242
652589
-564209
209704
-771765
158938
36055
-564334
422495
962534
979929
264556
244935
-610686
-192139
821322
-970290
-302599
391936
729975
50984
762835
-912761
-448520
506262
939693
-136180
306864
159520
748371
-529111
879279
400959
-93320
88983
629195
-934382
-874963
-935140
488114
-912430
-955211
-247331
332505
-565896
560531
153827
-536186
-742068
-454237
-806212
308916
-691403
-718972
860397
814859
-779280
-275783
121723
380241
-527413
592612
259519
873547
-500708
-651499
502741
-435090
-526462
567602
-946977
-438891
612392
-194307
893615
-953505
-633776
47441
-489691
-375844
593205
-295902
933073
901802
-14874
793469
716661
205847
-482314
-161616
-413913
-9727
-569005
845606
-136181
-69713
-805893
-633440
495198
-332355
934163
548222
228755
546554
-646086
122369
593049
-279861
-830190
-896642
344295
763015
-192544
277367
664817
792582
70836
381478
-1572
588522
-780139
584516
-421205
-349144
430121
442614
581144
624228
809175
76342
-708127
743337
-375437
520629
289890
-21522
-357002
-117061
698617
-187192
-13703
42911
-424177
793753
-679722
-759361
586335
391115
622117
-415237
-20364
841979
-830722
558431
-507166
599400
1045
-926022
223628
-189781
150320
515502
-446445
774884
36130
843445
-246639
679128
-273616
-548022
-508065
712681
494890
67759
506434
815168
308399
92768
206282
-69484
677532
-814082
-227506
846810
744349
265329
446209
-254606
339307
-330163
555613
-510373
-814662
-890833
-735490
221468
952613
17872
-99405
-321004
469850
392531
-608323
-35261
-539710
898111
-220093
768689
-9121
986189
-300796
-331590
-827894
471698
-484781
916456
-262974
961429
-338151
-923667
-368735
-782538
-434039
-183396
-673371
-169529
-961929
-720758
848344
-61333
-41761
318193
-668802
349916
-717068
-208512
248027
62839
-439824
-761095
49028
259381
-92685
221134
-268922
422535
137590
468105
383964
799440
544438
-984771
-983099
-889601
-168167
-656469
-59130
-130095
-377226
-210786
808572
581013
-892594
-860230
-69071
-609661
-68742
-821045
453178
491435
-582140
-497795
-249185
325176
723340
481894
-252289
-139070
-50001
-868326
-339631
-505563
-853096
-322730
-395164
-21263
20802
545706
848643
643576
-665080
657214
224588
-557673
796985
-844483
-167334
-271757
-665528
-714157
-780323
-247667
-211951
-29507
-922491
-488612
-547613
-174780
372318
402386
-43105
-967313
896823
103799
-290042
-498342
-917464
730760
-952636
931179
374336
-617716
588393
-401076
-175389
385377
-245559
657278
-886381
88914
943122
-666703
841248
-268830
303790
918757
242559
756178
-256023
-385123
158563
700872
-352436
55386
-195329
357523
557045
-112793
88283
604409
-181614
-537382
986694
-593222
61542
-188695
792155
815984
-531418
905775
-95103
-588296
-760929
-253856
142874
542862
-335099
-614568
299039
408878
309
-542398
109750
647874
512989
914422
5396
70033
-198371
-906322
-325558
620015
-443703
-338865
-973207
617839
472441
818949
433823
941024
724723
-661281
-647273
963794
84864
495602
506655
749765
881034
-194306
158643
-118657
263297
-731607
-470784
-223715
-817185
534613
846318
-15556
628292
-479241
-395541
-815412
181895
-368748
802428
-345664
-549800
236250
-404641
-825078
574969
-51913
-861284
-340167
-556312
645372
-590402
-675278
-548934
568242
206065
714363
836635
735282
-509353
-980550
269895
-663036
3894
-101814
-142276
608354
82775
-960381
-760395
-114798
-306045
-310194
-878549
289315
-135271
696421
-762599
3445
-643746
-318910
-351183
-234148
5812
99883
-665907
-788123
-185755
-829272
947159
304893
-809822
217054
641858
194073
-884761
-500419
-197574
198014
-460800
42032
-916784
233156
731839
-795332
-477530
-403433
901090
-240128
600013
-742657
440962
-751171
23195
-553227
348713
357288
-341350
-837043
528017
-394191
467850
718196
822863
109707
-87732
938103
609289
714695
136117
-851511
-243273
219333
381645
-511435
424002
904116
85133
325091
-336013
-314855
582434
-895051
-66025
-394372
-448278
-717313
962917
210373
-554355
490934
816183
913495
209129
639046
23202
-878603
577148
-367509
836092
-286735
-219019
-407181
932599
-837374
81385
356600
-933259
-833483
-318310
-269271
-148338
-735876
-164322
785638
-130248
387401
-931676
-167331
-402227
-486031
-676398
-586044
-572536
532732
-946999
450667
654129
630150
-916843
490221
-656585
-135862
-916961
-723987
26764
164424
632613
93506
330941
-685697
824235
-817397
-421573
-340088
968241
448180
-952688
-963435
-719151
-354914
-449466
-395548
59043
-22001
-862817
112045
-571335
791313
-257806
-488177
281533
85609
375962
364572
361623
-597274
-471004
-5764
496232
859937
308540
320467
-957460
886968
980379
-989219
335148
-972309
-952654
615997
-327223
-402119
-779551
731820
575880
-642367
-156136
-995456
-851055
586059
-483632
430478
-328332
892330
-204950
-966710
-704945
324046
27527
791287
183983
-663934
111754
226523
-776967
92132
237304
558181
119823
284650
174177
792601
882532
394627
524420
458411
752260
-631716
462956
901206
954343
979324
331684
-373989
871653
-873267
-340698
-833293
450780
686829
957995
-365238
-977106
69748
861286
-754073
-838120
98590
804108
281703
-616760
-21715
74304
-734229
-627088
-401277
724182
-874829
-32992
187137
-973623
-78649
166461
358061
547362
38113
484795
-793337
204821
-64426
893493
162816
570337
916387
-767437
431623
-837686
-605556
-469788
966423
676148
-86548
-55292
-249549
179224
317620
349174
-96595
442792
-683819
-909458
469169
237533
257003
-172771
-215106
-704885
-687977
-8442
499937
247598
-114950
-337248
-182065
-198563
-104684
-750442
-36249
289760
-220230
-69826
-34093
693223
874882
716358
-127554
192501
65532
775852
-364708
381714
866394
-895539
-380754
123397
-68310
404140
418513
243714
-604302
-81551
-508688
280748
581201
309248
-917815
-523484
558806
45937
766276
-661425
976111
-267818
-968202
850992
-551460
-95756
43493
514072
-319905
678786
-104215
-453511
783247
515031
669886
-285063
-80829
88398
958652
314869
-993154
-550037
-404383
588048
759211
-322197
-935437
318016
723740
830840
656592
699850
-436978
688390
550842
11562
-407366
-405665
-474366
272730
-726879
421419
819219
-943633
-63550
489105
-228695
855622
-422498
-270044
170491
-415651
179919
766108
-827604
-60870
-556089
-763040
-742854
-832350
-932201
913738
867501
-369178
602128
418343
642384
-805239
-987323
-831982
467491
-714202
589437
286709
-657834
-474113
-224187
113471
-618492
353316
843428
551999
937666
23347
318107
-889938
962477
762018
-652978
-780378
929669
-585178
-866640
797169
45645
735488
215511
-311972
930249
228189
-143954
397740
513988
-554517
-315552
856155
-28629
460262
-30375
352879
-186422
-186947
-95122
-248757
836400
-777016
-138694
798877
985003
208328
-981501
914671
623151
-848141
711839
-331205
887348
-72650
356824
817596
-844462
-787130
215336
669527
-341646
899784
525681
629725
360046
-504694
-17396
-826376
308359
887482
-75132
144758
-889534
786174
-56366
-904532
-5498
-37867
-989862
-382347
113993
721978
286449
1340
-350673
-356728
-181064
-195134
-143857
-965729
-525608
514497
934056
-999928
144222
294102
-504621
-873175
467726
803738
-985693
-607406
-51504
-875227
-821233
892130
-779758
173270
-145737
-769619
790923
968257
952359
77371
-30404
-398314
720644
788532
406553
-423214
822804
880946
-908717
756859
881019
235505
50960
-623603
362331
-481314
-819866
376638
-88720
128631
501412
90047
20760
721654
-736684
875024
952036
-945761
843281
904395
131610
-187124
-493919
-147747
-398592
912634
429040
-575789
793580
520323
-818931
674598
-244172
232030
-949005
-881841
750716
-768870
494797
-338005
359761
-3791
752043
-619479
-282137
-984642
-744455
-330102
-930402
-901175
-425707
201208
-88299
80374
-946539
513110
-6992
482501
937321
-213413
2824
-881610
-538815
758652
350421
-487820
876811
101136
-256689
371608
763131
-896929
-632183
515174
-516407
85681
530533
-260862
755580
600131
-162037
-670128
-198661
749665
410246
-145200
262774
-596747
-662699
200095
189840
340126
318486
651026
98778
-331094
-836795
-24411
770043
-93483
-652804
533174
9588
-284986
48347
493181
800695
-421121
-767681
556274
-820991
70283
886147
-19651
-180053
296392
835149
-917279
699645
-827550
282817
-110515
512576
-398697
-459490
-388647
270210
-296284
586942
40252
610233
934139
-426574
-380179
-350847
621773
-886998
-550152
-799348
-654678
-993879
-620338
415605
892269
360011
-764449
188660
195160
-681727
-111695
367611
601090
777791
-119814
-797607
-681699
491540
472603
22017
78482
-487145
-367750
12621
86282
252072
661774
-291946
365075
-888379
-91293
710397
-882257
288369
126001
-989989
-351620
361553
198671
843540
679826
-913024
211151
280916
864767
-908664
483309
-816932
582877
-44088
205086
-338642
468768
837336
673979
-444951
89408
335753
263104
-545518
447374
-828190
-835121
565118
460180
290880
575129
-891440
-347568
-226200
952101
-667742
-139223
163251
613175
-274457
254588
96484
-91389
-162536
-947605
-886304
498823
521164
951033
172802
-923788
40441
-491446
339317
494924
955929
511128
659803
521046
-28693
-49318
96174
79868
603115
869975
31968
935374
-269249
-804781
548548
456295
449807
-354969
-635094
-712729
-302573
-521397
786094
-781410
-570364
-41105
-705197
470077
467449
634120
-35000
423377
145247
-375197
-55577
-883446
575486
-959404
196422
178600
910572
-771610
113974
-358678
-576391
-337479
-902383
873417
307553
-537477
-839313
-995020
-58874
946781
-776430
370763
-94325
-481627
-159161
-626876
-847507
805840
796502
297740
-569358
-259076
414295
-993873
-218479
-389284
184728
-307908
-160893
-701298
333415
262716
-38776
431032
136132
-731224
893556
296819
-726244
-165318
243600
-502673
-794556
-850725
15701
46284
-477601
168194
-147876
-681099
-534066
282766
59826
880229
288894
841347
-509055
-526378
-466561
330052
-227676
866855
-407232
733548
297886
728901
-997676
191442
25720
-723920
-973877
-730681
-226592
-768432
-581406
789109
277852
-59006
-42697
-870024
259896
423238
412743
-680279
303466
-298364
-838932
794412
175259
-305493
124463
947583
-438639
717232
681130
859248
446132
683454
50690
-528149
959535
76813
-258829
-267058
308382
159766
-477949
-413766
-899240
479355
-283790
360656
-97408
-871048
680378
-793942
-169411
841446
-999531
-994153
-464047
124932
953430
97314
-157837
634560
-43438
-711705
318013
-992749
-239853
277548
84065
501318
-989510
-607554
-338916
-467458
-21320
-238156
-988104
694891
-877500
-85511
823843
802878
120547
-345569
644324
121016
-339722
-819724
-754052
-386292
277591
88112
-751733
-765848
376407
566281
-758596
-863447
-156172
325470
637872
-145681
717917
-701045
386861
-303403
60800
398758
-608513
183301
-686754
-784671
-13822
433793
-130239
-369498
-445192
530040
-189222
-199244
-856253
-911632
888869
-607986
-677479
265275
958295
-436074
401829
-197877
889397
39701
656442
607313
338657
43302
-696091
-600543
-557941
-304603
582758
-244695
-89274
-431064
-810902
780488
199438
-256094
310527
-989784
544663
454274
-901416
433532
846289
-578894
-301194
804583
-14967
-899365
-393295
-125571
140337
-736853
-518259
-521007
306449
-214350
-121549
748509
481047
-538792
-496186
-608227
30144
-307088
-827739
-770418
436819
482789
-760202
-18518
-62938
-661617
-584987
-216649
-240511
113820
-412067
744523
214455
194639
-381049
-645208
457786
100692
-166214
-235765
886343
712237
-487257
367390
-826556
16558
759164
203589
709470
931426
433172
146289
414214
672970
-872230
-648724
-988647
-457217
134627
-229158
656603
722560
-484635
-128942
-82801
134316
225850
-625016
-764993
-940365
139219
-878650
771873
651963
488740
945318
-331480
247904
148907
-622010
179329
-417922
524279
-406458
-744952
652049
-55182
-733599
-805169
-920556
37244
851435
802005
552609
-277508
-280797
-313076
948343
94188
-78068
-992022
-766593
43282
779851
885370
-467978
725168
-446110
779926
-125925
-68120
-40745
456153
-543841
552798
711202
-891792
-502385
977603
-696961
-422940
14846
-845526
-620935
-432545
-123034
98269
254379
-174692
-807543
-823689
-166714
-574136
219593
-386863
-688766
751616
-661695
-134876
531542
212380
797005
-509204
-331467
-746836
-956407
-620266
-638628
-458791
-642664
-335588
118270
372183
-181114
497336
939638
695852
-404395
194017
-478840
-211938
370329
354447
213926
-410079
967584
525160
-658463
-694111
-609716
873079
518269
-812711
-636125
-813198
-559547
-592531
-433464
-198175
-51322
-76127
466237
-933052
-703945
-714877
564284
-764307
980976
-840112
429711
-497865
-52049
-199961
856583
-838124
389961
824167
687037
731499
-869945
-922679
604577
648325
-735389
968452
835127
-294936
-624079
-598337
506890
324600
325536
-26873
391548
621592
258250
-44168
857286
239225
115721
286997
741361
-936329
-912964
597943
-774452
476997
422110
912586
208495
552165
989908
-186928
200490
-745482
-218476
35617
-40417
157445
437280
-533528
-517956
-237185
439599
873593
-615594
-302151
-170575
-758308
937075
945146
528689
678435
-991183
615725
276378
-765634
92722
-301512
-853049
-698783
-749347
-863141
114289
451143
-608623
895814
-513241
350960
53259
924039
817433
535304
-313146
257031
408896
71261
954881
-761679
312953
891955
-816534
-158359
570390
-807716
-542635
-153232
-573350
550088
545256
-426398
851305
795909
-289539
-34406
247052
101838
-138592
733811
-547202
914667
657850
-729770
449970
-655297
527262
-141134
415964
482142
97187
-271083
374097
280654
570558
-55513
472938
-972077
791255
899589
578011
336511
-526810
429316
132420
183651
-605091
-620529
-714511
256317
-886718
-261713
170984
771133
8517
-379046
-884164
-464221
479820
531801
-982080
-422993
-739283
392018
857662
831275
-663496
330599
859199
-872241
230188
437209
464270
703378
-133475
-403310
-112972
261435
-23838
172517
-482248
89444
910805
688736
-139423
-80678
-690311
-23587
455101
789510
-491787
473022
-633483
-231070
-134961
-775822
-399795
201544
554778
-540597
329303
-215035
896613
-206427
-511657
-236863
390264
375371
-975428
-633575
-452112
-457676
455870
-541307
-768941
-683554
378015
-459251
292860
-166885
-669741
801073
-693863
-303224
-429997
171177
-79045
170209
-627280
-524268
629613
702024
260698
526225
-504403
749041
-710638
885861
124412
-686065
-747714
672301
-143741
708156
-869007
87318
-975399
509008
628068
317462
-657877
958327
118535
-351739
-344898
688539
819438
576057
-141253
-807842
-948211
-511641
894183
312487
-985416
-610221
61528
-696053
-724360
-814061
-382118
-472073
858240
474141
-763918
989233
-438541
-739316
498241
-810474
578146
840365
-852147
-303320
-511375
-197045
-614782
-691937
-620988
243966
-499779
-569198
732326
-605597
743289
746910
-215817
-195184
-949143
59824
-9244
-331260
587751
-151005
-857119
823834
-161772
-295660
-915483
-663532
-106133
662664
-823167
41721
-640657
-334541
844677
-255438
-26478
-776312
988528
473743
-345510
720853
868147
-602221
467763
-347670
202596
518621
712154
-806649
-812640
299905
42347
-669759
123738
880575
34582
208256
-782957
928450
-129081
-606123
-29830
230262
59336
-185154
974825
-967143
38535
963353
506601
693026
684205
374747
-909196
151968
-972923
293401
-329412
739231
486753
-142052
39136
-470901
188189
-837127
-590326
-777229
371129
-373282
-848780
-757953
20595
121391
472310
-920070
936237
447135
-887212
-25229
410487
619389
-332204
94692
-5864
-241399
-753341
21213
-947999
-82753
-239556
538754
775196
799580
-932147
-36615
962454
-522473
186156
333583
104246
337377
575631
-875160
-541233
47940
-795229
-604997
-504925
-682440
369775
905562
936949
-962429
253
-68915
-203828
246912
952299
-151826
-835841
-287257
-613072
939355
-487678
-545219
-97261
-525224
-67691
-911105
808359
-963446
426272
383989
-838605
885039
-568071
-633834
-719959
-72996
-316274
649816
-167434
-379325
687388
832819
551761
-516441
79731
504060
331734
243890
-783198
718663
183245
-270875
-826557
-914017
203901
105753
-825122
12259
142307
601150
-603752
303703
486188
-171823
669869
766230
755182
-646405
416046
-412253
-25729
103433
-579435
-473969
586993
500297
-969909
-81273
-255814
-753107
-362611
927431
-23982
-189168
-986586
-820081
916586
-811707
192178
58893
789443
588427
-637405
275631
-583396
-967536
41861
-828215
-613941
-542094
-240468
360331
561339
180098
886363
148332
-319606
916454
-932942
424581
-836654
-295553
352012
139365
515280
365426
319284
431865
553720
-488538
-509243
343162
-900112
-146647
-381207
-483508
-114183
660654
-311722
271877
-881440
447810
-367793
679899
-372092
-481431
-171769
308303
-564977
-104711
-267117
-401631
599737
-915105
737735
115016
450321
57018
-453119
4040
568480
37639
-652798
668369
890992
-34004
-815139
-223192
-373350
-126861
-951316
-254790
-679052
-319108
-574891
-51143
199462
253340
-742841
634485
-851371
-9957
-767146
748366
74938
970589
-136619
-474741
27607
410263
529300
-403913
-552099
876503
-735545
-661108
-157501
-550684
115701
469149
322455
164386
-785642
643404
845278
-360533
-407739
44739
892808
-150580
-320776
-958564
839464
-87922
789802
-85598
-117334
-346817
439662
910274
-936555
-31039
-493640
-488653
-154536
-229185
-149761
687963
220132
965940
157111
-457414
130325
371470
-814010
-24397
-989064
-221749
-979658
903745
627672
-300434
945181
467136
611644
734983
-618463
-505690
-611834
821199
-595417
-548388
-209840
-89057
-37041
635624
681759
813198
323586
-98110
779138
-519304
444476
-90537
852167
630467
885067
863103
-591283
905409
766847
-963611
-395026
712028
503525
-783382
447010
885062
-289072
835176
706260
115512
-713212
-503581
-973546
249747
-867958
708213
62945
455629
-389897
-157917
936326
-945421
751546
788492
685046
636613
651595
-906238
542021
418442
-869849
-853005
130469
633676
-636387
-422521
518738
74542
-587345
224998
-809947
-300557
721417
-783492
949190
853460
924722
12135
309089
-465176
854218
245414
-410597
605764
33906
-725552
242376
-314500
-631789
-215604
-896059
-501637
-68609
234411
-867961
295005
811890
650777
-630454
-775456
-124226
-440401
-76012
-402809
-223893
-126822
-549349
-299172
885313
759740
235653
739530
5153
825056
345293
-960942
-900496
-412331
-275441
-532285
372066
-171500
-33922
-696543
-937090
98117
598462
874801
-251106
968008
-900655
624668
-472393
23333
-778141
303714
896511
-327490
-995458
781823
-567751
240195
521353
437403
65251
-133354
476462
164755
454315
-798979
632471
-173619
29521
-401452
129838
92432
696666
-271701
-32768
-554440
-303693
66578
-929772
223914
-910090
-707913
-472372
986422
-35403
-467829
768245
396847
772367
289597
-165750
-162383
-843757
-689288
-997628
610558
-488267
634843
-563061
541254
-766610
566777
-366314
930057
-704924
600919
-624384
-8616
-332504
-554156
-784703
-242593
-262068
-257074
-256172
702529
275097
-487928
99376
47463
801670
933626
885081
957913
-755663
887453
568471
-243930
522295
-994591
-702676
755686
572187
-68989
685743
867263
-468071
-938641
-141354
199426
-492796
73944
956833
245136
816871
-299339
-52335
91967
212734
-952960
-860570
14403
980667
-975489
-27684
-774996
911964
-459213
-18925
434259
-453804
278400
189945
-881617
-790590
-124313
985647
-258660
-62954
-155708
940766
444251
918237
897599
-310614
735107
-401741
637052
-172926
810994
684093
-33496
-174603
664759
-8985
797713
889764
-97021
-661501
-129162
-662763
-115304
-850762
527183
3080
-641352
-597131
-11274
99988
339916
833019
40754
-215834
751255
-61648
473553
486362
536612
110604
-686565
347605
-205304
279940
-826999
-540545
-729045
970715
-650781
173935
-690786
220057
511173
193911
369296
38355
-803010
727944
441224
185717
-172068
-218860
18735
868686
565307
-230010
-192962
38859
-743649
-656351
-850537
-430213
691255
-55840
849728
864257
403615
-879317
834971
752835
294618
-855815
-27109
-194210
338097
-657813
844145
535088
-929870
285369
-279196
-101937
-933491
739539
-233252
631816
-490472
573786
-329325
-234120
917436
-179862
335667
608690
764298
185395
472946
167913
306078
307917
-79253
-399305
452103
893639
406486
-209801
-764175
250630
-674714
-694044
-464001
46090
204019
-397492
-214372
970768
-765677
295157
544553
-95002
-938964
461989
725137
396704
70678
489435
-417902
-456376
-342652
888177
851541
578096
-511129
303644
471735
895357
-906158
707560
145987
-580871
-986484
681987
465219
217536
-715506
-749153
188303
-481182
546005
-267144
423817
607041
-805156
148954
3745
265523
-361612
585844
809147
295736
474020
660688
-126169
962892
-35669
-654434
858248
58173
-946875
4235
477302
-933358
-313779
-57479
284178
-29284
193369
-527519
489535
-260627
205337
-86649
-653586
400181
-937696
350159
-334297
-299307
-63998
-525150
996430
-589978
-864463
-129739
-627087
99868
215827
-768839
-841959
268953
235396
635343
335595
921618
-422136
-380227
-107666
771233
92254
-618132
-489395
-702410
295220
-142981
697772
357525
-792822
-636525
-941783
143181
-161675
-945353
553203
-26137
-75092
926116
-926270
-859266
-842724
-768229
409687
392673
867115
-254718
314290
-555022
365055
-793376
-783790
-542691
-411508
-273184
-245100
883713
583835
-547328
241237
791014
-183853
299455
-65806
654473
354102
-512604
-371665
-720991
-586488
-297934
-580256
-429212
-66162
829431
963462
-199048
-425287
277752
245931
939769
484376
462141
-602923
-927132
-811044
151977
956581
772792
604649
197818
563805
-579204
-502727
-502001
-924731
851375
-14605
-296395
-869616
398908
405671
-449871
969697
-660491
-620440
933158
140461
-45727
210909
-613609
-105959
-304715
848533
291118
-231847
-962511
-556905
-275266
810282
-952256
922552
374087
-531460
-580175
872086
-456191
-728801
-142519
247415
-598416
-743612
-346915
-48286
-773916
-7405
331274
-840758
-866945
-714454
370152
-480553
179588
-934564
-632021
-529294
-166410
-594531
-86199
558324
-784250
-38455
480876
589838
430086
900701
461923
973896
-828100
-680596
221310
-426515
-424208
874396
525199
-198123
-133010
-143528
-38880
46
142019
-668729
519493
-678393
-603293
887473
-207687
230298
-707059
706114
-211379
-491308
-332341
-730503
-901471
-902255
-829803
560453
-928360
-657902
879857
292950
-84417
-544352
167346
-559219
257526
-965665
297254
-781355
34381
-560727
-450083
-446126
-239120
-53376
-558654
553193
-823079
-265712
259307
-34457
242980
926967
235040
341510
-975289
405238
-98038
-903649
747336
-218182
389302
-337082
237467
-443352
103700
-505007
-409017
-599046
-286362
625365
-159773
263555
-820762
601107
-789821
-379415
154300
-612899
354873
-586394
352645
-402147
-659428
-412316
939363
-634716
992922
-158675
-538365
740257
623143
850938
-596825
-139390
-592415
506875
355603
-1431
907829
-930759
-376066
-251944
332797
-196827
-650838
542977
423758
503462
930078
-221369
917069
282722
376484
-742360
870407
315847
-377076
863329
-842829
84560
603585
780315
-64502
-993240
-359076
343084
513635
996527
-658347
421464
-934232
-34413
-830481
398565
768760
-481318
-58458
192518
-977857
-128380
971149
939213
-845658
347632
-803148
-975252
-336522
-180223
888077
-179351
904338
491662
-399037
-160164
498422
241888
-817080
12057
238415
-475427
-566479
304183
490160
-396959
-297252
258920
121723
644291
-548563
143867
-484090
-577415
83079
-329748
770218
279932
-304999
-566305
-900291
-416923
254345
-995953
-925261
855309
-156117
573162
97197
26803
-414781
-664389
551376
18740
639795
41536
621781
-657457
-699545
-256496
986834
-248107
887372
-497257
174478
-29550
172996
-55305
-749618
867997
378391
-649909
-548926
-367264
-645862
-474187
-511955
198021
-901026
585242
-775176
-315807
920853
776201
702934
560648
-182264
324715
903191
118192
-931782
890024
870085
955590
-607233
44563
-73960
565763
989258
176422
433759
367649
526513
884833
-999615
880651
-589354
-511570
78672
-490379
-926329
303497
193814
994525
79697
-103252
555172
897433
-778538
458363
15624
-710319
348387
-114291
-754729
741154
930272
171311
306917
919530
-652267
-259325
287179
874246
-374492
287564
754897
36154
775994
-166431
545775
849666
-862935
-260411
844190
216762
636338
399362
114195
857800
-142275
-870181
-852519
-793889
15528
-607248
947265
-54201
564064
254181
-134671
911797
994857
-847493
786043
-379635
440071
540940
656520
216065
-625492
202295
65730
-488426
941884
-90081
728337
578222
-690719
-157469
436022
167006
-27650
583503
373117
987878
976256
320382
-66323
540319
-425437
799006
452115
-430580
951514
238158
189785
391584
-220903
-153696
-392352
153606
-951402
673379
665180
990483
-416703
393516
568705
-107421
-763954
4726
-940415
208396
-411772
432702
196274
-435517
-246916
-870049
-895198
327648
928957
556917
897068
880471
-204925
86853
272055
574172
933157
879703
-272223
981756
553082
-607043
972239
-863621
786473
540943
28958
-977481
-454332
88543
230916
133897
-478755
-572811
698381
274330
-442860
803183
-398023
-513903
360100
-500956
-633433
-844826
585898
638622
729346
519054
518325
-542877
500810
71407
-149920
473049
207786
-363448
13992
-763257
-340929
559660
325287
889988
-306443
846532
-682824
-608063
120862
-125683
-804881
722839
360415
555219
-778117
726983
710393
807781
365605
439739
326835
-116070
896862
-172355
955337
-253059
-699307
163122
383494
314685
399865
-957436
-125655
-274848
932552
567902
-428316
-750272
959840
692546
124046
-845041
415384
-515540
710178
637267
-788558
420571
445047
577047
-139690
-228118
-539024
-242829
599527
-583687
504113
900220
579435
-112394
214905
-20700
-69829
-910751
704452
-137277
657152
-723865
112451
616991
968681
-763503
771950
384065
-279043
482128
21331
-67600
-97301
-533622
-490553
763009
238261
-29576
-479821
-162213
386737
-975709
-261993
-33829
-88103
952912
945472
842069
-957840
649923
-295209
699313
926059
817242
316303
894740
-946261
88253
278804
-225304
-429620
-699865
707096
473079
-233486
-783458
236087
-995226
186966
756267
-157439
-426297
780559
580569
539874
-307544
533480
485345
-465476
575641
135268
239315
274953
61327
56557
-408744
-43934
110296
679509
-765131
884993
-750111
-464995
592088
722969
301519
808631
-40945
306294
-4403
-284678
-851145
569300
-504120
729424
109174
188337
262903
-405481
722861
-161456
729787
-37824
-886504
-208886
-981268
-295247
747180
129028
-615739
982050
14020
-365849
-482946
-393892
-642881
818573
-585261
316175
124866
410337
-968503
273721
-20363
-472623
3145
-911190
715715
-733953
-316671
438575
104592
-586884
-599250
218088
204230
-580517
922842
-48590
548512
-692897
-66541
-437468
-58746
450513
168641
298374
269086
583380
-385452
-606048
-6284
-353955
667674
973353
173423
-329182
-937837
-110863
-63134
-254507
-672288
-958543
158610
-271537
259546
-637161
147946
182387
314249
-303543
489490
-752292
258989
-569256
698221
-572371
729118
-32693
-988991
-656335
361259
4726
-10289
28933
-21921
-836866
699751
40242
52271
-363383
785736
379984
-321925
-55655
-891554
937621
307184
256393
120008
-378567
952850
-390503
-130858
211839
40242
-432637
639469
-230641
534670
650478
113025
-104071
-344796
-897264
924862
633283
-734130
624613
-326475
318142
-738770
-540740
-301875
-60695
403605
-193428
-123075
-289211
-937036
996933
332223
-984186
-393570
-798636
227653
646672
-231273
-132878
-583969
-696604
-482400
529057
199326
172804
631793
124187
-193913
897663
-251200
479612
215804
10030
938872
913930
949335
342477
-279499
-173741
-946735
-216535
-176808
385489
-200720
429623
586853
-973068
76295
-644420
-105945
492326
-341023
411655
21382
858303
-415542
-346825
-17510
390545
-449163
731290
-129843
766642
-258681
-190971
680572
-309346
-848495
-598928
516914
-795229
184538
-659895
590261
983818
769728
177113
-989250
-153978
532694
-95195
-661652
-808330
-683540
359731
-950028
-99081
-987095
32463
-708536
-436257
-236248
161621
-669615
505072
970650
-989044
-804275
-877845
-587972
712639
-673073
596567
-947256
917188
580384
822473
94301
591135
-331506
-373006
-504060
6843
-181335
-187600
-633427
-131363
713319
-620522
901101
-995218
-56778
-335148
166404
273607
-830076
137054
284563
-634350
259209
696592
-921712
586137
293158
-868967
503325
-126458
953506
-402375
-535324
-378000
224620
-39383
628843
-956716
773017
995416
-88079
486336
-625106
-186978
491118
318117
477874
-342478
-408277
647799
794576
876287
-986552
53785
572878
-908264
-360079
-133964
-777230
-856755
739578
-823725
-259130
-795746
-201725
965491
164871
-572883
-991226
-62112
-577467
-79305
-575777
-202572
733717
915342
-884456
211591
-427137
-292732
-140611
-632562
-416446
-127163
421223
-843568
-35426
-938857
22468
187344
-795611
-237954
363619
-54740
-33700
-838106
-89250
-868829
-410988
-80476
69059
11545
840220
493282
808974
573937
408623
924518
-214472
981486
-368214
644917
-651076
215340
-482246
770147
371773
482329
831291
-605760
-330328
-964321
156286
-966709
-19061
-877414
-804815
891689
-746243
-215802
-188787
322816
795743
-348568
-183902
604717
-774632
-775279
529235
10896
-793793
-838980
-344187
-444869
376361
173568
-674723
-251867
-344104
-843433
142374
325569
-807753
-701340
358860
173186
-578754
554046
64875
-324996
-661757
876089
997821
-866014
-472480
-186082
738703
-247111
38640
267937
763786
244847
428958
-580401
799978
-194682
593167
-874745
553452
-750938
-718178
-304175
574631
-525931
-5515
-66509
647256
415732
-512463
-287869
-909265
-174219
-411781
-911444
-40233
115740
-97526
-301530
868629
941115
966408
632415
185961
395365
-947987
-14061
-799317
645180
111194
754135
894243
393016
-550041
468873
867086
444445
-597636
514342
-139824
-110099
-773528
-49088
715682
-185308
39468
-324551
930432
941943
373920
799060
883057
340327
431474
69018
-264308
483488
-945044
-63625
128667
166150
-309490
22909
-440834
140470
-508218
-573748
-415086
-105854
940594
445091
784048
-832934
-603998
499730
-18242
435470
-824822
-87810
377412
549098
-288751
260469
-110575
-857277
-670514
625117
626211
-615558
-438508
-245122
550592
252003
777787
-890242
-607528
-730431
-463990
-22613
163716
-523396
-577523
-52237
-356330
-181521
-552508
625429
-746051
-377329
-462382
631362
-828231
248868
-108170
61194
391592
221317
-313689
17802
605759
247803
772681
156351
-500195
550468
266109
-107723
820037
802120
869664
-16248
-721277
-707859
931516
-77606
110621
-620992
-452178
364570
1679
85440
-4068
173448
-665692
887762
-765358
725900
109078
-79047
-256298
-285163
-831244
-483618
871189
-331439
-933151
137297
560839
886886
-60583
430503
-129362
218140
722644
-197847
-859467
-166735
181161
-311644
-802166
-817160
773797
193766
356289
-891896
81528
590931
834005
-809394
-488117
-422294
-94556
-319361
94089
-223368
349201
160938
913930
-89960
47824
-146654
-659458
918462
-928514
-936814
-279385
-787980
-103549
901776
-99624
94286
-915384
-325827
-711948
440905
-217722
369580
31836
-383718
560187
543720
193988
-534370
-775641
-711924
242262
573560
449015
156191
-516400
-503162
-990463
-175857
-584700
-918977
-112671
135915
-706957
783781
37691
193420
-121933
122307
867593
166119
-436788
-350130
-464301
595048
266152
-904115
138767
-539860
-438485
363126
-251783
803777
-63314
-802769
-40032
420286
-305930
-30495
-755572
109370
50528
131757
-754715
343572
-84462
282976
-463009
793606
-594717
-595416
-40276
-31505
54455
495423
-436458
-679393
591308
702309
-219253
-847178
65435
528965
956600
-997880
726197
-83433
422406
-579734
886072
666834
529637
-63400
-201409
774922
-719828
714130
57898
-182837
507735
463181
221748
-532542
-568325
-723798
962882
-4782
-403190
554189
-302473
377558
707012
762962
-93478
663612
765082
-367282
-419822
187487
52985
-533750
-145679
-417379
402851
652912
-642457
683023
367041
415441
-499814
-125225
-121379
721935
342234
310297
998138
305115
-694486
-405053
-140696
3041
972505
-433684
-233997
-120974
-770073
-468916
511745
-189894
718572
-435270
276357
-427108
147351
-320793
-774197
504895
-637770
592845
-79665
-137583
-532381
798957
-415649
809853
109253
-417512
114968
414768
177436
974272
-582191
149940
-459413
183812
-971034
-229486
714897
540712
580621
433468
-894559
-143023
-993640
252792
536185
-767836
-242313
898415
825009
678022
-239168
-707372
476978
345184
-897519
-413769
927673
217449
-999002
105108
191721
-581192
-744953
732308
602620
-715986
-497178
317517
824726
-916557
-249015
930167
-59580
-242655
182959
-523396
-10491
940646
-624981
-185482
618668
135852
107146
95645
-518965
209627
681877
-591293
-572924
682876
513815
618797
-898317
768863
351105
704304
-947123
853928
21820
877603
937371
772805
807770
-122210
-469850
-9271
354395
519660
-68626
729415
-665823
-449958
-134734
441324
645687
346301
-349049
327564
755009
78027
10439
268824
-303176
112122
37686
-952071
-183575
90564
901857
838246
-31833
839228
611051
-224064
-282982
-858799
766665
-928588
660861
-301961
800828
995039
248081
-333907
436363
-106232
-987606
-912687
-778668
767403
165341
231771
36226
862166
-656107
-926088
910095
160319
164477
811952
-1436
-867357
651179
-390385
-91420
-631804
-249184
-324756
-560391
-588323
373284
-759564
-593285
-378635
-93470
843079
515134
-81075
930392
736466
-313673
95733
-31763
722554
-42102
312130
796467
-132007
-527552
-39057
-320056
471013
93587
-668878
-919373
-997834
-300681
-168556
-322589
138928
243121
-949305
379364
649837
-327940
-714106
492915
-812806
204819
423307
923660
891147
-480960
-108103
613701
476938
-795974
410167
-655069
-323526
-628890
24875
-852513
464698
355998
-771886
466864
-944684
59558
-855726
194244
-697321
-805031
-426392
952516
-132970
-140498
445431
54224
-935680
-131262
-22116
955468
387778
869781
569168
-135284
-926194
-20666
209647
-249719
350445
-765479
-102232
-184858
590519
125883
-717994
645835
-814559
-573719
-159922
-511880
-378750
413687
-559364
488281
-726812
886067
-457495
-662491
-245196
520389
-707023
-857418
390170
862145
7298
463977
-158521
-783056
-785742
-808077
-548535
112026
7066
-958016
-762091
289073
687819
-576650
715354
-472103
-88530
-663396
941584
352107
824885
-785228
238174
-632611
-447718
992979
887779
-154741
-864440
277948
-292597
142858
-258075
548883
359802
-43817
740807
811268
-931791
-252128
853252
-693882
-963056
541071
-270532
752299
-931032
640939
-911098
-989448
-6955
913787
-774675
-768781
-718824
-222393
-775803
-831046
622867
-640243
446903
-669730
502615
-811173
879153
-137583
145011
619959
-326316
213220
-632169
-473064
519338
-595224
-931993
-751194
-842926
-863025
889746
-754024
-852472
-117209
-840237
-627147
114010
-559060
150461
338207
-390105
-226673
697964
-943203
103598
200579
-754375
-17249
-937005
390637
-397290
-263320
-396144
-29459
263617
-876806
375318
331624
-628000
532392
468600
-738254
778369
616128
144537
938133
988981
-741454
-620928
139441
596753
-11033
912769
294717
45765
16367
-504704
291390
999118
-441709
-317974
-398173
294972
285883
572368
-441412
409077
-52315
890213
781078
-519923
358812
-957177
-741554
-25061
187361
-803422
-36081
445907
-424350
-896640
42660
564617
-983872
-662623
-389619
32495
-167327
901772
31613
390965
-416202
633440
-314064
869681
205808
244525
278758
-846507
134737
59836
-366430
-506452
102660
-107984
468487
-709980
88594
-567594
735928
664245
-464234
-221412
228861
-448105
115966
839243
584391
948640
741015
-383997
339604
-675188
-750558
-974460
-805507
455250
270065
473252
608743
-595198
-466913
-757687
-101650
635748
134330
-633163
925768
-777076
-200757
661696
887169
335010
-559716
116030
886905
556250
-44727
471295
504889
-303713
-912703
-155507
21100
-663260
-129967
215593
791990
-859902
-311155
400733
-455100
221932
643047
443251
-142321
-222624
810088
-216553
300
-390669
-554857
-112532
944342
-114573
-996502
831246
-558323
-41229
302541
946567
655058
389839
-208941
-323843
726579
661093
891751
518569
801191
-419405
-80698
-653909
802527
-437652
789343
-339794
339724
599430
443654
-659976
-791239
888798
227492
-846898
-225775
230990
984349
215902
-810239
286890
162469
844819
-323272
953529
-479025
-596693
614621
-587275
921877
415812
-6679
-158822
761904
-204153
403527
551246
456054
-256749
150676
-100292
83275
359437
-211495
-689233
512540
562730
541758
496889
-221368
731519
-216222
941101
576337
460507
894629
-902688
863815
509250
-489962
785691
-74939
503359
-373131
-313035
-700794
-969605
-761790
755261
-226353
388886
-345032
856922
-251677
443474
-832311
-739138
6204
709447
757752
784837
440966
-458471
725938
17303
-997964
620567
114615
865851
129816
624654
651542
-945123
128013
-721590
-258158
427219
-691194
-19947
182480
82453
-631062
837449
-60625
117262
280923
107064
378125
-712874
-183489
135876
-928037
-742524
677406
797901
274779
679442
418467
-610606
545293
-451717
-985953
196834
-396839
142060
475244
345004
-430721
784051
-674944
751760
-133497
-306005
589208
805878
811257
-129870
-87058
189381
157257
729453
-674743
229220
986929
-997338
27120
261707
682105
-554413
651101
227397
-6129
665149
-575770
597032
-192791
899475
-57964
376488
683525
267093
128247
-449972
961088
-282545
-644095
772345
587585
268847
-38275
-255159
-1700
286982
974062
-14772
289645
1182
-753065
-28251
446769
898036
-800855
-559360
563184
-376624
-962328
-629608
-477150
-20292
746881
-793626
-753200
-124872
-243598
-792112
592583
112308
980233
180168
-618845
-58043
925010
379455
-771061
899071
-635317
518584
-99748
-388382
-509668
-652979
-490347
-310523
-212339
-927163
312853
-174667
-556770
835704
805042
-809889
-957922
-948159
65239
-201520
-740271
-342178
910789
-760039
837990
-708056
181919
763000
671399
410858
662070
-963919
-70558
-437678
-352301
419774
-90657
157353
-890749
697004
230191
422105
-477663
673422
257808
-672622
863533
299886
-620780
-71228
-901634
-361050
586595
-990845
-121089
424585
-698901
-939170
187584
972499
471689
-150347
-991421
-598870
411975
-343721
820905
-678682
813633
930157
-981679
43823
352261
-459341
-282755
-389931
-131963
-419223
909956
247257
509550
-991678
886207
96144
-982522
-234882
-479272
-681423
-174051
708313
-708925
-702363
-442035
-700345
-301232
969941
-44065
-480327
-708742
-230433
-550171
-690420
813391
802091
-149761
-469365
-587840
718277
111413
-677885
-34466
-379037
-669562
-148259
717107
-652084
616859
-762165
-333506
-557192
946148
-42431
-259555
-495887
257225
439214
-525946
-786841
958887
-234687
-17274
-591285
74893
-203883
-789195
925133
326752
-377035
643409
-561835
-54919
-391057
59128
275520
460684
-223765
623436
77543
14070
-710071
520351
-39783
247499
-739204
464331
-495277
700010
938385
-282118
658896
-296303
700609
-932389
778591
-503275
-721583
703723
823478
-98618
347132
-738358
846464
956075
320770
121983
416758
-902995
-254581
-505700
111075
35349
-985349
-928708
-717153
-724553
535623
-212429
975457
474007
505453
634353
-822297
206062
701964
956295
702787
980381
660017
526264
-118237
7149
787907
-271774
-36776
108677
850210
-620019
205682
-404372
-125718
-683244
630977
-111067
-611951
913825
164380
923672
-298605
139837
397678
-793152
-225811
575382
412910
-523848
531676
115696
-543468
191693
-358040
338296
-801158
-570134
-933479
162066
538543
916732
542047
-255776
-487641
-583671
60981
-856664
305263
449030
-942840
-530357
372702
-241444
609480
-229620
-34596
-616331
-654239
-621687
-140179
877438
494009
316354
69131
-864031
-345351
267973
-434165
-278829
-569962
-895622
-362097
972086
-151397
150263
-611585
909584
293599
693678
358614
350760
-836679
-268685
-890685
772802
501695
74719
-843530
847457
453032
16291
724895
-52959
-667355
-205975
83010
-12705
-938002
648845
708467
-507963
753224
-653631
-535878
-398174
496632
-147463
-488591
-209769
-453785
870024
-859009
-290463
-398662
-749694
-517662
-896967
325025
-361192
950490
-221943
655100
675385
725099
987745
-530591
-191892
-24960
-468592
-543047
-316493
23445
-789824
29876
487568
-187998
-473492
-659895
323412
316740
-113680
193435
457731
595858
794774
708037
-921805
897807
33062
-282997
848297
811120
-627898
523681
536218
-640153
993090
-655674
334888
-475502
-198721
-981606
547943
11456
48271
35510
823458
574780
375615
146870
-108480
-738065
-659696
-650750
857793
-864923
-942713
935988
-967116
90350
-347009
881181
-98530
25094
404861
-562313
384942
397951
-217986
-280171
922449
583293
-261776
470392
-405251
786495
-494098
-581793
361275
881518
565077
-747206
-856548
905382
-397956
-998755
-959542
-340668
937234
-926657
749682
-409776
954524
-348849
615319
359385
88839
260
-242664
870854
720090
-320216
454147
-541687
-849824
-951105
-755192
-343921
-532898
606083
-462404
-967822
858877
-318951
937560
-539079
-317706
978019
120254
-380472
-948639
-130065
209753
-994115
521087
-174929
365271
-390074
825331
-877394
-519221
545420
-197609
934926
-996267
-47433
983822
-751459
608647
-549077
854624
-853758
-516899
713501
-172709
-579339
-825578
509586
-601320
294676
-870886
-549958
-835389
338867
-544073
685699
-836062
821199
-704375
989270
943805
-223596
534689
-253805
-288670
538423
698763
-304849
786964
307410
146075
641588
453652
629177
355088
-719057
-950163
529511
790530
-551483
-175814
919644
-101440
