-721145
149441
653325
282320
-487873
-520018
-131153
-922290
-807206
-318658
-236972
-513183
-343375
-731781
608244
-687574
261202
411934
218751
-940134
756692
-344420
-135775
-837288
-552671
-539392
-469726
416139
57729
-443647
-972490
336585
705794
680835
-381096
-782080
-839183
487752
-704369
-646389
-830906
58660
-159571
-174281
326880
-551327
138146
-411919
860607
-643104
-352053
617299
12477
512172
780012
459806
972781
-689715
-124055
30510
-133362
-96544
-632906
-427568
-415710
-14001
-209647
-254893
-526249
85984
98719
-357155
-855356
939148
468565
471524
-612179
-393290
-940395
-751573
-36394
-292448
865727
976083
-780276
645738
435889
-807495
956024
-688167
223016
-177339
215289
590110
395094
799580
-423891
-814554
-455313
49860
271431
643406
692705
416075
582554
161270
-112401
970375
767980
-52796
-781198
-268415
654757
-915472
-292333
874482
730266
-856444
-933013
686290
-544610
290003
-491050
670679
-119887
904045
470259
456222
-910510
-985054
-493919
360922
658353
-801214
-223003
240906
360056
664597
211281
128036
-388199
430083
859621
-733442
514612
-432712
-858961
244878
-289156
-791973
-68833
166234
498031
440118
-163087
-621857
344162
-692828
834365
433653
-677882
-659554
-205426
980471
-460767
571572
221377
899290
236168
-567343
27325
847969
862741
-113055
-885474
377352
454234
-744434
-377771
-834922
-536406
553396
331312
961625
-6487
-831775
-660233
-662325
-524603
-825868
771328
-202484
-485422
-434098
-222013
53811
-862527
999364
-46899
373642
-567979
980426
221611
-705238
-132629
336138
672114
-678396
591705
-705657
-513318
-944702
847740
817995
-983078
-158747
986221
-643310
178928
-538382
-469178
-49744
259134
45400
516158
-962880
-900789
653632
-963516
52313
27274
-531494
32738
-751116
-236732
900109
585022
-564618
-778287
176726
-270275
-291604
232025
-422535
-473609
248947
418718
-487389
605637
-402354
-25771
-863541
547902
-766637
181860
64059
-729517
281072
-282309
-693032
-666616
744965
-224526
366122
993849
538742
266231
578871
974124
487945
-244403
-296151
-803659
987622
281314
-277268
236569
-299968
235344
-157794
297678
-790428
-21335
-154421
-557065
-839475
909639
-286581
441597
-372671
20387
774981
-627706
795862
141102
-633857
334603
-592667
945014
308727
895278
-299389
-987425
-908382
-311767
293890
-185649
924803
993922
-950306
-232992
291600
-740733
745674
-862822
-297797
906200
-953184
415623
347796
-325854
-563991
122776
46440
-768129
-736122
412583
566474
-328789
357597
-124799
-433511
-941792
-112223
-341892
-253559
-818334
472460
-328757
-824412
522154
438252
467188
781422
183926
604367
-516376
90125
651184
899247
-562080
-674670
-664744
560697
371770
-432873
824575
-215647
-866399
-504214
-858050
8803
62275
-799842
896580
720384
-53400
-921754
192843
617843
-746165
-285003
56095
721024
-503582
-759979
325390
-19957
330146
-23426
-120711
768067
301904
214546
328764
-326326
781674
153338
458027
915276
649125
599978
-75922
-288601
800136
-179343
-568217
-253265
-101097
624626
-635422
152738
-660377
420674
-126239
-163959
660695
-800849
816084
-9159
175725
-304627
-241092
-522371
909920
-912329
151303
691593
241009
-390670
606868
-109867
-790693
-469055
601533
-990557
351603
-966684
-243821
-749494
657942
120757
403245
997565
-458569
-722995
-166394
-797875
-523843
-350310
192967
651883
345064
951875
-870489
254983
-960455
280814
-53425
280555
890145
-446557
-829312
-900549
84389
772222
-891106
-564009
805538
-134926
-313502
463480
985831
-910258
461045
-472738
-633252
-705350
-270612
-157095
-55659
922355
-505212
-710596
874229
-375701
544387
913775
905114
-509038
194330
795258
44406
365018
894710
-871206
137240
-996396
-435214
-57223
-131322
251284
-593743
-145491
341026
867302
381771
707775
-838048
-888842
-449321
106293
-966487
45468
395697
907743
669767
-59917
821518
574881
431046
15847
370139
-524549
-619135
264849
-395754
518105
268453
169032
-539118
-862869
-579684
-132861
-8360
761343
-265560
-626589
469117
-103608
-515430
-980204
-997315
-481916
65264
398382
-574174
-264969
-661535
-752657
-690088
769511
263191
680051
-755038
644056
-55101
-150792
162161
-786648
-981760
623043
-649517
-561443
-509818
342124
-800101
224623
715536
669017
-878985
-799894
688814
-876300
-281810
-245923
522082
144016
489109
860548
391360
799021
630059
-345450
479071
875021
-701394
-576030
-275772
460767
-362677
-257531
83810
-12193
181026
573992
-670070
380925
-201385
-954534
49942
-80370
-754428
-261245
43330
-36238
492833
-434588
-892222
-18059
-574041
499139
-219039
-943983
-846312
-739968
931039
-547705
-315997
-344734
913062
321326
397736
-3128
-690868
-421239
-429136
-360938
959687
369479
-315471
9628
-710892
-69899
748383
332439
893864
241215
897851
-998359
-776844
-676190
500781
4117
-620172
654469
264149
-689134
-893236
948152
-33867
-980174
269478
-636132
16698
578610
-57371
587562
-782328
-97685
-42960
-97799
911944
246148
832303
660327
-421414
726166
-98459
-523563
727808
124697
-199753
228588
-871186
180076
-116943
392964
490942
-10179
341116
-542925
9647
-389407
-179057
-973656
-810798
763573
613907
-593126
-334112
-429054
309076
-422168
817095
141378
-761842
-604319
-132457
139700
-127882
-404650
-735603
672366
823939
-606789
-147558
-293005
786175
-656617
696816
127291
-199541
-293537
737884
621403
-267192
927087
384975
-653286
-666039
-949137
-82339
643037
-371305
-265244
-215586
-133147
130437
651958
-993448
-997445
-752692
-729050
674922
-928754
-335839
-472637
-221759
-549664
-129253
-524943
577627
671206
181520
315511
292608
914328
242597
-322417
-738958
576558
-271554
178703
219595
357142
913460
-995991
-776005
43896
655967
-769453
46452
903276
-498502
-278627
974523
165659
248737
-247237
615996
-880517
227821
193623
790690
-590660
-490867
83298
-676332
751731
760882
-415289
328289
-510673
763414
-452117
846470
676873
-448108
-929536
-279231
-792141
-698988
767221
-888866
-197490
-511406
-914344
968170
737331
-161580
584165
856815
-933760
-222212
647505
-524419
286921
-269198
-200750
38652
-508316
383961
-633060
-18989
147375
-85177
-172519
-175752
466715
-102055
545018
674575
198958
312238
785709
-998533
800833
871365
969637
538164
-290215
553802
394979
-223975
-668411
42483
251607
618511
773286
-949144
-342838
-735031
434817
24103
245981
-417808
938926
-926539
406440
405641
-28593
-48543
80215
-829636
-736305
-134076
-828168
-935472
-262711
-858532
602692
447074
695271
-2330
-776901
-973141
-959847
474706
645370
813440
525563
-697468
-921592
-39621
326635
324390
542572
265561
397852
-50989
-328798
-630741
900469
751417
-460377
-835836
-382659
-288544
-771308
354630
-147075
831384
-198297
-451805
-170946
24803
-424946
-130793
-500492
-779576
-317354
-974930
-477044
-238945
-14550
849592
-914555
-471978
115152
483297
477034
786354
852557
377502
537771
-607820
541666
-844888
103636
770358
509742
956561
601742
-688555
-495245
-569205
336248
79810
300003
835757
300234
982650
860828
823191
-256295
-153722
672782
-170850
374300
-212066
-687553
-148667
-425712
-834997
-771165
-887941
-442817
770501
-732829
660819
540859
776913
617380
142601
-911642
-877865
573397
424607
201945
-126600
260363
-497821
-143951
121191
-674631
599755
967469
998152
-571095
341769
-213915
-258648
-806898
360374
-93644
-578063
472433
463540
-807562
739604
124359
733298
516516
-258262
-124102
604875
-136127
-550706
29481
-934182
322695
-710156
-432003
-821257
411036
-106634
778499
378504
-108482
-792597
-279727
677603
-51244
-86625
37976
855113
335312
-489591
318652
527751
-749988
-556990
261048
766529
184749
-863055
371403
-951378
-413760
-599116
-885560
908935
-309272
-317563
-912322
-898237
575804
866177
480268
-532679
-926420
-799460
-855076
22336
113916
182901
-122552
-550772
693310
-803900
976979
943322
-360889
238026
709850
823860
374972
81253
872483
961213
482137
986923
870147
-827136
-330641
957826
-725372
-754837
824003
754896
-287516
897583
955437
-142591
-80081
69353
-959691
797368
518581
733619
993468
495559
676941
-367421
-266415
386790
-543562
-891444
-531958
-671080
-930232
950179
-684157
939916
-876957
-14797
897741
-602329
230366
721743
-847433
942851
619326
-891996
-199741
-460755
177357
-159432
-663388
-304062
-425813
-669920
-808503
-748873
-37340
-74918
637918
419098
33638
-894040
748019
103407
-943861
-936138
43322
-820818
49065
-58937
-423146
-720569
-337194
-270578
-777719
-717869
-162573
22540
-178623
-985216
863109
157990
-289278
-562704
488071
-97781
-311577
-549270
827301
-673659
869829
-139061
-567699
617847
964346
-511560
681710
7668
-332377
-269226
948731
244477
10206
-388464
973900
232487
-106332
-188674
-744973
715045
-173890
-881864
-126965
536832
-444568
-638895
-560949
243855
-188165
-733648
570196
-318337
127291
-997503
-700490
91637
-509063
981220
-900696
158560
-288006
-951965
-596963
722200
-340428
-623064
-45314
553240
188263
209714
268285
-985628
327850
-858681
551205
883282
-497576
990257
127137
314260
-743392
-302667
995923
383899
-300170
-704568
-524464
190768
-723349
-425159
-650672
-11354
-377123
-247635
-289155
282449
129302
665531
-164311
-682435
-124755
-896026
-668062
-796906
-754706
883143
-913624
-252282
873399
213513
-938022
-869994
910847
-942100
513906
-389324
-646667
989443
801445
-370016
-435716
-849228
618631
187161
-96862
-670525
-530391
-967560
995007
305298
-649995
-129749
409273
-318057
73345
654567
-434914
159722
-597715
-561515
-626766
-535737
-431508
-715919
-477837
-917603
-105243
-124504
-928160
-303798
505481
-363876
-153025
124111
823285
750113
453586
-707106
782554
448593
598193
-867442
-681157
7465
-185498
392189
-337969
379589
-448090
64316
818074
-74855
528579
-613435
209226
-949258
-531037
-896017
-73761
-459197
-199815
-568281
176927
647160
555831
212
397273
9417
293106
179826
-541991
-108702
312385
-223148
898764
-873113
-830960
-439206
506476
-279049
625111
324549
646096
153690
711114
-144678
204432
-819924
-40695
-869330
-279120
759491
-437610
897808
406651
-881780
-101981
-196076
127637
-808875
983750
585646
82424
296135
-637502
-18813
423022
-468461
541982
-70503
252491
167092
-745954
-101414
-679219
965161
753909
525214
-854764
-286786
655884
-133883
-527295
-781726
-236076
879356
-663506
661943
-316721
464132
853069
-332971
49778
-64508
963165
412276
916679
386186
943816
458661
-684317
196306
-374248
-430270
-905108
-53466
-465110
848801
-528253
-319873
-437985
-872369
546244
34720
-654095
-689833
-85925
-317600
972111
597355
-853468
825179
-735616
196310
-239330
-772452
-391414
-322651
613735
-447599
-863991
929419
748708
-238238
-500852
843600
708296
34038
692401
-819957
714166
-745585
-692325
260409
289135
-346419
570577
-796790
335981
542687
800565
482514
367866
-935051
-321177
-871464
-707502
287410
-194115
906233
839812
-58105
835651
588519
703658
-665201
432118
411953
368838
124518
591997
83003
378933
899672
-656588
-331933
-446747
913989
-128722
889235
456676
-328157
371748
-175459
-263208
-949429
-46922
29290
337981
758963
-64478
177792
-299142
-228827
-233690
-595485
105972
-801572
816469
-525190
322946
408466
557813
-298121
308138
901225
369947
861391
815214
-758776
750625
271889
-86933
122372
-903570
649860
172943
49508
-320851
-489076
-191529
614672
688716
509330
-614156
-544974
913846
491817
-346545
730314
966627
976401
138779
524440
-321720
-553084
425665
-951773
-691693
240878
-710549
-941069
-487233
202519
181304
-390802
-147622
-645753
658706
531528
-134829
-532823
146199
-446113
976507
532044
8914
890352
23861
662369
620666
-9512
638770
-240555
-485073
-682951
206362
940592
-634724
514669
181469
-345272
573601
694237
857247
-245096
-696566
-290375
109151
962141
-758848
974322
-570683
387351
-471791
-594176
-80605
537123
-703824
943256
199491
916842
-66257
-161740
-323713
448670
155310
882649
389262
520587
397317
-429269
-824686
-29082
-735033
-967439
725822
-431599
-257814
-165028
-469459
-16661
-190706
-40141
-629311
337503
365683
290084
-125374
661859
233340
-925884
578701
-832918
-87623
-745013
615753
-932313
-862364
5014
588274
534954
575745
763588
-494129
840712
796150
-768308
-590887
-461664
66665
-60346
521675
875959
899513
892364
213462
265196
182448
-911913
-72945
-584213
-837796
-494245
-417130
74582
-239257
-801378
142269
-101620
203637
-269458
-566667
-220619
-505870
-60795
-379907
-709721
170897
29206
-171385
-762438
968861
-649711
-886479
868374
-757347
326983
133569
425102
415071
-939377
840890
577276
-433621
-576241
-348143
327123
-377618
794126
-774498
826019
-475333
-341164
-394600
18798
598041
225493
309078
-231062
-745301
-862308
6500
-776440
-512018
120021
-908067
-269364
-552996
225502
-844263
862075
286126
996628
439350
852505
-579614
-908794
179628
42769
885333
405130
-131212
-590000
-936034
474188
428798
662007
-300319
-262125
-569056
-45619
-124432
437445
177941
363551
-442535
269874
-905814
4469
-504624
-750076
-133456
781502
-753449
-694107
634007
-333062
-602900
-186366
709708
-717568
-781236
-421505
-307568
-717270
-947317
-878770
944737
-247636
-140895
-624319
706746
734674
813126
-115314
98224
-629409
-845441
192411
375060
-350064
442335
-758397
-568563
688887
-452503
-934557
-644175
-55403
-120922
-934468
227030
97842
-355972
919463
380572
-303289
-959308
325309
449076
-100202
700990
155822
-365529
514116
-959493
732695
884707
-804933
-74895
259767
-154997
-632560
501370
276441
-943673
-951133
341884
-587848
-6536
-779039
-522315
-779506
318804
121714
-860044
-300625
818426
-819352
-975317
267502
80447
725674
-576677
714918
239790
-536170
447613
124496
-341102
-627282
-615737
503901
-259842
885633
-219659
-203514
934501
-877775
208639
-72036
-656813
686324
148459
661991
-191962
288415
-638635
-373537
469064
-613951
893966
-450490
-888277
-682712
-735573
351513
-218881
712041
-523991
440017
-915242
-139728
-56082
-175083
-254095
724259
621403
-319595
846485
-169959
608370
-810329
-483635
-243172
851663
324403
-954758
-786972
950867
514307
-400923
844832
-936184
-289200
-837880
-671756
-937687
-56761
-959716
-461678
-616744
-874957
398594
327174
-50040
-855501
51433
-428638
-175096
-102082
401403
-566726
87589
917768
190102
-60748
242171
235345
152280
193037
-250349
751357
37869
-186532
-537843
199990
141713
-475530
-856771
181997
62793
-473515
307040
-538613
853660
-743000
-394114
-94908
-171638
430791
803010
-770236
864065
-109401
-852468
54166
829851
389703
-710489
-17870
-417260
39163
-266513
620610
852631
195644
-179401
-5657
720115
-36172
-823660
-217092
490314
483381
244295
343973
740381
850182
-750935
-431258
280973
-947926
-201493
145037
-57326
-53961
-800797
-227476
-664259
-511286
754655
-81518
527877
-511859
-460909
380508
683786
359691
-625149
403901
-676481
-448809
-813192
813833
-965428
431104
157806
774953
281286
406871
-656305
-437742
458946
142202
707295
-598381
-911760
906499
174144
-576018
-604787
-71202
342465
923091
416940
881556
303598
100725
241247
678449
-495374
564766
-770360
-308565
378599
-735788
-877461
-463595
-960836
403825
943277
-617140
966083
402222
525062
673378
803841
613303
579877
-22016
-962715
975090
906783
379750
898180
323722
261306
201778
-575554
-497448
-119773
-70927
-932682
109867
620508
445918
374080
743047
982324
413245
146871
925600
796105
112954
327821
321166
-213668
131662
-65531
-633792
-890355
-28246
-658702
-983573
-648497
-760522
340150
612809
441256
764597
-884639
-678518
-306331
-817320
431350
-685824
628599
-194571
-942778
610922
-781327
204094
536521
-985222
-682952
-135659
335944
103380
996003
-729588
469589
-894352
242166
810888
-877924
593670
-949635
462226
206479
491622
226822
321841
813104
920491
504521
244454
-765333
133119
-950117
-708110
-255960
-731443
495984
-719440
-716665
813032
144902
619279
-83588
140905
889692
-613999
246553
131858
-803112
368630
-274472
-752746
-169145
932007
738876
-942323
253847
551980
978169
-241632
-203566
-787165
891487
-153683
-495274
-364473
114874
-999291
-83912
398209
813742
-939011
17488
-269846
201894
-92821
116156
-551553
-960963
313045
817077
-235435
560299
-352068
-303428
299175
-294390
950419
-148846
-316221
-291214
647589
-103385
-399727
-506095
401341
235801
608779
402050
-848112
6988
215792
-787122
-975525
945947
414773
-68345
62102
863220
-29307
-624854
680297
735258
935446
-671771
-568171
234620
33840
-617752
-914226
717619
91035
733363
-385767
691308
-772732
-984427
-72892
836047
417624
78997
-156966
-366585
291875
-132490
-420639
-293353
799165
641464
-430133
-230143
-983391
-749837
-494885
952056
-421607
-63055
186676
612233
319193
272450
329851
-589773
5813
944084
-898465
233081
959658
28644
69128
377281
-892360
912163
-989305
399516
-220328
-409943
-893838
-421163
-768480
-323971
348695
-751870
-73807
853810
-799814
504586
-209245
386862
116819
-890053
-340688
-553331
-479825
665125
-609247
-378289
-101794
-649590
650355
967334
727691
757996
879496
738387
157511
-340833
-671556
263673
238005
-440035
939703
-413301
-191905
-134105
-559491
8281
-629519
231264
-604857
487300
341211
54455
933970
861387
-280421
-675278
-516903
617785
-324868
-866549
585119
-597177
891447
464614
-858791
48957
-876219
-530347
-687370
361786
29618
-747668
948485
837714
118228
-611007
-154005
488710
620257
241138
-23990
-38532
-704408
-90021
-177146
15172
234701
305952
-367043
909834
439403
-781925
-687344
330850
682689
-546135
-620193
806471
-76481
-307563
168256
953138
-55231
116741
790851
-937003
505735
-363155
551707
125992
877984
-472284
-912540
-826425
437696
-89686
188748
-327603
-783734
821705
-417770
655669
-960221
-105113
-13481
722469
348753
366326
528939
-727729
-941238
-302805
-774592
3532
813936
-983741
66529
319671
-346895
-381764
-554338
-468912
145953
-466878
-295336
-416352
443437
893412
256045
659703
715116
838276
315372
754896
-266838
-698110
477365
-918085
668216
6303
-645814
726978
703499
-420405
-269490
517434
-404146
797040
-162896
248959
-584725
282767
780048
561229
815889
-515289
-855124
259326
-621878
400922
-80972
-906762
239198
-765600
848135
972360
-463710
325499
-945726
-795494
-668198
-591539
931484
-964700
-11943
-338006
552735
583912
-540967
-610161
-167130
-125692
672606
-387082
-564464
488495
97629
-419587
-252180
475752
981336
666849
568991
220533
901249
417125
192893
-562462
-257376
247168
-357955
74426
655629
-426471
109727
-356315
235523
-337539
-772403
694556
52300
60468
-431136
-275094
673386
4401
-786600
-228986
584814
-38779
-753234
566149
-371931
815757
-213319
-470683
232882
979575
-33144
975507
226742
608901
49933
-117630
-817571
-840341
526056
417953
-177879
753653
112508
874422
-185880
681372
-400673
-512494
-314228
-187272
258520
-729414
773949
505286
836736
-597983
321043
-376583
-68665
-446076
-397009
898192
-470570
829733
507093
579363
-287898
689523
739023
-761842
107475
-438857
991812
-780018
-564436
-194068
901355
34892
293438
-412873
847620
-448042
-142287
621568
-942756
-305552
-976415
378287
317865
-45080
932212
920856
-146888
-538358
750589
-639796
-958995
-537309
-950274
780029
-299151
157202
-658829
-307339
377184
-223264
498594
278539
811628
-207969
865666
659248
343990
-276621
280815
401234
417828
304400
-220479
-264307
-740680
-288267
-343451
112432
173376
-592863
472637
214381
-130172
522364
-5590
570678
-320435
335582
-736662
-943251
-887683
761932
335288
923946
-446037
200954
583193
897953
924334
-135992
299187
342161
-831592
-921292
-922147
-572271
-209559
-265597
540162
963817
141540
12798
178198
-988633
-464839
-827393
582045
214726
508189
845384
271476
620507
607316
-393237
544452
-838722
807718
127645
-940769
732051
991653
358419
74212
-839939
437127
152066
-412210
-772433
886469
-872049
-808617
28008
140749
369582
39376
675911
542189
-378579
-109363
50378
-533196
-837888
-329116
-925881
-231124
-784664
-764602
-423407
342981
-705371
-691356
334634
653049
382856
494696
90175
-465078
-917515
317742
-578610
-789564
509126
449399
351186
-121293
-511226
27097
-579104
110195
917735
471274
577000
-920154
-857842
651120
-151277
-642506
886518
425317
700476
-818853
733961
35110
834196
116817
-470195
-75630
651739
-387709
-757888
-926871
-177272
751238
522528
-826086
-370055
-988698
201011
50841
121498
118745
-477885
-301503
198592
-335727
-650383
-952686
21768
-763866
472631
-277756
-582718
206592
757355
-748522
-676591
-712840
175848
975148
-100549
417961
-951723
722180
169198
570806
896094
799144
582108
97105
-150016
-296395
-784151
372100
402103
414442
-963627
751720
461756
58142
987855
-65613
780386
-594863
-859021
537741
-343385
-535612
824902
832464
-560464
-275647
250424
-512187
-553468
-580378
-941382
-657375
-781235
640727
439730
68750
-655669
655580
-559151
746435
70021
-522778
498155
-468223
535364
486010
466164
315750
891147
607143
-146510
-452239
-928469
-321609
-619776
-488933
402745
630649
-1120
849277
-949730
57499
-808098
-730965
-301775
631632
337785
42557
287212
778635
-211009
-642767
-744144
-712854
-110990
791220
773156
-644826
106970
664302
962318
960461
-787937
-966152
-361148
-407712
-455085
-958404
-777063
543796
890873
-726793
-398706
-917226
-457757
299520
714407
880029
-657924
1618
658663
131068
358851
914520
418215
-752139
705740
191370
-396965
-187291
-144328
-434648
-226831
67736
-400799
412022
660024
144116
453618
882961
-312088
344490
-843832
289207
427265
-301588
-411274
141671
-421559
-69197
-856711
-762897
-938129
502141
-848377
480086
750003
857363
-328544
-646963
-329928
527128
-81610
443242
-405136
517591
-144737
-745112
-338293
-691120
-862151
349619
653371
-705983
-361175
80635
-7570
227552
-777694
570871
-841646
-634404
807975
-779775
867737
959598
700312
617739
816961
-628233
970777
-512967
898896
-110834
930275
-506241
-593243
-214462
-251353
68464
94418
-113504
-581917
-252212
180514
56909
828424
-827056
-715540
-949271
743815
-557185
-583675
551790
-336959
-715938
511388
-636648
901802
328348
-264881
872578
815381
-365986
-238256
745656
127774
168502
-468807
876421
-763035
625612
-237083
-344951
-626601
943432
711958
-798177
-883625
996419
-747448
860191
-560767
-331122
411980
102274
-47060
-76633
465626
-145259
-748285
-799255
-272682
-932904
-165240
489063
812752
962534
-342436
-656055
838955
-105470
969557
-398129
549579
-657044
-454697
261537
-455221
-338322
257955
-202669
-478131
697188
466209
933849
-200538
-580851
-142784
-734912
273890
108931
-534167
-998792
176027
300593
490272
-11221
263126
-852165
332724
102080
42366
302280
703952
-408055
645237
-750746
853482
-809985
-89067
111436
-12653
432802
-191376
-546444
366651
608086
-127295
-776134
873174
-853406
332797
-660994
-852197
-491177
639600
638075
497603
-97274
785911
-169674
-995194
-171724
-867394
708758
420221
777843
958013
273703
967858
-131055
-614861
-44796
-698253
193763
408761
668398
-198151
-718535
892264
-324978
-571940
225060
14029
-424137
733884
-346371
-786062
231486
556355
999849
-938188
561161
-171876
-805582
269919
-751655
972261
227932
522049
940119
-903124
907188
-104677
-601377
100951
-695917
-932979
902800
-414452
959285
-422179
13609
184345
591851
589472
-81771
-754521
803410
-850286
801835
803259
-788474
362996
-368617
-594055
-367085
-120271
-621795
860847
-598223
-681677
957723
-691036
213647
-643654
409915
517730
-576633
312715
-896722
-617348
890536
116887
566997
482387
-293641
-514774
727867
-490231
-365060
529701
-686973
-153533
-107303
-55590
252413
525612
824139
630618
386458
-774084
948942
344181
-465119
162588
700528
944796
-319682
-876105
257510
-216404
-493453
148046
900483
-926456
-369567
-393159
-441230
-641701
116610
193711
888001
429637
-959822
-219303
-625953
292591
-693691
-801814
-76791
692767
-575898
-127849
36947
-41017
-965261
-262526
-96221
-284943
-138631
-838711
498653
367917
309336
399136
441462
939769
-994024
-999769
-701932
122587
193943
-813932
-447776
234122
-33234
-73729
-473288
273075
124458
449922
-34158
548560
-677928
-997212
-492457
-643188
-259737
411323
71869
601633
572612
-429478
-30450
-118053
969658
-588989
-178284
975635
-588757
119784
98221
605187
305853
650445
-160692
-727382
-423284
366021
545694
701175
-184058
-488465
249735
138015
-485677
757278
494827
254587
168601
-433304
-143780
-258788
137218
825771
623160
106875
-763219
-555124
82509
-351975
564660
-819270
-746789
-129487
831175
92519
143131
-592109
-541460
-311176
-890935
274482
200359
358801
-587503
714683
116078
907324
-30730
-715322
-525981
825491
25891
611238
651261
-350949
-281888
888043
93927
800622
-463933
-341413
981352
-210722
529100
812527
881798
-327769
-779583
-659663
361056
-670517
614820
-438586
688284
-972684
-723903
-195638
934641
245368
89041
-591340
70858
-885068
-980103
-277882
-236017
-261990
-389839
857910
-461369
146228
-483504
-480018
935507
-954404
-667492
817304
-282173
-447074
-842359
-921118
-117590
772461
-359703
-429307
799777
-83605
375056
734418
-838238
-535904
-856923
232621
-420972
-837026
954740
343012
-99015
-435100
200921
439616
711128
717418
959599
646634
763014
-707894
463938
-519159
-154967
621579
-440276
727443
394039
200021
-701864
193816
-883585
673192
-71767
-721822
-862712
71310
510799
-283683
234285
465539
-940672
-864730
-969562
260250
574886
741567
-22333
534484
388200
-259319
826591
-147863
221523
-328377
-526284
781247
-600934
867755
-18733
-302798
61570
97683
-629606
989804
375862
-492317
61114
-113340
224000
-704601
-647802
283329
-569331
-617363
-456422
-994446
-875797
521246
540039
512404
-738073
366629
-635459
483450
-961748
-161743
264696
-562681
-293989
-754037
134522
767582
343647
504916
757385
-280492
-987402
-181501
606169
236599
113898
958368
-480073
544567
-658996
63506
550121
-534792
-415249
90160
977612
-153322
-543211
-657848
-669872
-504959
180409
594824
-67639
886421
840788
-933118
654003
184434
571798
411388
903943
584397
-770114
510111
-179004
343784
468478
340924
-111650
809483
-595571
-561529
-725310
-10820
528631
-747699
835859
985420
-405546
-834014
-519539
774864
760811
412822
661284
601599
479704
315287
-213967
51502
-273326
-310025
-364101
-43440
-799915
456895
-699656
668564
-202182
188695
478046
202247
627166
752736
-808573
155797
-994963
-972714
141217
-400508
-806728
621679
-625645
954084
34500
-964361
555682
-485796
350926
-658286
565706
-922401
31689
-798396
34160
231775
658500
334504
-99662
-543683
-476802
-621616
658565
-849636
-868881
849992
306162
-863843
877278
-552622
-264351
-929450
-930944
110004
-975366
103557
145643
580316
617761
-503431
922031
183467
-425832
-46280
385072
608329
-814506
43571
-57168
85833
499889
466031
464217
158453
616396
595337
8444
-77443
731495
-114278
369935
-532856
-43727
438992
577148
-19093
-457452
-277209
-438777
-839692
219360
-516747
343776
793529
436974
-271153
401857
622468
772419
-655311
-291699
272307
810721
-827482
-569241
427116
767856
439204
-650327
499350
-675075
719609
966494
281199
158600
543642
-737895
701148
-733567
-176672
861457
485794
306582
205232
279322
-256445
934080
-318821
-633977
706498
25869
74324
-21196
-163410
246843
409563
-736294
14698
-151233
-386621
-485952
173693
-667013
-519458
-545109
491588
-975817
-283004
192735
-709383
540325
54192
776411
-153093
-740576
55733
590462
-806497
736913
956485
900002
-237218
30809
-121195
599372
-722348
-711632
863079
292350
137135
-523543
806399
-689173
-190555
-713060
-234281
-698968
-688876
482716
493768
-398259
23041
-452040
-621848
869948
-192616
433885
460409
888
170798
416894
-99111
933580
-552297
779695
532951
-274645
-931937
396029
-982295
205198
872487
824104
516026
-318068
-888956
-718255
-17035
-577832
764461
-523267
23910
-212499
24693
402062
-342552
832078
-164054
-882143
-167034
-993256
534751
733855
940324
982455
513550
473275
-292191
581613
-130696
-274486
-213189
-258209
-450382
-697163
423723
-339338
-415418
-593313
82831
-650958
-116579
-893260
136544
908115
508802
793992
740192
-655252
911850
-426843
-648508
446601
-692988
-708185
429055
820563
765091
-863137
402175
-365606
-137622
-811014
376185
411997
-508177
-200092
-927341
76406
206596
155490
425449
-909984
262230
-438008
998131
-228968
-644016
738323
115780
-732166
-688520
467273
714435
-381508
759088
143489
-560946
524179
280352
841230
-841428
-857270
-969784
534758
554727
-477961
-665334
627386
598446
541262
-217125
23894
631278
-954895
585887
629409
-183863
941872
367731
931918
-790295
679211
399190
924140
-702297
158278
67628
-263242
-317544
-652020
-422012
-158971
-509290
-391796
-624213
-954563
130244
-289547
672824
-271311
-748286
-544301
752584
882993
-499196
338470
512402
316942
280342
-119867
248859
490047
-440657
-351952
414186
-142953
806326
-518186
593806
-511219
-170206
-828207
329811
320505
-220003
705598
365943
910242
-583950
38766
-361070
-332235
494465
-608486
-449243
995269
729984
-936842
312210
10326
-56709
-438931
-499628
502635
209117
914559
-640318
15442
-603627
953488
504224
226167
-874719
-165966
-453328
-94721
-460369
912615
-184480
-44318
-48620
454451
623447
-554155
845965
-825796
-558887
575949
-762637
753324
-413726
180655
-685608
86647
-316711
523510
1206
42972
-461049
397579
-3540
-956825
-376254
121741
-122791
170419
-972980
416841
83033
-157460
-627477
-965587
-703009
995970
-519742
-857045
-829826
-78628
718905
-592463
-325304
-694821
588192
-10912
391826
-728519
-487402
-606969
314453
51549
790611
-689087
94725
-585644
432654
971934
584775
459674
388775
-332192
-697786
761299
-297779
-400795
757268
182480
-257839
927443
-896149
-538935
-665021
-221453
-233756
923172
767636
-841930
-805347
-719767
-448898
509107
331783
-658288
820020
-573493
-243931
252674
-601559
-659156
-287652
787217
8652
14562
548515
710874
613768
305783
-106647
-644071
233225
-2795
-183005
568205
775752
583240
491376
543388
741310
686029
823622
-707588
195136
155404
-365875
15155
581912
390194
-732172
980353
731038
-19824
767569
-260310
994739
316084
-549437
608507
-378134
343917
964436
855091
-658879
-218569
423296
-883127
-635330
-85329
660261
-894020
-399300
483882
-601608
795836
-360714
32517
-189009
-778803
-577289
78819
-798450
-846251
-941005
969120
-106561
-946267
285203
344002
662241
907069
-312082
626677
762160
29040
-591893
185455
145913
-227222
-899874
-193826
-121242
-299173
-709944
277151
-503337
-70658
-690332
307654
150540
-267621
-613527
352091
-113871
-554532
321210
779568
-500798
-393587
123570
-838557
-486518
811489
788120
-724359
-159472
-803774
461097
986441
-30995
561224
-207386
847763
-737950
82670
124914
-241286
-987988
434582
-933632
162553
-833039
-547159
-485357
53090
-101690
835853
-167342
397513
-557735
956228
558956
-44253
767716
347075
231389
-391757
543302
-307515
-405316
-487694
-746291
387299
-639931
-484241
-530031
484983
274474
-518019
-80435
340842
644535
86527
793683
-840823
-860383
-308008
995031
-27725
-910495
-562705
-71498
648461
393043
-303782
-4464
-375568
304462
-461162
316918
899146
51145
570627
286444
411214
-913615
756414
-103803
360860
-761605
815763
-298299
882930
-97711
-504617
-957894
41906
187376
-962864
-985820
276882
-525568
-57317
-74658
867476
638901
920878
-508093
-56638
-540284
808825
-157492
510861
379451
-871048
-77926
465837
885366
818272
-173304
-876240
634034
528397
-993310
-463678
-976220
-951203
578229
211157
-914067
592410
-511962
-439634
-464907
413381
-572159
-826006
334259
-80252
117356
793975
-271428
959865
304835
-891977
-911184
-773091
573860
974183
-954820
-599445
-902057
679215
928953
-895367
-784463
952734
-846570
793767
163890
-760636
386176
651929
-200270
921269
65309
227572
-904738
-600433
-852681
212619
-806459
-124108
172484
498377
-16084
261300
725287
-442225
235483
770468
-41669
333426
449682
-112716
438060
665220
-159983
591491
458986
-996093
830855
-154839
655837
-369415
-233570
-278855
858157
-138307
120713
-994524
-925689
314255
-118631
246795
-187369
865285
-491905
-462083
-576940
743579
-691616
381391
77005
758067
-731325
-484936
423286
108692
-893446
-117729
112600
937410
727433
-231564
-432006
-506138
489582
-573849
355555
-389706
-568373
429867
924549
312997
-323338
-262820
178281
184758
275098
601341
-71663
583483
-17268
-994659
341549
251407
-479595
-235166
-639901
-373040
647106
472699
-435630
374539
-758865
132365
868401
730717
558516
223956
-658990
990144
-346177
-734441
303140
330486
2739
-518579
-484756
-722164
-917238
443581
861319
65494
448922
202868
-683099
969328
967703
-323000
-403713
614808
-850301
160657
-10654
-609166
-706978
-142253
-878450
851538
-918297
-537440
841682
-264473
-271880
144821
-933987
730859
626243
-418743
-991305
709005
-975163
870015
-225501
473760
72882
91400
443087
40584
768400
-960626
-344608
918099
200032
644739
-691068
493054
-497514
-569517
344592
-415810
-106956
186273
319718
621164
-668906
385731
352022
957337
966988
360718
666342
991826
230732
-559160
465586
-696387
532240
-91328
344198
300640
-51953
999590
218738
-851922
644329
527671
641132
-853185
958154
-14277
-268995
-148803
-828004
-949278
-527640
-496910
436454
824383
-539574
403442
185100
-873232
395267
-584169
-432392
-139147
-280555
-900153
769525
-936358
400488
-282429
-936768
-380775
-134350
707562
-853104
-493218
854377
-894950
492506
-414619
-43752
664502
-363896
428608
-832409
-927443
252991
-371982
475999
-561910
-245214
-128734
-146078
322395
732119
573368
422243
501644
637010
-177270
-780785
700243
441956
84866
407804
588852
591648
262181
693902
84154
847563
-349850
-251345
-516334
-921242
-83753
-443776
331749
544266
-967777
769840
-700948
-96510
-376238
621447
-364391
-802871
43689
-862748
834139
866420
-643532
534382
308375
441334
-57814
-102773
32981
-795634
-408872
-882866
-948072
241279
-134210
-464405
320037
782038
91820
-348215
326303
124044
-578375
625356
-972467
45387
246802
-336858
242516
-709509
-199605
76655
-843090
156863
-388964
465286
-401803
553222
-637488
631179
757589
-46359
748314
809518
-805081
-385897
-654887
514956
-603860
436933
-833260
722444
-439023
-411634
347799
-411490
633753
-405399
251653
-123732
-114908
-947952
952923
42003
208911
-436041
-492712
807109
-882819
-130199
438287
874770
823442
186600
684288
-981640
800704
-970600
533316
-803156
466334
700057
919288
-972689
-711577
267087
-384179
922176
861688
867475
-201557
-253220
919523
-248634
788784
128434
315326
-703928
-64458
432507
165873
-626172
307277
-10685
560429
-8436
7675
361132
20965
-459009
557976
-512701
-758952
477264
-485390
-470529
-255650
130432
-548354
-393962
-2094
250090
352819
-82571
-998544
141602
-954138
316782
437675
-18595
-250712
-396453
355234
-943435
592862
-84337
48130
-399463
-723206
-930905
141528
834770
-443606
382577
312034
71005
912048
-943617
-798564
-636306
-337578
199343
613785
-984760
-883229
615241
156842
-837366
-67977
-405484
144040
681312
198064
-500726
737877
-209074
414937
-213994
391463
691731
-144899
-467009
526501
411496
915569
-161466
-517500
827617
-105082
-316063
-808690
557340
883280
805096
572581
-999949
420336
-270578
-837314
-647641
323939
306726
-966330
-477997
806001
771547
312929
220937
-442447
-295608
-87332
412655
237384
-560832
-175850
152952
277703
306651
-19432
-827379
990588
171879
729962
873867
-23026
302542
873918
-602690
-968036
-963396
-250331
355903
343330
-216661
877907
149330
-445114
190835
-629733
112439
895228
282935
-474907
132611
722104
349244
-714438
-193
-344106
266130
172428
-353519
-561992
-97610
-479653
414982
-795069
-605735
812293
-763104
-569130
-438039
592800
774201
345300
470706
-76469
900187
-338459
293798
12625
-443232
-423268
537719
689379
-701164
-113038
974941
298643
542856
241071
-528929
-810663
679080
373461
-290315
94062
578393
103950
-93646
815289
534821
468315
408088
309021
-186385
-121206
-767449
-286199
540335
526349
726427
-902898
-896919
264145
786482
-598083
-848893
761423
700561
693963
2494
-828369
883300
-318427
545093
-407016
775635
123486
696935
-318011
-61225
231755
-849697
-653137
-459224
-36081
225657
-226673
677721
-234008
-700325
404147
-136905
-597243
-331708
-350424
-195325
-180601
-589002
-494765
-486638
413493
-323133
-603338
-904935
-778040
-10354
870701
345447
-313419
-447311
-715779
918337
-297007
-368916
-540888
666912
856742
232439
344633
-377267
532115
-251221
485828
934873
417072
-864596
-260453
-763530
-453597
244783
-250168
959896
921651
146494
-945040
-856390
-863860
925662
489057
-177278
-521650
773279
-258942
181343
-595638
200171
-151745
-738896
-567390
-807113
-116163
964726
-58333
-630335
899598
-641262
-494931
-360855
-404791
51472
883928
345041
11367
805579
-508465
66328
949189
-372325
-8011
438246
450398
470340
211525
-808545
-348317
615887
391627
499938
876992
824237
692826
-239172
788962
-365507
130494
688560
-6768
635563
-672296
588441
-312965
-788368
-66518
698403
-982790
425017
-235269
966400
-947308
756721
404646
503090
227060
-383830
694545
878743
-767943
86172
378681
-890952
-89592
71507
-130123
-300630
706000
-999630
-612071
-300768
635934
-284366
-712328
-677032
-72734
221154
-978629
-55524
-353830
-213898
-89125
-301137
-457178
-684479
-798048
769882
-68309
896498
648625
163748
-17331
27305
272796
893078
-901188
-857328
-407553
804813
-856957
-19623
-495956
778977
696011
-208284
-898055
-376724
-987130
-876684
567753
-340959
-90582
-521372
357904
452241
-205851
559856
222122
725840
456353
-129253
-110413
-560978
898053
-837617
-667901
996865
-694945
-75453
801677
-551902
904924
-694280
-772925
600934
97437
-670980
-775790
110307
-547664
791964
769348
361755
-729408
127252
-186005
64742
-312893
-963883
-209419
-856540
-93136
680169
-417518
-195084
842553
-85418
-198220
-852392
839129
-396544
-404294
744052
-90823
-177218
344986
-993387
151802
569197
116921
604138
361160
-113731
-34108
631753
-986480
779888
-303506
-299373
816005
487076
-155912
-277132
167244
426571
527785
9797
-658848
-670436
157405
-819720
-66979
753112
924333
842199
-424107
269318
848813
727695
-161486
-34267
331833
-800326
852002
-702275
831427
865523
-922388
-472080
-433850
893617
-985005
410238
-383515
182240
-163192
-855731
-807964
177961
-526166
349441
358241
406855
102552
282573
249053
678445
-448109
97865
406140
390405
-936402
-262028
590080
915601
35697
421506
781123
113309
949427
-652728
6926
964422
757511
623411
146661
-405681
767681
338698
772280
-758486
-311862
130521
648370
790691
-586907
-102578
469136
-35015
995288
-124725
-644610
-941114
613247
945470
974487
-351057
366976
755610
762253
316402
-897118
-230822
280823
860393
-607411
-572516
-545288
-839730
766182
-773009
-598216
-545680
357512
-949847
-754989
770606
-52424
714147
-264410
-57136
-410579
90980
1751
-797333
36450
-23763
-148389
-596575
-268153
-386137
719827
-165271
383042
650
-304878
775632
428134
149834
935902
194316
376826
-662314
648637
-265663
-612161
893648
-495058
335416
607794
240533
-721720
-802785
-668487
280031
-600117
367964
-743732
251494
771389
-11884
865358
491216
822845
248399
-508135
-482033
24030
920000
667802
-40068
114315
44627
297618
-237049
778965
685458
-343401
-716094
20873
-735608
524440
299154
-538392
855954
-420816
-138509
223917
-164547
-887016
-4694
823569
978342
-513479
646414
226741
-21614
-835619
-749229
-101615
832183
210703
-987300
-123190
-491680
-224348
-344226
-806223
432251
-60319
214651
696644
-535880
-486196
-841749
-679926
92989
19742
543991
928443
132727
-460704
752011
111069
25817
398425
-662191
-995797
562806
-411420
-97411
394989
799283
-84711
-728202
-692397
690942
-72428
-498619
123192
867253
716032
-180164
-668627
-770164
-21913
-348553
322826
997830
-804562
251268
130556
-265266
3279
-758375
760552
-598297
-420566
764756
964509
168015
-332656
359497
-32703
582634
631295
274901
273575
-441133
776282
-603233
-573881
492314
216603
-242507
722150
-805310
408940
44976
-807481
604378
-703757
323076
-660888
299522
564701
-900336
701226
-855865
864420
665735
312150
-468236
25231
-720553
-885603
-343474
554348
387973
215394
330629
784740
641513
-177058
1342
-600995
-454908
196033
807946
590068
388553
412324
886312
-288372
751436
185834
-723671
851101
-112941
-579535
715520
-447207
732615
-752717
578025
-987939
-638320
-765449
566410
749654
449945
-102962
534393
91457
719981
-464265
490463
-734927
731768
298409
855142
120320
-289268
741453
831949
-537832
-72714
-891722
-686732
814345
-471257
-971213
-632862
-738642
-723929
945163
-726581
-362248
-820287
839829
-612595
629658
-263133
921798
-278885
-543152
-542467
-788422
-278079
-810700
509987
-422938
309621
-779281
-681485
141570
-317113
245801
249849
-3845
60146
778592
24943
427284
-960051
301015
372447
-686631
938767
552161
-846802
-673829
181818
-109934
-752032
902934
346914
-294498
-885489
-931165
-105197
624499
-354102
-795577
845218
-35587
345994
-471896
-789786
-404158
524260
270361
-625566
-450797
-302355
-585616
850218
-929909
-272247
788984
622252
-119048
-884845
-195930
771018
-636876
-292997
117932
68626
-178485
186767
963429
-553987
832666
-832148
-708770
-202922
513846
-180665
7293
-890313
-656405
-722347
-515878
-107202
-24701
-101494
-256984
45390
626260
-468001
-332358
-492788
-352846
471713
-721771
10278
-821285
396161
-921096
231
-417072
-957668
446244
-584407
-789816
737475
212672
724030
-443191
-780036
833718
-99596
-502382
-682160
793203
472917
216346
-463782
-481693
-157394
68218
185950
349818
715373
-342338
628048
-274349
-163622
24208
-195445
836609
607136
-153113
282852
-977271
57071
20326
235401
-218899
577136
455366
-385181
-522461
952985
-67341
-729258
425902
-850995
-193040
944209
-8389
875178
130158
-658571
590550
787821
969477
-683800
-375802
-6315
120756
-539194
-399179
967643
743659
-376450
24714
-236016
858952
805816
-658880
314317
-579366
-181341
267301
353293
89401
-306798
502298
896362
-362589
-506091
771539
767570
-164662
362089
555390
-195185
678290
-820413
798500
-200955
-359607
-600680
-233312
-615949
22870
791402
148036
-118179
597217
489156
-803862
-982149
-692185
463440
371145
397217
-843358
-126558
293579
-205947
367352
65118
-438377
-797310
-572794
-882988
7506
-894504
-703401
-193995
-95458
-63007
205325
671230
321045
-771805
462632
-530919
110017
59849
958238
306156
77700
-733947
-230405
-551156
663271
-73763
322287
-43151
720291
-310361
-978034
-718087
-107671
-550827
-601074
899835
-445331
-304474
-294160
459211
632519
911166
130441
-46436
-860639
-406928
422646
249378
652921
380883
-444466
-269379
646937
325129
179465
310207
-748634
-498248
-732945
971658
191391
-710978
-746430
-916280
-261805
-347503
983556
292864
348023
-310604
-247925
-19458
-399439
882516
934106
-260078
-524412
356752
989301
-871491
-262366
-455166
-140870
-615430
869964
-961405
694778
-878670
-459652
961833
-907013
731740
-749146
-653442
815460
-10950
-945
799016
-718086
-652923
-511589
33989
327619
88972
-83495
261725
828895
392094
-381524
818195
520603
356111
-636971
-620267
740681
-767008
-581671
435459
-645677
-41322
397291
-552690
-309583
648146
-206132
-494124
-362805
792923
-695108
-80890
-860000
-206697
953099
467619
882276
-130396
-270657
711170
-738302
347820
529365
782302
-296070
892394
-837965
-555389
-874614
-419636
880070
-520291
539042
277360
-72980
-770541
-74494
720888
-264665
562702
513811
40228
-518189
653811
833531
-565090
121429
715806
304515
850773
426976
566213
198592
-43660
348514
902522
-151266
510549
-652867
-25880
-909087
-772798
453830
629956
504563
-619151
859415
-569932
-898263
-405250
992770
615548
634978
-525419
269358
468509
-90509
-609213
184314
-785995
-758440
-388710
780218
440153
567630
128732
342675
-583637
-360719
689808
390484
-269805
917010
-155686
-639850
421572
225164
-780435
851641
326901
-185684
844410
-57551
-550706
-681009
-788193
917803
228482
-397406
102117
442487
-155845
713407
222705
-715693
281036
-648563
626982
697400
-9282
316790
87883
720913
233799
932198
-918937
-344629
157361
-699371
-492989
-515739
114946
-648579
426710
564240
-329588
638517
482042
898894
-758889
-415842
341381
85266
-702435
-435914
369574
578601
-84477
-3444
276001
906242
-686655
-636116
627155
547144
-703919
708218
-797486
453442
-991153
-290475
937704
123793
60947
364413
-311968
731359
2930
-829926
630253
244042
-245767
-28367
-670692
51798
535720
698882
-369601
-548758
-304563
906400
-642517
8782
-729717
984638
-444074
-433636
692856
-241559
-980194
701704
467967
957510
-174504
-471087
321923
513529
-739729
-675147
683604
890525
568895
-562164
-137843
898203
489634
-602124
597085
-879968
-150881
-707478
-973568
206603
301304
-703285
191240
857231
-136920
-115904
-384329
-117114
-414201
-916363
-159604
411296
-387450
-837681
-75175
-127178
-512828
-391572
-236654
-943934
46264
625504
954270
-464102
-976620
551355
-344069
-127501
843877
-317637
-920899
145181
-20922
270342
2411
842159
-845563
618083
-274955
-259763
701720
565441
-848468
-685730
727760
76358
187093
-785069
684786
950439
-729002
-268950
575942
-774732
266948
599323
776623
922879
-528179
620500
-394759
-449077
-234319
584320
821265
768092
426478
975703
386175
-848478
-284061
87895
716964
-132528
402165
444723
943830
-410743
659655
628616
-460304
930654
-640335
-884363
-844078
626613
714961
932546
549491
-813219
553045
-845268
-262295
-681275
739052
-441030
-913183
165530
-465328
472993
317053
250612
-439113
34016
-881916
963052
-521261
-938087
-447691
-861606
690529
92005
-930952
-949806
207643
-775030
676807
-77397
-842485
226298
109385
710561
381031
847090
-970714
120082
-593941
-883896
-714388
-59268
589097
602665
-808657
-850017
-363319
-690573
-886965
115421
-628659
-334656
253815
-938130
757349
322864
-887936
-35009
547834
788872
887595
705350
15169
-3021
415911
-603801
-155932
445197
516282
250128
561302
801895
-809141
150398
404559
-617797
300382
-958760
-308369
413417
156661
62972
-921239
-589524
124843
836111
733340
236907
-198898
281174
25778
-311304
-13476
-959053
685675
-597566
-562854
-470257
847632
953429
779872
408933
755323
970732
-440669
159882
-647066
859714
201122
44565
273131
-642217
-892463
351892
-231740
232381
188002
-498401
-530713
989105
782774
