251313
-462797
-777349
-57999
-186939
-8448
568071
-63025
-513149
500190
394536
265878
431598
679154
298824
-970411
-981298
288434
117982
730024
458536
-582053
-2990
732719
-10594
-680273
-942088
-55608
327627
-665049
947011
-421061
-127845
-830339
520941
685217
161213
89011
-377808
648064
-410800
-983272
-86058
-979202
695882
-787235
-949612
714585
501199
168371
444608
-40265
586318
-558383
-307546
-424276
-238655
-249634
520116
-911029
85318
467126
-332089
957474
636788
-811149
642690
-202000
277863
-735118
-553936
867064
-718390
360007
887862
977493
572773
938251
692077
73972
106621
136684
-966294
-307061
578302
-273840
268663
-660354
476527
-211221
-571382
-438155
-744096
96530
-480682
892692
285382
-837992
-309308
-436756
-573110
136757
-569693
-291499
-503237
-681831
-314007
-930464
-743580
-621931
143508
363042
514754
177214
-944020
93055
903375
324643
432702
379901
-886579
861320
941746
-630674
-42151
-538936
-737982
-756770
-376927
-47290
-193525
49964
-910533
236782
758465
-413770
554952
-555543
-344233
811372
-177473
799275
174413
-662719
-23512
230394
430336
-120138
-444964
-136962
-740237
-331542
-275643
-798491
37785
682207
-337427
299803
925437
285646
-747487
-268089
-664390
-658019
968694
-905926
-71788
523645
-461468
583979
335017
361060
383253
-490570
698341
-640259
739824
128677
239604
-705140
991715
499367
-36681
-283928
700877
-998897
-601722
-636551
300907
-676285
649096
553421
55627
984706
895402
24320
-921220
-176387
-452035
-382688
-592408
882983
978373
790845
-607588
676713
-849415
-867765
-194610
390189
-572905
-202896
-110444
390414
513177
-409568
391518
911455
-46118
-307576
-764831
-397022
-754155
290796
-412316
-858754
-684884
-333535
-35140
-136919
283777
372452
-253937
262150
163297
138476
-61138
313883
270711
744253
-295928
697807
-458644
593628
88221
-945468
-815940
-520262
965988
137943
172163
-798844
740921
418008
491953
-671395
559255
807069
-4930
-475885
-329850
-721153
896568
416214
540997
59864
-445311
-520141
-626254
825401
-775889
77818
523207
-234532
-328554
-388572
-179999
-144494
91166
-214011
993450
-736671
-12854
734371
681337
-520902
-937025
240592
-713833
58046
764707
-43682
336894
661275
-627469
-122109
-278862
-72779
357750
94885
-247379
581862
-827298
-724172
-652670
-155852
-112744
167332
699655
978423
953321
693104
-758249
-59534
427475
923089
419565
490450
163681
705733
-451504
-71613
-337950
885390
-410339
34581
-236720
310800
961802
-878970
-594316
-285577
702893
-421613
-9749
-949777
422535
877508
217555
122190
855930
170876
-184706
-902319
-888658
-757232
-979231
530907
733219
184450
236640
-718286
-887163
898690
-832896
-297501
-66729
-69615
-986701
-104927
51415
-581017
609496
-245692
-2630
-400253
-195469
-580095
-522746
-977914
542096
-666816
192962
-642611
-569135
304304
-399842
-548365
-164789
-666624
636086
-928150
-384909
748924
970541
-217804
-548577
-96188
712581
-535278
798885
-236004
-116294
408381
518304
881077
-991872
-677165
-699018
-514617
-655079
843078
-181433
537883
-799533
249433
-157813
-199374
701069
677398
134003
337154
749249
749094
86078
719789
-468710
537501
-376399
-756130
-997777
-577515
7866
-114070
830867
-473830
-232994
838995
-150994
67988
-675622
193927
-88934
142946
-268190
111534
-607622
573997
912160
-906554
251395
46162
430601
643
-204744
-483321
-279568
326546
-945821
344033
570417
-943597
766519
-421717
-57667
597386
104453
709339
436381
953459
-222673
760759
147386
688394
-96296
879196
-200073
296083
453192
-287913
389530
-295413
758249
-179870
705230
-446495
336809
-574338
880052
390989
769696
450468
447392
536214
-971250
-610276
133599
133204
-900937
-430021
86663
-123609
-669262
-765951
-435216
234442
-886756
364712
-469476
566437
-923202
920054
-728977
835048
-259816
976254
-611448
-923007
-598085
-731396
467983
-828389
719073
-84626
707825
747824
305099
-158576
-118973
404163
411404
967691
-719447
742142
-798261
-154662
-23416
-685016
-789951
507109
881421
-713153
427163
-847556
-878105
-832653
-871303
-489552
-755660
-469387
-220948
712323
-297776
-501876
-372303
-589951
-754053
932797
251473
126975
336959
-337123
94665
617513
-594981
296405
-537150
381603
611389
-327100
-111288
492810
-40252
-684126
645254
81643
-516778
773951
592091
-272437
-695437
-628858
-560115
6788
-130733
67583
416837
115214
379
-331691
-757811
-662662
331187
336854
954851
736206
-366741
-582299
117809
-755352
90601
-993480
737458
-949652
-677605
382711
131992
-194383
156662
-275918
533181
461226
95225
973067
-531987
964492
40649
884850
79706
-958972
-446841
321895
-621634
884346
-341251
-666783
620552
292008
-249081
-261640
536656
841521
-255119
274113
891870
67276
-343176
23861
872894
813486
747943
406074
274712
-156832
379140
742725
-192341
-580211
627575
887365
-539183
-819266
209259
-160816
-934920
868008
172402
685632
160016
923321
-576009
-303328
764842
168873
970786
656711
-763852
-372391
-319429
-890958
-558905
-571486
515117
715807
271683
-105743
458532
-920659
314046
86107
966707
774864
266841
175965
-385952
331922
43973
786451
17553
-796011
709772
441545
-99339
474613
-389583
-128554
131324
-153434
499056
811895
-44391
940151
-759591
-529275
655958
512092
364983
114490
591434
-320972
-799404
558140
-546108
467438
-265895
67941
-200641
778079
-145609
816913
982068
-435837
258457
-117272
-961225
868875
754175
170099
-284560
253230
-18006
671050
193381
222404
-858226
-150661
-265504
506758
963829
-674071
-814215
-835575
884070
-360322
631863
-381826
707620
-568778
-603747
-437990
-751866
-621680
126174
506592
261049
164949
375466
15224
-664952
-909094
-731547
317043
761956
461835
-460554
903731
-688827
273943
410488
-724999
599873
596274
-560574
483942
-764048
-928711
-897884
943572
-497489
-501631
-494418
-249354
-123310
631756
-742763
-862261
-203295
632704
152963
131753
723610
421417
-551204
485566
-116749
-11758
389296
194424
-737815
-200216
469426
862058
-603942
908853
345999
-367990
980142
448116
-424419
-517347
946485
81164
233300
-176826
-287081
490537
-39087
509624
123241
-886124
-358623
-153150
535293
90173
-667585
-581456
-921585
721712
612969
-659400
-478504
82394
-797343
-82446
-8754
548657
549564
-28612
-3228
-874855
454042
-56743
206309
-312658
766432
919229
-822121
-272655
428852
301120
-158779
-929771
-852031
-623486
160403
-519615
-204942
238818
-797903
-591974
579419
-276406
490420
782077
641148
-518334
330734
190712
453055
-672495
315857
-92903
270763
-477834
594439
37194
-558606
772318
764539
870247
73438
-394241
940476
221408
-17727
100879
701794
777332
-660304
903891
-814643
919116
-372516
675778
701193
-731368
-842556
31926
459344
610499
359432
-224799
-482404
-369806
297367
-887965
667388
738761
884354
431926
609008
-42209
-962315
549483
-820802
19958
-349638
880992
-202711
-9942
784883
-17353
-90826
-587633
-341576
-389634
-319001
-184132
642292
-859657
-573633
1723
-84456
-56036
631917
-787090
55999
299305
951672
-59648
-268770
560679
898144
-231085
110162
-922659
788874
760524
958334
-413837
-249418
743216
568810
659757
-844418
-772766
-729878
-163418
43103
912415
-23075
469470
-85863
892469
-586567
-453946
-894621
469433
845360
-942949
-590216
-423411
617730
-692073
345505
-272108
-614731
134378
-511584
-656398
720542
238998
-913182
289351
-101246
-757599
516586
168877
78983
-440312
81291
-944092
-970843
995429
948378
-557409
-458517
-946243
912025
-613158
-889192
-678192
-36569
728539
-370264
-691064
-543570
15006
443315
-55154
358609
163856
-816156
445427
-546793
82599
687828
969793
-748525
-233189
-470520
332766
-177280
-441362
328194
-228902
1230
869677
-175145
-86746
-743481
-64337
235063
219950
-335799
864800
528886
120632
-120194
-27800
-934522
-761586
-863944
-750678
683841
-410737
331921
371669
-440944
583397
-861520
88537
-83838
-38799
647176
-755644
732299
-351594
-885967
-442847
561660
-629448
492817
-203277
590503
-842983
-338477
119389
277650
541329
-908411
343128
779743
-772355
592450
463584
-183091
-75629
-164748
375965
-492233
-26267
-535498
423930
934934
-888323
668286
667233
-239917
782320
-775615
-678257
-847128
717202
118467
743375
874220
779990
-137236
151869
321319
-45647
-505004
101061
181998
-912555
-435355
998908
11817
399898
374873
519584
-626370
839375
-56487
-691436
951052
-388201
975797
-288865
-605881
-799818
32878
-453009
917385
-848655
-709634
791604
931335
153130
-56528
252653
-892517
438469
-646286
289482
525914
-81641
288389
-462269
-681744
-336739
-942686
-308113
-497365
828
452
-546313
612628
-23751
164823
-993253
176431
-802300
-446261
93815
-650955
-155894
-114582
-719620
997237
828891
533034
-895281
267359
886749
394201
-206727
-194892
-317410
331004
123364
345852
388319
815252
848488
-610853
-184296
-697826
-998225
791953
466997
-991478
-31617
664698
-437739
-937802
-986257
406367
-52384
-705877
403603
-223493
827158
508323
-956135
713906
-97477
-162861
-480987
585114
-831857
642378
-69035
556462
457630
-220548
945610
-726667
81626
947385
-934715
-451377
955907
33669
-786679
-481832
95867
-772936
924536
-956517
-478812
328139
-180010
-651655
-163539
-136144
-937750
738985
700995
-418736
324098
869138
-776359
-744938
425600
681272
34515
371209
954605
-883859
318593
-980111
-335236
274500
53558
-121914
792669
-850576
105150
717204
-807092
626338
45343
12898
974684
881804
876755
-963066
620788
577749
-381802
-55114
446887
-158160
199949
-127513
-476889
-765537
-756305
-522284
-649396
562289
-502395
15368
-163211
551164
893454
-370542
700589
-1396
-653339
893497
-375058
392004
-93605
-400375
273808
-216851
-363440
-105404
-639102
254758
839482
807786
-903402
39430
-319728
-380290
273893
-76032
97426
624497
-513743
595032
-360135
323046
146196
-466681
952504
-153216
531924
-700835
-259719
-843135
691170
646677
-243509
-35022
-570174
393051
859574
-209276
-352191
699055
-401490
-255593
-261516
278782
364118
-987623
-797250
-538457
636875
-310993
-943425
-723261
-987947
202771
-189941
964558
-950445
-658018
-736277
-210164
-501152
954894
-563487
255339
-80129
-133661
-351611
-220556
657064
296198
-521501
-744427
-959395
216983
534356
404723
229361
737106
866266
-133765
-573887
922841
142975
-561834
125612
953034
-597276
175167
-704984
-333553
965004
-206135
-378660
-598484
-950797
541211
267856
-302407
-679345
-75081
993791
-200846
180492
-965604
-983864
-285152
439119
245498
-548046
305385
-888268
-121933
228226
254708
316234
-646163
207742
718958
529004
502759
-614595
494008
-703377
6745
895524
-654174
-452044
163379
43419
-131389
-911702
37210
667765
268790
71606
683902
983639
-489276
-70601
-564408
816110
41132
313659
44335
-704161
-370107
398172
503582
-651149
-72824
6340
-265744
-578817
302963
741001
-683293
648789
-711044
480087
-307792
157567
568385
729419
-174669
-162825
-198976
-490768
-179187
311749
438632
256405
127858
-520237
-429936
-827808
-224397
199957
570365
-720816
548808
-502460
285524
-716936
-81277
-411514
-975936
235431
-762725
-686979
-284483
-70516
470589
-716099
-341097
-704081
121076
459927
-194848
941889
-228324
-756216
198294
899535
-276453
768358
-928273
499151
-31685
642092
778335
-482877
-860368
63859
-199813
58356
652346
-175749
-706214
889622
137273
9303
-180895
-392139
293205
478008
-96219
-585720
-62065
708934
-643831
709612
952718
554463
609147
-323735
322821
680874
-824585
-708865
322966
953751
-191741
462598
17609
608446
-479046
-330046
-567303
-185260
-440425
569970
824044
378681
-822169
117248
-143312
81612
531529
794624
-209454
887699
504235
-256737
442162
113382
419529
-235018
-205745
594944
56118
-882779
548695
864377
579820
-433697
472823
-899227
236258
905520
-84486
795833
475490
-260442
174513
653321
856807
-968799
-265067
388335
825826
525479
276034
330061
-731258
-281805
-556558
688271
483178
237697
283215
-460705
354919
-168090
-596328
-65262
398213
876495
35511
-365530
782014
951026
-569697
257503
-309417
604816
-89176
-452611
636018
645758
935725
461843
171236
211758
-208096
439979
929954
235346
128250
413131
-526957
-588535
952427
827962
243375
-643902
-237301
-358412
-767408
798211
276058
-985394
749237
706361
272110
-560181
311177
-817067
-12791
-52805
828691
-77067
-590962
-73
-865309
200942
-560094
-935355
-563713
568157
477776
-90669
979622
430202
-262708
222997
786300
499992
864585
-981108
298203
140642
-966502
47439
-152997
305608
487259
-841820
488542
-525532
105375
317233
397401
514414
-682840
532093
-284645
-242934
596738
151643
-674778
74514
-939027
-695156
-495285
-201734
527841
-708985
-701743
392425
-690092
596461
-466933
-656593
-356100
380071
649015
-868841
538251
137557
-394373
-356374
-545210
-996972
-841961
-228050
535121
-126605
529017
131859
-974963
854240
-793627
-913989
-840917
-288911
-115723
686925
2104
182535
79349
312013
-221004
612417
655420
422896
-7513
304435
554055
-469263
-558009
-840319
174364
-103218
-837291
332403
668732
697831
-794202
197749
-170310
-769165
51989
36063
-683153
211072
747152
201124
-102003
-250744
-616341
977347
-938732
162655
589763
716689
-414450
-417751
21123
-860395
112987
463115
-700713
-712650
-640104
-538003
619754
-971372
-840173
825552
226378
-10482
-943613
-721634
-974420
-626766
489439
772733
574359
-612565
-478012
958018
-635219
-416743
120673
954544
-700055
706224
-463208
321069
845829
649780
-215817
-854884
937130
144080
-392887
556883
172708
-233059
382434
-600914
756459
438822
-322548
782040
812056
-833110
554772
386415
-445675
-923240
344432
-80893
-339982
-534895
-126350
-40036
-828672
410443
-718968
-982843
60222
65216
-837727
-2648
-790705
-230614
-445766
382004
536327
936669
781090
292786
375490
-541459
74825
187546
-374568
-370404
-426040
179758
-293643
918393
-901136
366375
-616503
-27486
-673662
-445175
-617043
-392630
-428017
443179
672587
-265744
-559470
881882
503643
-5235
263885
39970
-68566
44975
-667245
-693077
503517
407580
494470
-871052
-962825
-931571
308706
-256468
986822
407570
-890093
-629682
-619916
-563755
-74856
-236959
43616
497127
-793780
-283798
-768617
-353249
-401916
735026
641516
861970
-225004
-427050
-93056
107751
-120127
-589539
-484670
-625658
-460591
-447494
-557228
848116
296039
-570406
255686
405946
-200088
635770
842192
725057
-601189
-114193
222184
-394969
602010
453568
251783
-799907
188594
-106702
-937937
963590
466248
-30992
71340
-653879
379469
586670
-279536
918878
-860824
163237
766994
435215
592831
22679
-158839
-607257
-341551
-316648
-882201
57260
569160
339984
662292
171169
-206449
-85926
371263
982145
807373
433327
945734
273621
-597666
17074
619742
781803
-396256
-659794
700681
-257080
503444
467674
-821865
96274
-509647
19296
489017
148802
702648
606817
-793938
271808
-53200
868354
-557024
740352
-217573
814240
722496
-410201
247567
668230
863420
649901
-314697
483162
431703
289047
823369
132384
-968033
326812
-399943
-789898
-576914
90411
229399
912103
-760788
-67954
518920
-554725
-796147
-534281
-686372
-353170
-793929
96055
-538930
928567
685855
708637
596797
549275
358538
-717900
32437
-209759
571148
-144194
922625
603115
-817382
-477318
813218
-394296
613093
42616
-482194
852306
974663
-963274
-702420
-821484
-497555
-388791
-174654
-291483
707265
286417
-362917
393119
-4946
-766120
-57606
-646409
-484020
974831
143833
-912873
-169363
66457
690242
13255
589140
503460
618959
202232
-453925
-863235
54538
-479263
-826509
352119
-300747
-324063
963328
524600
384454
670592
-188983
-978463
63711
806072
-744583
-993896
-840338
-228603
980936
303495
-141476
-188428
-630048
-451234
824827
959092
-947774
443785
161324
-401699
580551
-784139
119039
754042
567981
818293
-570022
531308
342893
814433
201899
-846090
835970
-734391
959982
-908614
-728286
-880357
-137216
-747351
423139
721309
64222
793092
-729926
-110952
752183
-677699
-667167
-86493
-79398
913384
129369
-960359
667426
-302651
857935
-902596
-771344
200827
911837
430555
354737
747806
696165
314719
839192
967879
434363
-298025
-779472
-142499
-576717
284750
-349407
-306642
-826203
-597224
15659
-493369
316283
936262
-579985
-554349
975904
-912560
143000
833838
-815155
371656
34665
-903319
-197789
-610598
844487
-501624
704121
683679
-533746
138483
-614346
-313217
995985
-191062
971533
-353423
502297
-854670
49354
-482044
-348039
-634364
-545782
71977
-188712
-569879
159418
954288
-736041
344263
325944
298624
440944
-871845
688027
285431
-373469
392147
-30890
92786
-469370
354764
779569
-473386
-836298
751101
173192
665999
896432
-777455
-816046
-451608
-411818
-361828
620369
399470
68294
-220214
353758
332253
-875951
-320299
-369123
564993
-192144
-681097
-149576
434388
711051
819534
-472827
-758320
174298
-693258
-231705
338000
-942157
941488
3999
954275
-835968
187954
-497333
-247785
826127
-876964
-848316
-105580
-97177
505442
-773327
26872
-814857
-142450
-408136
-7001
176453
442289
-572613
-112496
261822
-45439
129184
-563881
261303
897480
774120
319147
838967
-221882
273421
-997001
966072
776088
-244786
792198
899124
-93102
-313382
-198054
-587660
-86709
828818
-402517
770842
-579318
590483
-52705
862972
-982131
834799
124793
-27570
-36017
560913
-766267
-138538
335033
552880
-299572
-886849
-173700
-296573
-920778
-397612
458641
871421
-498488
-634461
-441961
303459
-222121
471331
132276
375362
242172
552959
-34155
-810534
415931
-16286
-975736
-459277
956145
-11753
-898364
-810123
849710
436670
742757
-449863
549821
-430943
253565
629044
171446
-287795
500465
672958
77745
-941497
-23584
855625
529834
-891308
230987
-227995
661652
-803169
-38528
77582
180545
-14264
618306
136689
973984
719943
326567
823693
156612
69324
-626170
-293568
638382
627395
-664524
-190173
-660400
835941
-517215
417345
894445
459202
272969
424278
567894
-496044
-803717
229546
-299213
157756
-692872
881332
-856509
925434
18021
-882525
645377
-655412
941168
-198012
413912
-685003
508421
52293
942393
843898
862120
-718008
679838
-655095
699337
574282
804107
-27694
-1440
372001
476262
194844
-398454
-822951
-647401
-91325
-941619
-503909
-165891
76402
-386434
-520515
420990
-445266
281474
-165098
-130268
-210105
887195
-187876
-366208
749315
94116
-686371
-905781
-206547
887912
898326
765760
-113528
270326
242022
-918684
871873
419071
-566084
-219453
477452
-69993
614656
-446146
543574
-905859
974845
-901692
375615
-190254
-31960
-834491
-303060
780165
-200698
-553745
-125720
112931
-459526
667734
843
-561201
433493
887316
709126
-324486
968633
580999
-905415
-597452
-638454
572037
332556
976203
-874110
-123870
-929657
-899265
-25562
445959
-89519
942479
611468
607422
722643
-589231
-946324
-403077
523701
-405850
-735343
-475456
32950
698150
-588140
-257924
-626336
-619508
-676926
-531750
-216960
-315380
-959714
-884405
-339178
-833823
-8274
-268834
-733088
966164
-822876
177394
908643
788593
-215185
631286
-800638
-161509
-771792
723064
432642
-507135
-752392
-534408
-808985
-340532
207668
-435320
39960
530742
32930
823001
-784638
73217
938597
-123815
239394
-69678
607351
506307
-103514
784476
-316300
-194872
573068
468515
-563587
772431
-692994
-335378
495494
739649
157488
743102
-794760
348504
-597430
412909
913184
442531
-56349
-53887
265531
159013
-980670
204128
-964802
258724
-865551
642550
-234969
30936
427025
448731
836064
93
-82754
-727523
-227477
224253
-62900
-731983
-36099
-905413
-988881
169142
443091
-586311
-417950
356275
856221
525701
-697612
121751
-315286
-678282
-674122
-280088
580443
-539672
-637538
-654527
491264
789487
794204
327328
-210420
-288550
599806
562104
935703
-463095
830121
-100396
-368508
841241
-931254
-925417
-745070
-349204
430858
-888850
-823503
733247
232902
-138788
-945036
558780
581125
635407
-980892
943587
980881
510373
733074
775084
-162300
-477347
-513466
-562495
-915244
-577763
-25589
914878
321841
605903
756118
390587
680487
-988953
-958617
111345
-877803
-782119
-155409
355099
79093
-100444
-86121
-339783
-465037
-67012
-396197
-484157
-556640
-663124
-709073
281061
-140471
-222539
718566
-55714
199698
-307024
-140837
-478461
-701121
-384720
912127
979367
-373673
953511
90712
-251475
-828609
935303
-896376
250484
-165141
17503
910701
369822
950491
-485496
885665
-606149
-148619
-823409
674912
710911
-45947
393478
-344804
-846249
-913547
514359
-324710
-614667
-870361
-412583
-635300
-244033
-459073
455412
504492
-287682
390715
608116
962803
-774427
-374381
873504
595395
-423890
-611993
481060
-30039
239389
657652
-355127
-49701
-388296
-961650
605495
-234544
-875196
119854
440747
-489863
249494
-971837
-125162
-994540
-430910
-669751
509953
281409
720964
118068
244211
946538
743688
117715
541932
-680203
505722
22992
289759
-254890
-319357
934632
695410
292348
972982
300905
-942197
-902215
-579242
498550
-392077
670252
526714
482762
675713
-904196
813011
185665
377213
533975
-696267
-378576
480512
-952579
739139
22444
-632782
244861
-954565
656978
989972
-273922
591610
685381
-981574
564592
-13714
-923771
662378
407044
574780
-729700
77296
101493
753063
-246991
197297
566073
938674
-425490
100048
-757593
195935
-419441
-710172
-64927
603003
-342953
-820066
648439
-685975
-830094
-625484
905635
855288
-607058
470226
-158427
-530828
132603
-751383
-956049
402904
325914
145445
155966
-921078
-657259
-277961
-982404
-82749
822087
-739997
-886815
-597355
-450168
48259
-994352
206879
228194
654087
520904
398100
-971397
426539
253387
-578454
-103236
-905041
-109282
-970633
-656424
-65330
432271
669490
-919886
-411763
748413
-577144
310276
766009
340108
132363
-973988
453294
535009
-424156
-498448
540657
782724
729746
194744
303628
127846
223347
-269834
-618768
644894
626931
-523809
-464388
656298
-180232
470282
88569
-510742
550397
676806
-762330
973253
-12918
-996321
313360
-880556
-970308
-233347
654453
-394463
268206
195110
-611739
-2048
-610147
691889
-874203
613201
-577945
-492970
258094
-951015
-16778
793706
705283
802990
263988
-206149
-707752
-185616
-529343
-470081
-212363
457739
-466402
-899003
577183
-436709
-132349
231636
168828
-864144
-573255
557089
133809
-183401
248978
259607
-570201
671033
766637
687894
720018
-250142
481599
425301
-447152
-254413
-780849
-154904
559971
-310191
375015
-652393
-852453
908614
-551395
724731
-528096
316256
-43634
640733
452113
383112
197822
-414079
-800290
-553201
845529
-370490
-882169
612165
-682597
837850
-637977
799003
263150
-85129
-455411
482302
759968
-895440
-827890
134983
-547832
-680343
43596
-99227
-955613
515501
-782971
754
156233
669142
-616135
-645946
-744938
-416425
-199146
-899409
213085
-81315
712756
530489
-243466
-925221
329492
-980316
-10350
874082
501986
-250382
978642
674096
884601
-569190
993754
-71803
331584
-961859
-556303
548613
38895
599931
217754
422760
953986
472817
-993666
-245161
573408
219420
673525
286164
-250091
-569941
360943
-920600
-550257
-649407
953482
951729
100211
932124
625825
-15188
-637066
619579
913009
694518
657720
-643294
243130
-303386
956638
-539116
-880626
910624
933701
-874291
-334537
507109
345129
-661012
-206728
-904962
-230953
-845785
-825562
218790
-495192
-872080
170519
605020
-939956
-203656
-410168
-577022
-584078
-497159
-882505
-926358
-140452
360626
-229744
-183815
821511
-110370
-273191
755212
15339
392272
262320
-639532
731260
-944408
-544494
-499693
-790193
-370055
719098
-285384
-242134
-110384
-680364
-182090
685961
-90531
240888
-898117
412310
358384
-824475
-728142
-280990
-54218
88043
-459480
835413
814853
-704269
-149248
207124
558052
211220
-61616
613644
666727
438691
823452
-703328
157788
-461932
54538
-952596
-142296
872449
733365
767174
113336
835249
179484
-528280
-989227
451342
190731
-43445
-460615
731251
-208033
-645763
-973018
642720
561361
585034
-146061
-500255
198677
-479334
938436
22129
-182662
96223
560197
871877
143628
-582099
744325
-123008
-814926
-142339
-287759
364559
329382
-276986
-184100
-479888
679570
355285
-748638
-528463
709522
-721656
-885744
270883
863379
-31804
770628
62056
488863
709064
-915816
-693800
-194714
644381
-821923
948914
-937718
922403
-174094
-752643
-219937
538148
611916
-890556
-738839
-572185
-370444
940732
783101
-119081
-587732
492622
159264
-473475
-236495
22642
494721
-465867
-915303
-16417
-756804
-831118
289784
48483
813264
467862
-2603
875546
390264
823304
-877098
-829674
361451
734819
-720229
622613
-837367
-90672
563344
945734
790247
975613
438356
-50490
-497863
-798139
972153
996859
-264006
-943151
-19559
-20809
-774268
-729775
-972327
-961005
738087
25070
914541
128351
-151626
-962557
298678
-790176
772262
578449
832437
934896
-512224
395780
880630
-721977
371392
318986
227533
873530
520847
199686
870388
-743159
256536
-149172
236032
482268
121054
263705
521263
-140859
-711225
435804
987492
137149
473247
286169
346974
245509
-135383
179410
180404
352394
-424810
61034
630417
946583
-619981
-142050
820112
900867
-942364
690499
-842293
314172
-458673
393740
-203561
662381
-342555
-682299
-478479
-53779
753505
-490987
-916631
226752
795182
430344
-527740
-340201
-390247
652665
-987808
184943
-286302
642610
131525
93718
-499440
-48363
-5416
-441804
-357865
152292
872368
183462
-453969
-331193
-154157
203476
-13492
367365
-850304
-259987
876378
-766934
966765
671560
663410
-560975
-668642
-726838
-908311
-656449
458106
-194613
986162
-410369
899106
-513279
541268
-106311
44918
-816597
-954020
-82714
366865
-407989
586093
-787292
795488
-427399
580073
945184
312614
456451
-821751
279379
128010
841660
718404
459368
-885178
810094
802920
572928
-384519
789081
-837441
-485414
-724199
703828
408275
320720
887231
454255
-761995
254096
-953734
824098
466804
841754
-603302
46877
786938
709313
-496673
965187
-11309
631337
806847
-292905
90705
921669
-482812
-106376
494597
132670
-317295
657156
647256
-41493
360984
55530
-720774
248214
-490215
-482769
-497690
-443948
-658671
969115
-602195
-261973
15991
-815258
-552660
519319
-850071
436031
150656
956776
-856874
-758640
878445
-339685
134985
373041
792985
817690
30196
440240
-223803
-608820
-504230
55423
639394
5556
572655
-858297
561608
913984
-889183
959414
-347989
126809
-855844
99351
-353873
-705914
-464618
796783
-749139
-321491
-961857
-870695
338824
173129
502347
131808
-9181
-467458
-427952
767016
-76278
67818
-177562
-436884
-926626
-604908
-295180
634982
-690924
-184362
594396
-38913
942448
738552
-939562
-411426
-967363
-404179
-614643
-716501
274330
-576500
-587195
-386847
596629
915152
744962
-412552
-552306
-682991
-645537
371416
384827
176901
934533
458201
571994
-360647
93183
881070
454991
-312422
-157843
397438
-573870
-97405
986013
-541233
498416
-628631
-257734
-227255
-205130
155071
385899
-608501
70223
130860
-21053
517917
447869
333410
-110667
-167304
-489689
-176135
-709103
-917696
463218
384080
963374
-81791
-928342
-194470
-684353
-502212
708126
-698340
-43444
206541
-326970
698823
979287
467900
-146106
365185
859400
924117
-503955
-161653
442033
943914
-828244
-668635
-223391
-317932
155231
67506
-235628
-381551
-548414
-272254
536658
-476755
533277
852306
21033
241402
-846035
977589
-552057
-173005
676411
-572770
-705105
-469696
792416
-845705
-545579
-711540
-7358
896454
-767626
164399
-772182
8983
846467
383049
-923511
-389161
-998503
-471924
338585
538156
51321
-128138
390462
-927646
-886736
544428
-950057
-438792
-628577
726354
-11562
-333681
-743342
-219146
-179386
-288921
69314
813256
-392467
301688
-22345
-164648
-689329
-175878
-781600
-612839
434961
-780102
-84763
-226454
758055
966559
645409
148517
-961088
758673
-307056
-911145
-680120
64367
815210
308319
730686
-928132
-910828
-448701
-217052
158487
-635445
390481
-539825
342211
-774168
-229153
-833668
-555767
158008
601294
-335868
-926755
-625161
-577814
-960196
-979753
570703
-921284
778921
-736353
-832429
-901199
328014
982782
407120
58699
-945351
496293
609999
-162403
-345220
974555
-771923
114955
316765
-546090
885803
483097
-101857
43811
84390
562275
117056
459230
984462
156861
479478
555165
235577
258399
818813
403149
357200
146826
385930
-235680
-794475
440579
-739388
815525
-721824
-84608
790079
-493746
-969653
106843
-39836
916151
-410060
858308
-40039
674331
420583
-922983
133561
405045
233878
-386961
-39791
-530546
871438
-220978
872604
228638
925848
258533
992958
-868627
-300888
-746430
946898
-22712
168963
736976
483542
199310
-156181
-556294
115461
433760
-697987
-924579
108091
722597
-847562
-758349
127641
386317
-145310
-912150
855772
-273872
-133128
728375
954766
-207281
-13093
947723
-75908
686020
-798708
-129010
-336693
370255
-392035
-853151
-430435
451785
-409444
685026
-114456
-107430
760448
993635
-384834
912887
-764714
742807
299203
89977
830657
154974
816105
-302472
-116652
770871
490248
870256
718593
-585660
556275
919886
285330
-780418
290141
893295
-633568
859707
345080
-43012
544733
-769377
849558
305181
-775742
-535277
218067
-540456
-792471
-482731
549521
-961815
672244
365626
-264286
-444408
136496
-774039
-574152
-144911
-359699
982124
-225025
925631
-798295
-934884
818926
-431863
924823
164006
525126
469556
394629
374683
-225264
618888
839407
992803
-921568
-953065
-489928
627954
-914879
-817684
-6421
-179164
-262091
-869925
46798
163757
-14836
687099
145880
760139
612730
347586
825256
431656
915724
750078
-404339
440849
219634
990291
-184468
994370
609179
-345062
987173
687611
-298126
-502755
315564
-213004
-320438
-690857
607832
417471
-560782
-345371
-418773
424382
-658272
727108
184521
954459
74694
9776
386115
-9583
-240146
981776
-568734
979488
972067
246798
973858
581245
901737
961031
268855
-396390
-541724
-415581
390606
137838
-106438
-1562
-444692
332780
653068
136536
-242838
994796
-136356
941683
949255
938338
-48541
335369
-71246
711313
317144
360020
690801
289211
-393182
664659
-129545
-491446
625690
-860690
112165
-916035
-276270
-497229
221804
617292
501209
777113
-49928
154276
-86352
707234
149072
777292
648917
98326
715629
-399625
-566306
-355617
-688312
750839
-995597
-997511
40049
-388778
667148
910505
119776
292838
-950185
-768059
376804
-226455
-265288
-401393
-609163
-764079
-624281
340910
390198
289368
48143
-460731
66660
-302940
637596
-217711
297435
-928710
426672
609124
822129
431076
611613
-137822
-957703
278761
-227317
162073
-428401
-177502
394015
948403
596044
-871274
-452990
986882
-635353
-77270
327791
754845
-787903
-624067
-705886
278757
72994
931710
-938955
-629571
-997001
487718
979553
825129
-81207
591166
-312693
-38910
-130074
459990
-876837
441525
-717512
517179
389928
878533
645905
936938
865414
-989449
-140333
193204
765397
71765
569138
-940490
-649478
-357868
991221
-588433
12561
994221
899286
-7887
819349
-181921
-416722
-493344
779170
453205
966647
902334
-105271
-750865
419512
-715343
-872333
65416
-778406
993082
75968
81262
186286
-158636
-846973
-244576
-99126
-496451
397556
-107906
-84883
-589884
-113686
-185598
402229
-294337
632482
985508
212320
411651
438712
178966
313984
-666559
428101
-266505
-381902
555769
798911
-160307
548851
-125122
920956
-264864
716242
-926018
490560
-382884
-422468
-111884
509211
492650
298232
-604476
-692948
-299539
101188
939534
-314032
-686493
351184
-875321
492474
-334833
-541879
-79425
398662
76219
-523657
197573
915913
-974806
-927550
836868
-239670
788693
910851
-749110
-594192
-511618
139006
915019
981032
-562762
-689457
-711917
137699
411731
-772383
823668
725239
578801
948348
217712
-756033
-593532
-861714
642630
482687
-385370
-159798
398600
-360176
-87347
235467
400155
-298655
146318
651045
107154
634701
-209949
22173
615733
227289
332717
903816
-635012
-255552
-868568
-811345
-530314
710234
-862998
687399
954201
-456529
825685
596830
-973842
-559685
-562968
424758
80139
349685
-339775
-519707
-948971
806543
-868662
158184
441243
-78611
-819644
56975
-851322
513073
-39209
-486334
-742480
92224
-297678
-272793
-197543
-160675
-585395
-243342
382796
-759710
-646512
408954
-319395
-209480
-166289
760744
-859796
493936
-758963
-808766
300479
-627625
349418
-258279
293765
529775
798697
442443
42848
-240513
956110
300369
851711
-341568
-972425
-345832
497757
-557820
410826
-119447
-317529
764315
-710494
363076
-445166
123218
123819
-304961
-382846
364857
-113727
917634
737232
-764309
-340646
30996
765467
-541950
-526561
-191686
217538
-570451
-891318
69249
87981
-863743
723417
-414262
-421562
134243
466292
260910
-101443
755799
-376015
453392
-120984
747805
-851570
496171
112661
34704
413804
-150108
270396
-926842
880889
35862
-468791
-645672
844177
748748
-216123
952859
-182004
871859
-910884
-458587
-542403
-332445
675656
923889
928465
-425787
679687
-447551
-972395
-441297
-699746
-823964
-945126
412915
210741
468679
-737194
-518864
541837
-856305
516999
-926954
-501977
361176
821794
281901
314034
-360211
153759
403151
181203
611357
-929294
-143141
535245
999172
431072
214931
-448379
458678
773635
-148125
634714
828509
-735211
-154546
297187
-472404
326591
-160976
-328708
-156410
-87930
169315
-795235
-266137
-548784
518800
373653
604976
-78049
-445145
216332
-7343
411714
-248423
-8172
-157214
966509
543449
-698536
740143
-604676
936178
568651
-339887
-218368
-134162
187710
-891778
704862
859002
-48187
-383068
28317
156578
350795
479533
-324623
-275552
84508
597328
279304
-699160
-410015
-308982
52417
581814
533805
18925
125262
835269
-240932
520586
771446
-672282
-819301
-446923
193557
368409
-338700
-101582
227410
613113
515350
-744274
-230309
-133855
735260
445069
590594
-180232
42397
-130103
120608
632382
560916
-826976
214195
94720
191950
-660543
-70012
951018
860044
-298566
-721264
-959258
254512
472294
409152
915812
-629289
-363438
528925
886062
-107711
-701385
-247793
-372452
743685
-657199
447317
-213919
212699
-432076
-581538
-226386
-259051
632658
868334
932900
972115
-201678
883917
832158
499756
-837347
872901
-245733
634947
282053
-329921
-994342
918615
-800997
891721
-189096
-502381
-356072
438453
-758697
-13271
-114231
27385
-800573
453694
445847
-26959
-805358
78504
-158625
-872459
50619
639697
-988542
-117223
139452
-825888
-244323
893720
809059
-962270
-436202
814717
956346
-237198
706437
-232751
260422
-649635
-794299
501726
337094
91471
-470890
536521
-454836
974957
-490438
-260193
53461
350937
-132651
-895920
-9366
-121193
-13143
-869914
52919
742535
-976195
-138022
780265
-412396
-323306
736610
350406
-616869
-496141
-389172
-266504
-290440
-887447
-929410
801032
-358337
607111
-653805
-383380
-883327
86003
670082
467611
953352
774162
-541756
-167841
-238982
-411670
885078
-496448
-387865
-252944
-716184
199739
423750
-979574
-449855
806882
-475715
160973
-459622
233846
273526
-389032
34877
915190
-781921
381073
-468191
-665247
-532925
-798110
802364
-579574
976053
-739393
252585
-262930
-151063
137663
240623
461073
884719
524440
-339188
308469
544866
210958
115351
-930849
-628070
655730
302997
645457
-733302
-662126
560647
-515223
718947
-907544
-180469
-813978
-705654
-378106
-393551
-729601
-117499
859035
7469
731439
-3303
-751908
192511
-118584
772532
853324
-810115
317398
64281
305236
386549
436212
-39034
-310454
81669
227664
27420
-357685
712442
-253633
-265229
-468028
-67611
29118
153866
538838
299517
-963634
397873
-693014
767806
-605431
-444922
-39684
275986
-672390
-186360
465871
645008
877921
-228893
31556
314133
732073
721102
-604199
-40263
-251478
38117
-327822
494889
772889
204150
-572723
-197993
-641984
966116
-898476
-605617
363988
-591490
-837812
758558
-36411
122505
34544
291200
936145
-499585
-63793
814066
271522
967764
128198
3595
688866
524000
963333
-562613
-437884
-364490
932276
-664995
839661
-640447
137012
-802324
-674331
238536
-407941
689658
647047
-245753
448216
-389364
876752
-517241
901836
812897
-16826
-161958
626962
-745304
-194194
-244841
258292
-505329
-720842
221624
-67941
-158725
857135
-135666
176281
696795
223888
-686708
894472
549558
551829
-513470
239216
198876
240778
-312569
809512
117530
170191
711347
-69574
-846635
-450611
-442612
-591938
355196
312547
666355
849867
591706
-112021
-218075
-567019
-254887
646260
609262
-558092
-129852
922555
-663621
-580294
474384
-177090
658922
-326741
-936312
-653647
-517229
181219
516544
-805882
-888356
669910
-256492
-330968
-922029
-901297
981580
744326
948571
573286
-367696
-269505
-993734
377418
-623245
615529
819326
246904
538084
-844295
666610
12468
-21385
325531
685728
42304
671884
-831502
-776478
188428
-637384
-664834
-141662
106125
4199
-63691
204828
-14221
-319365
153398
-440936
312940
883894
-434669
-309642
-739352
-819140
-490317
507552
718944
-334611
174162
-268588
644004
-500308
-582861
-313693
-828424
-414363
-90170
360005
-51746
244996
-781658
-945622
-750805
154652
259206
234975
835288
-587396
794039
148228
-703503
-640631
838586
-442854
-459771
-651731
-935302
-740827
13658
238860
-9415
-342339
738553
407724
343969
910130
993362
-746202
270135
-58385
498795
488478
-4006
747991
-356871
-744800
-17035
-521584
-332196
-222996
626644
-35698
136374
465230
521448
676604
813499
586147
935777
-172844
-174994
-73638
484818
-436441
-665914
-171213
-526311
-672553
82586
743824
269063
-418620
232301
-734943
-670629
875431
-479743
312337
-646153
188061
-910660
980492
-847637
225714
445721
673811
-97683
259219
259958
-161906
-913626
-915037
764457
571193
-351477
-901458
-600021
122212
-574010
482565
-133964
695054
-936055
-901663
960111
-606684
973768
-519632
705653
-672386
668430
794994
-691895
820793
20707
753826
494604
923025
13045
-245439
-238881
99420
-160475
-474425
-329388
488048
-375882
70592
-389740
50108
-446844
476296
-254838
-382899
574633
-294728
10418
548401
185641
-283929
876015
-145930
-488936
-815880
-325138
531772
937947
-830535
454797
-49009
-75974
-784085
-949589
763551
-258510
-278976
251599
365608
791616
861859
-584284
-655228
338155
160878
-38127
-87212
866151
972292
-538812
51791
-311637
-662797
905861
199428
-478677
-419278
-268801
-540731
-249812
-814004
410261
674214
-598089
460673
437764
143402
-818304
-310638
-490991
973312
-448779
-75274
-681917
889376
-914396
279957
-197836
951755
252249
263352
3546
940612
600555
-90594
140039
-878122
490129
871239
-418852
-759683
-942766
991410
914531
-540854
452082
352295
602548
633778
-958343
-888443
607090
-407121
36283
925174
-517746
121887
205131
284418
73642
-542621
-452230
-922813
-602009
-851675
-13406
538031
-729797
-523277
409269
-148649
-282960
466504
-157239
-368429
925650
-705158
983866
528197
928621
-974477
639754
535711
-381598
-323963
460885
100657
797925
-333985
-614925
-128434
123395
-67155
-51246
521386
81170
935348
59417
351374
-587929
-531315
-797275
129111
935189
45486
760682
860839
340329
744548
389035
268950
770072
28789
-195340
-611527
704827
-734456
489130
502751
-68441
874206
-625683
-945046
-192950
323071
576341
888221
258419
-364243
239595
670490
104442
442320
-200399
39631
-512194
-439717
-99531
828135
-695170
-710496
97084
-925098
318294
901744
-536625
23120
-832712
952506
-474130
98848
826711
-99813
153802
-366239
-776742
-269858
-478019
481677
365899
761576
152167
-529659
203896
951768
509972
691702
-487950
-589559
519837
-183119
-300054
-383080
-108217
-981761
-481336
355159
41359
-314048
307664
567230
784801
134375
-532583
-61398
768136
-309325
668745
-709883
-827649
34643
-948307
324518
504985
255590
276286
14957
-52709
788336
425399
-532873
-394783
-874656
84048
497001
-856417
602712
-147841
184943
-711336
-840177
-247828
-926535
294198
219589
12067
62334
910265
-319188
352452
-917385
715456
404146
407134
220440
-340265
-316581
-764604
607027
-528245
660796
-925846
76973
786140
158202
-426027
929724
-239086
426132
114666
49579
585956
866839
123044
-119847
86428
-864889
942488
-3308
-184077
294940
79308
-468621
-300915
-513559
751819
358821
169861
987216
-34153
641617
648011
40001
-281411
434151
-801797
292562
363874
-40882
-281306
-521460
-991304
-695351
-654622
131741
184803
431806
266852
127290
-571502
-917225
-577770
507806
-385845
121316
994248
-634027
-519864
164109
-646811
445984
-194275
-998800
-514015
524314
435352
-315812
-183124
-200775
643306
535570
277765
652003
840219
623144
-216257
25021
54950
-949405
-847689
483448
-866629
-425458
-8746
-252474
695858
-14499
113500
-824007
-850391
466689
621978
-44665
467890
-892038
-520351
-96759
-207849
296525
702467
-564544
-167905
-19769
-912541
-327686
-396625
-128798
697335
658325
-78202
849647
141772
55169
-575812
-866975
802695
-879954
118527
-83806
-703960
268137
-617117
918018
-776529
850773
-974021
-296879
-245986
-181870
999646
-543520
253587
-168259
436712
341047
504055
-959914
-787751
201390
698412
134047
51037
-159817
-810785
475225
-26791
991910
595272
-908264
-91896
891312
359873
290987
809329
583345
141760
835309
-713535
895774
-346561
-713889
-647746
907027
117852
788966
248073
-378093
829053
460322
823297
527464
-405631
-125667
-632353
-216416
-650442
340857
-224506
944831
432593
683598
836142
-207534
-25416
645470
-624189
-883657
480779
-337724
-987883
-865783
-51612
-635629
-958756
-933760
-846663
289317
-311853
982390
-250361
-488556
509854
344008
385778
877501
-872408
735337
218358
-96914
680167
-349049
-413317
516308
443417
561268
161778
819229
677612
-357443
-518496
689729
-223225
429893
-945900
-181981
496133
-792563
-892664
-815720
-810173
-143025
-304275
699681
-799017
-918498
577182
-671425
816840
-204461
231662
497006
446490
818346
13314
-110093
379613
-824908
-290865
57225
-182350
190640
-253047
594425
-379468
-198947
-587557
-883335
8491
-480221
-699055
198319
376755
-3330
-102001
577739
78173
-524819
906315
-104988
270721
137976
-607982
-282789
-43679
405333
607118
-664066
580426
-683747
393159
-601925
506894
-859888
992500
-872574
-58834
-595057
-755909
949657
-75277
-454963
147975
-698522
541708
-954026
879217
-380119
-478844
785532
514894
791877
-76493
906912
-490913
879829
312245
-883795
-784237
-107330
-567541
608923
290746
939353
749035
283246
-933222
-309800
688189
-689130
-360143
-387089
-144093
787833
-85611
-602385
833808
-206394
17496
-645037
-420863
-467611
-853161
502645
-560699
-344073
382474
751547
-227868
598238
-355783
204592
207160
934963
143944
-43805
218208
210723
646396
-93603
521593
-713748
519309
-622500
-925915
-566302
-224885
907893
227304
792612
-737145
806442
-674999
-590305
309087
-235697
65622
-308439
-484151
837755
-710202
160066
42346
496958
95029
-813710
-546847
-686763
397014
-900452
219635
-81394
-614199
-261057
296107
-540114
172641
-928778
-632222
-600055
863834
-369366
-793613
-811166
40330
515474
-46863
-894049
-792966
468987
943707
-503167
-370947
-13947
993792
724082
172344
-553056
-962681
-430643
-453508
256954
487964
-67707
995898
-215930
392180
168538
-144708
759958
568483
-280875
-609408
774870
-92040
430922
290344
861098
536874
497379
330084
480580
994212
959138
-533367
988003
683220
638977
-565054
720539
-791667
-18561
-22507
696297
913732
-26610
-519634
305911
-858072
335659
65869
710412
-945216
456462
485282
-37256
-112617
-224375
-176158
-575743
-726997
-846074
904837
-732785
-886937
-628531
-744783
796284
-989554
-309836
516822
-781221
671603
-505685
915077
585335
467706
-604557
-108755
609634
731102
957115
320046
785886
413576
-194673
-251370
-699041
580952
572473
-274784
853956
726399
-369947
-878830
839463
1523
-623612
635746
11969
66552
152568
230749
-261845
646884
145825
-676511
114589
541268
214735
-275777
272370
171850
-955731
58255
-414574
-150404
806886
-113615
-569453
379358
611602
-715497
105757
-758345
-594326
-54780
243178
-217938
-419035
-744853
848615
733534
485896
-413231
380417
-368279
-89741
-504994
-827012
-875006
219230
445358
296844
263499
-496387
882271
-886905
-689502
-231344
-456357
689857
-619743
-171854
-204387
-378088
233820
740833
865091
-984118
-678202
-879763
864497
-944668
606134
-548734
435749
-762146
361526
930756
-589158
486520
149986
856201
-216636
-586515
-640186
-334366
-473420
-329688
434290
70223
-639831
814548
898370
155783
-563540
132189
-103385
-698450
148072
218414
-578212
12568
273746
-972079
463835
-290505
-734225
-174640
-359749
-323382
-688121
790237
-467181
95244
-796279
-107367
760879
-269698
562946
195168
800526
923116
9716
698895
78898
446176
-168916
975514
747727
979156
193927
-830486
-8276
-532327
-802564
-544442
177168
-536788
280918
817419
139831
592798
607656
672651
-311958
811378
-434717
-551080
-458321
-871771
644089
-657796
-948656
-346196
-958901
130242
-900020
-127817
105756
847707
-148662
-700318
-982779
843062
-232645
-785342
-701380
944524
-322130
579538
761943
817702
172336
369598
490352
860378
180975
-944365
-690703
722655
-816135
953386
-935141
-764790
-392811
-894042
365453
-292830
-21858
-528792
-445124
829481
-229110
-427902
672543
538246
-213244
971163
482769
464627
550700
244711
282328
-276964
-385691
-227320
-416587
795284
-171685
-107290
517939
12181
-153904
582798
247391
453286
688756
-387157
-839545
-333102
84051
-284669
-503622
854941
287430
-831080
393187
-925815
-859918
-124044
538812
690783
-879333
-178860
-586182
-265024
593820
-2769
-469741
-577866
889942
-951803
434315
-263963
630996
-318294
-810678
319752
294549
-650222
986650
-621401
65110
-516973
-766460
-647461
-348053
626727
-573276
-207970
-497317
965537
-517188
-376650
-213324
-103369
358326
-619505
893862
888586
-197370
783804
936784
-763055
-480159
567779
-81349
-290836
-112470
-786801
58942
-125821
-408201
-875949
357207
-174661
-523410
-990846
-547934
-96685
-198816
-45251
-131149
283997
578099
655528
-819373
-63575
-963978
-925511
-174990
-161348
858294
-238207
75598
-621866
-670429
994249
87298
217101
-792552
-853761
-908720
-200753
-729710
448488
624586
-253119
457642
-923348
650197
-741174
31402
-480952
542824
-390500
-825425
723452
545925
-789403
797941
-629065
49250
656234
132728
-875153
-965633
462299
-880904
121665
-320600
-673456
267905
-229319
125791
538196
-780832
-249623
-714924
676811
-172970
935274
935638
858432
-545679
478461
-532068
-371104
201912
-986143
-160507
-147
-615208
888744
-343913
517520
-986409
-309545
-20181
-867313
812121
659219
-540769
80025
-570100
585023
-381780
-350931
-664600
-96703
-674121
162430
-161430
-738483
20861
292891
739979
488793
921788
-58109
502650
-238719
941744
887442
-349976
-402169
404962
-336385
288286
-615220
-203698
100407
-956001
255534
-819568
-526101
-159444
-201348
122968
175957
701950
448848
-661614
-459480
710366
359247
833412
450344
-151960
755199
-607766
-649311
-483521
-666022
-761869
166503
-68190
643093
830119
-779905
-972128
-373579
320503
-928129
881955
500935
-454230
-277489
-700413
668739
898468
-998464
117587
-763146
-457943
-172048
596101
-624532
-721705
-555860
-869334
-329470
-205170
-352854
4508
32961
813650
936318
-323946
643768
-843587
-296074
-729812
476917
-224202
-847857
-22149
321569
-125345
277438
-9693
-226877
278975
-892107
9977
821032
-64154
-393922
-803501
214141
50219
-672834
884671
845049
-25688
-110821
-121990
-212039
-174503
554064
-568271
-18090
-742010
-298083
-541174
33788
-145939
436678
-644644
728716
-285885
345664
-498161
993090
453557
511816
814122
-610598
-882106
-989380
603544
168113
-662213
488215
13162
312100
-622607
891172
-899940
202890
445236
-468211
-815200
703226
233707
-356373
-262986
-912233
-919696
92370
816484
-205580
-561967
-681677
-212490
891591
830140
-398369
-719007
948034
-387748
884538
116146
-49960
372752
-870693
-737861
750146
-979521
-637801
-46964
465715
-106011
137837
168941
-872304
781465
905955
-784537
861770
-1675
-968053
-343811
436359
-649730
443700
327950
-819591
-954669
608944
-871558
-342416
493481
244589
607624
-133767
373897
869764
-383622
394376
-768038
569415
-139909
125952
-292749
-970968
253648
-511285
934987
469112
-649516
-66688
501060
6674
-630330
851330
-549627
697621
-968261
-504296
306564
-839818
153289
-199956
404772
-239088
666278
-221332
-369325
-717344
-826956
-137362
852071
33135
988591
-440678
62167
242239
48037
-2846
-288650
398522
930466
-787591
-594805
-699864
-936261
-144431
997757
-904521
351274
304320
-744339
-495438
-895636
660434
265475
770642
-560899
896151
-946702
-387855
-241211
905369
645281
-252621
-535309
-292552
989618
512728
704602
-299032
-88750
635068
-86622
316446
935204
-22883
-827986
932960
72597
523289
237280
328259
-972150
341644
-11308
293326
112286
427793
189476
165584
-960062
948266
70953
685220
-304355
535644
-607333
-314738
48372
-902732
386231
959623
732336
-700392
276068
667540
276726
448082
600500
-650678
-28629
-162221
677582
-778
-820577
-333727
-707453
291709
-905934
482024
-542707
-865995
430289
528247
819225
-874067
63890
-788109
-188804
-887738
-690840
-802573
-928116
-958504
-502964
347952
709036
773762
-203966
309536
-876916
767406
-852686
800666
-233373
-673263
-533061
59174
618447
-438994
-458802
-924261
-304989
971488
603987
-485764
-902579
-332124
-273872
-91382
-219861
35288
106045
-147976
76785
603081
-800024
-214179
376843
-3990
-904644
499927
-236585
-757330
300593
530043
-430593
767533
-410784
-812146
-671462
130415
-736406
23550
101902
867581
537786
199323
-464543
-736087
-892060
315596
299202
213986
-832381
-624014
-182934
-632405
161807
-806092
363606
257163
693836
-872979
499834
-5571
657064
-930759
-238038
-753720
-742905
90500
376695
-479311
-885950
-521404
-611731
651837
677920
-76274
915751
785861
-760678
214952
-154
-593059
590939
816913
-225463
-247254
-989179
-861857
-990091
704657
-734835
509743
-300914
922229
578984
461048
-831491
836080
-448452
545204
-643232
-334401
-976200
-254962
-682565
701720
668764
-766815
487581
908087
448138
-512574
-684973
39077
-695662
89565
791823
-684841
227709
801732
-980184
492874
311475
-281097
415102
-109542
-820050
583611
-273462
-268501
128815
83306
397098
152615
828345
714533
-145665
497108
947719
-658085
405194
395857
-170658
720222
-565067
133680
-190213
-773245
448840
-962505
-971513
468657
530369
339962
-812441
-54529
-769580
-632491
-470918
-43042
99009
657897
-959736
-503894
-189488
868609
-789361
664848
365717
-841643
-993237
-229089
554214
-163895
-508867
989147
969785
300921
-784098
418625
338416
-755610
-112719
-131215
584353
74840
814257
814773
442350
-656662
-228269
-458642
-998765
-188004
37465
-188252
-319395
248104
-523405
-953678
406462
-516642
-182767
-39324
319463
308367
-50178
289248
-390713
165725
-292127
947703
410116
595154
-183512
-5532
-330006
-369256
-190759
-887657
-25917
580972
-346298
-24682
-607032
691167
787066
73573
-60729
-736339
119895
-654268
-252980
937129
306408
-933517
245495
-743770
355732
854782
421956
-936396
802485
-167929
658759
-381027
826539
-671248
249717
-364221
-558904
-776201
-783249
94799
199118
-390281
-214034
-13816
683293
725237
249845
-196812
-929031
996865
-259683
377377
-936652
985812
633608
419080
840594
55563
482685
643079
887634
141443
-737949
714172
470196
511769
-650049
911293
735568
-433298
6091
-65314
176422
792058
920870
-140286
517294
170714
662903
588263
167579
-596781
-34360
230927
-610969
-400753
-349993
-770375
654810
-867309
872704
542444
274134
-865245
256616
-255670
646524
606567
-344378
382092
-826731
661714
-683223
349691
453771
-762354
-790595
-28935
408361
872308
-440672
-424061
-724473
524968
806867
-335442
-875786
-543126
-105817
779025
-410435
-233113
321468
863700
-98358
-421916
-391971
-451835
-815350
263652
930257
-642081
-74635
-752966
707611
-620864
-515320
917016
350202
893041
789324
909530
-531020
-935150
434497
-724153
-270591
558712
-267279
623593
337737
322286
-609521
-340795
185985
292122
237289
794015
840287
421940
57666
770544
779860
983032
-982422
487470
-637833
-497742
404486
712370
-604701
193809
621899
-135720
258660
56396
140128
988069
-384892
872850
611662
952845
195136
-997860
-387950
-618879
294262
849339
-824865
134549
271279
232801
-94907
51138
215833
-77328
-461392
578000
424930
943094
290369
820230
136902
-87732
-315490
-604438
968664
824638
-616370
-416229
697488
995293
-463384
-107377
997433
148666
273744
291695
-1995
448879
-573756
-730717
-318320
331338
320422
897513
-745991
859030
475513
678940
802123
-234118
499170
-60975
678150
-816320
334587
646814
-991682
718218
-769415
705806
713510
-232799
-401572
710943
915868
872173
2638
-86128
321051
428882
183156
-997269
-239780
-496422
900245
14230
-637393
375757
-306830
-835270
-858361
-807661
103755
819790
-623981
-561659
466603
-615663
-843441
697188
-909857
870069
-535611
-311429
581011
-619744
-439257
-416351
294129
881795
-987470
-522715
884527
-227249
-19137
784771
786981
343471
160528
-519850
508201
302168
-327510
-388045
121957
48510
50297
-411441
432848
206856
-714253
522991
76925
-249863
-788438
-342064
130394
-227694
241585
-575478
-345900
254116
-98192
-461373
-973134
882672
-676603
813848
226142
483926
-706002
-265658
-213907
-33512
346298
908051
-985003
-603406
-503391
447845
603451
-217643
-29164
-319624
532494
182398
338312
-337113
954704
-420103
87410
-391196
834013
989219
147431
860880
871890
470829
674727
98031
-45245
968725
832374
740849
-64788
178671
648899
-49790
575266
-854492
-601945
178716
-72135
368891
859093
-539641
-448711
197405
123247
-494008
777302
-789343
114797
611314
-800125
-737772
472194
-928236
733057
146920
169796
-312188
115645
2169
-571340
-949143
-819161
-922442
1068
756105
-776934
399123
-65179
150932
-231986
-206086
611291
319303
991319
-265462
825296
768620
-54805
-59908
379934
145070
202320
-147873
216835
-64623
999048
-613370
623189
114693
388799
-948151
165550
569639
-870593
-833383
325744
-647526
565741
-739435
503406
-666246
54479
114697
653058
45797
849235
478353
-185583
-205570
-581555
-805649
939501
620766
46478
156335
-443857
45526
542966
-820668
-839782
-68235
-768819
325769
-498597
-639411
492386
827148
-286937
58126
-912288
-783531
391881
142192
331167
44938
-812011
180402
-476709
2406
974832
-58264
196757
914333
-437499
-756765
70667
118645
288762
-386367
297977
448980
545398
529158
-225252
-953199
889748
-732866
873950
-397190
325261
961663
-180720
-282859
103854
-849554
762079
291843
330848
-714631
-705751
305680
227106
491006
220012
789608
734242
-709321
-91748
23003
-95688
-793772
-528018
-550290
735387
246731
-503488
625134
513866
-629538
-772056
-160874
-667876
47224
556267
435978
197670
318346
-272179
-471482
603715
22070
834198
-169180
-486924
54210
-379573
-752683
344889
528680
270320
-750799
734908
742303
-301089
470294
-10967
195424
95428
-497102
565886
323372
342024
898011
-629405
-101709
333988
568266
-783364
-938191
-903217
820352
83880
930982
-348828
596956
-14809
271600
844273
-669920
-199721
114592
-420719
-464814
-143106
278192
-994520
845928
-526384
100908
-651174
-960498
-575721
690851
937513
-205125
-410859
271501
-636859
-194223
333310
-540075
-373871
-582811
-609094
277301
-985855
376098
-451100
858418
706178
349179
-26990
-714542
884366
829905
563651
889846
675833
-962733
-9246
-975342
-923231
415034
715509
-985719
-790091
-695350
285783
-426950
110428
-380907
32975
736557
36282
423882
13857
50428
-200021
562757
-91155
-493843
-88064
881856
-208385
-203699
711760
-644734
-313853
387592
-607467
676901
412251
-530697
91935
127759
-516415
301844
432410
769368
874894
-457163
-611540
-92131
-720607
424743
-668250
293251
-524830
131729
-143992
384016
637886
767944
265871
-570499
-435756
-22369
-215232
250392
-634777
177301
-72707
777474
646605
-980773
-94767
-869811
321072
-662358
899557
195966
-119520
-711983
-896166
159873
712760
-564415
-546876
-812070
567314
309132
571946
205200
77075
-162183
634702
641320
815448
-580531
-108289
-819330
596771
819005
958145
243375
838232
-136623
373565
159304
201020
273122
-644731
-918501
561139
-540896
241373
273899
-105311
694497
461829
-537997
3629
33775
667204
-919296
871592
301906
722024
687039
721376
-386265
867710
318147
-567261
825854
-438478
-729029
-310770
935087
430276
890251
208208
785545
971750
-230654
-755351
213122
-956755
139338
-92381
505074
601342
911248
-461152
268545
991953
-589561
-429549
713977
-902522
-708174
-672289
965188
609973
-239549
791042
-828506
31423
-519728
-893420
-538302
-629478
314789
-752757
-657728
-915865
-508108
555395
-872620
631231
-536987
632454
232572
-625739
-828698
-498883
-633787
-418258
71568
-919811
-320779
363394
-592099
-355591
-26634
168353
-564550
144860
-800224
-84278
251441
-338526
286245
-433771
-91282
628517
-349636
400610
183911
-222256
31840
646925
-589802
-735588
-978815
-418499
-234471
-612601
163243
837098
-532412
842464
200491
-124510
-513128
-826143
-956158
-77677
318718
-756382
838046
-429842
-94907
124290
136388
813811
-247193
786752
214421
936719
-435504
-753739
583643
-25305
-489327
604829
556196
276203
992228
-280562
113300
-540184
-438098
-686210
335306
48775
-512352
379149
971098
806366
622767
809143
-623477
-472140
-66567
512911
-658330
686241
299663
556091
622959
864160
802352
206602
-161146
-686975
-188569
-604951
589228
-196341
114487
-297473
263475
676390
16318
-401219
-274836
503966
977931
-303739
310331
600698
-494596
686855
-871443
438838
199766
-529773
125078
-500571
-973682
-251964
-636412
828670
954639
202442
-858306
-233931
597492
730923
569728
-288022
-566550
-166798
-611632
449768
431984
113532
-46266
409914
809794
-735935
10611
-684803
950921
139168
754035
150687
609396
-120888
650116
635714
627149
-986296
464384
581787
216147
606079
-652145
-186362
337001
917583
525617
770452
-249215
913985
220220
-817231
27516
-826047
592683
-162690
-561981
-396706
152507
-611060
742463
-93458
539627
351858
785655
189743
-12428
412803
203447
-548044
-5410
-580407
-941966
342446
233232
395036
260029
-241152
165487
-989187
-327168
-614294
-806417
700349
-440340
786266
-462342
-2320
-610440
690166
386620
-867978
-403292
-73753
483881
-617638
-884011
-528547
795166
319437
-76591
-210244
739030
-18556
-867799
-27739
-623521
392230
731110
541967
403044
-596058
927674
596627
-895710
-512667
382893
-358051
485014
772454
-667885
-128367
904477
-71176
797880
388358
311187
913870
859811
106352
233306
-216780
896109
-27664
764664
-971690
944598
-858857
420541
675707
683111
-176415
-920352
610784
-579789
-816061
-901883
803105
-174111
583131
575559
158004
-545236
480035
-913173
-747356
-131608
398015
-833487
-271798
-495634
399819
511423
-599525
-627845
276086
-571215
-683248
417230
849326
992459
100340
-327090
-927893
-288877
93122
-743954
-190760
-103773
81935
-607629
-528215
-760061
-152865
951820
-673233
99780
-179788
724782
266293
548414
-770852
-333888
59837
-370377
38267
-664078
58409
355020
753152
-92265
347478
-146508
580645
419585
564615
-326233
675632
-626145
569995
-242434
-233773
-958221
-2494
613363
993600
324273
-286858
-186189
49055
979436
-637775
278203
-354452
422062
907826
683816
757985
-33765
38835
511137
873970
-613688
-635372
454615
805898
929244
-871619
481529
-696901
698377
-760905
69326
740156
236602
-317311
733756
-439126
395832
-452434
609929
375267
-90208
-111869
-979185
-668146
-204043
704631
-910162
762193
-256535
600975
636162
129778
965604
90776
-64324
894848
219158
-582795
-802054
-82466
-343699
267273
-342310
892903
949962
-608555
-546224
345794
-60988
-936295
-278940
848804
-48163
-258125
-819342
747795
-553494
-729504
509987
189971
871472
146148
-680251
837076
-763076
255425
731923
456083
672631
929869
-626384
-671069
197142
31307
-778167
147104
422753
-324390
-507103
-638236
-260684
213958
-789432
691153
955834
-608774
438947
-597661
-338277
-51066
592311
-466805
-904918
912060
-629730
-667994
167485
-897808
788089
-159884
-967939
-838295
169047
229204
193013
390881
-623693
-384235
-933509
-130796
-22470
-194193
-916838
188098
-503041
-961005
579325
935907
-558666
-758953
-115160
-966356
-225758
-20078
945705
144513
311929
113190
246705
100018
953306
278767
261724
122353
-492030
-545264
-486767
-115723
70502
-420276
753482
-951969
385532
836644
236129
882492
875640
-184546
818398
-683027
56502
-296762
-649382
830744
683161
-703678
-24744
-4910
409512
-778039
-904892
362818
500729
356832
-514830
-991302
811569
-1597
-107024
-117930
578128
-353542
-69899
-36340
-516898
-833770
-153849
-641259
-18316
-335451
-324285
-961815
367788
26333
868930
50948
322656
-155814
-953962
-267833
66148
-858854
-905015
-433124
497978
-419845
-424426
309547
578559
468551
-808384
156687
-884992
121718
-879654
-401890
287949
-33502
-43148
-730367
631047
632567
-692182
-1166
-341101
-823252
-950218
981555
20935
-904179
-286278
-912918
-763033
-191293
-346042
734946
388862
229533
44492
-32579
-301916
236109
-875893
-186907
-642173
-755547
411204
645776
210951
-631945
915409
-158002
-999379
-776773
840833
-340479
-600025
890616
-358924
420911
986437
354798
507993
-776597
-836495
-838049
958349
552368
391485
2841
-480212
-910432
-761050
-356105
-97339
-403223
-111651
-686136
-757448
-900700
-318080
-842039
-58701
-317458
-618812
-217869
342063
-218836
-327254
983140
-797926
-340817
337937
710068
-117414
501443
872020
-159065
53810
263504
843776
573599
353073
-917274
-782506
-744266
-320497
105844
-430402
-77944
205144
251519
80018
-853557
934061
461206
-71425
276124
-757630
601321
259263
-555555
-739497
-402800
-845487
143090
-901358
-973468
984025
152453
290036
827801
-273949
-356892
910528
-56455
-101157
-409970
-950611
468442
512087
254533
-280040
-407896
400977
-345980
-946690
-670449
930144
-704320
930873
189407
-259874
-808624
786607
-105361
334466
885249
-78828
318491
37702
-788793
146292
763753
-145684
56819
-292702
753159
646850
-243313
221600
158936
-988780
941561
751040
412198
-404419
804350
741749
-474275
-899970
672621
715132
-159843
863997
501738
734797
198463
386987
-344032
-483046
-575312
-132824
663246
-811559
721493
-279935
-104261
474652
-633086
652427
-303748
525851
663648
-362188
276891
75845
233393
81240
-182407
759118
181271
-509786
474249
-978572
-645790
-24013
756225
552674
-637027
-587808
-930373
-212339
279369
732873
-23897
861
-547062
871842
-524488
-180147
524269
171764
-654297
187916
809576
622594
-736239
42969
-296166
81354
-197914
885106
571568
-723665
906534
925779
252323
662759
478452
615296
-925050
548079
-597043
354320
280952
379060
-644820
733891
250902
-169308
-446257
-224829
-997544
-100553
963087
812033
-477959
-773153
-144999
225876
308202
657088
110981
-120230
933424
17515
-194451
185746
-319727
-716000
-198958
-244776
832080
203999
-890457
113032
-416941
-535277
-153077
833962
295416
400666
-390868
297873
-699888
-427781
109905
-177846
-200934
964907
-951971
-892732
621995
159010
-12961
555418
-823476
792588
-258836
-143202
-923412
542206
612022
908668
-253795
721566
21700
329265
-813711
868623
163226
481706
269289
772358
-220422
569402
-655424
889484
-608445
143643
854391
-560416
250912
476385
598595
-762050
31803
775120
-969463
772968
-368083
-892875
315173
-756061
-984207
-938622
965505
37494
390643
-848207
-93883
-446132
633499
-824595
-673774
-586923
744807
-329198
-697440
-863639
814446
-843050
-424054
65357
633336
-825460
303308
-334862
949660
333845
-561895
-418424
440971
753279
-174485
456765
814657
-208980
-505742
205300
-57186
400375
759169
-423687
575780
-914606
-10610
320587
-243803
291951
456949
-429358
448901
-967106
636000
82237
-792566
-60693
747375
-842907
-726848
-814520
-261330
714123
938760
564186
170887
753417
-644795
665146
-41284
298020
65521
-282116
874333
-358700
-196721
-136278
961888
559476
-844328
418836
-869882
604574
451731
766119
-313189
659166
-294575
-565814
816260
-21422
-380334
-445071
-307299
-441574
-880885
863588
-688158
-525679
528734
270558
772341
-405746
988443
646673
235555
-208279
-489605
197442
-648804
-333932
-383722
-518685
-729358
-931991
-752567
-42547
727175
-47141
391639
543434
931437
-988695
-901638
-375863
-430269
-782523
-512275
-118427
-308202
-983542
-847869
-535861
-389287
-859426
-889189
846268
-67705
-378794
43710
283492
287275
659989
764807
557917
727998
-987760
-484631
455172
-34901
907008
-1395
-103465
918313
96968
520673
-511957
314446
-991603
369617
-993756
-975144
521748
-529617
-364430
662322
-418805
-518163
-405383
202402
525548
878109
-510324
