-806156
-402284
121145
858344
-319414
786117
-482776
-847798
175724
-654323
-580188
437647
981725
-977790
295712
-764312
-855923
-558308
-656818
305592
870538
22799
-741727
286309
-756015
-996352
732317
783407
-585675
-280729
-181038
-391831
316988
940107
-533487
997574
726223
-16263
-850225
-98054
329415
-430412
-660407
311139
-408201
635305
546828
-264124
-923004
890011
-958532
947534
-87191
-700258
233843
156795
-696610
-33841
-59798
-282285
685430
759164
325885
2418
699270
792398
-8
425493
-223865
149767
-672562
-894451
719356
-332968
416689
-688846
-697664
-36483
47031
-620667
-146473
88499
-673134
766336
388241
560709
-76869
691631
-473132
863333
-590654
-787703
622497
735232
214716
321767
527630
-785293
-252741
-696236
364475
74698
-590686
83830
741730
826004
394984
-955934
-210480
-557985
-576601
643047
530514
-249734
409383
-81245
-689025
-667487
-389614
-162157
-804154
19732
50140
818343
-245036
-735144
140110
-717407
-520437
887369
-413642
844038
-37933
-4327
-72133
-296203
-178324
-677149
-252137
611197
-235134
171262
254243
-704620
921529
-336374
214135
-767497
-3860
824521
70346
191986
-155747
-879514
10329
599218
-614658
-849561
881812
-135095
-962193
-531831
-291058
-125
463843
636810
703672
-714482
959662
-548466
896715
-275472
622797
150958
19908
544325
814585
-765957
776828
-189276
-941436
-152826
-997290
-97182
-32340
13040
-497965
353002
163479
-616154
-782093
201287
-147984
-73151
-798839
-684142
-436341
904833
-398623
-476680
-643633
-501908
247848
979165
649051
-732244
523490
463635
-498201
300318
-725642
-439637
-852509
-722932
463181
115151
290108
965216
-531847
-546414
-650938
-313940
654874
201078
612910
856035
516937
-823432
760868
-881687
-300111
-882765
-383595
947737
-903601
-734545
-784507
619890
729090
-282708
-79793
-996552
277655
67699
-719484
-259164
-817150
570625
-293949
-348997
-975789
55114
337064
679085
-743809
-50027
535119
773128
126542
295987
891441
826432
413222
-492154
774168
509622
-226698
989662
129511
-497608
-293047
-950283
-494160
984609
117417
-213643
-274556
300267
-643018
431495
951270
-618807
-513392
288334
-939722
-257200
-761693
595398
-484073
364849
-108616
-592632
191280
-695394
-84785
-34552
814228
688518
-44891
-56262
-809091
662063
-6544
-303250
646671
-889128
483108
-627886
411139
840090
803610
362409
-778717
-709783
-349258
-718439
33018
-110950
876960
548946
-746102
-231657
956315
445179
72950
-128471
-589373
-112823
-439953
365737
830915
-249044
27799
-175630
447707
-325531
-64757
-69186
46584
-653619
-229096
-149807
708791
-7813
140411
-640467
273749
-826572
248583
150709
722374
502482
919053
678689
-52340
-7998
-449782
358288
879179
110265
-275976
710094
861221
751824
-465536
308928
-573707
469707
-760259
472877
816089
10646
-676931
524879
-997167
463481
884412
276583
636909
132994
-572709
359283
-364525
-653657
37971
583136
338345
588189
-58576
217523
-301547
665449
-72383
-440326
417272
462081
868603
843566
-68213
-891656
316443
-252125
118990
639513
-727247
121823
102993
-842835
-601595
-260098
290160
-174304
-900816
925636
172040
137156
508771
-489616
-274655
-549805
727908
423798
-884357
-344476
983473
532916
-882396
852075
376481
49392
960419
-307076
797267
79409
-667564
-929980
-798769
435429
-772814
-400363
-824670
517346
425333
-725485
442981
-402628
411671
-48248
107757
-862985
401947
-164335
560814
517591
491189
544287
50506
608794
396361
-573013
-341814
356780
119911
-544547
-563812
452348
-474526
-362580
-112224
-247340
237057
63107
-729995
-337610
337622
712987
259763
-250708
-335262
-632480
-113692
-933315
203185
-552879
584276
-305626
991408
-365218
-696833
387769
61769
-38647
-255452
-818320
416807
180737
634028
942281
818158
-478197
-305060
55214
584911
-35054
717605
-77468
-322068
-22633
671824
342671
344888
-441868
409356
-451928
5253
-6369
242446
-3339
628413
545614
-615571
-309818
-493033
128978
-128138
923774
-690286
-494110
866054
-872129
27694
-439007
183086
-387396
525939
-99310
535136
-796129
878058
206960
546542
222945
765092
-44102
771018
-229655
949530
13463
767006
577942
-440924
-848566
-731876
66043
280412
139987
-10184
590127
645877
-144130
717999
-326430
416863
-98915
286175
-57198
801776
-178690
146674
679833
-971730
-306784
-97222
793362
649114
-326205
-436293
598643
687259
-669288
176585
-753666
-517853
444709
312378
762560
-415305
-697806
352686
-769428
158064
70685
-95858
-425073
971770
-809683
517730
773545
11627
-335597
453378
39898
357619
-643845
-166740
6732
29951
396967
-394626
-282791
727679
781960
-36456
-790174
226668
-724079
972386
811364
-421884
325071
-958065
736180
-604244
-53922
-688894
-632475
136395
828836
-858931
-851978
-506761
594448
187920
850858
950604
-978821
-142410
-19446
418146
462965
697764
145825
244924
-338692
355652
-528409
-62771
328037
-717045
515346
-346892
-675110
251525
48864
270968
562632
416389
-592638
391468
557459
-444615
884707
151906
743305
735565
102509
764484
-406846
-916937
182630
-943881
780828
-671545
301043
-557865
684107
772635
379365
12144
-944411
-105290
665252
-619521
-853766
-285885
651448
708867
-869496
-941190
100334
687964
-385805
-14960
-160131
-642501
-279396
942379
-878017
313759
-974558
304614
369879
806270
633070
-329079
-751595
317177
-556444
627770
-670680
-500854
-477521
994573
-120374
-331286
-291313
-468927
-622420
-160808
-410116
477914
-472845
204079
-537046
367025
561579
183559
309404
683562
-502683
334847
-11824
867196
141116
-378755
-461883
389522
938423
-18326
17291
-732258
480820
539770
-737686
-639555
-791516
-28998
-108481
-413936
810195
481403
-936023
-662651
-314519
-473069
704375
-752940
710490
13778
930622
-792193
-651376
-81202
-924997
489741
540044
-386879
-120738
