-838817
-727298
-117210
665395
-191382
514629
839357
-444847
790471
-778012
203784
289000
-670656
689759
95880
46319
477517
-173362
-264817
-913551
158506
-165162
759697
996967
-567856
-644732
908325
-51682
455682
504820
-339909
616865
777523
542882
282259
-413860
57510
121616
141294
-152019
343605
-654922
-863019
672950
-965164
232862
-280732
512353
-940500
454452
598803
218007
-710711
358499
214973
-278566
713767
123298
669752
169449
-371883
-670157
-213687
-594361
872725
-931428
-8220
-69765
190189
-866926
778217
-466207
-521848
915199
-793257
-487011
148060
-73988
-974658
207561
-619537
624145
-574433
-330248
-17356
640541
391187
-303589
-236162
60938
865860
391956
390781
-347828
797596
263506
-279255
-210625
-806259
910934
-77550
971958
-555273
400602
887156
-348529
913592
35216
577483
938934
-757224
957946
563078
-331657
-372302
-454279
-691117
-981116
242132
72722
79823
107992
-535323
-529396
760164
-737728
734111
-519091
51648
927852
-608157
974098
899809
-163430
374700
786965
488042
288291
-177820
65524
227224
64957
23470
-209698
733300
651169
336023
-957817
670054
-421845
114905
-250124
686147
579582
220481
446311
841855
-45409
927220
-106498
-117558
-680938
-132401
-217749
155633
-757701
-430785
-356326
530590
391396
709199
-242186
-543648
-267332
548116
-810348
-616163
-115861
-768165
-946110
462295
346741
-196234
148442
-73677
-975754
-405248
-231823
-21163
-478028
661679
861280
-158965
-470722
-356470
996669
-228422
212746
-359657
-697832
-395859
-650459
59982
60494
82210
-391902
250146
466047
492238
481982
519937
-45468
-171278
-676297
-897027
755045
-652050
-302275
-476778
326788
219698
-815100
188067
-939268
-285821
831598
-942600
485757
44343
-302256
787925
648485
47285
-152093
-291021
-870505
456005
959125
595542
-51758
441106
115479
902774
-730172
439183
-994253
-975127
787133
-296527
-451905
113921
923171
-267005
-698012
983904
447175
-866414
-958696
-67069
177929
-260952
-279144
-173586
786333
568763
535393
915828
24768
494518
511370
973010
-64376
-373151
875784
205452
-933969
881531
230325
853165
-414997
778420
-32914
-491826
-488585
269074
-507923
958590
402660
-466619
-108479
-419411
272430
612378
407004
58763
181141
-57603
-25409
-794092
-563086
-514040
-821082
372538
112810
-945299
-422011
178842
936233
808315
32007
-478764
586735
999093
29410
-901851
268167
521488
-943261
-329173
-945131
-51739
251417
327299
-439361
-341580
-613939
741780
600817
360652
947688
-962269
846613
-873394
410269
-40577
-818693
988259
-861736
-882460
796574
170271
-361223
383308
169364
668187
481458
-562470
189675
538198
108358
244545
-513542
-640226
-428157
47097
18194
-42095
-211123
-380989
-681443
-263435
-343258
-834830
-136829
-932989
124593
44479
-944730
262858
162020
851844
-566871
800797
235152
602493
468984
-283391
-959977
-341342
-745194
148381
903203
-258735
508155
-524954
788363
-473651
432952
-422761
145361
751510
313805
802104
916681
-823025
869115
41274
221455
924386
-695869
-616526
776229
-262740
-815730
11380
-660248
653254
727990
-620225
-688088
982796
528157
-784886
-275940
36311
-309839
-487578
562661
-876887
89662
-291979
874623
-596534
-489876
791303
-419559
-620761
-167424
801897
-696376
136708
-814630
-920148
873968
-630360
91233
-786280
-977106
-180777
-406504
-665194
-197982
-878348
-450079
526079
157964
240082
-961499
-279376
363195
128163
428645
237818
531629
938770
29121
-887930
-681992
861698
913967
-378368
-1595
-900663
-298515
-127627
-531022
792719
86093
-508128
-388059
679590
-173322
413960
801242
376599
-59962
-40795
-383319
-21461
679830
979877
-893299
108475
217694
638331
47244
-753185
750401
365252
-891488
664368
986885
106918
763705
-311630
979292
-767317
-518912
65384
-275445
93030
-255026
551234
-493011
-453785
-72168
447027
505421
544514
-574435
185251
524390
-467733
-706275
-257916
-829402
340969
-11100
920999
-293779
97412
585367
-306895
-795670
349072
381475
-816379
581755
862564
249006
-693690
-44407
993980
857544
462582
-459805
-214625
-90391
-954384
-670111
335175
230867
854279
867442
524592
-403637
-961961
-134439
585263
959039
571783
-317325
544406
-735113
-112995
-106523
646363
70627
-524768
508926
-680367
-218458
-535481
-686388
-360915
927101
-146192
424461
-163291
-100576
754350
-828116
-869709
608629
-960675
654884
-795009
-922635
-479555
790255
-963596
-907773
-527071
580810
-642886
359935
-525713
-996523
-569438
-50480
512404
-249805
731062
976923
63808
-629853
904024
917616
794609
-259267
-182960
548958
-87383
-52669
157587
-48057
-397785
362579
29308
122660
152833
65713
214887
625763
-353477
572002
-14302
120810
575479
416260
-929670
87883
-833545
801392
64805
230263
-828461
-31171
147878
966148
709562
964919
515106
-377822
-87750
-327308
574122
514465
-964730
-396571
-362876
188104
669143
852012
-186133
-684335
424013
799565
436476
-508
215824
506806
-912626
382279
308198
152180
-387458
479737
-878992
760421
445885
830571
725339
-39010
-547251
-362412
633683
-973130
-847948
668954
-369700
-210823
-142943
-700558
-358812
670924
-384893
-934799
470489
-948418
64694
-313688
558389
152068
-931409
-133414
-695752
-318866
-653677
-574743
-558446
792209
-744173
-833108
-246802
-291424
-195520
-613119
-264553
-43467
-944166
365747
745710
-87108
665189
-613102
-416184
-719704
-547900
-945696
-668121
516794
-259383
890268
-331138
-190791
-243146
-26890
490343
103178
398368
931897
-104614
654196
-901212
648585
-637228
-96731
-964535
98219
859802
-908700
-536035
605512
4192
-870847
992410
588008
-590551
-555490
642312
-258672
961304
-617071
-368404
-369835
192138
388451
603276
-317520
-508372
1643
-385624
387014
-344161
-286836
35599
18611
616433
71065
-883171
476235
162365
-419206
81746
-833444
-290052
74156
754565
119397
518666
396877
860726
479969
779806
-507678
-889866
-28057
880773
713411
654423
-627600
-284946
-731202
759415
370893
-18037
-204986
-610497
-401605
866079
-493668
-925371
28443
87126
156376
195000
797074
-769469
-50435
-83529
749197
-653559
-222803
229166
-873754
269519
339300
98190
150292
52710
-247388
522692
767764
21411
282107
138656
-996627
-922879
528159
-398231
943200
-965509
-323601
-28357
121617
832775
-833357
-81309
-936695
116208
835163
812503
462649
-387641
41668
588896
881879
-619032
-312915
32170
433678
439698
-445138
201442
-538892
836970
-659902
-535518
914091
868258
66251
857291
902749
742651
-171067
24366
575425
-4424
943058
638731
-888216
778220
451234
574434
-609421
-507099
163329
-727543
-126130
850415
304628
-692453
290113
859491
508990
751222
696460
849088
-784297
610551
717346
281955
467841
620094
24605
-703227
-355540
-399970
292350
-412483
-761239
404134
-634264
689995
-21433
-243684
-817105
-858104
28773
56765
992312
-666599
364313
282424
-807109
-126697
33645
889351
-277609
249349
499902
-560264
-468697
-32258
-940170
555909
264516
-295710
-844062
-443134
291808
-605301
961000
657545
-915307
-60433
-586140
-732411
81464
442634
324355
73776
776035
-311332
-643801
968927
561971
389845
858278
-715638
-360807
358179
-275902
170497
-674080
-216071
-273595
590436
488220
-117656
-852699
-219973
277043
-891699
-562429
361737
47869
-148568
629327
-870667
-705935
-46319
203109
-929900
642350
559309
-960974
204320
-50847
897304
488683
588347
255483
-787220
-241156
581403
-3290
485249
171839
-515071
-632407
319141
264956
644637
427443
702528
6373
-524688
-446041
-364300
-395355
-151975
589381
807754
-81874
231731
367063
-42848
-563949
-683785
-145544
924734
904563
-890062
-862486
-336594
691342
134224
-851345
-136820
619153
-483752
-817679
-115892
-839116
609764
-413364
167258
-914924
140596
802958
-310279
988621
392339
-502525
-93254
-375931
864538
863899
60120
-819247
-281646
-15147
-914685
-171707
122367
-251278
-480366
-743410
-102623
382815
875743
413625
565137
-240149
574510
174900
346488
-258233
259976
-512917
-455276
949698
-524296
937063
-552827
382450
-438868
-688290
246349
621252
-507537
964704
-393895
-422221
-207004
728472
326501
312631
985063
-776122
-304555
860806
637503
-739419
-379343
212012
435482
967145
953780
-304542
-545773
-501497
-354844
-70069
-564434
92329
-687619
-3302
404039
558730
-382050
896503
523433
224055
-525718
-683571
-47474
800784
629060
-62411
-975339
-675495
-201606
662165
-414913
419051
-125823
-979431
386195
-172044
-283973
840423
326460
361184
-229646
762027
-546488
82735
-241276
857552
-358535
376675
754055
-835103
-399271
-771664
-518674
553256
-970880
-889614
-509156
-946219
-565109
289239
715946
19978
-291711
-409878
40547
-905516
418079
756575
934908
-255462
117758
-294739
-493436
571271
787997
265289
428823
-570539
-358037
182877
-405641
242693
411214
75686
-204052
440334
186072
286792
494116
620964
-423970
210062
-359058
284320
800184
681490
378805
218263
438064
313712
962802
-444178
-981028
-530635
-872907
806970
734655
555916
-763570
-623382
-261208
-169211
619311
-849994
906475
-584742
590340
92547
702051
84456
-286490
-721919
-705483
354452
562401
-905299
35942
-58795
312964
-525995
-745084
275765
29828
-726111
745131
156921
-919142
479786
-287164
-682711
856404
451629
148078
475714
601635
54553
890973
191975
-852901
593023
-723569
-139390
871104
-429052
-784938
433505
-334351
251004
-625291
978614
725010
-370374
254378
-245163
-96484
-491
911759
-15625
-520706
-375405
301664
-664302
-923777
-550258
811413
677859
504295
702385
-130166
651395
295407
146265
-487995
166511
717213
-272932
-399985
-617138
978072
-25275
-638525
703082
604352
615854
-542081
-492133
-384637
-630323
492242
94657
-5728
-206094
430356
70496
243648
241768
-251645
-252058
-55848
618189
-600663
-760441
-235547
-88657
406071
-518334
638411
-993915
-135472
616482
-19189
226004
319564
-414838
-158143
777483
93030
457220
-852841
-414729
-448123
141432
379178
982234
-788072
-377175
224001
-39717
370768
-831847
-421528
770106
-592288
342926
-318552
813783
824592
-680142
819869
-310881
936341
-199321
915124
255904
385842
-243020
33386
-521129
-785800
180546
64143
-233922
-678023
-556680
-251689
-466094
66145
972313
494190
-563087
-859535
-927339
-792982
-451822
415587
-111534
-638040
240178
208324
-818171
929298
144664
-17491
844422
-599433
-631650
-398599
433954
-152779
-184398
-385501
911365
581681
-63524
-645316
-670008
470383
420830
-697696
-35428
857743
-557231
37233
-935240
-9053
-547180
-46774
352908
692999
-838450
534738
622297
306215
-482754
466718
706783
-114403
-931881
140736
732819
-116278
755235
644183
-534598
-308289
998868
-204606
-837907
419697
97698
126665
277439
540468
-836102
342200
-468585
-383282
-704574
884324
-690283
-543024
419061
932014
763192
936308
398732
469974
-178096
466851
-389291
-445277
-649428
-634057
-801095
-184025
57654
-802228
611369
219747
617469
-290933
-653588
-105092
-750466
-489690
-762893
-219050
127029
-467466
-334727
436746
-10489
-915666
368760
-247298
-979359
-232508
-777325
-157454
-765658
-166616
397269
-415085
199327
596175
400891
-743020
793947
12259
476728
411416
721327
823140
-693676
970862
-666550
-456568
-248189
460479
75966
417085
-102775
-934524
501419
-734015
-181822
522061
33477
40854
-635393
267820
874238
761877
852736
73564
358051
253626
330545
151998
-734115
-192727
-436586
987212
-369587
-130261
958073
-36137
413171
-290116
-575658
-510863
-873032
321568
-445386
628388
587554
372793
150449
-378970
-586354
515056
888851
-712117
276933
741586
361448
-365017
-4788
-308007
786982
261097
499266
-649604
248308
-870321
220135
206381
93542
-366695
916265
517885
122443
-956768
-160548
677057
671620
-572995
49849
-177931
48036
463495
-662876
-63113
751379
614057
-321528
112826
-750960
673685
804820
-963978
-65219
304086
-613582
-816911
433765
606553
389470
-472693
-760143
305734
-954809
362301
348966
-115356
39357
20586
311650
-910795
842656
-640315
552701
-820221
296572
304079
793837
975045
-583095
-957123
648729
-778276
-921101
-416490
525810
-534683
-233401
-40426
-928131
-843932
486881
-688273
461802
532073
674028
-189232
-583284
-286616
831355
728366
-197410
674010
-911949
-644710
853790
384624
659369
647627
359669
-923727
690504
8397
-702002
769403
591908
823808
-765281
-641494
-216619
-693411
-485426
-729738
-381684
976377
802336
-707656
-212855
-780949
5728
-381501
947418
808319
-707491
-964531
-836392
-853702
420094
822978
793925
-220238
899252
484428
788160
-802751
253831
380067
-978944
488550
738573
-195562
795139
-746853
74701
-586545
-770477
-122964
-294201
16668
96088
711528
635168
43506
519846
927677
78975
683454
-926025
-500932
506432
867901
278830
405683
352329
66990
602933
-393841
-552944
623989
-905291
-814372
-571573
889849
-561225
503129
-696697
-331701
-619836
9102
684967
476252
-279370
320134
-480242
-759525
247811
598733
923930
321786
-902199
430362
189686
376632
-163956
-457986
-556379
-561023
148174
-109323
-937034
242883
76306
-508607
132731
515082
994522
436034
-816620
-625314
-554864
868348
850939
165767
188481
-629304
406242
-563708
969429
330172
758078
-932770
-239467
-52236
443862
596577
489779
887483
-964446
-362048
-221841
-901480
880835
854466
-410086
13565
369547
-415565
-550401
552927
-40878
-105264
421275
-189940
-939498
-390245
180756
466744
46048
150185
-203084
-195875
217415
557449
751890
-338723
154026
241668
-451241
189580
879620
326919
288100
760454
181384
878014
-225981
-449069
-537551
223618
-896142
421571
-881647
525133
-768370
-821144
-865112
412387
645601
180936
-437428
-557484
985062
779988
999965
736951
-558736
153990
-21382
-9976
-656431
-141763
-683058
631669
-381309
498327
509683
392710
-950742
972132
-383673
-846884
393703
-265319
678249
625334
-86463
813138
37720
-440862
-5927
600293
1654
-20865
380281
1618
-283915
821545
-844393
694703
-188431
-500823
-447060
128512
-869154
171631
-373162
640529
-435660
-323903
612661
180668
-170787
6363
915350
-492538
-368304
-171113
-679401
669417
388025
314673
269710
-610322
-706193
-350010
391296
9893
-528465
546904
-295404
283104
-953920
257536
-588385
-823074
-570834
38454
817456
-6493
714551
430116
-825826
-456236
-563521
-910477
51226
68176
-81590
371826
-262408
-693565
-313501
-992698
-303887
-19693
-342708
-912592
990201
128827
634313
-305204
-588069
680393
952332
-176454
857320
-618502
862000
674775
375006
576551
104891
549180
-879686
541371
638704
171541
-390454
-442886
-456633
347139
-136451
229867
354441
559662
-789826
-988267
647071
-799626
140561
281383
-104830
552492
-38224
-152498
-623963
-180904
229001
-761963
-506129
-395994
814588
598763
-846815
934903
140133
791890
106444
749679
-650996
649812
96818
212554
-120321
-548742
-227784
89853
-537008
-580714
290227
603553
700670
-814603
156044
-337554
32900
532081
481542
-738100
770119
975413
-134094
584706
574175
19092
519609
-285692
-189018
