# FibonacciHeap extractMin benchmark after pre-consolidate
# warmup_rounds=5 repeats=20 batch=10
# note: scenario is add n -> pre-consolidate -> timed single extractMin
# columns: dataset size median_ns mean_ns min_ns max_ns
dataset_001_n100.txt 100 1212.000 1599.850 587.000 6737.000
dataset_002_n233.txt 233 404.000 521.400 295.000 1508.000
dataset_003_n367.txt 367 366.000 450.100 270.000 1779.000
dataset_004_n501.txt 501 320.000 383.550 295.000 849.000
dataset_005_n635.txt 635 364.000 353.100 262.000 550.000
dataset_006_n768.txt 768 520.000 594.750 441.000 1291.000
dataset_007_n902.txt 902 458.000 586.900 416.000 2924.000
dataset_008_n1036.txt 1036 472.000 495.300 437.000 599.000
dataset_009_n1170.txt 1170 547.000 593.950 429.000 1258.000
dataset_010_n1304.txt 1304 464.000 504.900 358.000 1112.000
dataset_011_n1437.txt 1437 160.000 167.000 125.000 279.000
dataset_012_n1571.txt 1571 116.000 153.050 91.000 812.000
dataset_013_n1705.txt 1705 362.000 394.150 333.000 595.000
dataset_014_n1839.txt 1839 149.000 161.850 137.000 354.000
dataset_015_n1972.txt 1972 147.000 156.300 112.000 271.000
dataset_016_n2106.txt 2106 114.000 173.100 58.000 1066.000
dataset_017_n2240.txt 2240 127.000 147.500 104.000 274.000
dataset_018_n2374.txt 2374 441.000 493.050 387.000 1004.000
dataset_019_n2508.txt 2508 460.000 474.850 416.000 583.000
dataset_020_n2641.txt 2641 158.000 174.750 129.000 262.000
dataset_021_n2775.txt 2775 137.000 158.900 100.000 412.000
dataset_022_n2909.txt 2909 420.000 447.250 387.000 808.000
dataset_023_n3043.txt 3043 127.000 129.100 104.000 154.000
dataset_024_n3177.txt 3177 147.000 152.000 120.000 212.000
dataset_025_n3310.txt 3310 397.000 400.150 379.000 445.000
dataset_026_n3444.txt 3444 110.000 120.800 91.000 241.000
dataset_027_n3578.txt 3578 122.000 127.150 87.000 216.000
dataset_028_n3712.txt 3712 168.000 187.250 120.000 312.000
dataset_029_n3845.txt 3845 441.000 469.750 412.000 762.000
dataset_030_n3979.txt 3979 133.000 154.100 108.000 249.000
dataset_031_n4113.txt 4113 372.000 376.800 358.000 408.000
dataset_032_n4247.txt 4247 439.000 452.450 408.000 608.000
dataset_033_n4381.txt 4381 114.000 115.650 104.000 133.000
dataset_034_n4514.txt 4514 451.000 451.650 420.000 491.000
dataset_035_n4648.txt 4648 83.000 89.050 62.000 187.000
dataset_036_n4782.txt 4782 491.000 516.000 408.000 1066.000
dataset_037_n4916.txt 4916 103.000 107.600 79.000 175.000
dataset_038_n5050.txt 5050 116.000 122.450 95.000 183.000
dataset_039_n5183.txt 5183 464.000 498.350 429.000 683.000
dataset_040_n5317.txt 5317 429.000 428.700 400.000 454.000
dataset_041_n5451.txt 5451 110.000 112.550 91.000 187.000
dataset_042_n5585.txt 5585 168.000 181.750 154.000 266.000
dataset_043_n5718.txt 5718 470.000 491.400 454.000 649.000
dataset_044_n5852.txt 5852 129.000 129.600 108.000 179.000
dataset_045_n5986.txt 5986 87.000 94.450 75.000 137.000
dataset_046_n6120.txt 6120 135.000 139.100 116.000 216.000
dataset_047_n6254.txt 6254 83.000 96.000 78.000 191.000
dataset_048_n6387.txt 6387 131.000 160.650 100.000 320.000
dataset_049_n6521.txt 6521 177.000 199.050 162.000 312.000
dataset_050_n6655.txt 6655 154.000 157.900 133.000 200.000
dataset_051_n6789.txt 6789 458.000 482.100 416.000 758.000
dataset_052_n6922.txt 6922 753.000 1079.800 508.000 2749.000
dataset_053_n7056.txt 7056 589.000 645.250 533.000 958.000
dataset_054_n7190.txt 7190 83.000 90.900 62.000 220.000
dataset_055_n7324.txt 7324 108.000 110.850 99.000 162.000
dataset_056_n7458.txt 7458 74.000 80.900 62.000 170.000
dataset_057_n7591.txt 7591 483.000 486.500 458.000 537.000
dataset_058_n7725.txt 7725 152.000 208.600 124.000 941.000
dataset_059_n7859.txt 7859 487.000 507.200 462.000 804.000
dataset_060_n7993.txt 7993 485.000 488.300 445.000 541.000
dataset_061_n8127.txt 8127 179.000 177.150 158.000 191.000
dataset_062_n8260.txt 8260 50.000 50.650 41.000 87.000
dataset_063_n8394.txt 8394 72.000 81.800 58.000 137.000
dataset_064_n8528.txt 8528 99.000 104.050 66.000 175.000
dataset_065_n8662.txt 8662 520.000 529.650 491.000 670.000
dataset_066_n8795.txt 8795 108.000 112.050 87.000 183.000
dataset_067_n8929.txt 8929 174.000 184.700 158.000 316.000
dataset_068_n9063.txt 9063 520.000 547.300 479.000 945.000
dataset_069_n9197.txt 9197 170.000 177.600 141.000 258.000
dataset_070_n9331.txt 9331 122.000 127.100 91.000 216.000
dataset_071_n9464.txt 9464 603.000 635.450 541.000 895.000
dataset_072_n9598.txt 9598 127.000 135.800 96.000 212.000
dataset_073_n9732.txt 9732 510.000 519.700 495.000 616.000
dataset_074_n9866.txt 9866 521.000 530.400 495.000 620.000
dataset_075_n10000.txt 10000 593.000 613.550 525.000 745.000
